+++++++++++++Generation 0 at Wed Jun 19 07:53:21 2019+++++++++++++++++
size of front generated: 3
[!!!]Points in the front:
parameters: [2.7545739428875695, 5.922274178258234, 3.08658626203568, 0.17439018508197174, 0.22790536662911687, 0.185281956054121, 0.20137123522950784, 10.804470728489706, 19.667328325124036, 2.484928421970744, 1.1476721126967058, 0.4464080662078636, 1.942572948822822, 1.3062280954398608, 4.485736939805667]
objectives: [15.36611547936033, 3.614068497546863, 2086.6715344616036]

parameters: [4.911213531969572, 2.124737071989476, 2.9393362267814687, 0.18004046788500427, 0.10649254035403631, 0.1992286051756387, 0.20428915615713336, 0, 0, 2.420465146592106, 0.43023924353918175, 0.716847584926046, 0.563609163828946, 1.3212251639018404, 5.175374485256096]
objectives: [15.761615477430649, 3.608457831202602, 2473.2646875902474]

parameters: [6.504962253697599, 6.0816453998127225, 3.875820118254287, 0.27583259419616063, 0.25760565262374263, 0.28120268925354913, 0.21474395778110017, 328.7842345999542, 24.746502431433132, 2.4690333708073244, 1.0830732039841333, 1.1142694048899935, 1.9774730433499381, 1.833263441652875, 6.370299426649324]
objectives: [15.591874504726018, 3.6014978812222176, 4552.503952780523]

size of all points: 7
[!!!]All points:
parameters: [8.721305724846312, 9.495768754246077, 3.8613354839470846, 0.23581210439010364, 0.05474604558814887, 0.23232541212390834, 0.2645839711799917, 227.1336421059335, 37.127478516292314, 2.0141681158697993, 0.5930842931286655, 1.3863260062406675, 0.6044178680194086, 1.1211963088715584, 4.277009162743906]
objectives: [19.133876906067247, 3.6461398265640734, 7638.0023175319975]

parameters: [2.7545739428875695, 5.922274178258234, 3.08658626203568, 0.17439018508197174, 0.22790536662911687, 0.185281956054121, 0.20137123522950784, 10.804470728489706, 19.667328325124036, 2.484928421970744, 1.1476721126967058, 0.4464080662078636, 1.942572948822822, 1.3062280954398608, 4.485736939805667]
objectives: [15.36611547936033, 3.614068497546863, 2086.6715344616036]

parameters: [8.403355859529523, 2.191276472490174, 3.7285700830000756, 0.28148287699919317, 0.1348202498129814, 0.2665650985868067, 0.20728119590596106, 206.1415119071446, 3.124569256064757, 2.3993278327035306, 0.2183165114621018, 1.1460029884348277, 0.31868701486824264, 1.8415904007499613, 5.55598670818712]
objectives: [15.989156208803838, 3.65906584603573, 5967.878431402009]

parameters: [6.504962253697599, 6.0816453998127225, 3.875820118254287, 0.27583259419616063, 0.25760565262374263, 0.28120268925354913, 0.21474395778110017, 328.7842345999542, 24.746502431433132, 2.4690333708073244, 1.0830732039841333, 1.1142694048899935, 1.9774730433499381, 1.833263441652875, 6.370299426649324]
objectives: [15.591874504726018, 3.6014978812222176, 4552.503952780523]

parameters: [4.911213531969572, 2.124737071989476, 2.9393362267814687, 0.18004046788500427, 0.10649254035403631, 0.1992286051756387, 0.20428915615713336, 0, 0, 2.420465146592106, 0.43023924353918175, 0.716847584926046, 0.563609163828946, 1.3212251639018404, 5.175374485256096]
objectives: [15.761615477430649, 3.608457831202602, 2473.2646875902474]

parameters: [8.813266314263368, 9.365512001308748, 3.891098704560408, 0.23378847574569556, 0.28266901855985754, 0.22577117606644692, 0.2853209522328289, 276.2969919709859, 33.29033797998725, 2.3240268545342344, 1.4287593275102881, 1.8419456346860066, 1.8980108385038497, 1.341996108800265, 4.4720318133704495]
objectives: [16.463586254966668, 3.6114300223410427, 7620.214613964292]

parameters: [4.171569562548337, 7.1023353144255745, 3.5268433574850224, 0.1873996244461299, 0.11339011608169863, 0.19183619211158243, 0.18063425417667067, 0, 23.504468861429093, 2.175069683306309, 0.7431023399663778, 0.04302588096339461, 0.7597248996534545, 1.250378656113489, 5.0111139814036765]
objectives: [17.53987065789789, 3.608457831202602, 3481.864874383031]

