+++++++++++++Generation 1 at Fri Jun 21 03:10:05 2019+++++++++++++++++
size of front generated: 6
[!!!]Points in the front:
parameters: [9.96002090080664, 1.6930500386970238, 2.119410881998264, 0.05637072797485061, 0.0520645649089483, 0.0659895544735672, 0.1983407217151566, 313.6606602405708, 33.797232509785516, 2.4683965057045496, 1.2786654184463058, 1.6917943356238503, 0.23944922824178114, 1.0247981250709182, 3.997555648650045]
objectives: [15.420476190476192, 3.600819296998513, 6910.61508682006]

parameters: [9.96699844657687, 5.916777187426064, 3.9509467661632116, 0.2841187489482674, 0.18422564842631853, 0.18738575075682626, 0.22767681249288022, 280.6474884589725, 39, 3.0284979321075567, 1.4607835381343839, 1.7267039840360348, 1.9999, 1.1255289367241286, 3.931471030500326]
objectives: [12.761059670781892, 3.6092276039887685, 7672.829786814089]

parameters: [1, 1.205951771497844, 2.5249814246766635, 0.12273163350694649, 0.05, 0.09470991018022318, 0.14012565467932978, 0, 0, 2.6863012897266656, 0.8717190052981214, 0.8933059334211635, 0.26586791800076803, 1.0206403379847422, 2.027886024709936]
objectives: [15.260176366843034, 3.608457831202602, 1187.7172449499226]

parameters: [10.005087837996934, 6.0869715291188555, 3.9999000000000002, 0.27640032527365943, 0.21029403900984814, 0.23451307793594842, 0.23704925019423498, 308.48552168703685, 38.61228036863947, 3.4710772572595494, 1.6690903742637078, 1.7304696482713142, 1.8659626186432277, 1.188486423399553, 3.994970083739778]
objectives: [12.84621913580247, 3.600508082153577, 9291.678244187558]

parameters: [10.033298921762183, 1.8168405999273607, 2.026904894867828, 0.06408915164945858, 0.05354374456923165, 0.08070691463389978, 0.1889682840138018, 289.6816502979388, 36.16999349873255, 2.0526810409411307, 1.392503230806681, 1.6929851773714664, 0.5860567463845991, 1.3299963754651938, 3.9375119984811398]
objectives: [15.349726631393299, 3.605435952951365, 8292.828432556982]

parameters: [10.539630662426339, 1.5935413291184812, 2.8189961055777655, 0.19393586537885688, 0.05231058346376403, 0.11007720041282333, 0.19594384963747113, 359, 39, 2.7357261352117597, 1.2398487990605092, 1.7087737769176699, 0.2707403928984639, 1.108038078199118, 3.9903922458451415]
objectives: [15.261847442680773, 3.6079377998814364, 8292.243039742929]

size of all points: 7
[!!!]All points:
parameters: [9.96002090080664, 1.6930500386970238, 2.119410881998264, 0.05637072797485061, 0.0520645649089483, 0.0659895544735672, 0.1983407217151566, 313.6606602405708, 33.797232509785516, 2.4683965057045496, 1.2786654184463058, 1.6917943356238503, 0.23944922824178114, 1.0247981250709182, 3.997555648650045]
objectives: [15.420476190476192, 3.600819296998513, 6910.61508682006]

parameters: [9.96699844657687, 5.916777187426064, 3.9509467661632116, 0.2841187489482674, 0.18422564842631853, 0.18738575075682626, 0.22767681249288022, 280.6474884589725, 39, 3.0284979321075567, 1.4607835381343839, 1.7267039840360348, 1.9999, 1.1255289367241286, 3.931471030500326]
objectives: [12.761059670781892, 3.6092276039887685, 7672.829786814089]

parameters: [1, 1.205951771497844, 2.5249814246766635, 0.12273163350694649, 0.05, 0.09470991018022318, 0.14012565467932978, 0, 0, 2.6863012897266656, 0.8717190052981214, 0.8933059334211635, 0.26586791800076803, 1.0206403379847422, 2.027886024709936]
objectives: [15.260176366843034, 3.608457831202602, 1187.7172449499226]

parameters: [10.033298921762183, 1.8168405999273607, 2.026904894867828, 0.06408915164945858, 0.05354374456923165, 0.08070691463389978, 0.1889682840138018, 289.6816502979388, 36.16999349873255, 2.0526810409411307, 1.392503230806681, 1.6929851773714664, 0.5860567463845991, 1.3299963754651938, 3.9375119984811398]
objectives: [15.349726631393299, 3.605435952951365, 8292.828432556982]

parameters: [1, 3.433908525972794, 1.9691321462323488, 0.059256299907638525, 0.07662040353999724, 0.06631180846548142, 0.15235789952883594, 0, 3.6470499447598588, 2.9401338553350564, 0.9105356246839178, 1.298191722614447, 0.6110067503447473, 1.0132028566843994, 3.134321991123602]
objectives: [15.260176366843034, 3.608457831202602, 1305.1909826939534]

parameters: [10.005087837996934, 6.0869715291188555, 3.9999000000000002, 0.27640032527365943, 0.21029403900984814, 0.23451307793594842, 0.23704925019423498, 308.48552168703685, 38.61228036863947, 3.4710772572595494, 1.6690903742637078, 1.7304696482713142, 1.8659626186432277, 1.188486423399553, 3.994970083739778]
objectives: [12.84621913580247, 3.600508082153577, 9291.678244187558]

parameters: [10.539630662426339, 1.5935413291184812, 2.8189961055777655, 0.19393586537885688, 0.05231058346376403, 0.11007720041282333, 0.19594384963747113, 359, 39, 2.7357261352117597, 1.2398487990605092, 1.7087737769176699, 0.2707403928984639, 1.108038078199118, 3.9903922458451415]
objectives: [15.261847442680773, 3.6079377998814364, 8292.243039742929]

