Generation 1002 at Fri May 24 19:48:11 2019
parameters:
0.05101637681523949, -100, 19.95971668145522, 
objectives:
-119.95711401075187, -76.24174615510238, 9981.042885989249, 

parameters:
2.180284639276765, 1.1740064916978934, 0.0, 
objectives:
5.927647599964107, 1.2065090428570469, 7.13193235081501, 

parameters:
-1.164579656562397, -2.7651338319405667, 19.681173069997108, 
objectives:
-21.090061125458686, 26.930603640785122, -9.678962184975795, 

parameters:
-0.09310337269809921, -0.38187417318528993, 20, 
objectives:
-20.37320593517753, 23.999207555614866, -18.84550387784629, 

parameters:
1.9973066371654076, -100, 0, 
objectives:
-96.01076619713501, -99.99999274579665, 10004.989233802866, 

parameters:
1.0109039716345967, -88.35708937098305, 3.3029747496061956, 
objectives:
-90.63813728072265, -84.07580366804864, 7805.694194202146, 

parameters:
1.5617049810511596, -11.948327300350137, 4.967936072586449, 
objectives:
-14.477340925096582, -6.788288704128323, 141.23351165154597, 

parameters:
2.7110101662231765, -53.46221681340297, 11.265637128835689, 
objectives:
-57.37827782087324, -41.69104422809457, 2855.2925655958365, 

parameters:
1.345396349095041, -9.339350817694562, 20.0, 
objectives:
-27.529259481536297, 11.08915512208354, 70.03356503213035, 

parameters:
-0.3136957369608062, -71.50418684805041, 8.112577471002284, 
objectives:
-79.5183593036653, -58.03842141381752, 5105.83456434529, 

parameters:
-0.2198036738407505, -30.88416292861377, 9.41539301687936, 
objectives:
-40.25124229045924, -16.541241561337515, 945.4644404393156, 

parameters:
-0.5069065514198576, -45.03128886759339, 1.9879451962936823, 
objectives:
-46.7622798120147, -36.758763213747905, 2027.0859861322192, 

parameters:
-1.333965757302524, -95.89486077765321, 17.53442206704808, 
objectives:
-111.6498182030456, -67.24511103973933, 9181.069366140098, 

parameters:
1.3779675311495445, -93.14295157570885, 11.040147398193454, 
objectives:
-102.28430445699993, -81.7158797852112, 8667.468075353554, 

parameters:
1.4677027660095532, -65.4693476029675, 3.1486848193967454, 
objectives:
-66.46388101301216, -62.03732243825688, 4286.2409421481425, 

parameters:
1.000272829052337, -49.558634527521846, 20, 
objectives:
-68.55808879498147, -28.559180111190827, 2438.058801965021, 

parameters:
3.5738018747361404, -20.662482275364496, 0, 
objectives:
-7.890422435496944, -18.185629934441508, 440.71023361961954, 

parameters:
1.1933016169730428, -100, 7.658441371587704, 
objectives:
-106.23447262251722, -91.690796347234, 9994.765527377482, 

parameters:
0.95427014379099, -42.51505917379114, 20, 
objectives:
-61.60442766646026, -21.421508241624217, 1789.4408880582928, 

parameters:
1.6820372203903657, -77.4419002369862, 8.836566257909793, 
objectives:
-83.44921728411745, -68.50423364985932, 5992.240595268192, 

parameters:
0.04672774001894475, -82.81451550164138, 1.4683572236098976, 
objectives:
-84.280689243564, -77.53088575641998, 6857.777804029678, 

parameters:
3.540984803030153, -54.755277792506085, 3.4878308238406035, 
objectives:
-45.7045352410562, -48.8928128054956, 3008.19118868596, 

parameters:
2.606124298658611, -58.991254339905865, 6.626961475784783, 
objectives:
-58.82633195563181, -51.99690619869669, 3481.133010979737, 

parameters:
-0.28089084639471706, -91.11792835951344, 19.78613215319435, 
objectives:
-110.82516084511946, -66.12933315315189, 8283.769636043819, 

parameters:
2.0699565150753063, -63.07584792311148, 13.281125152895111, 
objectives:
-72.0722531017039, -49.789828856214896, 3970.5661860408945, 

parameters:
4.371344270173666, -80.28426927239168, 3.5996340499767867, 
objectives:
-64.77525259398833, -71.06136157472942, 6462.0729092802985, 

parameters:
1.398355421823735, -0.3239759228226049, 3.3852662843488486, 
objectives:
-1.7538443214276174, 3.4232665599751395, -0.32490800003625386, 

parameters:
4.5404984057998306, -5.8313444585675, 18.960844003607235, 
objectives:
-4.176062689103933, 19.583631694911215, 36.65985996392946, 

parameters:
1.82101947661223, -34.47956381083435, 2.9652955047632723, 
objectives:
-34.128747381396536, -31.482234278318916, 1190.1911370148355, 

parameters:
-0.24400748478699774, -37.417427562623445, 0, 
objectives:
-37.35788790999137, -32.38185797084338, 1401.1234250568048, 

parameters:
0.8734543813503397, -72.26873517244101, 0, 
objectives:
-71.5058126161409, -70.99963014154227, 5224.533005980713, 

parameters:
-0.13838014742272792, -72.20743008494983, 12.595566074572318, 
objectives:
-84.78384709432142, -55.03919435548586, 5202.336542463547, 

