Generation 1007 at Fri May 24 19:48:11 2019
parameters:
2.180284639276765, 1.1740064916978934, 0.0, 
objectives:
5.927647599964107, 1.2065090428570469, 7.13193235081501, 

parameters:
0.05101637681523949, -100, 19.95971668145522, 
objectives:
-119.95711401075187, -76.24174615510238, 9981.042885989249, 

parameters:
-0.09310337269809921, -0.38187417318528993, 20, 
objectives:
-20.37320593517753, 23.999207555614866, -18.84550387784629, 

parameters:
1.9973066371654076, -100, 0, 
objectives:
-96.01076619713501, -99.99999274579665, 10004.989233802866, 

parameters:
2.536570732771948, -29.798911909639468, 20.0, 
objectives:
-43.36472082728425, -9.511003758372045, 875.4093420808082, 

parameters:
3.5738018747361404, -20.662482275364496, 0, 
objectives:
-7.890422435496944, -18.185629934441508, 440.71023361961954, 

parameters:
1.6106953968331803, -42.15660422661726, 10.75474541649196, 
objectives:
-50.317009981729626, -31.250300736078426, 1770.018874164532, 

parameters:
-0.9724746936755165, -67.9742571152152, 19.110768527268878, 
objectives:
-86.13931861264479, -40.02788278340496, 4603.334568867954, 

parameters:
1.000272829052337, -49.558634527521846, 20, 
objectives:
-68.55808879498147, -28.559180111190827, 2438.058801965021, 

parameters:
2.606124298658611, -58.991254339905865, 6.626961475784783, 
objectives:
-58.82633195563181, -51.99690619869669, 3481.133010979737, 

parameters:
-0.9704359072231137, -18.526071281612516, 20, 
objectives:
-37.58432543158457, 10.297418197307886, 325.15706298141595, 

parameters:
4.6155796990371325, -5.986322972093318, 15.927831757310289, 
objectives:
-0.6105787712399025, 16.782765947232146, 42.211806927065595, 

parameters:
0.95427014379099, -42.51505917379114, 20, 
objectives:
-61.60442766646026, -21.421508241624217, 1789.4408880582928, 

parameters:
-0.5767479352669568, -72.08058304554083, 7.801779354225689, 
objectives:
-79.54972421893183, -57.63917376941262, 5189.141311011717, 

parameters:
1.3779675311495445, -93.14295157570885, 11.040147398193454, 
objectives:
-102.28430445699993, -81.7158797852112, 8667.468075353554, 

parameters:
-1.333965757302524, -95.89486077765321, 17.53442206704808, 
objectives:
-111.6498182030456, -67.24511103973933, 9181.069366140098, 

parameters:
-0.42145694795418553, -53.74480749094802, 16.5884064874155, 
objectives:
-70.15558801938467, -31.29294725273692, 2873.093551710626, 

parameters:
1.400520859697119, -98.24589942731838, 11.016457990140339, 
objectives:
-107.30089873901196, -86.87006619751976, 9644.201754971064, 

parameters:
-0.28089084639471706, -91.11792835951344, 19.78613215319435, 
objectives:
-110.82516084511946, -66.12933315315189, 8283.769636043819, 

parameters:
1.0109039716345967, -88.35708937098305, 3.3029747496061956, 
objectives:
-90.63813728072265, -84.07580366804864, 7805.694194202146, 

parameters:
0.6604411688055604, -97.81897530318886, 3.1713848884932303, 
objectives:
-100.55417765422885, -92.85317255246461, 9566.816727014831, 

parameters:
-0.029720188819668092, -51.65358814853031, 5.477742348338419, 
objectives:
-57.130447207245254, -42.056081755289746, 2663.616309559276, 

parameters:
1.0965448216160554, -81.13076643289075, 20, 
objectives:
-99.92835588707777, -60.314535173541984, 6564.403672534086, 

parameters:
3.7776166181811743, -86.85856444699621, 4.621311535491712, 
objectives:
-77.20948866852936, -79.07733207027063, 7555.059293571462, 

parameters:
0.0920697445864975, -84.28929142931588, 4.363641122632367, 
objectives:
-88.64445571408002, -76.28545244716128, 7101.32948537138, 

parameters:
2.0699565150753063, -63.07584792311148, 13.281125152895111, 
objectives:
-72.0722531017039, -49.789828856214896, 3970.5661860408945, 

parameters:
1.5617049810511596, -11.948327300350137, 4.967936072586449, 
objectives:
-14.477340925096582, -6.788288704128323, 141.23351165154597, 

parameters:
1.0782261060793799, -24.670845872878147, 19.767559008491187, 
objectives:
-43.27583334553823, -4.053619752873377, 591.0456486106486, 

parameters:
2.2599256604431774, -65.31308187024008, 18.05463224732898, 
objectives:
-78.26045012683953, -47.190888273954286, 4253.8512951320845, 

parameters:
2.6629839985986035, -22.96762293489352, 15.9395576127535, 
objectives:
-31.815696770854814, -6.588517539742227, 519.6636294434855, 

parameters:
1.345396349095041, -9.339350817694562, 20.0, 
objectives:
-27.529259481536297, 11.08915512208354, 70.03356503213035, 

parameters:
0.2674974304982465, -1.5068218754323939, 20.0, 
objectives:
-21.435267000109228, 21.494743277897783, -16.65793296039524, 

parameters:
-0.14050329392414973, -76.13982260075838, 1.5926441757495509, 
objectives:
-77.71272560090439, -69.96542407370869, 5796.699682674811, 

parameters:
2.662531806093841, -63.99049436759645, 6.127608018150284, 
objectives:
-63.0290267672854, -57.423937955360195, 4096.744837009704, 

parameters:
4.371344270173666, -80.28426927239168, 3.5996340499767867, 
objectives:
-64.77525259398833, -71.06136157472942, 6462.0729092802985, 

parameters:
1.6820372203903657, -77.4419002369862, 8.836566257909793, 
objectives:
-83.44921728411745, -68.50423364985932, 5992.240595268192, 

parameters:
0.4434969200223891, -78.35864110342578, 6.365694143265769, 
objectives:
-84.5276457286222, -69.57024512218022, 6134.9076309502925, 

parameters:
2.0382093304598596, -80.46311819718241, 7.944219893742994, 
objectives:
-84.25304081615178, -72.51743835050523, 6471.523467394778, 

parameters:
1.1431983512629045, -8.318463275990869, 18.654058330968965, 
objectives:
-25.66561913662961, 11.069704120256702, 52.849675413369994, 

