Generation 1013 at Fri May 24 19:48:11 2019
parameters:
2.180284639276765, 1.1740064916978934, 0.0, 
objectives:
5.927647599964107, 1.2065090428570469, 7.13193235081501, 

parameters:
0.05101637681523949, -100, 19.95971668145522, 
objectives:
-119.95711401075187, -76.24174615510238, 9981.042885989249, 

parameters:
-0.09310337269809921, -0.38187417318528993, 20, 
objectives:
-20.37320593517753, 23.999207555614866, -18.84550387784629, 

parameters:
1.9973066371654076, -100, 0, 
objectives:
-96.01076619713501, -99.99999274579665, 10004.989233802866, 

parameters:
1.0965448216160554, -81.13076643289075, 20, 
objectives:
-99.92835588707777, -60.314535173541984, 6564.403672534086, 

parameters:
4.754274141064175, -84.40419849787807, 8.31247036969594, 
objectives:
-70.11354625918251, -68.50570208404733, 7139.359376307898, 

parameters:
3.5738018747361404, -20.662482275364496, 0, 
objectives:
-7.890422435496944, -18.185629934441508, 440.71023361961954, 

parameters:
-0.9724746936755165, -67.9742571152152, 19.110768527268878, 
objectives:
-86.13931861264479, -40.02788278340496, 4603.334568867954, 

parameters:
1.3779675311495445, -93.14295157570885, 11.040147398193454, 
objectives:
-102.28430445699993, -81.7158797852112, 8667.468075353554, 

parameters:
0.8205145239757773, -74.72541233041257, 20, 
objectives:
-94.05216824635737, -53.33422634226048, 5565.560492034229, 

parameters:
-0.5767479352669568, -72.08058304554083, 7.801779354225689, 
objectives:
-79.54972421893183, -57.63917376941262, 5189.141311011717, 

parameters:
2.0699565150753063, -63.07584792311148, 13.281125152895111, 
objectives:
-72.0722531017039, -49.789828856214896, 3970.5661860408945, 

parameters:
2.6629839985986035, -22.96762293489352, 15.9395576127535, 
objectives:
-31.815696770854814, -6.588517539742227, 519.6636294434855, 

parameters:
-1.333965757302524, -95.89486077765321, 17.53442206704808, 
objectives:
-111.6498182030456, -67.24511103973933, 9181.069366140098, 

parameters:
1.400520859697119, -98.24589942731838, 11.016457990140339, 
objectives:
-107.30089873901196, -86.87006619751976, 9644.201754971064, 

parameters:
4.6155796990371325, -5.986322972093318, 15.927831757310289, 
objectives:
-0.6105787712399025, 16.782765947232146, 42.211806927065595, 

parameters:
1.0109039716345967, -88.35708937098305, 3.3029747496061956, 
objectives:
-90.63813728072265, -84.07580366804864, 7805.694194202146, 

parameters:
-0.28089084639471706, -91.11792835951344, 19.78613215319435, 
objectives:
-110.82516084511946, -66.12933315315189, 8283.769636043819, 

parameters:
0.6604411688055604, -97.81897530318886, 3.1713848884932303, 
objectives:
-100.55417765422885, -92.85317255246461, 9566.816727014831, 

parameters:
-0.9704359072231137, -18.526071281612516, 20, 
objectives:
-37.58432543158457, 10.297418197307886, 325.15706298141595, 

parameters:
2.536570732771948, -29.798911909639468, 20.0, 
objectives:
-43.36472082728425, -9.511003758372045, 875.4093420808082, 

parameters:
-0.5909305027606343, -45.92592036048868, 1.8480793107417854, 
objectives:
-47.42480081213753, -37.364920179611424, 2108.6912805063002, 

parameters:
0.7222104039873831, -56.276276846734376, 7.8939333840766075, 
objectives:
-63.648622363183364, -46.74959721097969, 3160.6469902138424, 

parameters:
-1.2131291193332023, -9.844366995562408, 17.080823212066274, 
objectives:
-25.453507947454533, 17.56065495401083, 82.30242059142631, 

parameters:
-1.544104945483877, -17.32376224845924, 13.694534105792915, 
objectives:
-28.63403627158439, 8.93145172193695, 289.80246441801637, 

parameters:
3.2688634622103105, -88.65600790633557, 15.836953547998638, 
objectives:
-93.80749311976064, -71.2090398726046, 7855.736252674811, 

parameters:
-1.9504220715465084, -48.41190744037471, 18.28000999924464, 
objectives:
-62.88777118244358, -14.526062897768263, 2330.2369182733396, 

parameters:
2.5854826185383333, -49.38248753528021, 15.36350153352484, 
objectives:
-58.06126869804122, -33.67619610514487, 2430.9512940093446, 

parameters:
3.6318515721238027, -30.90397643327233, 3.5467485210365446, 
objectives:
-21.26037911237074, -24.69428835879286, 965.6993567091531, 

parameters:
0.31673684617565023, -54.8102028373071, 20, 
objectives:
-74.7098806075818, -31.976827992284406, 2985.258657296473, 

parameters:
4.486983268995573, -50.771416701412726, 0, 
objectives:
-30.638397845166526, -44.58633092114882, 2598.8697727247372, 

parameters:
-0.15196943266547674, -68.8272684533229, 12.674406855718164, 
objectives:
-81.4785806005764, -51.52188915847816, 4725.541570598524, 

parameters:
0.46878876584074547, -35.94006770625142, 14.794507755641998, 
objectives:
-50.514812554914926, -18.800952106993915, 1278.1137218812728, 

parameters:
1.6106953968331803, -42.15660422661726, 10.75474541649196, 
objectives:
-50.317009981729626, -31.250300736078426, 1770.018874164532, 

parameters:
-0.13115012781581337, -42.24269515716214, 17.022603536056703, 
objectives:
-59.248098337192744, -20.678290753816075, 1768.439890960899, 

parameters:
-0.3256051923552692, -37.362204550441085, 7.577422203370031, 
objectives:
-44.833608012522404, -24.376342836361268, 1389.4629254069189, 

parameters:
2.606124298658611, -58.991254339905865, 6.626961475784783, 
objectives:
-58.82633195563181, -51.99690619869669, 3481.133010979737, 

