Generation 1015 at Fri May 24 19:48:11 2019
parameters:
2.180284639276765, 1.1740064916978934, 0.0, 
objectives:
5.927647599964107, 1.2065090428570469, 7.13193235081501, 

parameters:
0.05101637681523949, -100, 19.95971668145522, 
objectives:
-119.95711401075187, -76.24174615510238, 9981.042885989249, 

parameters:
-0.09310337269809921, -0.38187417318528993, 20, 
objectives:
-20.37320593517753, 23.999207555614866, -18.84550387784629, 

parameters:
1.9973066371654076, -100, 0, 
objectives:
-96.01076619713501, -99.99999274579665, 10004.989233802866, 

parameters:
1.0109039716345967, -88.35708937098305, 3.3029747496061956, 
objectives:
-90.63813728072265, -84.07580366804864, 7805.694194202146, 

parameters:
1.7547144844496576, -40.30279375284097, 18.74883328624873, 
objectives:
-55.97260411715227, -21.493795482453447, 1609.6453739197257, 

parameters:
-0.9724746936755165, -67.9742571152152, 19.110768527268878, 
objectives:
-86.13931861264479, -40.02788278340496, 4603.334568867954, 

parameters:
1.0965448216160554, -81.13076643289075, 20, 
objectives:
-99.92835588707777, -60.314535173541984, 6564.403672534086, 

parameters:
4.484175179299858, -35.51105739369427, 0.3589489218854575, 
objectives:
-15.762179276930816, -28.980982150359335, 1281.7840753350122, 

parameters:
2.0699565150753063, -63.07584792311148, 13.281125152895111, 
objectives:
-72.0722531017039, -49.789828856214896, 3970.5661860408945, 

parameters:
-0.5909305027606343, -45.92592036048868, 1.8480793107417854, 
objectives:
-47.42480081213753, -37.364920179611424, 2108.6912805063002, 

parameters:
-1.333965757302524, -95.89486077765321, 17.53442206704808, 
objectives:
-111.6498182030456, -67.24511103973933, 9181.069366140098, 

parameters:
2.6629839985986035, -22.96762293489352, 15.9395576127535, 
objectives:
-31.815696770854814, -6.588517539742227, 519.6636294434855, 

parameters:
2.536570732771948, -29.798911909639468, 20.0, 
objectives:
-43.36472082728425, -9.511003758372045, 875.4093420808082, 

parameters:
0.7222104039873831, -56.276276846734376, 7.8939333840766075, 
objectives:
-63.648622363183364, -46.74959721097969, 3160.6469902138424, 

parameters:
-0.9704359072231137, -18.526071281612516, 20, 
objectives:
-37.58432543158457, 10.297418197307886, 325.15706298141595, 

parameters:
0.5246490184991077, -76.77814098592494, 2.119772102429256, 
objectives:
-78.6226564957421, -72.48170836488003, 5894.0384177447495, 

parameters:
4.6155796990371325, -5.986322972093318, 15.927831757310289, 
objectives:
-0.6105787712399025, 16.782765947232146, 42.211806927065595, 

parameters:
0.6899289423050232, -52.51849591116635, 16.036810278642644, 
objectives:
-68.07930424437886, -34.76539945631367, 2743.6316044379837, 

parameters:
1.3779675311495445, -93.14295157570885, 11.040147398193454, 
objectives:
-102.28430445699993, -81.7158797852112, 8667.468075353554, 

parameters:
1.400520859697119, -98.24589942731838, 11.016457990140339, 
objectives:
-107.30089873901196, -86.87006619751976, 9644.201754971064, 

parameters:
-0.28089084639471706, -91.11792835951344, 19.78613215319435, 
objectives:
-110.82516084511946, -66.12933315315189, 8283.769636043819, 

parameters:
0.8205145239757773, -74.72541233041257, 20, 
objectives:
-94.05216824635737, -53.33422634226048, 5565.560492034229, 

parameters:
3.5738018747361404, -20.662482275364496, 0, 
objectives:
-7.890422435496944, -18.185629934441508, 440.71023361961954, 

parameters:
4.285097148767417, -99.18684271400308, 0, 
objectives:
-80.82478513962843, -93.9651737346981, 9857.39182514676, 

parameters:
3.6318515721238027, -30.90397643327233, 3.5467485210365446, 
objectives:
-21.26037911237074, -24.69428835879286, 965.6993567091531, 

parameters:
-1.544104945483877, -17.32376224845924, 13.694534105792915, 
objectives:
-28.63403627158439, 8.93145172193695, 289.80246441801637, 

parameters:
-1.2131291193332023, -9.844366995562408, 17.080823212066274, 
objectives:
-25.453507947454533, 17.56065495401083, 82.30242059142631, 

parameters:
1.3455566641935346, -53.48672529829078, 8.242610872617918, 
objectives:
-59.91881343435306, -44.815818345891365, 2855.397694998756, 

parameters:
0.31673684617565023, -54.8102028373071, 20, 
objectives:
-74.7098806075818, -31.976827992284406, 2985.258657296473, 

parameters:
-1.9504220715465084, -48.41190744037471, 18.28000999924464, 
objectives:
-62.88777118244358, -14.526062897768263, 2330.2369182733396, 

parameters:
0.6604411688055604, -97.81897530318886, 3.1713848884932303, 
objectives:
-100.55417765422885, -92.85317255246461, 9566.816727014831, 

parameters:
0.5957904930470526, -71.55862444219193, 16.854964910503845, 
objectives:
-88.05862304109053, -52.73185519227105, 5105.13673345977, 

parameters:
-1.1651095823414153, -79.92963930094729, 19.999770819590776, 
objectives:
-98.57192978167429, -49.911949813127066, 6371.10494829881, 

parameters:
-0.5767479352669568, -72.08058304554083, 7.801779354225689, 
objectives:
-79.54972421893183, -57.63917376941262, 5189.141311011717, 

parameters:
2.828105718057482, -14.452439523901823, 0.0, 
objectives:
-6.454257571392398, -13.766680443622326, 217.87119014454896, 

parameters:
1.9092624994207608, -93.51653317775161, 19.96287555176693, 
objectives:
-109.83412543782413, -73.54542433197332, 8730.024385325447, 

