Generation 102 at Sat May 25 04:36:26 2019
parameters:
0, 0.0, 20.0, 
objectives:
-20.0, 24.0, -19.0, 

parameters:
0, 0.0, 20.0, 
objectives:
-20.0, 24.0, -19.0, 

parameters:
1.9954130956648328, 0.0, 20.0, 
objectives:
-16.01832657764929, 20.00002103969138, -15.018326577649288, 

parameters:
0.758548378032303, 0.0, 20.0, 
objectives:
-19.424604358184563, 21.541202129686226, -18.424604358184563, 

parameters:
0.5643919192625484, 0.0, 20.0, 
objectives:
-19.681461761471137, 22.06097056147867, -18.681461761471137, 

parameters:
1.2350238185418605, 0.0, 20.0, 
objectives:
-18.47471616763428, 20.585188558198276, -17.47471616763428, 

parameters:
1.1402921682360456, 0.0, 20.0, 
objectives:
-18.699733771059538, 20.73909755599628, -17.699733771059538, 

parameters:
0.16314638439205803, 0.0, 20.0, 
objectives:
-19.973383257259798, 23.37403120517197, -18.973383257259798, 

parameters:
1.6599408175078174, 0.0, 20.0, 
objectives:
-17.244596482371477, 20.115640247597252, -16.244596482371477, 

parameters:
1.4366002900345594, 0.0, 20.0, 
objectives:
-17.93617960667262, 20.317419233189142, -16.93617960667262, 

parameters:
1.9029559407858212, 0.0, 20.0, 
objectives:
-16.37875868742795, 20.009417549428765, -15.37875868742795, 

parameters:
1.5309684789119689, 0.0, 20.0, 
objectives:
-17.656135516577972, 20.21999056777415, -16.656135516577972, 

parameters:
0.9332988881310824, 0.0, 20.0, 
objectives:
-19.128953185413284, 21.137851262062384, -18.128953185413284, 

parameters:
1.8409371446365494, 0.0, 20.0, 
objectives:
-16.61095042949743, 20.025300991956374, -15.610950429497429, 

parameters:
1.0226457130708473, 0.0, 20.0, 
objectives:
-18.954195745537817, 20.955221402178793, -17.954195745537817, 

parameters:
1.6053417675158872, 0.0, 20.0, 
objectives:
-17.422877809468968, 20.155755120467482, -16.422877809468968, 

parameters:
1.799972675606716, 0.0, 20.0, 
objectives:
-16.7600983670692, 20.040010930503936, -15.7600983670692, 

parameters:
1.955193870302694, 0.0, 20.0, 
objectives:
-16.177216929530772, 20.00200758925845, -15.177216929530772, 

parameters:
1.0643268307508995, 0.0, 20.0, 
objectives:
-18.867208397343745, 20.875484279652657, -17.867208397343745, 

parameters:
0.35483657022931864, 0.0, 20.0, 
objectives:
-19.874091008427893, 22.706562710654833, -18.874091008427893, 

parameters:
1.3134217651636029, 0.0, 20.0, 
objectives:
-18.274923266794527, 20.471389672551062, -17.274923266794524, 

parameters:
1.734263615849375, 0.0, 20.0, 
objectives:
-16.992329710741053, 20.07061582586145, -15.992329710741052, 

parameters:
0.39496942794868983, 0.0, 20.0, 
objectives:
-19.843999150985884, 22.576123137219355, -18.843999150985884, 

parameters:
0.247974703718837, 0.0, 20.0, 
objectives:
-19.938508546315553, 23.069592638809098, -18.938508546315553, 

parameters:
0.4814903765954228, 0.0, 20.0, 
objectives:
-19.768167017245997, 22.30587147637231, -18.768167017245997, 

parameters:
1.556460554952237, 0.0, 20.0, 
objectives:
-17.577430540877774, 20.196727239313276, -16.577430540877774, 

parameters:
0.8432115116034014, 0.0, 20.0, 
objectives:
-19.288994346699507, 21.338159606886887, -18.288994346699507, 

parameters:
0.8864280491460298, 0.0, 20.0, 
objectives:
-19.214245313687165, 21.240042489728715, -18.214245313687165, 

parameters:
1.7428254813951185, 0.0, 20.0, 
objectives:
-16.962559341399874, 20.066138733019653, -15.962559341399874, 

parameters:
0.5090157218028053, 0.0, 20.0, 
objectives:
-19.74090299495757, 22.22303411783121, -18.74090299495757, 

parameters:
0.23235135707161705, 0.0, 20.0, 
objectives:
-19.946012846866978, 23.124581724846553, -18.946012846866978, 

parameters:
1.4023385630140714, 0.0, 20.0, 
objectives:
-18.03344655468363, 20.357199193260087, -17.03344655468363, 

parameters:
1.3914889421545342, 0.0, 20.0, 
objectives:
-18.063758523861654, 20.370285707520207, -17.063758523861654, 

parameters:
1.3627411875904558, 0.0, 20.0, 
objectives:
-18.142936455644556, 20.40609879399362, -17.142936455644552, 

parameters:
1.334623017917664, 0.0, 20.0, 
objectives:
-18.218781400044346, 20.442726528284997, -17.218781400044346, 

parameters:
0.8473097695532624, 0.0, 20.0, 
objectives:
-19.282066154419596, 21.328694767367352, -18.282066154419596, 

parameters:
1.3525497641682362, 0.0, 20.0, 
objectives:
-18.170609135448448, 20.419191807878608, -17.170609135448448, 

parameters:
0, 0.0, 20.0, 
objectives:
-20.0, 24.0, -19.0, 

parameters:
0, 0.0, 20.0, 
objectives:
-20.0, 24.0, -19.0, 

parameters:
0, 0.0, 20.0, 
objectives:
-20.0, 24.0, -19.0, 

parameters:
0, 0.0, 20.0, 
objectives:
-20.0, 24.0, -19.0, 

