Generation 1024 at Fri May 24 19:48:11 2019
parameters:
2.180284639276765, 1.1740064916978934, 0.0, 
objectives:
5.927647599964107, 1.2065090428570469, 7.13193235081501, 

parameters:
0.05101637681523949, -100, 19.95971668145522, 
objectives:
-119.95711401075187, -76.24174615510238, 9981.042885989249, 

parameters:
-0.09310337269809921, -0.38187417318528993, 20, 
objectives:
-20.37320593517753, 23.999207555614866, -18.84550387784629, 

parameters:
1.9973066371654076, -100, 0, 
objectives:
-96.01076619713501, -99.99999274579665, 10004.989233802866, 

parameters:
0.6899289423050232, -52.51849591116635, 16.036810278642644, 
objectives:
-68.07930424437886, -34.76539945631367, 2743.6316044379837, 

parameters:
1.7547144844496576, -40.30279375284097, 18.74883328624873, 
objectives:
-55.97260411715227, -21.493795482453447, 1609.6453739197257, 

parameters:
-0.28089084639471706, -91.11792835951344, 19.78613215319435, 
objectives:
-110.82516084511946, -66.12933315315189, 8283.769636043819, 

parameters:
0.5246490184991077, -76.77814098592494, 2.119772102429256, 
objectives:
-78.6226564957421, -72.48170836488003, 5894.0384177447495, 

parameters:
2.0699565150753063, -63.07584792311148, 13.281125152895111, 
objectives:
-72.0722531017039, -49.789828856214896, 3970.5661860408945, 

parameters:
-1.6737127068067816, -71.28887461286686, 12.329088057945153, 
objectives:
-80.81664844588553, -45.46362150276809, 5073.575869736035, 

parameters:
-0.9724746936755165, -67.9742571152152, 19.110768527268878, 
objectives:
-86.13931861264479, -40.02788278340496, 4603.334568867954, 

parameters:
0.22466725739956678, -87.30477542813999, 1.1663670536615296, 
objectives:
-88.42066710525408, -82.98660202752929, 7622.007920880842, 

parameters:
4.484175179299858, -35.51105739369427, 0.3589489218854575, 
objectives:
-15.762179276930816, -28.980982150359335, 1281.7840753350122, 

parameters:
0.04183929434042177, -84.03824109426385, 19.416101587503274, 
objectives:
-103.45259215521622, -60.78774615757136, 7044.011615156665, 

parameters:
5.35109608331336, -16.43698800232303, 19.585318032456005, 
objectives:
-7.388076741927456, 14.378174989731116, 280.22348584890676, 

parameters:
-0.4900213999549319, -95.66801667879756, 2.597291397002606, 
objectives:
-98.02518710338637, -86.87051870956142, 9151.012244830099, 

parameters:
3.5830263329070258, -27.44345741242698, 19.79006806219115, 
objectives:
-34.39544777231296, -5.147416979558766, 747.1913643878074, 

parameters:
3.5738018747361404, -20.662482275364496, 0, 
objectives:
-7.890422435496944, -18.185629934441508, 440.71023361961954, 

parameters:
-1.544104945483877, -17.32376224845924, 13.694534105792915, 
objectives:
-28.63403627158439, 8.93145172193695, 289.80246441801637, 

parameters:
1.5868419565356688, -98.17311136954156, 17.447164867437905, 
objectives:
-113.10220884195752, -80.55524693322438, 9624.030698503995, 

parameters:
4.285097148767417, -99.18684271400308, 0, 
objectives:
-80.82478513962843, -93.9651737346981, 9857.39182514676, 

parameters:
-1.2131291193332023, -9.844366995562408, 17.080823212066274, 
objectives:
-25.453507947454533, 17.56065495401083, 82.30242059142631, 

parameters:
3.1680231124769067, -54.57027054296768, 0, 
objectives:
-44.53390010177981, -53.20599255168744, 2988.950797573874, 

parameters:
1.0965448216160554, -81.13076643289075, 20, 
objectives:
-99.92835588707777, -60.314535173541984, 6564.403672534086, 

parameters:
3.115338436895021, -57.91078222964522, 0.1926353030660346, 
objectives:
-48.398083956315745, -56.47416709776376, 3364.171396722722, 

parameters:
2.543215602166092, -37.018934309337695, 8.927624148876337, 
objectives:
-39.47861285911299, -27.796226970024687, 1368.9418188492843, 

parameters:
0.6213770501320797, -32.19481347726057, 19.35972356038679, 
objectives:
-51.168427599216514, -10.934488678971249, 1018.5324007136426, 

parameters:
-0.846182863485815, -92.83010701449827, 0.7566356736224861, 
objectives:
-92.8707172496637, -83.97271444847547, 8618.388158088033, 

parameters:
-1.6322646951667488, -77.63725619606232, 8.425860549816365, 
objectives:
-83.3988287107909, -56.01804883049117, 6022.78197713829, 

parameters:
0.27332731778436203, -23.18103044934668, 18.555956691351142, 
objectives:
-41.66227931805062, -1.643675206485792, 519.8789238248338, 

parameters:
3.3607615740754295, -57.641047276611374, 5.845605713807864, 
objectives:
-52.19193463263728, -49.94376950132327, 3328.9394437885217, 

parameters:
2.303587668370038, -83.26944290540982, 6.969624158865111, 
objectives:
-84.93255091840842, -76.20765327415835, 6933.137013764306, 

parameters:
1.3779675311495445, -93.14295157570885, 11.040147398193454, 
objectives:
-102.28430445699993, -81.7158797852112, 8667.468075353554, 

parameters:
-1.2942211139686146, -96.39206455327457, 7.892750679916178, 
objectives:
-102.60980694134858, -77.64742112564177, 9286.212366454578, 

parameters:
-0.39335246018983794, -22.553524437888125, 8.49825290755989, 
objectives:
-30.89705118751062, -8.327135531631486, 501.3179378207943, 

parameters:
-1.315338019021015, -32.34480774221289, 0.0, 
objectives:
-30.614693637930763, -21.353341561846705, 1048.9167019849972, 

parameters:
-1.1774489341799437, -8.475228477622068, 13.150872454191306, 
objectives:
-20.23971493921189, 14.7718257058905, 61.06501128630625, 

