Generation 1028 at Fri May 24 19:48:12 2019
parameters:
0.05101637681523949, -100, 19.95971668145522, 
objectives:
-119.95711401075187, -76.24174615510238, 9981.042885989249, 

parameters:
2.180284639276765, 1.1740064916978934, 0.0, 
objectives:
5.927647599964107, 1.2065090428570469, 7.13193235081501, 

parameters:
-0.09310337269809921, -0.38187417318528993, 20, 
objectives:
-20.37320593517753, 23.999207555614866, -18.84550387784629, 

parameters:
1.9973066371654076, -100, 0, 
objectives:
-96.01076619713501, -99.99999274579665, 10004.989233802866, 

parameters:
-1.6737127068067816, -71.28887461286686, 12.329088057945153, 
objectives:
-80.81664844588553, -45.46362150276809, 5073.575869736035, 

parameters:
-0.28089084639471706, -91.11792835951344, 19.78613215319435, 
objectives:
-110.82516084511946, -66.12933315315189, 8283.769636043819, 

parameters:
3.5738018747361404, -20.662482275364496, 0, 
objectives:
-7.890422435496944, -18.185629934441508, 440.71023361961954, 

parameters:
0.6899289423050232, -52.51849591116635, 16.036810278642644, 
objectives:
-68.07930424437886, -34.76539945631367, 2743.6316044379837, 

parameters:
3.5830263329070258, -27.44345741242698, 19.79006806219115, 
objectives:
-34.39544777231296, -5.147416979558766, 747.1913643878074, 

parameters:
-0.4900213999549319, -95.66801667879756, 2.597291397002606, 
objectives:
-98.02518710338637, -86.87051870956142, 9151.012244830099, 

parameters:
0.48700329045292035, -47.53662999326724, 18.53816601249823, 
objectives:
-65.83762380085349, -26.70930493766872, 2242.4301973092083, 

parameters:
0.28450328920793844, -6.003095923675829, 20, 
objectives:
-25.922153802105694, 16.939833041062553, 17.1181027904235, 

parameters:
0.6213770501320797, -32.19481347726057, 19.35972356038679, 
objectives:
-51.168427599216514, -10.934488678971249, 1018.5324007136426, 

parameters:
3.115338436895021, -57.91078222964522, 0.1926353030660346, 
objectives:
-48.398083956315745, -56.47416709776376, 3364.171396722722, 

parameters:
4.484175179299858, -35.51105739369427, 0.3589489218854575, 
objectives:
-15.762179276930816, -28.980982150359335, 1281.7840753350122, 

parameters:
0.22466725739956678, -87.30477542813999, 1.1663670536615296, 
objectives:
-88.42066710525408, -82.98660202752929, 7622.007920880842, 

parameters:
0.04183929434042177, -84.03824109426385, 19.416101587503274, 
objectives:
-103.45259215521622, -60.78774615757136, 7044.011615156665, 

parameters:
1.7547144844496576, -40.30279375284097, 18.74883328624873, 
objectives:
-55.97260411715227, -21.493795482453447, 1609.6453739197257, 

parameters:
1.078647794289029, -63.02836339530648, 0, 
objectives:
-61.86488233118189, -62.179473508338006, 3974.738073354934, 

parameters:
2.0953389718405107, -78.8766841570851, 0, 
objectives:
-74.48623875017145, -78.86759463753349, 6226.921749023472, 

parameters:
0.981988618223413, -12.778426432595971, 17.387363697128283, 
objectives:
-29.201488483403928, 5.645284437958988, 147.86512004245947, 

parameters:
1.1960239787712839, -94.10811084990704, 0.5509633743397923, 
objectives:
-93.22860086645093, -92.91077003285649, 8858.216037721846, 

parameters:
3.1680231124769067, -54.57027054296768, 0, 
objectives:
-44.53390010177981, -53.20599255168744, 2988.950797573874, 

parameters:
-1.7000707676648632, -76.0925034256326, 4.488900124433005, 
objectives:
-77.69116293499701, -57.913079615471545, 5789.470418070545, 

parameters:
3.1752760890996408, -9.634814039451253, 17.88648289339576, 
objectives:
-17.438918690839103, 9.632942739553851, 86.02553692341914, 

parameters:
-0.7083848447387671, -42.51039796046404, 20, 
objectives:
-62.00858887220847, -15.175049493253404, 1788.6357438452808, 

parameters:
-0.5410420233327997, -83.4548927039602, 5.3478575021575665, 
objectives:
-88.51002373510572, -71.65014063745939, 6960.663985198365, 

parameters:
-1.4171736440464067, -61.324701361090256, 0, 
objectives:
-59.316320223710484, -49.64762564752486, 3763.727378164285, 

parameters:
-0.846182863485815, -92.83010701449827, 0.7566356736224861, 
objectives:
-92.8707172496637, -83.97271444847547, 8618.388158088033, 

parameters:
0.34251797044875576, -77.64744833582638, 10.835557451435289, 
objectives:
-88.36568722718134, -64.06464420610578, 6019.407994173472, 

parameters:
1.0965448216160554, -81.13076643289075, 20, 
objectives:
-99.92835588707777, -60.314535173541984, 6564.403672534086, 

parameters:
2.543215602166092, -37.018934309337695, 8.927624148876337, 
objectives:
-39.47861285911299, -27.796226970024687, 1368.9418188492843, 

parameters:
-1.0148511065373813, -25.473998114840995, 20, 
objectives:
-44.44407534640085, 3.615329079748676, 630.9545027233628, 

parameters:
2.0699565150753063, -63.07584792311148, 13.281125152895111, 
objectives:
-72.0722531017039, -49.789828856214896, 3970.5661860408945, 

parameters:
0.5246490184991077, -76.77814098592494, 2.119772102429256, 
objectives:
-78.6226564957421, -72.48170836488003, 5894.0384177447495, 

parameters:
-0.23142454432196113, -37.78268798070772, 20, 
objectives:
-57.72913066099309, -12.803432483705251, 1408.5850683672302, 

parameters:
0.08311091474979057, -99.9743842224914, 0.6256711384394631, 
objectives:
-100.59314793678031, -95.67424931890055, 9995.258736952048, 

parameters:
1.2968871155205157, -100, 0.264640724593022, 
objectives:
-98.5827245341899, -99.24099154708591, 10002.417275465808, 

