Generation 1031 at Fri May 24 19:48:12 2019
parameters:
2.180284639276765, 1.1740064916978934, 0.0, 
objectives:
5.927647599964107, 1.2065090428570469, 7.13193235081501, 

parameters:
0.05101637681523949, -100, 19.95971668145522, 
objectives:
-119.95711401075187, -76.24174615510238, 9981.042885989249, 

parameters:
-0.09310337269809921, -0.38187417318528993, 20, 
objectives:
-20.37320593517753, 23.999207555614866, -18.84550387784629, 

parameters:
1.9973066371654076, -100, 0, 
objectives:
-96.01076619713501, -99.99999274579665, 10004.989233802866, 

parameters:
-1.6737127068067816, -71.28887461286686, 12.329088057945153, 
objectives:
-80.81664844588553, -45.46362150276809, 5073.575869736035, 

parameters:
0.28450328920793844, -6.003095923675829, 20, 
objectives:
-25.922153802105694, 16.939833041062553, 17.1181027904235, 

parameters:
1.058742679706922, 5.753064136688154, 2.768547863858156, 
objectives:
4.105452334662992, 9.407577343551617, 32.450135158822256, 

parameters:
3.5738018747361404, -20.662482275364496, 0, 
objectives:
-7.890422435496944, -18.185629934441508, 440.71023361961954, 

parameters:
-0.4900213999549319, -95.66801667879756, 2.597291397002606, 
objectives:
-98.02518710338637, -86.87051870956142, 9151.012244830099, 

parameters:
-0.13589706251191053, -27.499375390727927, 13.249927477167663, 
objectives:
-40.73083485629623, -9.687391651913256, 743.9841874146043, 

parameters:
3.1286863603580506, -49.77941462841471, 12.729731583639843, 
objectives:
-52.72046787056405, -35.77575014471657, 2476.0490675054793, 

parameters:
0.48700329045292035, -47.53662999326724, 18.53816601249823, 
objectives:
-65.83762380085349, -26.70930493766872, 2242.4301973092083, 

parameters:
1.2496714053070128, -99.62418269294034, 14.251902515461403, 
objectives:
-112.31440658715974, -84.809287177465, 9913.287553342132, 

parameters:
3.1680231124769067, -54.57027054296768, 0, 
objectives:
-44.53390010177981, -53.20599255168744, 2988.950797573874, 

parameters:
4.484175179299858, -35.51105739369427, 0.3589489218854575, 
objectives:
-15.762179276930816, -28.980982150359335, 1281.7840753350122, 

parameters:
1.7547144844496576, -40.30279375284097, 18.74883328624873, 
objectives:
-55.97260411715227, -21.493795482453447, 1609.6453739197257, 

parameters:
1.078647794289029, -63.02836339530648, 0, 
objectives:
-61.86488233118189, -62.179473508338006, 3974.738073354934, 

parameters:
2.0953389718405107, -78.8766841570851, 0, 
objectives:
-74.48623875017145, -78.86759463753349, 6226.921749023472, 

parameters:
1.762919718687738, -100.0, 3.038753005252916, 
objectives:
-99.93086707071487, -96.90503993495999, 10001.069132929286, 

parameters:
1.7639133216054055, -43.88365363858292, 0, 
objectives:
-40.772263432445904, -43.82791671886753, 1929.886446877249, 

parameters:
3.115338436895021, -57.91078222964522, 0.1926353030660346, 
objectives:
-48.398083956315745, -56.47416709776376, 3364.171396722722, 

parameters:
-1.5885289304153825, -80.51250334256908, 19.020953749374005, 
objectives:
-97.01003292917643, -48.6140097087669, 6466.765664900589, 

parameters:
0.7362191689209496, -92.52145391898885, 18.006070818201763, 
objectives:
-109.98550607250397, -72.91824111178424, 8543.755383130063, 

parameters:
-1.7000707676648632, -76.0925034256326, 4.488900124433005, 
objectives:
-77.69116293499701, -57.913079615471545, 5789.470418070545, 

parameters:
-0.28089084639471706, -91.11792835951344, 19.78613215319435, 
objectives:
-110.82516084511946, -66.12933315315189, 8283.769636043819, 

parameters:
0.34251797044875576, -77.64744833582638, 10.835557451435289, 
objectives:
-88.36568722718134, -64.06464420610578, 6019.407994173472, 

parameters:
0.4381784410343226, -61.17355641488784, 0, 
objectives:
-60.98155606870057, -58.73426983283786, 3743.3960047916526, 

parameters:
2.828701154427929, -89.13715960450558, 13.908623081570314, 
objectives:
-95.044232465014, -74.5417909195851, 7940.526149498593, 

parameters:
0.6213770501320797, -32.19481347726057, 19.35972356038679, 
objectives:
-51.168427599216514, -10.934488678971249, 1018.5324007136426, 

parameters:
-0.5410420233327997, -83.4548927039602, 5.3478575021575665, 
objectives:
-88.51002373510572, -71.65014063745939, 6960.663985198365, 

parameters:
2.7647826506885114, -36.33480496924625, 20, 
objectives:
-48.69078186369806, -15.749912466452102, 1308.8620752587103, 

parameters:
3.318245413537322, -84.68540497333989, 3.3399269902931206, 
objectives:
-77.01457933917153, -79.60770701273458, 7180.288641132748, 

parameters:
-1.245776510497351, -88.52540780730709, 19.508029683488914, 
objectives:
-106.48147837668905, -58.48231296772181, 7819.791756880646, 

parameters:
-0.5914175349464537, -86.32080664224424, 18.235375826958872, 
objectives:
-104.20640776856096, -61.369985974857414, 7434.396058241399, 

parameters:
0.03773972642293044, -84.25173890691131, 4.880407107301103, 
objectives:
-89.13072172726194, -75.52086641835146, 7094.476526018003, 

parameters:
0.04183929434042177, -84.03824109426385, 19.416101587503274, 
objectives:
-103.45259215521622, -60.78774615757136, 7044.011615156665, 

parameters:
2.5248052882045102, -29.258067456550044, 18.967127184156382, 
objectives:
-41.85055289736097, -10.015519681866245, 844.4420258512218, 

parameters:
1.8053578536235984, -100.0, 0, 
objectives:
-96.7406830203596, -99.96211443485399, 10004.25931697964, 

