Generation 1032 at Fri May 24 19:48:12 2019
parameters:
2.180284639276765, 1.1740064916978934, 0.0, 
objectives:
5.927647599964107, 1.2065090428570469, 7.13193235081501, 

parameters:
0.05101637681523949, -100, 19.95971668145522, 
objectives:
-119.95711401075187, -76.24174615510238, 9981.042885989249, 

parameters:
-0.09310337269809921, -0.38187417318528993, 20, 
objectives:
-20.37320593517753, 23.999207555614866, -18.84550387784629, 

parameters:
1.9973066371654076, -100, 0, 
objectives:
-96.01076619713501, -99.99999274579665, 10004.989233802866, 

parameters:
-0.4900213999549319, -95.66801667879756, 2.597291397002606, 
objectives:
-98.02518710338637, -86.87051870956142, 9151.012244830099, 

parameters:
1.058742679706922, 5.753064136688154, 2.768547863858156, 
objectives:
4.105452334662992, 9.407577343551617, 32.450135158822256, 

parameters:
-2.239503612329642, -68.28387187926737, 19.582928816547348, 
objectives:
-82.8514242661772, -30.727552183763937, 4649.11960643729, 

parameters:
0.19865504532103584, -22.33276588893979, 12.378195540653381, 
objectives:
-34.671497602561665, -6.709726702539049, 487.41370053657073, 

parameters:
1.2496714053070128, -99.62418269294034, 14.251902515461403, 
objectives:
-112.31440658715974, -84.809287177465, 9913.287553342132, 

parameters:
2.0953389718405107, -78.8766841570851, 0, 
objectives:
-74.48623875017145, -78.86759463753349, 6226.921749023472, 

parameters:
3.5738018747361404, -20.662482275364496, 0, 
objectives:
-7.890422435496944, -18.185629934441508, 440.71023361961954, 

parameters:
1.762919718687738, -100.0, 3.038753005252916, 
objectives:
-99.93086707071487, -96.90503993495999, 10001.069132929286, 

parameters:
0.48700329045292035, -47.53662999326724, 18.53816601249823, 
objectives:
-65.83762380085349, -26.70930493766872, 2242.4301973092083, 

parameters:
0.7362191689209496, -92.52145391898885, 18.006070818201763, 
objectives:
-109.98550607250397, -72.91824111178424, 8543.755383130063, 

parameters:
0.28450328920793844, -6.003095923675829, 20, 
objectives:
-25.922153802105694, 16.939833041062553, 17.1181027904235, 

parameters:
-0.5410420233327997, -83.4548927039602, 5.3478575021575665, 
objectives:
-88.51002373510572, -71.65014063745939, 6960.663985198365, 

parameters:
3.1680231124769067, -54.57027054296768, 0, 
objectives:
-44.53390010177981, -53.20599255168744, 2988.950797573874, 

parameters:
3.966659872040566, -6.710349541996944, 18.224800848853484, 
objectives:
-9.200759850393549, 15.382202359151155, 43.53838066738199, 

parameters:
1.078647794289029, -63.02836339530648, 0, 
objectives:
-61.86488233118189, -62.179473508338006, 3974.738073354934, 

parameters:
0.7852544076509895, -74.46432104443723, 18.247897586158594, 
objectives:
-92.0955941458605, -54.74081660414729, 5528.303835507594, 

parameters:
1.7547144844496576, -40.30279375284097, 18.74883328624873, 
objectives:
-55.97260411715227, -21.493795482453447, 1609.6453739197257, 

parameters:
4.484175179299858, -35.51105739369427, 0.3589489218854575, 
objectives:
-15.762179276930816, -28.980982150359335, 1281.7840753350122, 

parameters:
-1.5885289304153825, -80.51250334256908, 19.020953749374005, 
objectives:
-97.01003292917643, -48.6140097087669, 6466.765664900589, 

parameters:
3.1286863603580506, -49.77941462841471, 12.729731583639843, 
objectives:
-52.72046787056405, -35.77575014471657, 2476.0490675054793, 

parameters:
-1.6737127068067816, -71.28887461286686, 12.329088057945153, 
objectives:
-80.81664844588553, -45.46362150276809, 5073.575869736035, 

parameters:
-0.28089084639471706, -91.11792835951344, 19.78613215319435, 
objectives:
-110.82516084511946, -66.12933315315189, 8283.769636043819, 

parameters:
4.087632442251774, -37.25670292954229, 18.28555237419558, 
objectives:
-38.83351632078867, -14.61294134140461, 1387.485099788919, 

parameters:
0.34251797044875576, -77.64744833582638, 10.835557451435289, 
objectives:
-88.36568722718134, -64.06464420610578, 6019.407994173472, 

parameters:
3.115338436895021, -57.91078222964522, 0.1926353030660346, 
objectives:
-48.398083956315745, -56.47416709776376, 3364.171396722722, 

parameters:
1.7639133216054055, -43.88365363858292, 0, 
objectives:
-40.772263432445904, -43.82791671886753, 1929.886446877249, 

parameters:
2.828701154427929, -89.13715960450558, 13.908623081570314, 
objectives:
-95.044232465014, -74.5417909195851, 7940.526149498593, 

parameters:
-1.8721054274715248, -86.08996218841685, 12.882346470684505, 
objectives:
-95.46752992753302, -58.21441527627791, 7403.1040218639255, 

parameters:
-0.13589706251191053, -27.499375390727927, 13.249927477167663, 
objectives:
-40.73083485629623, -9.687391651913256, 743.9841874146043, 

parameters:
-1.7000707676648632, -76.0925034256326, 4.488900124433005, 
objectives:
-77.69116293499701, -57.913079615471545, 5789.470418070545, 

parameters:
-0.16268903732310802, -44.91643327603066, 0, 
objectives:
-44.88996555316554, -40.239209403873105, 2018.5124459629794, 

parameters:
2.17997905970931, -61.156212856395285, 0, 
objectives:
-56.4039041556242, -61.12382039446144, 3745.834679637499, 

parameters:
-1.1405135491419824, -49.122037304307845, 0, 
objectives:
-47.82126614853141, -39.25921195196347, 2415.2753200815882, 

parameters:
0.6213770501320797, -32.19481347726057, 19.35972356038679, 
objectives:
-51.168427599216514, -10.934488678971249, 1018.5324007136426, 

parameters:
0.16472085235162698, -34.40269852017105, 19.229455516649303, 
objectives:
-53.605021077620904, -11.804993453728809, 1165.3433429123295, 

parameters:
0.4381784410343226, -61.17355641488784, 0, 
objectives:
-60.98155606870057, -58.73426983283786, 3743.3960047916526, 

parameters:
3.3691081845362723, -89.37761357747472, 1.2377243408641438, 
objectives:
-79.26444795922957, -86.26543201564637, 7999.470974422638, 

parameters:
4.191835633911397, -60.360353767387664, 8.902133528290918, 
objectives:
-51.691001313949215, -46.65407679301297, 3653.0416593776285, 

