Generation 104 at Fri May 24 19:55:16 2019
parameters:
0, 0.0, 20.0, 
objectives:
-20.0, 24.0, -19.0, 

parameters:
0, 0.0, 20.0, 
objectives:
-20.0, 24.0, -19.0, 

parameters:
1.9979647189482492, 0.0, 20.0, 
objectives:
-16.008136981838042, 20.000004142368958, -15.008136981838044, 

parameters:
1.3254833135028108, 0.0, 20.0, 
objectives:
-18.24309398562561, 20.454972760363148, -17.24309398562561, 

parameters:
1.4558798785772482, 0.0, 20.0, 
objectives:
-17.880413779153898, 20.29606670653711, -16.880413779153898, 

parameters:
0.5257105336488367, 0.0, 20.0, 
objectives:
-19.723628434810657, 22.173529430593998, -18.723628434810657, 

parameters:
0.694829835273758, 0.0, 20.0, 
objectives:
-19.517211500013442, 21.703469158891526, -18.517211500013442, 

parameters:
0.25414694112752556, 0.0, 20.0, 
objectives:
-19.935409332315523, 23.048002903174375, -18.935409332315523, 

parameters:
1.7501288332886067, 0.0, 20.0, 
objectives:
-16.93704906689186, 20.062435599953712, -15.937049066891861, 

parameters:
1.9262043884348685, 0.0, 20.0, 
objectives:
-16.289736653974256, 20.00544579228627, -15.289736653974254, 

parameters:
0.4695698764994496, 0.0, 20.0, 
objectives:
-19.77950413108429, 22.34221636291791, -18.77950413108429, 

parameters:
1.674850830788986, 0.0, 20.0, 
objectives:
-17.194874694605442, 20.105721982238613, -16.194874694605442, 

parameters:
1.8850525239044584, 0.0, 20.0, 
objectives:
-16.44657698212143, 20.013212922260735, -15.446576982121432, 

parameters:
1.0251429405242165, 0.0, 20.0, 
objectives:
-18.949081951493362, 20.950346286409772, -17.949081951493362, 

parameters:
1.0797500091225642, 0.0, 20.0, 
objectives:
-18.834139917799824, 20.84686004570992, -17.834139917799824, 

parameters:
1.607308496792918, 0.0, 20.0, 
objectives:
-17.41655939613729, 20.154206616691038, -16.41655939613729, 

parameters:
1.8318724098316956, 0.0, 20.0, 
objectives:
-16.644243474097415, 20.0282668865758, -15.644243474097417, 

parameters:
0.9602158594910675, 0.0, 20.0, 
objectives:
-19.077985503181832, 21.081151058853898, -18.077985503181832, 

parameters:
1.2586541320497824, 0.0, 20.0, 
objectives:
-18.41578977587401, 20.549593695926863, -17.41578977587401, 

parameters:
1.795054890369698, 0.0, 20.0, 
objectives:
-16.777777940559833, 20.042002497961377, -15.777777940559831, 

parameters:
0.7681594466823068, 0.0, 20.0, 
objectives:
-19.409931064472733, 21.51743114879804, -18.409931064472733, 

parameters:
0.3524698996791489, 0.0, 20.0, 
objectives:
-19.87576496982017, 22.714355431463233, -18.87576496982017, 

parameters:
1.2275217546660766, 0.0, 20.0, 
objectives:
-18.493190341821517, 20.596722639514176, -17.493190341821517, 

parameters:
0.1437216539481625, 0.0, 20.0, 
objectives:
-19.979344086186405, 23.445769298020945, -18.979344086186405, 

parameters:
1.1657526197145944, 0.0, 20.0, 
objectives:
-18.64102082962856, 20.695968691513063, -17.64102082962856, 

parameters:
1.5379085861534612, 0.0, 20.0, 
objectives:
-17.63483718063546, 20.213528474750692, -16.63483718063546, 

parameters:
1.1414822142216663, 0.0, 20.0, 
objectives:
-18.6970183546156, 20.73705278849773, -17.6970183546156, 

parameters:
1.5073713973533887, 0.0, 20.0, 
objectives:
-17.727831470440893, 20.242682940145553, -16.727831470440893, 

parameters:
0.09044237365728754, 0.0, 20.0, 
objectives:
-19.991820177047234, 23.646410328323615, -18.991820177047234, 

parameters:
1.6375975690674471, 0.0, 20.0, 
objectives:
-17.318274201784387, 20.131335521945825, -16.318274201784387, 

parameters:
0.8357767453497131, 0.0, 20.0, 
objectives:
-19.30147723193264, 21.355415786668505, -18.30147723193264, 

parameters:
0.34511639628485424, 0.0, 20.0, 
objectives:
-19.880894673015355, 22.738639741845226, -18.880894673015355, 

parameters:
0.9062028291404418, 0.0, 20.0, 
objectives:
-19.178796432457858, 21.196392250980374, -18.178796432457858, 

parameters:
0.7132833880218921, 0.0, 20.0, 
objectives:
-19.491226808372012, 21.65563963954042, -18.491226808372012, 

parameters:
0.825193626279484, 0.0, 20.0, 
objectives:
-19.319055479147714, 21.38017001573435, -18.319055479147714, 

parameters:
0.9092175819235799, 0.0, 20.0, 
objectives:
-19.173323388721037, 21.18980628358464, -18.173323388721037, 

parameters:
0.1205826097580519, 0.0, 20.0, 
objectives:
-19.98545983422394, 23.532209726743854, -18.98545983422394, 

parameters:
1.5318640401232198, 0.0, 20.0, 
objectives:
-17.653392562577366, 20.219151276929754, -16.653392562577366, 

parameters:
0, 0.0, 20.0, 
objectives:
-20.0, 24.0, -19.0, 

parameters:
0, 0.0, 20.0, 
objectives:
-20.0, 24.0, -19.0, 

