Generation 1043 at Fri May 24 19:48:12 2019
parameters:
0.05101637681523949, -100, 19.95971668145522, 
objectives:
-119.95711401075187, -76.24174615510238, 9981.042885989249, 

parameters:
5.687461587498452, -16.072870563552804, 3.540657595082205, 
objectives:
12.733691150635405, 1.065159990806007, 288.14372986691046, 

parameters:
-0.6434193193242121, -2.2033662891420356, 20, 
objectives:
-21.789377868662402, 24.784299408634446, -13.731188575392824, 

parameters:
-0.09310337269809921, -0.38187417318528993, 20, 
objectives:
-20.37320593517753, 23.999207555614866, -18.84550387784629, 

parameters:
1.9973066371654076, -100, 0, 
objectives:
-96.01076619713501, -99.99999274579665, 10004.989233802866, 

parameters:
1.078647794289029, -63.02836339530648, 0, 
objectives:
-61.86488233118189, -62.179473508338006, 3974.738073354934, 

parameters:
0.939421792952339, -86.35703750527362, 19.03720307670854, 
objectives:
-104.51172727690837, -66.19500829530065, 7440.383236915601, 

parameters:
-0.46667817267636025, -42.70395685600222, 2.3485446355003474, 
objectives:
-44.834712974650024, -34.270911012943884, 1822.4971750406514, 

parameters:
-2.239503612329642, -68.28387187926737, 19.582928816547348, 
objectives:
-82.8514242661772, -30.727552183763937, 4649.11960643729, 

parameters:
-1.6737127068067816, -71.28887461286686, 12.329088057945153, 
objectives:
-80.81664844588553, -45.46362150276809, 5073.575869736035, 

parameters:
-0.4900213999549319, -95.66801667879756, 2.597291397002606, 
objectives:
-98.02518710338637, -86.87051870956142, 9151.012244830099, 

parameters:
-3.0416459762571053, -29.23106892666614, 18.50676072279774, 
objectives:
-38.48621940458284, 14.69388594604106, 846.20024011759, 

parameters:
1.006527675104318, -12.807133207071963, 18.596726205667327, 
objectives:
-30.39076145198839, 6.776580258928995, 147.439032738769, 

parameters:
0.7362191689209496, -92.52145391898885, 18.006070818201763, 
objectives:
-109.98550607250397, -72.91824111178424, 8543.755383130063, 

parameters:
3.115338436895021, -57.91078222964522, 0.1926353030660346, 
objectives:
-48.398083956315745, -56.47416709776376, 3364.171396722722, 

parameters:
2.7580282334245867, -94.17977018338654, 0, 
objectives:
-86.5730504470194, -93.60516338071774, 8878.43583153187, 

parameters:
1.2496714053070128, -99.62418269294034, 14.251902515461403, 
objectives:
-112.31440658715974, -84.809287177465, 9913.287553342132, 

parameters:
2.208186904367289, -50.343068511303876, 1.2741462118826874, 
objectives:
-46.74112531856737, -49.025580512271155, 2539.026490326572, 

parameters:
3.5738018747361404, -20.662482275364496, 0, 
objectives:
-7.890422435496944, -18.185629934441508, 440.71023361961954, 

parameters:
4.159421445595074, -1.7885470155552288, 16.660660012500248, 
objectives:
-1.1484202659792633, 19.53521397664094, 4.839027176427482, 

parameters:
2.180284639276765, 1.1740064916978934, 0.0, 
objectives:
5.927647599964107, 1.2065090428570469, 7.13193235081501, 

parameters:
3.717830581152252, -76.91202417994162, 2.4324492995547167, 
objectives:
-65.52220924934545, -71.52863297484502, 5927.849278386521, 

parameters:
-0.7785022916730062, -32.77507803636799, 18.056991312223968, 
objectives:
-50.226003530451834, -6.99801173931187, 1057.7548147959274, 

parameters:
-0.8642600780597911, -47.993557451216006, 19.566189248668245, 
objectives:
-66.81280121735634, -20.223382407780683, 2285.5623130570307, 

parameters:
2.0953389718405107, -78.8766841570851, 0, 
objectives:
-74.48623875017145, -78.86759463753349, 6226.921749023472, 

parameters:
-0.7035878032122276, -23.276289262557786, 0, 
objectives:
-22.781253465728778, -15.966902252879866, 543.2806776310919, 

parameters:
-0.7808914743875592, -81.98297102218855, 14.900051555558532, 
objectives:
-96.27323108297591, -59.34956207430861, 6707.917277564221, 

parameters:
2.6161394449633075, -81.06709707587581, 0.5794994364943218, 
objectives:
-74.80241091687721, -80.1079698237418, 6579.13891446847, 

parameters:
0.7852544076509895, -74.46432104443723, 18.247897586158594, 
objectives:
-92.0955941458605, -54.74081660414729, 5528.303835507594, 

parameters:
2.107574248304907, -88.24985637240702, 3.3343480960721217, 
objectives:
-87.14233525636115, -84.90393605743654, 7790.144670866514, 

parameters:
-1.9294381859782632, -37.09574530730611, 18.072912607892555, 
objectives:
-51.44592620168758, -3.5823482419894113, 1362.744139010142, 

parameters:
-0.2579840856247893, -36.12588523511801, 10.203148868513013, 
objectives:
-46.26247831519537, -20.824244235670186, 1295.9429909408402, 

parameters:
2.2024681795725516, -73.27468421557087, 18.793937698064713, 
objectives:
-87.21775583160596, -54.439753153766745, 5356.236275275596, 

parameters:
2.818715080327552, -37.394390002519, 19.80973049343431, 
objectives:
-49.258965791887356, -16.914365126328946, 1387.475827871125, 

parameters:
2.1101634598685046, -19.008860517460153, 18.860266965085994, 
objectives:
-33.416337655181934, -0.1364575644839583, 347.9293010345337, 

parameters:
2.14638733966109, -21.53129040139763, 18.73137790772871, 
objectives:
-35.655689697268926, -2.77848324045587, 450.47206705344644, 

parameters:
3.0637873626887835, -23.601348126128734, 19.632677421248694, 
objectives:
-33.84723254360594, -2.8370271518636834, 547.7777489532431, 

