Generation 1046 at Fri May 24 19:48:12 2019
parameters:
5.687461587498452, -16.072870563552804, 3.540657595082205, 
objectives:
12.733691150635405, 1.065159990806007, 288.14372986691046, 

parameters:
0.05101637681523949, -100, 19.95971668145522, 
objectives:
-119.95711401075187, -76.24174615510238, 9981.042885989249, 

parameters:
-0.6434193193242121, -2.2033662891420356, 20, 
objectives:
-21.789377868662402, 24.784299408634446, -13.731188575392824, 

parameters:
-0.09310337269809921, -0.38187417318528993, 20, 
objectives:
-20.37320593517753, 23.999207555614866, -18.84550387784629, 

parameters:
1.9973066371654076, -100, 0, 
objectives:
-96.01076619713501, -99.99999274579665, 10004.989233802866, 

parameters:
2.8897827056106307, -40.37741868885945, 1.1306351574863092, 
objectives:
-33.15720976069946, -38.455070268169365, 1638.5561489036163, 

parameters:
4.003106966912226, -5.838806679127879, 19.980188085533598, 
objectives:
-9.79412937612028, 18.153818927298015, 31.136340739235933, 

parameters:
0.7852544076509895, -74.46432104443723, 18.247897586158594, 
objectives:
-92.0955941458605, -54.74081660414729, 5528.303835507594, 

parameters:
2.208186904367289, -50.343068511303876, 1.2741462118826874, 
objectives:
-46.74112531856737, -49.025580512271155, 2539.026490326572, 

parameters:
0.7362191689209496, -92.52145391898885, 18.006070818201763, 
objectives:
-109.98550607250397, -72.91824111178424, 8543.755383130063, 

parameters:
-1.1678349513934858, -19.54329387758622, 19.05683851301964, 
objectives:
-37.23629391690963, 9.548722914703587, 365.2473355463756, 

parameters:
1.078647794289029, -63.02836339530648, 0, 
objectives:
-61.86488233118189, -62.179473508338006, 3974.738073354934, 

parameters:
2.180284639276765, 1.1740064916978934, 0.0, 
objectives:
5.927647599964107, 1.2065090428570469, 7.13193235081501, 

parameters:
-0.7785022916730062, -32.77507803636799, 18.056991312223968, 
objectives:
-50.226003530451834, -6.99801173931187, 1057.7548147959274, 

parameters:
0.939421792952339, -86.35703750527362, 19.03720307670854, 
objectives:
-104.51172727690837, -66.19500829530065, 7440.383236915601, 

parameters:
-0.8642600780597911, -47.993557451216006, 19.566189248668245, 
objectives:
-66.81280121735634, -20.223382407780683, 2285.5623130570307, 

parameters:
4.007605763179259, -24.50343003952986, 14.907687004175305, 
objectives:
-23.350213090637553, -5.56526213500398, 602.5713006510267, 

parameters:
-0.46667817267636025, -42.70395685600222, 2.3485446355003474, 
objectives:
-44.834712974650024, -34.270911012943884, 1822.4971750406514, 

parameters:
2.663708551386038, -42.0294169241491, 15.547732170279133, 
objectives:
-50.48180584770113, -26.041175712687014, 1759.0194980603987, 

parameters:
0.8149048985701808, -97.77536262011715, 5.342786256095435, 
objectives:
-102.4540788824989, -91.02812596458875, 9556.342819233021, 

parameters:
2.0953389718405107, -78.8766841570851, 0, 
objectives:
-74.48623875017145, -78.86759463753349, 6226.921749023472, 

parameters:
-2.239503612329642, -68.28387187926737, 19.582928816547348, 
objectives:
-82.8514242661772, -30.727552183763937, 4649.11960643729, 

parameters:
-0.4900213999549319, -95.66801667879756, 2.597291397002606, 
objectives:
-98.02518710338637, -86.87051870956142, 9151.012244830099, 

parameters:
1.2496714053070128, -99.62418269294034, 14.251902515461403, 
objectives:
-112.31440658715974, -84.809287177465, 9913.287553342132, 

parameters:
4.57698936083364, -17.8784757432564, 16.101993943204203, 
objectives:
-13.031638077276273, 4.864392365797574, 325.48673256818756, 

parameters:
2.6161394449633075, -81.06709707587581, 0.5794994364943218, 
objectives:
-74.80241091687721, -80.1079698237418, 6579.13891446847, 

parameters:
2.107574248304907, -88.24985637240702, 3.3343480960721217, 
objectives:
-87.14233525636115, -84.90393605743654, 7790.144670866514, 

parameters:
-0.7808914743875592, -81.98297102218855, 14.900051555558532, 
objectives:
-96.27323108297591, -59.34956207430861, 6707.917277564221, 

parameters:
2.7580282334245867, -94.17977018338654, 0, 
objectives:
-86.5730504470194, -93.60516338071774, 8878.43583153187, 

parameters:
-2.1396253517872497, -66.50114305604278, 20, 
objectives:
-81.92314641003207, -29.364645002883066, 4407.980024406277, 

parameters:
-3.4991441983735623, -64.87501476171498, 16.8883204930389, 
objectives:
-69.51932513374253, -17.746107354170466, 4205.123229960709, 

parameters:
-0.7035878032122276, -23.276289262557786, 0, 
objectives:
-22.781253465728778, -15.966902252879866, 543.2806776310919, 

parameters:
3.115338436895021, -57.91078222964522, 0.1926353030660346, 
objectives:
-48.398083956315745, -56.47416709776376, 3364.171396722722, 

parameters:
3.158958739790318, -58.11845185921179, 0.13166813648524567, 
objectives:
-48.2710996759994, -56.64359836219018, 3388.601798694731, 

parameters:
2.7423329938895638, -67.64747804817098, 1.762147955601253, 
objectives:
-61.889235754396935, -65.33427181875268, 4582.939528571549, 

parameters:
0.9118032068991202, -86.75885171046704, 0, 
objectives:
-85.92746662235552, -85.574679449952, 7528.929735206922, 

