Generation 1051 at Fri May 24 19:48:12 2019
parameters:
0.05101637681523949, -100, 19.95971668145522, 
objectives:
-119.95711401075187, -76.24174615510238, 9981.042885989249, 

parameters:
2.180284639276765, 1.1740064916978934, 0.0, 
objectives:
5.927647599964107, 1.2065090428570469, 7.13193235081501, 

parameters:
-0.6434193193242121, -2.2033662891420356, 20, 
objectives:
-21.789377868662402, 24.784299408634446, -13.731188575392824, 

parameters:
-0.09310337269809921, -0.38187417318528993, 20, 
objectives:
-20.37320593517753, 23.999207555614866, -18.84550387784629, 

parameters:
1.9973066371654076, -100, 0, 
objectives:
-96.01076619713501, -99.99999274579665, 10004.989233802866, 

parameters:
0.4939457329755893, -98.45748676951465, 13.001073306947468, 
objectives:
-111.21457768933732, -83.18821400734475, 9682.119610049329, 

parameters:
2.7580282334245867, -94.17977018338654, 0, 
objectives:
-86.5730504470194, -93.60516338071774, 8878.43583153187, 

parameters:
2.4438411344431894, -88.80183669489271, 19.187787357498802, 
objectives:
-102.01726456199495, -69.4170543847701, 7873.550772519292, 

parameters:
4.003106966912226, -5.838806679127879, 19.980188085533598, 
objectives:
-9.79412937612028, 18.153818927298015, 31.136340739235933, 

parameters:
1.8357313684185734, -29.75910610089798, 17.439354677914054, 
objectives:
-43.828551121816105, -12.292767239662293, 872.5349509035852, 

parameters:
0.7852544076509895, -74.46432104443723, 18.247897586158594, 
objectives:
-92.0955941458605, -54.74081660414729, 5528.303835507594, 

parameters:
1.8615660935710727, 0.9265350408622268, 7.9463014491013455, 
objectives:
-3.5543380875056547, 8.892000436412745, -2.6224059464223135, 

parameters:
3.9478145580748634, -52.66472350262336, 19.351221377799696, 
objectives:
-56.430705095475226, -29.51952057217529, 2770.8071200149175, 

parameters:
2.208186904367289, -50.343068511303876, 1.2741462118826874, 
objectives:
-46.74112531856737, -49.025580512271155, 2539.026490326572, 

parameters:
-1.1678349513934858, -19.54329387758622, 19.05683851301964, 
objectives:
-37.23629391690963, 9.548722914703587, 365.2473355463756, 

parameters:
0.6723080231465683, -59.55342812875026, 16.609246633398513, 
objectives:
-75.71067668416153, -41.181415509950774, 3531.4535533308117, 

parameters:
-2.239503612329642, -68.28387187926737, 19.582928816547348, 
objectives:
-82.8514242661772, -30.727552183763937, 4649.11960643729, 

parameters:
2.107574248304907, -88.24985637240702, 3.3343480960721217, 
objectives:
-87.14233525636115, -84.90393605743654, 7790.144670866514, 

parameters:
-0.7785022916730062, -32.77507803636799, 18.056991312223968, 
objectives:
-50.226003530451834, -6.99801173931187, 1057.7548147959274, 

parameters:
2.663708551386038, -42.0294169241491, 15.547732170279133, 
objectives:
-50.48180584770113, -26.041175712687014, 1759.0194980603987, 

parameters:
1.078647794289029, -63.02836339530648, 0, 
objectives:
-61.86488233118189, -62.179473508338006, 3974.738073354934, 

parameters:
-0.6287103804160667, -68.74937908925259, 0, 
objectives:
-68.35410234680967, -61.8392608251454, 4727.872401900203, 

parameters:
-1.0623808651486684, -44.680884413716385, 17.693994198859308, 
objectives:
-61.24622550994166, -17.60871365162837, 1980.8160908956584, 

parameters:
0.2140244823628924, -86.0196894126907, 19.203946432965274, 
objectives:
-105.17782936660527, -63.62603443012629, 7381.2288267018575, 

parameters:
-1.2981450345163417, -13.365115717198641, 2.156140863149205, 
objectives:
-13.836076049708414, -0.33121418534463576, 179.15535780160036, 

parameters:
2.0953389718405107, -78.8766841570851, 0, 
objectives:
-74.48623875017145, -78.86759463753349, 6226.921749023472, 

parameters:
-1.5772695537682873, -56.73682641166541, 10.5217039270364, 
objectives:
-64.7707510934574, -33.41826502431145, 3212.033546585662, 

parameters:
0.2343636738757346, -75.92928132266879, 17.94616077687985, 
objectives:
-93.8205157679161, -54.86564890965934, 5748.364527731732, 

parameters:
2.8897827056106307, -40.37741868885945, 1.1306351574863092, 
objectives:
-33.15720976069946, -38.455070268169365, 1638.5561489036163, 

parameters:
-0.8642600780597911, -47.993557451216006, 19.566189248668245, 
objectives:
-66.81280121735634, -20.223382407780683, 2285.5623130570307, 

parameters:
-0.6883602652605441, -100, 0.06246816917961266, 
objectives:
-99.58862831439005, -92.71025091498865, 10001.41137168561, 

parameters:
-2.052212610618402, -82.75516902607984, 5.744628866808516, 
objectives:
-84.28822129370715, -60.59011311761652, 6847.884948267417, 

parameters:
-2.3192558803694556, -80.24149713044581, 2.171923467012315, 
objectives:
-77.03447275882984, -59.41360230332737, 6442.904886106958, 

parameters:
0.939421792952339, -86.35703750527362, 19.03720307670854, 
objectives:
-104.51172727690837, -66.19500829530065, 7440.383236915601, 

parameters:
-0.7808914743875592, -81.98297102218855, 14.900051555558532, 
objectives:
-96.27323108297591, -59.34956207430861, 6707.917277564221, 

parameters:
-0.25834623637862775, -58.103530314083606, 15.315607884026207, 
objectives:
-73.3523954202588, -37.68779470669189, 3361.771369853457, 

parameters:
4.007605763179259, -24.50343003952986, 14.907687004175305, 
objectives:
-23.350213090637553, -5.56526213500398, 602.5713006510267, 

parameters:
2.3317955270686803, -18.311624063291845, 15.483707506949852, 
objectives:
-28.35806119018419, -2.7178282845592108, 326.2691387084366, 

parameters:
3.818181663420344, -24.680648628380187, 17.438544336604977, 
objectives:
-27.54068175010582, -3.936319730577239, 607.2743835958391, 

parameters:
3.0737236291745176, -46.51957622695693, 9.506090633464394, 
objectives:
-46.57788991187556, -35.86060316164484, 2165.0126586507376, 

parameters:
2.3086184174935562, -18.807929360307412, 19.801711662105735, 
objectives:
-33.279922024822696, 1.0890276294145487, 340.26621415779834, 

