Generation 1057 at Fri May 24 19:48:12 2019
parameters:
0.05101637681523949, -100, 19.95971668145522, 
objectives:
-119.95711401075187, -76.24174615510238, 9981.042885989249, 

parameters:
2.180284639276765, 1.1740064916978934, 0.0, 
objectives:
5.927647599964107, 1.2065090428570469, 7.13193235081501, 

parameters:
-0.6434193193242121, -2.2033662891420356, 20, 
objectives:
-21.789377868662402, 24.784299408634446, -13.731188575392824, 

parameters:
-0.09310337269809921, -0.38187417318528993, 20, 
objectives:
-20.37320593517753, 23.999207555614866, -18.84550387784629, 

parameters:
1.9973066371654076, -100, 0, 
objectives:
-96.01076619713501, -99.99999274579665, 10004.989233802866, 

parameters:
-0.9868169984377446, -53.235010271612445, 17.125636425488086, 
objectives:
-69.38683890869486, -27.188298063967704, 2818.8144899816, 

parameters:
0.2343636738757346, -75.92928132266879, 17.94616077687985, 
objectives:
-93.8205157679161, -54.86564890965934, 5748.364527731732, 

parameters:
0.4939457329755893, -98.45748676951465, 13.001073306947468, 
objectives:
-111.21457768933732, -83.18821400734475, 9682.119610049329, 

parameters:
-0.942681794787795, -32.02005649797336, 13.098587533441595, 
objectives:
-44.229995065190614, -10.262092819156244, 1014.0740795661886, 

parameters:
0.6139158957904023, -65.25643561101818, 18.600768574775127, 
objectives:
-83.48031145868917, -44.73443789230052, 4241.17851280729, 

parameters:
1.9562447679193684, -35.15026292334629, 1.1024971774901435, 
objectives:
-32.425866508824534, -34.045851225521716, 1239.2653799948944, 

parameters:
2.7580282334245867, -94.17977018338654, 0, 
objectives:
-86.5730504470194, -93.60516338071774, 8878.43583153187, 

parameters:
2.208186904367289, -50.343068511303876, 1.2741462118826874, 
objectives:
-46.74112531856737, -49.025580512271155, 2539.026490326572, 

parameters:
-1.0623808651486684, -44.680884413716385, 17.693994198859308, 
objectives:
-61.24622550994166, -17.60871365162837, 1980.8160908956584, 

parameters:
1.0905489166608824, -27.479312709619613, 6.233856517976665, 
objectives:
-32.52387228796606, -20.418354918656252, 751.0680674147156, 

parameters:
1.0426265082142514, -84.5482204148213, 17.882009141737903, 
objectives:
-101.34315952092817, -65.74964727030937, 7132.606636207098, 

parameters:
4.003106966912226, -5.838806679127879, 19.980188085533598, 
objectives:
-9.79412937612028, 18.153818927298015, 31.136340739235933, 

parameters:
1.2778735817635878, -69.57691116662656, 7.078304749433867, 
objectives:
-75.02225502509113, -61.977139853277734, 4836.501223630178, 

parameters:
2.107574248304907, -88.24985637240702, 3.3343480960721217, 
objectives:
-87.14233525636115, -84.90393605743654, 7790.144670866514, 

parameters:
4.737926805526866, -22.936582044307503, 12.194616495730873, 
objectives:
-12.68324812550836, -3.2457223561540793, 537.3401297940485, 

parameters:
-1.3782265050954416, -90.82813211209628, 19.810280576679137, 
objectives:
-108.73890438942782, -59.605437215687786, 8232.838810695084, 

parameters:
3.415761566177471, -55.98161551789179, 12.318200511945882, 
objectives:
-56.632388952862506, -41.65903419368062, 3134.2905025580917, 

parameters:
1.9078270652762295, -45.44887257974064, 9.450282534116415, 
objectives:
-51.25935100285655, -35.99009419572863, 2060.7895403463845, 

parameters:
2.4438411344431894, -88.80183669489271, 19.187787357498802, 
objectives:
-102.01726456199495, -69.4170543847701, 7873.550772519292, 

parameters:
4.293412771282319, -10.189766516842095, 11.66898658352981, 
objectives:
-3.4253598757617834, 6.73896220616856, 111.59574830883658, 

parameters:
-1.6647317412573022, -94.08884977045646, 0, 
objectives:
-91.31751800010689, -80.65859103507768, 8856.482982897875, 

parameters:
-2.88212755025506, -38.519099464871104, 17.27921747344587, 
objectives:
-47.49165772237774, 2.595287425534238, 1475.7484653271267, 

parameters:
0.6723080231465683, -59.55342812875026, 16.609246633398513, 
objectives:
-75.71067668416153, -41.181415509950774, 3531.4535533308117, 

parameters:
0.2140244823628924, -86.0196894126907, 19.203946432965274, 
objectives:
-105.17782936660527, -63.62603443012629, 7381.2288267018575, 

parameters:
1.8615660935710727, 0.9265350408622268, 7.9463014491013455, 
objectives:
-3.5543380875056547, 8.892000436412745, -2.6224059464223135, 

parameters:
0.9786645418781922, -20.382443191483297, 19.66600668388238, 
objectives:
-39.09066558983602, 0.3266896104159649, 397.7357680556911, 

parameters:
2.0953389718405107, -78.8766841570851, 0, 
objectives:
-74.48623875017145, -78.86759463753349, 6226.921749023472, 

parameters:
-1.6397518867569043, -61.56709642584348, 3.8983755473299952, 
objectives:
-62.776685723050655, -44.42092708136304, 3790.297773011902, 

parameters:
0.7161973112267259, -79.18630604318174, 16.99543216395023, 
objectives:
-95.66879961852358, -60.54272453553003, 6254.988571189099, 

parameters:
-0.1244262605308406, -0.9253765985277767, 16.628643068535013, 
objectives:
-17.538537772753102, 20.216453406440287, -14.756839325122487, 

parameters:
2.7729279498160695, -58.53197336703494, 0.0, 
objectives:
-50.84284395216379, -57.934555751428064, 3434.681035654158, 

parameters:
-0.40961593666890506, -100, 0, 
objectives:
-99.83221478442685, -94.19375103775124, 10001.167785215574, 

parameters:
1.078647794289029, -63.02836339530648, 0, 
objectives:
-61.86488233118189, -62.179473508338006, 3974.738073354934, 

parameters:
3.433960152954487, -18.181590120708123, 14.962466738541629, 
objectives:
-21.351974527170547, -1.1628816619052387, 328.39983491096876, 

