Generation 1063 at Fri May 24 19:48:12 2019
parameters:
2.180284639276765, 1.1740064916978934, 0.0, 
objectives:
5.927647599964107, 1.2065090428570469, 7.13193235081501, 

parameters:
0.05101637681523949, -100, 19.95971668145522, 
objectives:
-119.95711401075187, -76.24174615510238, 9981.042885989249, 

parameters:
-0.6434193193242121, -2.2033662891420356, 20, 
objectives:
-21.789377868662402, 24.784299408634446, -13.731188575392824, 

parameters:
-0.09310337269809921, -0.38187417318528993, 20, 
objectives:
-20.37320593517753, 23.999207555614866, -18.84550387784629, 

parameters:
1.9973066371654076, -100, 0, 
objectives:
-96.01076619713501, -99.99999274579665, 10004.989233802866, 

parameters:
1.2778735817635878, -69.57691116662656, 7.078304749433867, 
objectives:
-75.02225502509113, -61.977139853277734, 4836.501223630178, 

parameters:
-2.2194823944633777, -38.480443523964226, 6.902052634541578, 
objectives:
-40.456394059172915, -13.77435921223625, 1479.7685832657917, 

parameters:
-1.3782265050954416, -90.82813211209628, 19.810280576679137, 
objectives:
-108.73890438942782, -59.605437215687786, 8232.838810695084, 

parameters:
-0.03558536886399111, -21.65616671974418, 9.456828796010116, 
objectives:
-31.111729197277114, -8.055730129800915, 460.5339945158225, 

parameters:
4.9571253987830985, -33.756356241571225, 1.1138663690482409, 
objectives:
-10.297130391358971, -23.897899248394882, 1163.9508125580767, 

parameters:
4.293412771282319, -10.189766516842095, 11.66898658352981, 
objectives:
-3.4253598757617834, 6.73896220616856, 111.59574830883658, 

parameters:
2.7580282334245867, -94.17977018338654, 0, 
objectives:
-86.5730504470194, -93.60516338071774, 8878.43583153187, 

parameters:
0.4939457329755893, -98.45748676951465, 13.001073306947468, 
objectives:
-111.21457768933732, -83.18821400734475, 9682.119610049329, 

parameters:
0.6139158957904023, -65.25643561101818, 18.600768574775127, 
objectives:
-83.48031145868917, -44.73443789230052, 4241.17851280729, 

parameters:
-0.15522816692008568, -95.1387884145147, 4.171333797698413, 
objectives:
-99.28602642840775, -86.32244616533059, 9048.241822967904, 

parameters:
4.445607089229842, -73.95413642087972, 0, 
objectives:
-54.19071402906909, -67.97314238598847, 5489.977716149899, 

parameters:
1.0905489166608824, -27.479312709619613, 6.233856517976665, 
objectives:
-32.52387228796606, -20.418354918656252, 751.0680674147156, 

parameters:
-1.0409548426296387, -12.901567552320245, 5.7394947211778184, 
objectives:
-17.55747528910397, 2.085333523770224, 162.79453757029887, 

parameters:
4.165856333606553, -61.346342092178546, 0, 
objectives:
-43.99198309992872, -56.655408434354925, 3781.728047082847, 

parameters:
-0.3592374404872267, -59.660878664113106, 0.09297102639810888, 
objectives:
-59.6247981518634, -54.00190633711828, 3560.456523486276, 

parameters:
0.35399337557433563, -81.7555928323087, 7.319555560351953, 
objectives:
-88.94983708271013, -71.72669946430356, 6677.782715111844, 

parameters:
3.418451476232219, -78.51926013456682, 0, 
objectives:
-66.83344963921259, -76.50725554414146, 6177.960022575129, 

parameters:
1.9078270652762295, -45.44887257974064, 9.450282534116415, 
objectives:
-51.25935100285655, -35.99009419572863, 2060.7895403463845, 

parameters:
1.464838239022348, -57.502107143129265, 15.051372383211852, 
objectives:
-70.40772845983902, -42.164336649504705, 3294.5867045832083, 

parameters:
4.15607779394645, -7.253254078621342, 17.78566120131424, 
objectives:
-7.765932650600796, 15.181078576241887, 53.09701615705768, 

parameters:
0.6819393677428072, -88.96395861472331, 0, 
objectives:
-88.49891731344584, -87.22667478441709, 7916.05097370348, 

parameters:
2.3569512274266398, -42.34611020467239, 5.783821619070878, 
objectives:
-42.57471273527533, -36.43487440684013, 1793.9644469356563, 

parameters:
0.37093265903654665, -50.53268091987337, 17.954864248445183, 
objectives:
-68.34995413077863, -29.923956270034452, 2536.7345677388294, 

parameters:
4.310621392148023, -87.26729087137544, 0.0, 
objectives:
-68.68583408493129, -81.92831965352337, 7635.161512815691, 

parameters:
-0.17862698830756463, -6.933578363204049, 19.071952332986697, 
objectives:
-25.973623095238914, 16.884789523964738, 30.03446418665647, 

parameters:
0.6429120151805954, -85.69979488070452, 7.357777953992017, 
objectives:
-92.64423697543296, -76.50032912817132, 7338.510400500099, 

parameters:
-0.41674318209091643, -61.103098990663185, 5.298588121132725, 
objectives:
-66.22801223197665, -49.963863261347534, 3729.4637930214712, 

parameters:
0.6639613517983265, -82.63514151461347, 11.69982590632717, 
objectives:
-93.89412274425877, -69.15031633879775, 6818.3076319105485, 

parameters:
3.8989600190052265, -48.285806860132865, 0, 
objectives:
-33.08391763033163, -44.67975770635253, 2347.721033363855, 

parameters:
-0.26842273737390526, -47.94005036943036, 9.063570281462642, 
objectives:
-56.9315698849537, -33.7307383725328, 2290.256909907997, 

parameters:
0.2343636738757346, -75.92928132266879, 17.94616077687985, 
objectives:
-93.8205157679161, -54.86564890965934, 5748.364527731732, 

parameters:
1.0291968639409799, -52.27052094016845, 4.22959749174184, 
objectives:
-55.44087224716435, -47.098464719444586, 2730.0370080495927, 

parameters:
-0.7429919455588938, -55.66875062343691, 0.8436089882302416, 
objectives:
-55.96032258050176, -47.3011368218057, 3099.7182240173424, 

parameters:
0.6923041413133268, -4.831104732324177, 19.492390129727593, 
objectives:
-23.844209837972187, 16.37135385622969, 5.32646782903705, 

parameters:
-0.8488262316814063, -57.374086737547046, 0, 
objectives:
-56.65358076595659, -49.25827583923096, 3293.5063349391626, 

