Generation 1064 at Fri May 24 19:48:12 2019
parameters:
2.180284639276765, 1.1740064916978934, 0.0, 
objectives:
5.927647599964107, 1.2065090428570469, 7.13193235081501, 

parameters:
0.05101637681523949, -100, 19.95971668145522, 
objectives:
-119.95711401075187, -76.24174615510238, 9981.042885989249, 

parameters:
-0.6434193193242121, -2.2033662891420356, 20, 
objectives:
-21.789377868662402, 24.784299408634446, -13.731188575392824, 

parameters:
-0.09310337269809921, -0.38187417318528993, 20, 
objectives:
-20.37320593517753, 23.999207555614866, -18.84550387784629, 

parameters:
1.9973066371654076, -100, 0, 
objectives:
-96.01076619713501, -99.99999274579665, 10004.989233802866, 

parameters:
1.2778735817635878, -69.57691116662656, 7.078304749433867, 
objectives:
-75.02225502509113, -61.977139853277734, 4836.501223630178, 

parameters:
4.445607089229842, -73.95413642087972, 0, 
objectives:
-54.19071402906909, -67.97314238598847, 5489.977716149899, 

parameters:
-2.2194823944633777, -38.480443523964226, 6.902052634541578, 
objectives:
-40.456394059172915, -13.77435921223625, 1479.7685832657917, 

parameters:
0.35399337557433563, -81.7555928323087, 7.319555560351953, 
objectives:
-88.94983708271013, -71.72669946430356, 6677.782715111844, 

parameters:
-0.03558536886399111, -21.65616671974418, 9.456828796010116, 
objectives:
-31.111729197277114, -8.055730129800915, 460.5339945158225, 

parameters:
0.37093265903654665, -50.53268091987337, 17.954864248445183, 
objectives:
-68.34995413077863, -29.923956270034452, 2536.7345677388294, 

parameters:
1.0905489166608824, -27.479312709619613, 6.233856517976665, 
objectives:
-32.52387228796606, -20.418354918656252, 751.0680674147156, 

parameters:
-1.2744637104328356, -7.547629295185113, 0, 
objectives:
-5.923371545974883, 3.174483295756459, 59.59096572674676, 

parameters:
-0.3592374404872267, -59.660878664113106, 0.09297102639810888, 
objectives:
-59.6247981518634, -54.00190633711828, 3560.456523486276, 

parameters:
1.464838239022348, -57.502107143129265, 15.051372383211852, 
objectives:
-70.40772845983902, -42.164336649504705, 3294.5867045832083, 

parameters:
0.4939457329755893, -98.45748676951465, 13.001073306947468, 
objectives:
-111.21457768933732, -83.18821400734475, 9682.119610049329, 

parameters:
4.310621392148023, -87.26729087137544, 0.0, 
objectives:
-68.68583408493129, -81.92831965352337, 7635.161512815691, 

parameters:
1.9078270652762295, -45.44887257974064, 9.450282534116415, 
objectives:
-51.25935100285655, -35.99009419572863, 2060.7895403463845, 

parameters:
4.9571253987830985, -33.756356241571225, 1.1138663690482409, 
objectives:
-10.297130391358971, -23.897899248394882, 1163.9508125580767, 

parameters:
-0.15522816692008568, -95.1387884145147, 4.171333797698413, 
objectives:
-99.28602642840775, -86.32244616533059, 9048.241822967904, 

parameters:
3.418451476232219, -78.51926013456682, 0, 
objectives:
-66.83344963921259, -76.50725554414146, 6177.960022575129, 

parameters:
0.6139158957904023, -65.25643561101818, 18.600768574775127, 
objectives:
-83.48031145868917, -44.73443789230052, 4241.17851280729, 

parameters:
4.165856333606553, -61.346342092178546, 0, 
objectives:
-43.99198309992872, -56.655408434354925, 3781.728047082847, 

parameters:
0.7695326497785717, -80.26266046523034, 3.4925776097411254, 
objectives:
-83.16305757589623, -75.25603295552828, 6440.194267846184, 

parameters:
-0.17862698830756463, -6.933578363204049, 19.071952332986697, 
objectives:
-25.973623095238914, 16.884789523964738, 30.03446418665647, 

parameters:
2.7580282334245867, -94.17977018338654, 0, 
objectives:
-86.5730504470194, -93.60516338071774, 8878.43583153187, 

parameters:
4.15607779394645, -7.253254078621342, 17.78566120131424, 
objectives:
-7.765932650600796, 15.181078576241887, 53.09701615705768, 

parameters:
-1.3782265050954416, -90.82813211209628, 19.810280576679137, 
objectives:
-108.73890438942782, -59.605437215687786, 8232.838810695084, 

parameters:
2.807242857768225, -65.1639222032594, 6.6281247843669036, 
objectives:
-63.9114345251356, -57.88415638747469, 4248.589244590567, 

parameters:
-1.0409548426296387, -12.901567552320245, 5.7394947211778184, 
objectives:
-17.55747528910397, 2.085333523770224, 162.79453757029887, 

parameters:
2.4417052507754597, -92.32272791770617, 1.1535400400036973, 
objectives:
-87.51434342604541, -90.97408434913987, 8529.294474658464, 

parameters:
2.3569512274266398, -42.34611020467239, 5.783821619070878, 
objectives:
-42.57471273527533, -36.43487440684013, 1793.9644469356563, 

parameters:
0.6819393677428072, -88.96395861472331, 0, 
objectives:
-88.49891731344584, -87.22667478441709, 7916.05097370348, 

parameters:
0.14105540155921883, -100, 4.698727490971253, 
objectives:
-104.67883086466222, -91.84559748895659, 9996.321169135337, 

parameters:
2.766192726563017, -42.65128414511507, 17.638159151449607, 
objectives:
-52.63762109607454, -24.42607369942739, 1810.1457022763848, 

