Generation 1069 at Fri May 24 19:48:12 2019
parameters:
2.180284639276765, 1.1740064916978934, 0.0, 
objectives:
5.927647599964107, 1.2065090428570469, 7.13193235081501, 

parameters:
0.05101637681523949, -100, 19.95971668145522, 
objectives:
-119.95711401075187, -76.24174615510238, 9981.042885989249, 

parameters:
-0.6434193193242121, -2.2033662891420356, 20, 
objectives:
-21.789377868662402, 24.784299408634446, -13.731188575392824, 

parameters:
-0.09310337269809921, -0.38187417318528993, 20, 
objectives:
-20.37320593517753, 23.999207555614866, -18.84550387784629, 

parameters:
1.9973066371654076, -100, 0, 
objectives:
-96.01076619713501, -99.99999274579665, 10004.989233802866, 

parameters:
4.950917656949148, -33.88140513426224, 0.0, 
objectives:
-9.369819488371398, -25.17349011616799, 1173.4611995179023, 

parameters:
1.2778735817635878, -69.57691116662656, 7.078304749433867, 
objectives:
-75.02225502509113, -61.977139853277734, 4836.501223630178, 

parameters:
-0.15522816692008568, -95.1387884145147, 4.171333797698413, 
objectives:
-99.28602642840775, -86.32244616533059, 9048.241822967904, 

parameters:
0.8270834805533195, -65.38367966139508, 18.44267844234999, 
objectives:
-83.14229101994087, -45.565268057454176, 4258.266954705383, 

parameters:
-0.03558536886399111, -21.65616671974418, 9.456828796010116, 
objectives:
-31.111729197277114, -8.055730129800915, 460.5339945158225, 

parameters:
5.132450386167911, -43.986646695549126, 0, 
objectives:
-17.644599729073985, -34.17440127374563, 1962.167134485538, 

parameters:
0.35399337557433563, -81.7555928323087, 7.319555560351953, 
objectives:
-88.94983708271013, -71.72669946430356, 6677.782715111844, 

parameters:
-1.3782265050954416, -90.82813211209628, 19.810280576679137, 
objectives:
-108.73890438942782, -59.605437215687786, 8232.838810695084, 

parameters:
3.938114862253846, -4.0380061240352365, 10.153071381016334, 
objectives:
1.3176711632530598, 9.871354476270342, 22.66117074503437, 

parameters:
-0.17862698830756463, -6.933578363204049, 19.071952332986697, 
objectives:
-25.973623095238914, 16.884789523964738, 30.03446418665647, 

parameters:
4.165856333606553, -61.346342092178546, 0, 
objectives:
-43.99198309992872, -56.655408434354925, 3781.728047082847, 

parameters:
0.44601863748046156, -14.722392411570274, 19.02119575491958, 
objectives:
-33.544655541509925, 6.713661418407389, 198.92657519032235, 

parameters:
1.8619894077876002, -34.01634580747923, 16.292494265096018, 
objectives:
-46.84183551786204, -17.704804618820397, 1145.2862923836274, 

parameters:
3.418451476232219, -78.51926013456682, 0, 
objectives:
-66.83344963921259, -76.50725554414146, 6177.960022575129, 

parameters:
1.1355994713615476, -57.063188908760864, 4.993420529969739, 
objectives:
-60.76702327937398, -51.322580104880686, 3253.503694066316, 

parameters:
1.1722801403034484, -100, 12.852327603173954, 
objectives:
-111.47808687582409, -86.46255223068997, 9989.521913124176, 

parameters:
4.445607089229842, -73.95413642087972, 0, 
objectives:
-54.19071402906909, -67.97314238598847, 5489.977716149899, 

parameters:
0.37093265903654665, -50.53268091987337, 17.954864248445183, 
objectives:
-68.34995413077863, -29.923956270034452, 2536.7345677388294, 

parameters:
3.7591786427240956, -85.62549619637166, 0.0, 
objectives:
-71.49407212845868, -82.53078669935506, 7346.8570229427705, 

parameters:
2.7741444786004776, -51.646203391104756, 11.786569417079987, 
objectives:
-55.73689522003523, -39.260334300277165, 2664.2396328864297, 

parameters:
1.9078270652762295, -45.44887257974064, 9.450282534116415, 
objectives:
-51.25935100285655, -35.99009419572863, 2060.7895403463845, 

parameters:
0.6147512601438505, -27.22316663605427, 5.901997712995416, 
objectives:
-32.747245237201234, -19.402254851785802, 736.5767230932313, 

parameters:
2.3924419422559304, -84.92918532256839, 14.9474866066056, 
objectives:
-94.15289348210865, -69.82768803792119, 7204.742811395625, 

parameters:
0.4939457329755893, -98.45748676951465, 13.001073306947468, 
objectives:
-111.21457768933732, -83.18821400734475, 9682.119610049329, 

parameters:
-0.20380660901604394, -90.77302330328095, 4.307996776460511, 
objectives:
-95.03948294586284, -81.60826295687764, 8236.475299975404, 

parameters:
2.5216750986105065, -76.29775347636148, 16.22394043540203, 
objectives:
-86.1628486088112, -59.801668132449166, 5812.48209040718, 

parameters:
2.907345862094725, -62.29476655516134, 6.279990742076407, 
objectives:
-60.12209733539843, -55.19149929962451, 3883.8106093818105, 

parameters:
2.217935350583581, -54.14450074391423, 4.8136959393379355, 
objectives:
-54.03895946388385, -49.283308987542306, 2932.7325020877593, 

