Generation 1072 at Fri May 24 19:48:12 2019
parameters:
2.180284639276765, 1.1740064916978934, 0.0, 
objectives:
5.927647599964107, 1.2065090428570469, 7.13193235081501, 

parameters:
0.05101637681523949, -100, 19.95971668145522, 
objectives:
-119.95711401075187, -76.24174615510238, 9981.042885989249, 

parameters:
-0.6434193193242121, -2.2033662891420356, 20, 
objectives:
-21.789377868662402, 24.784299408634446, -13.731188575392824, 

parameters:
-0.09310337269809921, -0.38187417318528993, 20, 
objectives:
-20.37320593517753, 23.999207555614866, -18.84550387784629, 

parameters:
1.9973066371654076, -100, 0, 
objectives:
-96.01076619713501, -99.99999274579665, 10004.989233802866, 

parameters:
1.1355994713615476, -57.063188908760864, 4.993420529969739, 
objectives:
-60.76702327937398, -51.322580104880686, 3253.503694066316, 

parameters:
1.2778735817635878, -69.57691116662656, 7.078304749433867, 
objectives:
-75.02225502509113, -61.977139853277734, 4836.501223630178, 

parameters:
-0.15522816692008568, -95.1387884145147, 4.171333797698413, 
objectives:
-99.28602642840775, -86.32244616533059, 9048.241822967904, 

parameters:
-1.3965616940014762, -87.91315211988619, 2.360516837228829, 
objectives:
-88.32328439196274, -74.01600394149918, 7729.312183382174, 

parameters:
4.165856333606553, -61.346342092178546, 0, 
objectives:
-43.99198309992872, -56.655408434354925, 3781.728047082847, 

parameters:
1.3525160984599953, -42.83041518594408, 7.253120499945954, 
objectives:
-48.25423588929658, -35.158059283244654, 1830.0206442969966, 

parameters:
4.374295263304664, -18.771047659626333, 6.129232208009212, 
objectives:
-5.765820817065924, -7.004537454266156, 366.35745708252364, 

parameters:
4.445607089229842, -73.95413642087972, 0, 
objectives:
-54.19071402906909, -67.97314238598847, 5489.977716149899, 

parameters:
1.298969736215254, -28.066258850303218, 15.551717840915346, 
objectives:
-41.930654315615435, -12.023097578645762, 774.8504903869115, 

parameters:
2.7741444786004776, -51.646203391104756, 11.786569417079987, 
objectives:
-55.73689522003523, -39.260334300277165, 2664.2396328864297, 

parameters:
4.950917656949148, -33.88140513426224, 0.0, 
objectives:
-9.369819488371398, -25.17349011616799, 1173.4611995179023, 

parameters:
1.1722801403034484, -100, 12.852327603173954, 
objectives:
-111.47808687582409, -86.46255223068997, 9989.521913124176, 

parameters:
0.44601863748046156, -14.722392411570274, 19.02119575491958, 
objectives:
-33.544655541509925, 6.713661418407389, 198.92657519032235, 

parameters:
-1.3782265050954416, -90.82813211209628, 19.810280576679137, 
objectives:
-108.73890438942782, -59.605437215687786, 8232.838810695084, 

parameters:
0.8270834805533195, -65.38367966139508, 18.44267844234999, 
objectives:
-83.14229101994087, -45.565268057454176, 4258.266954705383, 

parameters:
4.988353605013712, -22.270182147223572, 0, 
objectives:
2.6134895414297254, -13.339924878625123, 521.8446845591689, 

parameters:
1.8619894077876002, -34.01634580747923, 16.292494265096018, 
objectives:
-46.84183551786204, -17.704804618820397, 1145.2862923836274, 

parameters:
-0.17862698830756463, -6.933578363204049, 19.071952332986697, 
objectives:
-25.973623095238914, 16.884789523964738, 30.03446418665647, 

parameters:
-0.20380660901604394, -90.77302330328095, 4.307996776460511, 
objectives:
-95.03948294586284, -81.60826295687764, 8236.475299975404, 

parameters:
3.418451476232219, -78.51926013456682, 0, 
objectives:
-66.83344963921259, -76.50725554414146, 6177.960022575129, 

parameters:
0.9801535048114338, -83.65306002296296, 0.08494901207635747, 
objectives:
-82.77730814204517, -82.5280241371382, 6999.710203086362, 

parameters:
0.4939457329755893, -98.45748676951465, 13.001073306947468, 
objectives:
-111.21457768933732, -83.18821400734475, 9682.119610049329, 

parameters:
0.842658545041834, -1.7600732315383425, 8.798694648675411, 
objectives:
-9.848694456681734, 8.378060660501752, -3.990763444765567, 

parameters:
-1.6960617692663953, -81.17823743367012, 20, 
objectives:
-98.30161190850306, -47.517364831437476, 6573.782858362488, 

parameters:
1.3346310538257313, -1.0596032401124447, 17.563251045829205, 
objectives:
-16.841614236105666, 16.946363640249817, -13.659251969536431, 

parameters:
1.6712903553355198, -78.11105617508133, 17.409125626367246, 
objectives:
-92.72697034961105, -60.59388051821864, 6087.721182612181, 

parameters:
-1.0880182984519695, -46.46045129054141, 8.896129773007907, 
objectives:
-54.172797245782995, -28.0284645059593, 2151.861188165529, 

parameters:
1.8128202366052943, -48.69744257419273, 5.693885702255533, 
objectives:
-51.105011066202586, -42.9685206081127, 2370.0333447747885, 

parameters:
-0.03558536886399111, -21.65616671974418, 9.456828796010116, 
objectives:
-31.111729197277114, -8.055730129800915, 460.5339945158225, 

parameters:
0.37093265903654665, -50.53268091987337, 17.954864248445183, 
objectives:
-68.34995413077863, -29.923956270034452, 2536.7345677388294, 

parameters:
3.7591786427240956, -85.62549619637166, 0.0, 
objectives:
-71.49407212845868, -82.53078669935506, 7346.8570229427705, 

parameters:
-0.45506072284998744, -86.56476553371816, 12.263569528334042, 
objectives:
-98.62125480057145, -68.27387285250342, 7482.402142640746, 

parameters:
0.24109610396397096, -49.80154117854729, 0.32688168211480734, 
objectives:
-50.070295529315494, -46.38091658094176, 2480.924749407773, 

