Generation 1075 at Fri May 24 19:48:12 2019
parameters:
2.180284639276765, 1.1740064916978934, 0.0, 
objectives:
5.927647599964107, 1.2065090428570469, 7.13193235081501, 

parameters:
0.05101637681523949, -100, 19.95971668145522, 
objectives:
-119.95711401075187, -76.24174615510238, 9981.042885989249, 

parameters:
-0.6434193193242121, -2.2033662891420356, 20, 
objectives:
-21.789377868662402, 24.784299408634446, -13.731188575392824, 

parameters:
-0.09310337269809921, -0.38187417318528993, 20, 
objectives:
-20.37320593517753, 23.999207555614866, -18.84550387784629, 

parameters:
1.9973066371654076, -100, 0, 
objectives:
-96.01076619713501, -99.99999274579665, 10004.989233802866, 

parameters:
1.2778735817635878, -69.57691116662656, 7.078304749433867, 
objectives:
-75.02225502509113, -61.977139853277734, 4836.501223630178, 

parameters:
0.5832700463138698, -91.61105584617702, 0, 
objectives:
-91.27085189925003, -89.60393208450552, 8393.925757198293, 

parameters:
-0.15522816692008568, -95.1387884145147, 4.171333797698413, 
objectives:
-99.28602642840775, -86.32244616533059, 9048.241822967904, 

parameters:
0.4939457329755893, -98.45748676951465, 13.001073306947468, 
objectives:
-111.21457768933732, -83.18821400734475, 9682.119610049329, 

parameters:
3.2027733515475156, -73.96322677375386, 4.427987827289364, 
objectives:
-68.13345745966032, -68.08857521127166, 5477.388684099834, 

parameters:
2.656034750029589, -68.12759332647111, 20, 
objectives:
-81.07307273310637, -47.697211733224734, 4629.423493050396, 

parameters:
3.693605515610963, -59.17724618507414, 20, 
objectives:
-65.53452448012241, -36.30894654256626, 3496.5891877538234, 

parameters:
0.842658545041834, -1.7600732315383425, 8.798694648675411, 
objectives:
-9.848694456681734, 8.378060660501752, -3.990763444765567, 

parameters:
-1.8465163619072875, -51.19040483914723, 13.018811730255285, 
objectives:
-60.79959389461119, -23.37590498647146, 2611.8483585403237, 

parameters:
-1.3965616940014762, -87.91315211988619, 2.360516837228829, 
objectives:
-88.32328439196274, -74.01600394149918, 7729.312183382174, 

parameters:
2.298349649669383, -19.468129841630102, 19.9379406729984, 
objectives:
-34.123659402493125, 0.5588233448261413, 365.3525499697055, 

parameters:
1.8619894077876002, -34.01634580747923, 16.292494265096018, 
objectives:
-46.84183551786204, -17.704804618820397, 1145.2862923836274, 

parameters:
4.988353605013712, -22.270182147223572, 0, 
objectives:
2.6134895414297254, -13.339924878625123, 521.8446845591689, 

parameters:
-2.1355101853734006, -41.10921807043313, 18.110159114892536, 
objectives:
-54.658973433492136, -5.89661446221346, 1677.4180549993669, 

parameters:
-0.0798087375204608, -56.45751155722611, 0, 
objectives:
-56.4511421226415, -52.131907172559664, 3188.4569806689046, 

parameters:
4.950917656949148, -33.88140513426224, 0.0, 
objectives:
-9.369819488371398, -25.17349011616799, 1173.4611995179023, 

parameters:
-0.033565895403463886, -84.35360782032804, 1.8299405897822028, 
objectives:
-86.182421740776, -78.38827697959775, 7114.702338385259, 

parameters:
3.418451476232219, -78.51926013456682, 0, 
objectives:
-66.83344963921259, -76.50725554414146, 6177.960022575129, 

parameters:
1.298969736215254, -28.066258850303218, 15.551717840915346, 
objectives:
-41.930654315615435, -12.023097578645762, 774.8504903869115, 

parameters:
4.374295263304664, -18.771047659626333, 6.129232208009212, 
objectives:
-5.765820817065924, -7.004537454266156, 366.35745708252364, 

parameters:
-0.17862698830756463, -6.933578363204049, 19.071952332986697, 
objectives:
-25.973623095238914, 16.884789523964738, 30.03446418665647, 

parameters:
1.9427939955010463, -41.17442613000691, 6.281717027716443, 
objectives:
-43.68169464876843, -34.88943657533973, 1693.826098616634, 

parameters:
-0.8986024361241225, -62.878674148798225, 18.62675927274548, 
objectives:
-80.69794708333549, -35.85001879334805, 3936.908389776209, 

parameters:
-0.7987175609330368, -9.90204632668783, 20, 
objectives:
-29.26409658454501, 17.93077365918714, 79.68847119801475, 

parameters:
0.16559310412303108, -47.2037588190505, 7.846222969393272, 
objectives:
-55.02256071231067, -35.99248719001625, 2221.3760447538275, 

parameters:
-1.0699505935107974, -81.15539875906057, 3.2954895970370783, 
objectives:
-83.30609408354354, -68.4353125154262, 6585.048052417648, 

parameters:
1.5207568390093653, -28.515439484018703, 20, 
objectives:
-46.20273812062494, -8.285765476662409, 796.4429903301266, 

parameters:
-0.10825286151268643, -81.71174743670679, 3.4449202431061767, 
objectives:
-85.14494899778728, -73.82209706552418, 6674.376467599078, 

parameters:
0.9801535048114338, -83.65306002296296, 0.08494901207635747, 
objectives:
-82.77730814204517, -82.5280241371382, 6999.710203086362, 

parameters:
3.678241211507899, -55.68917780100874, 17.24065282294797, 
objectives:
-59.400372213921614, -35.632031414057266, 3098.5733297394518, 

parameters:
-3.6896671365070883, -81.19549196370971, 17.645682961375414, 
objectives:
-85.22753134686471, -31.177496878085527, 6589.675875845694, 

parameters:
-0.5909419191260283, -62.76676206105502, 5.176089637647019, 
objectives:
-67.59363934692169, -50.87769239512353, 3935.839542343229, 

parameters:
0.47941645049181103, -3.9907840439432967, 20, 
objectives:
-23.76094391094113, 18.321390287091624, -2.84380258160542, 

