Generation 1076 at Fri May 24 19:48:12 2019
parameters:
2.180284639276765, 1.1740064916978934, 0.0, 
objectives:
5.927647599964107, 1.2065090428570469, 7.13193235081501, 

parameters:
0.05101637681523949, -100, 19.95971668145522, 
objectives:
-119.95711401075187, -76.24174615510238, 9981.042885989249, 

parameters:
-0.6434193193242121, -2.2033662891420356, 20, 
objectives:
-21.789377868662402, 24.784299408634446, -13.731188575392824, 

parameters:
-0.09310337269809921, -0.38187417318528993, 20, 
objectives:
-20.37320593517753, 23.999207555614866, -18.84550387784629, 

parameters:
1.9973066371654076, -100, 0, 
objectives:
-96.01076619713501, -99.99999274579665, 10004.989233802866, 

parameters:
1.2778735817635878, -69.57691116662656, 7.078304749433867, 
objectives:
-75.02225502509113, -61.977139853277734, 4836.501223630178, 

parameters:
0.5832700463138698, -91.61105584617702, 0, 
objectives:
-91.27085189925003, -89.60393208450552, 8393.925757198293, 

parameters:
0.4939457329755893, -98.45748676951465, 13.001073306947468, 
objectives:
-111.21457768933732, -83.18821400734475, 9682.119610049329, 

parameters:
-0.033565895403463886, -84.35360782032804, 1.8299405897822028, 
objectives:
-86.182421740776, -78.38827697959775, 7114.702338385259, 

parameters:
-0.15522816692008568, -95.1387884145147, 4.171333797698413, 
objectives:
-99.28602642840775, -86.32244616533059, 9048.241822967904, 

parameters:
2.656034750029589, -68.12759332647111, 20, 
objectives:
-81.07307273310637, -47.697211733224734, 4629.423493050396, 

parameters:
0.842658545041834, -1.7600732315383425, 8.798694648675411, 
objectives:
-9.848694456681734, 8.378060660501752, -3.990763444765567, 

parameters:
-0.0798087375204608, -56.45751155722611, 0, 
objectives:
-56.4511421226415, -52.131907172559664, 3188.4569806689046, 

parameters:
1.8619894077876002, -34.01634580747923, 16.292494265096018, 
objectives:
-46.84183551786204, -17.704804618820397, 1145.2862923836274, 

parameters:
3.2027733515475156, -73.96322677375386, 4.427987827289364, 
objectives:
-68.13345745966032, -68.08857521127166, 5477.388684099834, 

parameters:
2.289236070119527, -90.78148138633452, 20.0, 
objectives:
-105.54087960159822, -70.69782388207634, 8227.517964482138, 

parameters:
1.298969736215254, -28.066258850303218, 15.551717840915346, 
objectives:
-41.930654315615435, -12.023097578645762, 774.8504903869115, 

parameters:
3.418451476232219, -78.51926013456682, 0, 
objectives:
-66.83344963921259, -76.50725554414146, 6177.960022575129, 

parameters:
2.298349649669383, -19.468129841630102, 19.9379406729984, 
objectives:
-34.123659402493125, 0.5588233448261413, 365.3525499697055, 

parameters:
4.988353605013712, -22.270182147223572, 0, 
objectives:
2.6134895414297254, -13.339924878625123, 521.8446845591689, 

parameters:
4.950917656949148, -33.88140513426224, 0.0, 
objectives:
-9.369819488371398, -25.17349011616799, 1173.4611995179023, 

parameters:
-0.09004445055479995, -52.115456006760695, 7.067594329133996, 
objectives:
-59.17494233281897, -40.67957587233178, 2709.9612684665512, 

parameters:
-0.8986024361241225, -62.878674148798225, 18.62675927274548, 
objectives:
-80.69794708333549, -35.85001879334805, 3936.908389776209, 

parameters:
0.1510204734971553, -87.0707459686747, 1.9420928837767932, 
objectives:
-88.99003166903618, -81.70992779547122, 7580.39551784112, 

parameters:
3.693605515610963, -59.17724618507414, 20, 
objectives:
-65.53452448012241, -36.30894654256626, 3496.5891877538234, 

parameters:
4.374295263304664, -18.771047659626333, 6.129232208009212, 
objectives:
-5.765820817065924, -7.004537454266156, 366.35745708252364, 

parameters:
-1.8465163619072875, -51.19040483914723, 13.018811730255285, 
objectives:
-60.79959389461119, -23.37590498647146, 2611.8483585403237, 

parameters:
-0.7987175609330368, -9.90204632668783, 20, 
objectives:
-29.26409658454501, 17.93077365918714, 79.68847119801475, 

parameters:
-0.615846792418905, -75.30620696938827, 0.08171131055864084, 
objectives:
-75.00865100821426, -68.38184121742135, 5672.322364077517, 

parameters:
-0.17862698830756463, -6.933578363204049, 19.071952332986697, 
objectives:
-25.973623095238914, 16.884789523964738, 30.03446418665647, 

parameters:
-0.0972019318626074, -89.44077357646479, 9.19439192970312, 
objectives:
-98.62571729061008, -75.84812570375342, 7991.467034242298, 

parameters:
-2.1355101853734006, -41.10921807043313, 18.110159114892536, 
objectives:
-54.658973433492136, -5.89661446221346, 1677.4180549993669, 

parameters:
1.9427939955010463, -41.17442613000691, 6.281717027716443, 
objectives:
-43.68169464876843, -34.88943657533973, 1693.826098616634, 

parameters:
-2.114601761184337, -42.015834545094705, 20, 
objectives:
-57.544293936690806, -5.085886891953454, 1750.8018931291776, 

parameters:
0.16559310412303108, -47.2037588190505, 7.846222969393272, 
objectives:
-55.02256071231067, -35.99248719001625, 2221.3760447538275, 

