Generation 1079 at Fri May 24 19:48:12 2019
parameters:
2.180284639276765, 1.1740064916978934, 0.0, 
objectives:
5.927647599964107, 1.2065090428570469, 7.13193235081501, 

parameters:
0.05101637681523949, -100, 19.95971668145522, 
objectives:
-119.95711401075187, -76.24174615510238, 9981.042885989249, 

parameters:
-0.6434193193242121, -2.2033662891420356, 20, 
objectives:
-21.789377868662402, 24.784299408634446, -13.731188575392824, 

parameters:
-0.09310337269809921, -0.38187417318528993, 20, 
objectives:
-20.37320593517753, 23.999207555614866, -18.84550387784629, 

parameters:
1.9973066371654076, -100, 0, 
objectives:
-96.01076619713501, -99.99999274579665, 10004.989233802866, 

parameters:
2.289236070119527, -90.78148138633452, 20.0, 
objectives:
-105.54087960159822, -70.69782388207634, 8227.517964482138, 

parameters:
0.842658545041834, -1.7600732315383425, 8.798694648675411, 
objectives:
-9.848694456681734, 8.378060660501752, -3.990763444765567, 

parameters:
0.5832700463138698, -91.61105584617702, 0, 
objectives:
-91.27085189925003, -89.60393208450552, 8393.925757198293, 

parameters:
2.4238735756110215, -44.362836262193284, 15.637275675275273, 
objectives:
-54.1249488269232, -28.545891778816742, 1959.2991286614415, 

parameters:
-0.8986024361241225, -62.878674148798225, 18.62675927274548, 
objectives:
-80.69794708333549, -35.85001879334805, 3936.908389776209, 

parameters:
0.4939457329755893, -98.45748676951465, 13.001073306947468, 
objectives:
-111.21457768933732, -83.18821400734475, 9682.119610049329, 

parameters:
-0.15522816692008568, -95.1387884145147, 4.171333797698413, 
objectives:
-99.28602642840775, -86.32244616533059, 9048.241822967904, 

parameters:
0.6071613416970374, -14.276998256265156, 19.136246939450675, 
objectives:
-33.04460030086449, 6.799248211248717, 186.06507716479896, 

parameters:
-1.6964423135592939, -39.64323076287836, 18.980460734358697, 
objectives:
-55.74577497400264, -6.999084251048078, 1556.483201107701, 

parameters:
-1.8465163619072875, -51.19040483914723, 13.018811730255285, 
objectives:
-60.79959389461119, -23.37590498647146, 2611.8483585403237, 

parameters:
3.2027733515475156, -73.96322677375386, 4.427987827289364, 
objectives:
-68.13345745966032, -68.08857521127166, 5477.388684099834, 

parameters:
0.1510204734971553, -87.0707459686747, 1.9420928837767932, 
objectives:
-88.99003166903618, -81.70992779547122, 7580.39551784112, 

parameters:
3.418451476232219, -78.51926013456682, 0, 
objectives:
-66.83344963921259, -76.50725554414146, 6177.960022575129, 

parameters:
4.675902106458433, -23.74048942127098, 1.4176672972407722, 
objectives:
-3.2940962093293393, -15.162370040681527, 585.057231173421, 

parameters:
2.656034750029589, -68.12759332647111, 20, 
objectives:
-81.07307273310637, -47.697211733224734, 4629.423493050396, 

parameters:
-0.033565895403463886, -84.35360782032804, 1.8299405897822028, 
objectives:
-86.182421740776, -78.38827697959775, 7114.702338385259, 

parameters:
3.794403284459278, -65.06346489614471, 5.968331589166468, 
objectives:
-56.634300200195824, -55.875250159699995, 4242.683628987804, 

parameters:
0.8911129234000039, -70.08754707607449, 7.755859247130193, 
objectives:
-77.04932408095418, -61.102057280293806, 4906.302478136077, 

parameters:
0.11487030037315371, -18.906162335734454, 15.735689034236826, 
objectives:
-34.62865618406346, 0.3832406829175756, 342.72048041681506, 

parameters:
1.3623962814372197, -94.58457878646038, 18.069345000901563, 
objectives:
-110.79780015968798, -76.10869528363374, 8931.029322838904, 

parameters:
4.988353605013712, -22.270182147223572, 0, 
objectives:
2.6134895414297254, -13.339924878625123, 521.8446845591689, 

parameters:
-0.7838699348105417, -78.5894661864011, 7.984871936197382, 
objectives:
-85.95988604789859, -62.85466243626166, 6169.933775601984, 

parameters:
1.1529709978964486, -58.320982128175935, 18.147691417357812, 
objectives:
-75.13933142354341, -39.455832580413585, 3385.5186070996497, 

parameters:
-0.09004445055479995, -52.115456006760695, 7.067594329133996, 
objectives:
-59.17494233281897, -40.67957587233178, 2709.9612684665512, 

parameters:
1.504032171434802, -36.83688814765102, 18.00926220100723, 
objectives:
-52.58403757594736, -18.581641859672114, 1342.2091789742556, 

parameters:
-0.615846792418905, -75.30620696938827, 0.08171131055864084, 
objectives:
-75.00865100821426, -68.38184121742135, 5672.322364077517, 

parameters:
0.002079578477461777, -31.965377943738343, 14.433840656661548, 
objectives:
-46.39921427575325, -13.539851276339999, 1008.3515507540187, 

parameters:
3.7677536517499015, -53.96812709658401, 0.3232624453911982, 
objectives:
-40.095421961700495, -50.5199116779177, 2927.431447447929, 

parameters:
4.950917656949148, -33.88140513426224, 0.0, 
objectives:
-9.369819488371398, -25.17349011616799, 1173.4611995179023, 

parameters:
2.4702257733393282, -84.69745844590878, 15.916119069027141, 
objectives:
-94.51156214366604, -68.56022709896907, 7164.845363498686, 

parameters:
-0.0798087375204608, -56.45751155722611, 0, 
objectives:
-56.4511421226415, -52.131907172559664, 3188.4569806689046, 

parameters:
3.6560234242021568, -53.88129529804448, 2.3049381624427956, 
objectives:
-42.81972618217241, -48.83394355409545, 2915.2555521109416, 

parameters:
1.9653237213056634, -34.83159330893657, 18.133461952063033, 
objectives:
-49.10255793147286, -16.69692891256945, 1199.9689278166186, 

parameters:
1.2778735817635878, -69.57691116662656, 7.078304749433867, 
objectives:
-75.02225502509113, -61.977139853277734, 4836.501223630178, 

