Generation 108 at Fri May 24 19:55:16 2019
parameters:
0, 0.0, 20.0, 
objectives:
-20.0, 24.0, -19.0, 

parameters:
0, 0.0, 20.0, 
objectives:
-20.0, 24.0, -19.0, 

parameters:
1.9979647189482492, 0.0, 20.0, 
objectives:
-16.008136981838042, 20.000004142368958, -15.008136981838044, 

parameters:
0.7681594466823068, 0.0, 20.0, 
objectives:
-19.409931064472733, 21.51743114879804, -18.409931064472733, 

parameters:
0.9602158594910675, 0.0, 20.0, 
objectives:
-19.077985503181832, 21.081151058853898, -18.077985503181832, 

parameters:
0.3524698996791489, 0.0, 20.0, 
objectives:
-19.87576496982017, 22.714355431463233, -18.87576496982017, 

parameters:
0.1437216539481625, 0.0, 20.0, 
objectives:
-19.979344086186405, 23.445769298020945, -18.979344086186405, 

parameters:
1.795054890369698, 0.0, 20.0, 
objectives:
-16.777777940559833, 20.042002497961377, -15.777777940559831, 

parameters:
1.7501288332886067, 0.0, 20.0, 
objectives:
-16.93704906689186, 20.062435599953712, -15.937049066891861, 

parameters:
1.9262043884348685, 0.0, 20.0, 
objectives:
-16.289736653974256, 20.00544579228627, -15.289736653974254, 

parameters:
0.45892479178278345, 0.0, 20.0, 
objectives:
-19.78938803548713, 22.374912797381736, -18.78938803548713, 

parameters:
1.4378447545955133, 0.0, 20.0, 
objectives:
-17.93260246168217, 20.316018519935778, -16.93260246168217, 

parameters:
0.694829835273758, 0.0, 20.0, 
objectives:
-19.517211500013442, 21.703469158891526, -18.517211500013442, 

parameters:
0.6216796276523376, 0.0, 20.0, 
objectives:
-19.61351444056205, 21.8997670488286, -18.61351444056205, 

parameters:
1.513617069289852, 0.0, 20.0, 
objectives:
-17.7089633675544, 20.23656835528619, -16.7089633675544, 

parameters:
1.3918093127518785, 0.0, 20.0, 
objectives:
-18.062866836937143, 20.36989591205534, -17.062866836937143, 

parameters:
1.0251429405242165, 0.0, 20.0, 
objectives:
-18.949081951493362, 20.950346286409772, -17.949081951493362, 

parameters:
1.8771358898968864, 0.0, 20.0, 
objectives:
-16.476360850861024, 20.01509558955143, -15.476360850861024, 

parameters:
1.5445475486242064, 0.0, 20.0, 
objectives:
-17.614372870038956, 20.20743693546422, -16.614372870038956, 

parameters:
0.09044237365728754, 0.0, 20.0, 
objectives:
-19.991820177047234, 23.646410328323615, -18.991820177047234, 

parameters:
1.674850830788986, 0.0, 20.0, 
objectives:
-17.194874694605442, 20.105721982238613, -16.194874694605442, 

parameters:
1.0797500091225642, 0.0, 20.0, 
objectives:
-18.834139917799824, 20.84686004570992, -17.834139917799824, 

parameters:
1.607308496792918, 0.0, 20.0, 
objectives:
-17.41655939613729, 20.154206616691038, -16.41655939613729, 

parameters:
1.1657526197145944, 0.0, 20.0, 
objectives:
-18.64102082962856, 20.695968691513063, -17.64102082962856, 

parameters:
0.5518987230362422, 0.0, 20.0, 
objectives:
-19.695407799510964, 22.096997308344065, -18.695407799510967, 

parameters:
0.5257105336488367, 0.0, 20.0, 
objectives:
-19.723628434810657, 22.173529430593998, -18.723628434810657, 

parameters:
1.6188607551276926, 0.0, 20.0, 
objectives:
-17.3792898555074, 20.14526712398183, -16.3792898555074, 

parameters:
1.3290662146064665, 0.0, 20.0, 
objectives:
-18.23358299719164, 20.450152144382496, -17.23358299719164, 

parameters:
1.6710542014698129, 0.0, 20.0, 
objectives:
-17.207577855750085, 20.108205338370663, -16.207577855750085, 

parameters:
1.2205550340692515, 0.0, 20.0, 
objectives:
-18.51024540880821, 20.607534454914784, -17.51024540880821, 

parameters:
1.8850525239044584, 0.0, 20.0, 
objectives:
-16.44657698212143, 20.013212922260735, -15.446576982121432, 

parameters:
1.3182682680265405, 0.0, 20.0, 
objectives:
-18.262168773514304, 20.46475815437953, -17.262168773514304, 

parameters:
1.2275217546660766, 0.0, 20.0, 
objectives:
-18.493190341821517, 20.596722639514176, -17.493190341821517, 

parameters:
1.1149062866969044, 0.0, 20.0, 
objectives:
-18.75698397188372, 20.783390881328664, -17.75698397188372, 

parameters:
1.2732745316334615, 0.0, 20.0, 
objectives:
-18.378771967093588, 20.528129906372566, -17.378771967093588, 

parameters:
1.2728499094550192, 0.0, 20.0, 
objectives:
-18.37985310800035, 20.528747254179574, -17.37985310800035, 

parameters:
1.1414822142216663, 0.0, 20.0, 
objectives:
-18.6970183546156, 20.73705278849773, -17.6970183546156, 

parameters:
1.128350780400138, 0.0, 20.0, 
objectives:
-18.7268245163704, 20.759772362029047, -17.7268245163704, 

parameters:
1.3254833135028108, 0.0, 20.0, 
objectives:
-18.24309398562561, 20.454972760363148, -17.24309398562561, 

parameters:
0, 0.0, 20.0, 
objectives:
-20.0, 24.0, -19.0, 

