Generation 1086 at Fri May 24 19:48:12 2019
parameters:
0.05101637681523949, -100, 19.95971668145522, 
objectives:
-119.95711401075187, -76.24174615510238, 9981.042885989249, 

parameters:
2.180284639276765, 1.1740064916978934, 0.0, 
objectives:
5.927647599964107, 1.2065090428570469, 7.13193235081501, 

parameters:
-0.6434193193242121, -2.2033662891420356, 20, 
objectives:
-21.789377868662402, 24.784299408634446, -13.731188575392824, 

parameters:
-0.09310337269809921, -0.38187417318528993, 20, 
objectives:
-20.37320593517753, 23.999207555614866, -18.84550387784629, 

parameters:
1.9973066371654076, -100, 0, 
objectives:
-96.01076619713501, -99.99999274579665, 10004.989233802866, 

parameters:
3.2027733515475156, -73.96322677375386, 4.427987827289364, 
objectives:
-68.13345745966032, -68.08857521127166, 5477.388684099834, 

parameters:
0.5690251277430339, -80.25351922494299, 2.3595596638335032, 
objectives:
-82.28928929277352, -75.84627047607864, 6439.591577920463, 

parameters:
4.675902106458433, -23.74048942127098, 1.4176672972407722, 
objectives:
-3.2940962093293393, -15.162370040681527, 585.057231173421, 

parameters:
0.979156882260767, -97.8798685816867, 5.553831567262997, 
objectives:
-102.47495194887107, -91.28391634338813, 9576.873590201072, 

parameters:
-0.033565895403463886, -84.35360782032804, 1.8299405897822028, 
objectives:
-86.182421740776, -78.38827697959775, 7114.702338385259, 

parameters:
2.4506636217478617, -20.908509387944576, 17.851189115623093, 
objectives:
-32.75394631660932, -2.8542225723545833, 426.3203278971018, 

parameters:
0.5832700463138698, -91.61105584617702, 0, 
objectives:
-91.27085189925003, -89.60393208450552, 8393.925757198293, 

parameters:
2.4238735756110215, -44.362836262193284, 15.637275675275273, 
objectives:
-54.1249488269232, -28.545891778816742, 1959.2991286614415, 

parameters:
0.1510204734971553, -87.0707459686747, 1.9420928837767932, 
objectives:
-88.99003166903618, -81.70992779547122, 7580.39551784112, 

parameters:
0.8911129234000039, -70.08754707607449, 7.755859247130193, 
objectives:
-77.04932408095418, -61.102057280293806, 4906.302478136077, 

parameters:
1.902798685635303, -32.952129443703356, 0, 
objectives:
-29.331486605647918, -32.94268134818913, 1090.463477712637, 

parameters:
3.30339891780256, -52.55802821715338, 2.134913511922713, 
objectives:
-43.780497318936966, -48.724265966301786, 2772.1238609733073, 

parameters:
2.289236070119527, -90.78148138633452, 20.0, 
objectives:
-105.54087960159822, -70.69782388207634, 8227.517964482138, 

parameters:
3.0963107262805853, -88.58071079470872, 19.95014332257229, 
objectives:
-98.9437140036008, -67.42867026357857, 7837.179321686934, 

parameters:
-2.489691626211214, -26.23406910537568, 18.57971892413441, 
objectives:
-38.61522363588385, 12.502980717229825, 676.8452272951187, 

parameters:
0.028859032794582795, -46.753116683350704, 18.051485074456984, 
objectives:
-64.80376891403385, -24.816234896298212, 2168.8032673763228, 

parameters:
1.3623962814372197, -94.58457878646038, 18.069345000901563, 
objectives:
-110.79780015968798, -76.10869528363374, 8931.029322838904, 

parameters:
1.6181057363911446, -31.41049021675099, 18.97447016423076, 
objectives:
-47.766694206839816, -12.290176823942883, 971.2626916665208, 

parameters:
-0.6200579575293818, -96.01772925711005, 20, 
objectives:
-115.63325738641454, -69.15302555629701, 9200.788803562382, 

parameters:
0.6749281510721621, -61.15264199286233, 0.24008747436744984, 
objectives:
-60.93720145812009, -59.156739113673844, 3740.8610632419313, 

parameters:
-2.6378204512963745, -46.268002131354535, 15.778518703594823, 
objectives:
-55.08842410167195, -8.980104889296808, 2132.9075992567105, 

parameters:
2.656034750029589, -68.12759332647111, 20, 
objectives:
-81.07307273310637, -47.697211733224734, 4629.423493050396, 

parameters:
4.224299060936378, -48.46321936799711, 13.144934238875425, 
objectives:
-43.763451050644576, -30.370778816639234, 2354.383399827963, 

parameters:
1.2528934433372902, -63.16107703111794, 14.968371692885695, 
objectives:
-76.55970674364606, -47.63453713122383, 3976.9230220182862, 

parameters:
2.2202124959973344, -55.38308897570709, 11.665214677488907, 
objectives:
-62.11896012581328, -43.66938075482481, 3061.5506733409816, 

parameters:
-2.4432886900266806, -28.452976834342927, 16.12190515658684, 
objectives:
-38.605222368117474, 7.411742705162926, 800.4196452018806, 

parameters:
1.204389224688442, -56.40967591534216, 20, 
objectives:
-74.95912251079653, -35.776679409550304, 3164.5020902784795, 

parameters:
0.019195632426957654, -9.689075660106027, 16.070186599237942, 
objectives:
-25.7588937870397, 10.304696881728354, 78.80836902032539, 

parameters:
1.3209530343364955, 0.7126186009098747, 1.7157042422821078, 
objectives:
0.7418312775505616, 2.8894276247687953, 1.537037947003434, 

parameters:
1.1529709978964486, -58.320982128175935, 18.147691417357812, 
objectives:
-75.13933142354341, -39.455832580413585, 3385.5186070996497, 

parameters:
2.383150793260101, -24.909905150722114, 8.118846669437533, 
objectives:
-27.349344116743396, -16.644253950908734, 619.0639356519508, 

parameters:
1.5980041046141515, -57.109092934696235, 0, 
objectives:
-54.55547581633256, -56.947492234789166, 3265.0021129421348, 

