Generation 1096 at Fri May 24 19:48:12 2019
parameters:
5.781517765313389, -18.36005814848896, 0.6094746637304801, 
objectives:
14.456414858414881, -3.4507068753777146, 370.9082082227998, 

parameters:
0.05101637681523949, -100, 19.95971668145522, 
objectives:
-119.95711401075187, -76.24174615510238, 9981.042885989249, 

parameters:
-0.6434193193242121, -2.2033662891420356, 20, 
objectives:
-21.789377868662402, 24.784299408634446, -13.731188575392824, 

parameters:
-0.09310337269809921, -0.38187417318528993, 20, 
objectives:
-20.37320593517753, 23.999207555614866, -18.84550387784629, 

parameters:
1.9973066371654076, -100, 0, 
objectives:
-96.01076619713501, -99.99999274579665, 10004.989233802866, 

parameters:
2.180284639276765, 1.1740064916978934, 0.0, 
objectives:
5.927647599964107, 1.2065090428570469, 7.13193235081501, 

parameters:
2.870702667972149, -37.360748961169634, 20, 
objectives:
-49.11981515326722, -16.60262582515582, 1385.0664967474402, 

parameters:
-3.405696293544799, -51.85487514743077, 3.998356384521531, 
objectives:
-44.25446428808752, -18.63496634486526, 2697.528487414976, 

parameters:
3.2275157445393146, -69.33263096371132, 20, 
objectives:
-78.91577308246215, -47.82583606061942, 4798.430574231432, 

parameters:
-0.566073919172764, -44.116311121279224, 0.11887147254190897, 
objectives:
-43.91474291185352, -37.41270429007864, 1947.4504751589307, 

parameters:
-2.397361571167064, -11.670542072800558, 0.008229069081498936, 
objectives:
-5.931428638973443, 7.674475783857809, 142.94066570683506, 

parameters:
3.645320393994973, -99.37893953275058, 4.902376299387057, 
objectives:
-90.99295505726197, -91.76948403446775, 9885.559607129584, 

parameters:
1.902798685635303, -32.952129443703356, 0, 
objectives:
-29.331486605647918, -32.94268134818913, 1090.463477712637, 

parameters:
3.2027733515475156, -73.96322677375386, 4.427987827289364, 
objectives:
-68.13345745966032, -68.08857521127166, 5477.388684099834, 

parameters:
1.8666659488190167, -0.7625289500138734, 16.08987525111005, 
objectives:
-13.367962436643525, 15.345124270300511, -11.02398308702039, 

parameters:
2.2202124959973344, -55.38308897570709, 11.665214677488907, 
objectives:
-62.11896012581328, -43.66938075482481, 3061.5506733409816, 

parameters:
-1.3867752288749182, -29.099146704626744, 7.4719203936338365, 
objectives:
-34.6479215628395, -10.156979860072152, 842.2115640791768, 

parameters:
2.1615639046719894, -85.90438966626265, 4.268822868995846, 
objectives:
-85.50085402127768, -81.60946390197394, 7380.967699578077, 

parameters:
-0.6200579575293818, -96.01772925711005, 20, 
objectives:
-115.63325738641454, -69.15302555629701, 9200.788803562382, 

parameters:
0.5690251277430339, -80.25351922494299, 2.3595596638335032, 
objectives:
-82.28928929277352, -75.84627047607864, 6439.591577920463, 

parameters:
3.601774313941413, -28.592445840609937, 1.6753705480694367, 
objectives:
-17.295038180111238, -24.351394339738015, 829.8253668087112, 

parameters:
1.2253032038392178, -63.30954076758327, 9.055205275211367, 
objectives:
-70.863378101456, -53.65418036639012, 4001.5441148684154, 

parameters:
2.8858733027922057, -59.427722535994405, 20, 
objectives:
-71.09945781622561, -38.64295102739443, 3520.982470534906, 

parameters:
3.0963107262805853, -88.58071079470872, 19.95014332257229, 
objectives:
-98.9437140036008, -67.42867026357857, 7837.179321686934, 

parameters:
2.947955954105928, -19.704068742614776, 13.745173227691279, 
objectives:
-24.758797662957463, -5.060275023998617, 384.19559609334596, 

parameters:
2.676189482211356, -62.241876469794185, 0.10467995958941662, 
objectives:
-55.18456628468492, -61.67996429435151, 3882.108496666229, 

parameters:
0.8911129234000039, -70.08754707607449, 7.755859247130193, 
objectives:
-77.04932408095418, -61.102057280293806, 4906.302478136077, 

parameters:
2.289236070119527, -90.78148138633452, 20.0, 
objectives:
-105.54087960159822, -70.69782388207634, 8227.517964482138, 

parameters:
0.5832700463138698, -91.61105584617702, 0, 
objectives:
-91.27085189925003, -89.60393208450552, 8393.925757198293, 

parameters:
1.3623962814372197, -94.58457878646038, 18.069345000901563, 
objectives:
-110.79780015968798, -76.10869528363374, 8931.029322838904, 

parameters:
-0.43143330062006324, -81.0645875882255, 2.566207551794344, 
objectives:
-83.44466044713593, -72.58651214106698, 6570.087287990174, 

parameters:
0.6749281510721621, -61.15264199286233, 0.24008747436744984, 
objectives:
-60.93720145812009, -59.156739113673844, 3740.8610632419313, 

parameters:
3.1197035222773106, -84.6935084998415, 16.073576461267873, 
objectives:
-91.03453489419992, -67.3661960607734, 7167.649355618366, 

parameters:
3.3795912141086837, -42.41953655086619, 12.973636404943536, 
objectives:
-43.97153618132912, -27.542628227876783, 1798.8650815598098, 

parameters:
-0.47688922853729265, -15.268326418217244, 18.927812818442362, 
objectives:
-33.968715900364714, 9.794466650669182, 215.42140213108314, 

parameters:
0.04866530213803255, -62.51659030844183, 3.760644915836699, 
objectives:
-66.27486691264633, -54.94823828952507, 3905.5657871893586, 

parameters:
2.0167948603173014, -91.07811750889248, 6.460285824713515, 
objectives:
-93.4709418250037, -84.61754961684589, 8293.830664647516, 

parameters:
0.2618759327226228, -16.16111375554114, 18.149598614394225, 
objectives:
-34.24213336579602, 5.009560132101937, 244.1005782092862, 

parameters:
-0.6890486053332954, -100, 8.775581482413642, 
objectives:
-108.30079350190188, -83.99343611574142, 9992.699206498097, 

