Generation 1097 at Fri May 24 19:48:12 2019
parameters:
0.05101637681523949, -100, 19.95971668145522, 
objectives:
-119.95711401075187, -76.24174615510238, 9981.042885989249, 

parameters:
5.781517765313389, -18.36005814848896, 0.6094746637304801, 
objectives:
14.456414858414881, -3.4507068753777146, 370.9082082227998, 

parameters:
-0.6643310171846073, -1.491066976915528, 20, 
objectives:
-21.049731276521992, 25.607592792216437, -16.335383569958452, 

parameters:
-0.09310337269809921, -0.38187417318528993, 20, 
objectives:
-20.37320593517753, 23.999207555614866, -18.84550387784629, 

parameters:
1.9973066371654076, -100, 0, 
objectives:
-96.01076619713501, -99.99999274579665, 10004.989233802866, 

parameters:
0.5690251277430339, -80.25351922494299, 2.3595596638335032, 
objectives:
-82.28928929277352, -75.84627047607864, 6439.591577920463, 

parameters:
2.1615639046719894, -85.90438966626265, 4.268822868995846, 
objectives:
-85.50085402127768, -81.60946390197394, 7380.967699578077, 

parameters:
2.870702667972149, -37.360748961169634, 20, 
objectives:
-49.11981515326722, -16.60262582515582, 1385.0664967474402, 

parameters:
1.902798685635303, -32.952129443703356, 0, 
objectives:
-29.331486605647918, -32.94268134818913, 1090.463477712637, 

parameters:
3.2027733515475156, -73.96322677375386, 4.427987827289364, 
objectives:
-68.13345745966032, -68.08857521127166, 5477.388684099834, 

parameters:
1.2253032038392178, -63.30954076758327, 9.055205275211367, 
objectives:
-70.863378101456, -53.65418036639012, 4001.5441148684154, 

parameters:
-0.566073919172764, -44.116311121279224, 0.11887147254190897, 
objectives:
-43.91474291185352, -37.41270429007864, 1947.4504751589307, 

parameters:
3.601774313941413, -28.592445840609937, 1.6753705480694367, 
objectives:
-17.295038180111238, -24.351394339738015, 829.8253668087112, 

parameters:
-3.405696293544799, -51.85487514743077, 3.998356384521531, 
objectives:
-44.25446428808752, -18.63496634486526, 2697.528487414976, 

parameters:
2.180284639276765, 1.1740064916978934, 0.0, 
objectives:
5.927647599964107, 1.2065090428570469, 7.13193235081501, 

parameters:
3.2275157445393146, -69.33263096371132, 20, 
objectives:
-78.91577308246215, -47.82583606061942, 4798.430574231432, 

parameters:
2.2202124959973344, -55.38308897570709, 11.665214677488907, 
objectives:
-62.11896012581328, -43.66938075482481, 3061.5506733409816, 

parameters:
-2.397361571167064, -11.670542072800558, 0.008229069081498936, 
objectives:
-5.931428638973443, 7.674475783857809, 142.94066570683506, 

parameters:
-1.3867752288749182, -29.099146704626744, 7.4719203936338365, 
objectives:
-34.6479215628395, -10.156979860072152, 842.2115640791768, 

parameters:
-0.6200579575293818, -96.01772925711005, 20, 
objectives:
-115.63325738641454, -69.15302555629701, 9200.788803562382, 

parameters:
1.8666659488190167, -0.7625289500138734, 16.08987525111005, 
objectives:
-13.367962436643525, 15.345124270300511, -11.02398308702039, 

parameters:
3.0963107262805853, -88.58071079470872, 19.95014332257229, 
objectives:
-98.9437140036008, -67.42867026357857, 7837.179321686934, 

parameters:
2.947955954105928, -19.704068742614776, 13.745173227691279, 
objectives:
-24.758797662957463, -5.060275023998617, 384.19559609334596, 

parameters:
3.7470106633139606, -70.2489595635189, 1.7391131678757823, 
objectives:
-57.94798382040615, -65.45780013791043, 4948.217295500025, 

parameters:
-0.3907871633425338, -94.42296092032139, 0.013825151930924809, 
objectives:
-94.28407146521901, -88.69327250798702, 8916.834438415643, 

parameters:
2.676189482211356, -62.241876469794185, 0.10467995958941662, 
objectives:
-55.18456628468492, -61.67996429435151, 3882.108496666229, 

parameters:
2.289236070119527, -90.78148138633452, 20.0, 
objectives:
-105.54087960159822, -70.69782388207634, 8227.517964482138, 

parameters:
3.645320393994973, -99.37893953275058, 4.902376299387057, 
objectives:
-90.99295505726197, -91.76948403446775, 9885.559607129584, 

parameters:
-3.479105279265743, -17.814321908553264, 0.49750365365942406, 
objectives:
-6.2076520179979235, 12.7037764063839, 329.95673495211616, 

parameters:
0.8911129234000039, -70.08754707607449, 7.755859247130193, 
objectives:
-77.04932408095418, -61.102057280293806, 4906.302478136077, 

parameters:
0.6186325977762794, -19.6433315745369, 19.83474007911967, 
objectives:
-39.095365362625145, 2.099584404509077, 367.4084415591101, 

parameters:
2.382841253962423, -59.799748265769566, 18.134749524112706, 
objectives:
-72.25656534829706, -41.51843131592134, 3564.553075566883, 

parameters:
1.7375527452597788, -100, 7.686924856700291, 
objectives:
-104.66783531414049, -92.24419658177904, 9996.33216468586, 

parameters:
0.5832700463138698, -91.61105584617702, 0, 
objectives:
-91.27085189925003, -89.60393208450552, 8393.925757198293, 

parameters:
1.3623962814372197, -94.58457878646038, 18.069345000901563, 
objectives:
-110.79780015968798, -76.10869528363374, 8931.029322838904, 

parameters:
2.8858733027922057, -59.427722535994405, 20, 
objectives:
-71.09945781622561, -38.64295102739443, 3520.982470534906, 

parameters:
4.6725871338499285, -90.90305517981231, 1.9117643717700978, 
objectives:
-70.98174902816253, -81.84856882002204, 8284.28674717565, 

parameters:
-0.6434193193242121, -2.2033662891420356, 20, 
objectives:
-21.789377868662402, 24.784299408634446, -13.731188575392824, 

