Generation 1101 at Fri May 24 19:48:12 2019
parameters:
5.781517765313389, -18.36005814848896, 0.6094746637304801, 
objectives:
14.456414858414881, -3.4507068753777146, 370.9082082227998, 

parameters:
0.05101637681523949, -100, 19.95971668145522, 
objectives:
-119.95711401075187, -76.24174615510238, 9981.042885989249, 

parameters:
-0.6643310171846073, -1.491066976915528, 20, 
objectives:
-21.049731276521992, 25.607592792216437, -16.335383569958452, 

parameters:
-0.09310337269809921, -0.38187417318528993, 20, 
objectives:
-20.37320593517753, 23.999207555614866, -18.84550387784629, 

parameters:
1.9973066371654076, -100, 0, 
objectives:
-96.01076619713501, -99.99999274579665, 10004.989233802866, 

parameters:
3.2275157445393146, -69.33263096371132, 20, 
objectives:
-78.91577308246215, -47.82583606061942, 4798.430574231432, 

parameters:
-2.397361571167064, -11.670542072800558, 0.008229069081498936, 
objectives:
-5.931428638973443, 7.674475783857809, 142.94066570683506, 

parameters:
2.676189482211356, -62.241876469794185, 0.10467995958941662, 
objectives:
-55.18456628468492, -61.67996429435151, 3882.108496666229, 

parameters:
1.8666659488190167, -0.7625289500138734, 16.08987525111005, 
objectives:
-13.367962436643525, 15.345124270300511, -11.02398308702039, 

parameters:
2.180284639276765, 1.1740064916978934, 0.0, 
objectives:
5.927647599964107, 1.2065090428570469, 7.13193235081501, 

parameters:
-0.566073919172764, -44.116311121279224, 0.11887147254190897, 
objectives:
-43.91474291185352, -37.41270429007864, 1947.4504751589307, 

parameters:
0.5650555008621447, -66.6266923909987, 5.048696074772317, 
objectives:
-71.35610074671645, -59.518930600620386, 4435.386730609047, 

parameters:
-1.3867752288749182, -29.099146704626744, 7.4719203936338365, 
objectives:
-34.6479215628395, -10.156979860072152, 842.2115640791768, 

parameters:
2.2202124959973344, -55.38308897570709, 11.665214677488907, 
objectives:
-62.11896012581328, -43.66938075482481, 3061.5506733409816, 

parameters:
2.289236070119527, -90.78148138633452, 20.0, 
objectives:
-105.54087960159822, -70.69782388207634, 8227.517964482138, 

parameters:
2.870702667972149, -37.360748961169634, 20, 
objectives:
-49.11981515326722, -16.60262582515582, 1385.0664967474402, 

parameters:
2.1615639046719894, -85.90438966626265, 4.268822868995846, 
objectives:
-85.50085402127768, -81.60946390197394, 7380.967699578077, 

parameters:
0.5690251277430339, -80.25351922494299, 2.3595596638335032, 
objectives:
-82.28928929277352, -75.84627047607864, 6439.591577920463, 

parameters:
1.902798685635303, -32.952129443703356, 0, 
objectives:
-29.331486605647918, -32.94268134818913, 1090.463477712637, 

parameters:
3.2027733515475156, -73.96322677375386, 4.427987827289364, 
objectives:
-68.13345745966032, -68.08857521127166, 5477.388684099834, 

parameters:
-0.45787620983438115, -47.34265959471193, 18.738576788890768, 
objectives:
-65.8715857600704, -22.56292734295134, 2223.798491335411, 

parameters:
2.0557527490205665, -94.5819976470521, 1.5729853743894977, 
objectives:
-91.92886365633599, -93.00590390363925, 8949.407412897686, 

parameters:
3.0963107262805853, -88.58071079470872, 19.95014332257229, 
objectives:
-98.9437140036008, -67.42867026357857, 7837.179321686934, 

parameters:
-0.3907871633425338, -94.42296092032139, 0.013825151930924809, 
objectives:
-94.28407146521901, -88.69327250798702, 8916.834438415643, 

parameters:
-1.5549044978659072, -98.60294601222711, 19.970822985092198, 
objectives:
-116.15604099983568, -65.99477703818765, 9705.987867302563, 

parameters:
-1.2698854871231098, -54.00341454197149, 2.1783581207022387, 
objectives:
-54.569163512267835, -41.13290532237092, 2916.8030332217213, 

parameters:
-0.6200579575293818, -96.01772925711005, 20, 
objectives:
-115.63325738641454, -69.15302555629701, 9200.788803562382, 

parameters:
-1.096011316643248, -76.91115251180553, 0.3250577364058902, 
objectives:
-76.03496944200135, -67.00080870261657, 5917.201563764013, 

parameters:
2.490806494729177, -49.20301846740949, 3.296047510825711, 
objectives:
-46.29494898405015, -45.666079941315445, 2424.845095787599, 

parameters:
1.8502948019186785, -26.461018840188217, 1.472821607866042, 
objectives:
-24.51024959404698, -24.965785585989607, 703.136287306937, 

parameters:
1.1947947778754466, -87.05564126044258, 0.2061938329997124, 
objectives:
-85.83430053220387, -86.20109197770621, 7580.906015995112, 

parameters:
0.2153893184686615, -90.78696640600381, 3.5961661843696633, 
objectives:
-94.33674003186309, -84.0059649369984, 8239.723495579005, 

parameters:
3.3586718542709137, -16.200931900298627, 20, 
objectives:
-24.92025527562701, 5.645057307289335, 254.75087106278534, 

parameters:
-2.3718386376335454, -78.22939726141834, 17.730129700690817, 
objectives:
-90.33390843913782, -41.38629448722199, 6108.734084707088, 

parameters:
1.2543949244552313, -32.14766215735521, 18.430821575344986, 
objectives:
-49.004977106201146, -13.160913653332102, 1017.614867234602, 

parameters:
2.6482939364315286, -78.07774453033956, 0.7339483873546893, 
objectives:
-71.79823214395424, -76.92351111497098, 6103.413703331354, 

parameters:
0.22138051253443913, -96.72235150954184, 18.97471560898362, 
objectives:
-115.64805778719544, -74.58414861936596, 9337.287575257717, 

parameters:
-1.6089316976637085, -49.1792578612955, 8.099893977466756, 
objectives:
-54.69049063101523, -28.054975885426884, 2414.088171018075, 

