Generation 1103 at Fri May 24 19:48:12 2019
parameters:
2.180284639276765, 1.1740064916978934, 0.0, 
objectives:
5.927647599964107, 1.2065090428570469, 7.13193235081501, 

parameters:
0.05101637681523949, -100, 19.95971668145522, 
objectives:
-119.95711401075187, -76.24174615510238, 9981.042885989249, 

parameters:
-0.6643310171846073, -1.491066976915528, 20, 
objectives:
-21.049731276521992, 25.607592792216437, -16.335383569958452, 

parameters:
-0.09310337269809921, -0.38187417318528993, 20, 
objectives:
-20.37320593517753, 23.999207555614866, -18.84550387784629, 

parameters:
1.9973066371654076, -100, 0, 
objectives:
-96.01076619713501, -99.99999274579665, 10004.989233802866, 

parameters:
1.8666659488190167, -0.7625289500138734, 16.08987525111005, 
objectives:
-13.367962436643525, 15.345124270300511, -11.02398308702039, 

parameters:
2.1615639046719894, -85.90438966626265, 4.268822868995846, 
objectives:
-85.50085402127768, -81.60946390197394, 7380.967699578077, 

parameters:
2.676189482211356, -62.241876469794185, 0.10467995958941662, 
objectives:
-55.18456628468492, -61.67996429435151, 3882.108496666229, 

parameters:
0.5690251277430339, -80.25351922494299, 2.3595596638335032, 
objectives:
-82.28928929277352, -75.84627047607864, 6439.591577920463, 

parameters:
1.5124189241684376, -11.487759405890205, 6.088613422974767, 
objectives:
-15.288961826682158, -5.161410677406375, 129.16741374682692, 

parameters:
2.289236070119527, -90.78148138633452, 20.0, 
objectives:
-105.54087960159822, -70.69782388207634, 8227.517964482138, 

parameters:
3.2275157445393146, -69.33263096371132, 20, 
objectives:
-78.91577308246215, -47.82583606061942, 4798.430574231432, 

parameters:
-0.06955116164805153, -66.65727643124914, 5.522876244771308, 
objectives:
-72.17531531193386, -56.851358175799035, 4438.674462351278, 

parameters:
2.2202124959973344, -55.38308897570709, 11.665214677488907, 
objectives:
-62.11896012581328, -43.66938075482481, 3061.5506733409816, 

parameters:
1.902798685635303, -32.952129443703356, 0, 
objectives:
-29.331486605647918, -32.94268134818913, 1090.463477712637, 

parameters:
2.0659354221163158, -27.14507354059757, 14.110465736029907, 
objectives:
-36.987450108272554, -13.030260324678006, 728.0126409567752, 

parameters:
2.870702667972149, -37.360748961169634, 20, 
objectives:
-49.11981515326722, -16.60262582515582, 1385.0664967474402, 

parameters:
1.8502948019186785, -26.461018840188217, 1.472821607866042, 
objectives:
-24.51024959404698, -24.965785585989607, 703.136287306937, 

parameters:
-1.8696159333068403, -91.42332773219255, 17.943468315135206, 
objectives:
-105.87133230925295, -58.505931945755165, 8344.776849050826, 

parameters:
-0.6200579575293818, -96.01772925711005, 20, 
objectives:
-115.63325738641454, -69.15302555629701, 9200.788803562382, 

parameters:
-0.566073919172764, -44.116311121279224, 0.11887147254190897, 
objectives:
-43.91474291185352, -37.41270429007864, 1947.4504751589307, 

parameters:
-1.096011316643248, -76.91115251180553, 0.3250577364058902, 
objectives:
-76.03496944200135, -67.00080870261657, 5917.201563764013, 

parameters:
-0.3907871633425338, -94.42296092032139, 0.013825151930924809, 
objectives:
-94.28407146521901, -88.69327250798702, 8916.834438415643, 

parameters:
-1.0827232685852364, -73.46345468377946, 17.717387986330753, 
objectives:
-90.00855299377432, -46.24288394677187, 5381.334075765723, 

parameters:
-0.45787620983438115, -47.34265959471193, 18.738576788890768, 
objectives:
-65.8715857600704, -22.56292734295134, 2223.798491335411, 

parameters:
2.0557527490205665, -94.5819976470521, 1.5729853743894977, 
objectives:
-91.92886365633599, -93.00590390363925, 8949.407412897686, 

parameters:
-1.2698854871231098, -54.00341454197149, 2.1783581207022387, 
objectives:
-54.569163512267835, -41.13290532237092, 2916.8030332217213, 

parameters:
0.5573293246727538, -50.333824376283935, 17.413182025376795, 
objectives:
-67.43639042552054, -30.839343673457964, 2517.391310293358, 

parameters:
-1.5549044978659072, -98.60294601222711, 19.970822985092198, 
objectives:
-116.15604099983568, -65.99477703818765, 9705.987867302563, 

parameters:
3.8397192476468542, -36.4891582135302, 20, 
objectives:
-41.74571431278048, -13.104591303367897, 1327.2021110327885, 

parameters:
0.5057583250079887, -67.26213226015771, 0, 
objectives:
-67.00634077684283, -65.02937407687479, 4525.450227666264, 

parameters:
2.490806494729177, -49.20301846740949, 3.296047510825711, 
objectives:
-46.29494898405015, -45.666079941315445, 2424.845095787599, 

parameters:
3.0224305160315614, -51.65919206402812, 4.691245900223319, 
objectives:
-47.21535174001263, -45.922582003692234, 2674.1159650321615, 

