Generation 1106 at Fri May 24 19:48:12 2019
parameters:
2.180284639276765, 1.1740064916978934, 0.0, 
objectives:
5.927647599964107, 1.2065090428570469, 7.13193235081501, 

parameters:
0.05101637681523949, -100, 19.95971668145522, 
objectives:
-119.95711401075187, -76.24174615510238, 9981.042885989249, 

parameters:
-0.8330891611813616, -1.1750794682218604, 20.0, 
objectives:
-20.481041917743994, 26.851314726981453, -16.925150692885566, 

parameters:
-0.09310337269809921, -0.38187417318528993, 20, 
objectives:
-20.37320593517753, 23.999207555614866, -18.84550387784629, 

parameters:
1.9973066371654076, -100, 0, 
objectives:
-96.01076619713501, -99.99999274579665, 10004.989233802866, 

parameters:
2.1615639046719894, -85.90438966626265, 4.268822868995846, 
objectives:
-85.50085402127768, -81.60946390197394, 7380.967699578077, 

parameters:
1.8666659488190167, -0.7625289500138734, 16.08987525111005, 
objectives:
-13.367962436643525, 15.345124270300511, -11.02398308702039, 

parameters:
0.5690251277430339, -80.25351922494299, 2.3595596638335032, 
objectives:
-82.28928929277352, -75.84627047607864, 6439.591577920463, 

parameters:
2.0659354221163158, -27.14507354059757, 14.110465736029907, 
objectives:
-36.987450108272554, -13.030260324678006, 728.0126409567752, 

parameters:
-0.3907871633425338, -94.42296092032139, 0.013825151930924809, 
objectives:
-94.28407146521901, -88.69327250798702, 8916.834438415643, 

parameters:
-0.06955116164805153, -66.65727643124914, 5.522876244771308, 
objectives:
-72.17531531193386, -56.851358175799035, 4438.674462351278, 

parameters:
3.2275157445393146, -69.33263096371132, 20, 
objectives:
-78.91577308246215, -47.82583606061942, 4798.430574231432, 

parameters:
-1.0827232685852364, -73.46345468377946, 17.717387986330753, 
objectives:
-90.00855299377432, -46.24288394677187, 5381.334075765723, 

parameters:
0.16764742797685095, -92.58266053438275, 17.439470804647954, 
objectives:
-109.99402567892345, -71.78567378153495, 8555.137666480214, 

parameters:
-1.096011316643248, -76.91115251180553, 0.3250577364058902, 
objectives:
-76.03496944200135, -67.00080870261657, 5917.201563764013, 

parameters:
2.2202124959973344, -55.38308897570709, 11.665214677488907, 
objectives:
-62.11896012581328, -43.66938075482481, 3061.5506733409816, 

parameters:
2.676189482211356, -62.241876469794185, 0.10467995958941662, 
objectives:
-55.18456628468492, -61.67996429435151, 3882.108496666229, 

parameters:
2.776702615991056, -90.07301934316408, 4.063769856552084, 
objectives:
-86.42671178206459, -85.40598253292464, 8117.795121155109, 

parameters:
2.289236070119527, -90.78148138633452, 20.0, 
objectives:
-105.54087960159822, -70.69782388207634, 8227.517964482138, 

parameters:
1.902798685635303, -32.952129443703356, 0, 
objectives:
-29.331486605647918, -32.94268134818913, 1090.463477712637, 

parameters:
1.5078781948457762, -22.67471339438557, 5.68164462374465, 
objectives:
-26.082661367638863, -16.750884899532668, 511.7346795442751, 

parameters:
1.5124189241684376, -11.487759405890205, 6.088613422974767, 
objectives:
-15.288961826682158, -5.161410677406375, 129.16741374682692, 

parameters:
-0.6200579575293818, -96.01772925711005, 20, 
objectives:
-115.63325738641454, -69.15302555629701, 9200.788803562382, 

parameters:
3.9533673939703324, -14.685931348926953, 18.676821411588044, 
objectives:
-17.73363900880722, 7.806534238487538, 213.62887192551517, 

parameters:
2.097992427765156, -36.045981853354085, 12.890111022498854, 
objectives:
-44.53452064889301, -23.146268314955922, 1291.824268976793, 

parameters:
-1.5549044978659072, -98.60294601222711, 19.970822985092198, 
objectives:
-116.15604099983568, -65.99477703818765, 9705.987867302563, 

parameters:
1.3609572319688787, -41.65929025070501, 14.058602882791092, 
objectives:
-53.86568854624771, -27.19231170854104, 1724.2900658969431, 

parameters:
0.5829783168819744, -56.68551214670035, 10.667047901745745, 
objectives:
-67.01269633049155, -44.01051379452796, 3203.920103149921, 

parameters:
0.04943939785151574, -64.12753893428109, 0, 
objectives:
-64.12509468022117, -60.322852271627234, 4113.343694021797, 

parameters:
0.5573293246727538, -50.333824376283935, 17.413182025376795, 
objectives:
-67.43639042552054, -30.839343673457964, 2517.391310293358, 

parameters:
-0.566073919172764, -44.116311121279224, 0.11887147254190897, 
objectives:
-43.91474291185352, -37.41270429007864, 1947.4504751589307, 

parameters:
2.9224854057658813, -47.10087529408493, 11.74011770048929, 
objectives:
-50.300072047659654, -34.5097782697446, 2216.293256715365, 

parameters:
-0.24314529955423836, -68.10014324504748, 0, 
objectives:
-68.04102360835216, -63.068442410135205, 4638.68862963268, 

parameters:
2.870702667972149, -37.360748961169634, 20, 
objectives:
-49.11981515326722, -16.60262582515582, 1385.0664967474402, 

parameters:
1.273647802292095, -36.703255360226684, 7.332875459848856, 
objectives:
-42.413952095792055, -28.842792385262726, 1342.4182573024436, 

parameters:
1.7589655332015692, -3.905796692173225, 16.86651624625471, 
objectives:
-17.678353191436855, 13.01881716826629, 2.4826913013276766, 

parameters:
-1.5169209319818542, -45.59299789693969, 19.443199832292475, 
objectives:
-62.73514861534747, -13.781065222835107, 2062.5793065119396, 

parameters:
-0.6643310171846073, -1.491066976915528, 20, 
objectives:
-21.049731276521992, 25.607592792216437, -16.335383569958452, 

