Generation 1109 at Fri May 24 19:48:12 2019
parameters:
2.180284639276765, 1.1740064916978934, 0.0, 
objectives:
5.927647599964107, 1.2065090428570469, 7.13193235081501, 

parameters:
0.05101637681523949, -100, 19.95971668145522, 
objectives:
-119.95711401075187, -76.24174615510238, 9981.042885989249, 

parameters:
-0.8330891611813616, -1.1750794682218604, 20.0, 
objectives:
-20.481041917743994, 26.851314726981453, -16.925150692885566, 

parameters:
-0.09310337269809921, -0.38187417318528993, 20, 
objectives:
-20.37320593517753, 23.999207555614866, -18.84550387784629, 

parameters:
1.9973066371654076, -100, 0, 
objectives:
-96.01076619713501, -99.99999274579665, 10004.989233802866, 

parameters:
2.2202124959973344, -55.38308897570709, 11.665214677488907, 
objectives:
-62.11896012581328, -43.66938075482481, 3061.5506733409816, 

parameters:
-0.06955116164805153, -66.65727643124914, 5.522876244771308, 
objectives:
-72.17531531193386, -56.851358175799035, 4438.674462351278, 

parameters:
2.676189482211356, -62.241876469794185, 0.10467995958941662, 
objectives:
-55.18456628468492, -61.67996429435151, 3882.108496666229, 

parameters:
2.1615639046719894, -85.90438966626265, 4.268822868995846, 
objectives:
-85.50085402127768, -81.60946390197394, 7380.967699578077, 

parameters:
3.753929607656389, -45.69230503102635, 13.296767255742783, 
objectives:
-44.89708478752988, -29.31926870666987, 2089.5819592918524, 

parameters:
1.902798685635303, -32.952129443703356, 0, 
objectives:
-29.331486605647918, -32.94268134818913, 1090.463477712637, 

parameters:
2.0659354221163158, -27.14507354059757, 14.110465736029907, 
objectives:
-36.987450108272554, -13.030260324678006, 728.0126409567752, 

parameters:
2.289236070119527, -90.78148138633452, 20.0, 
objectives:
-105.54087960159822, -70.69782388207634, 8227.517964482138, 

parameters:
-2.075758438821488, -10.25726021914452, 4.403223284738383, 
objectives:
-10.351710407544282, 10.757769917218438, 106.11693701484492, 

parameters:
3.0271092026247723, -4.945010608390265, 5.34253540884267, 
objectives:
-1.1241558926173498, 1.4524781145689003, 29.273984632865172, 

parameters:
0.3248600007001763, -99.28085946509866, 0, 
objectives:
-99.17532544504374, -96.47476544784445, 9857.794590148724, 

parameters:
-0.6200579575293818, -96.01772925711005, 20, 
objectives:
-115.63325738641454, -69.15302555629701, 9200.788803562382, 

parameters:
1.3609572319688787, -41.65929025070501, 14.058602882791092, 
objectives:
-53.86568854624771, -27.19231170854104, 1724.2900658969431, 

parameters:
-1.096011316643248, -76.91115251180553, 0.3250577364058902, 
objectives:
-76.03496944200135, -67.00080870261657, 5917.201563764013, 

parameters:
3.2275157445393146, -69.33263096371132, 20, 
objectives:
-78.91577308246215, -47.82583606061942, 4798.430574231432, 

parameters:
2.1168144371333537, -43.86828627290798, 4.407887236253729, 
objectives:
-43.79527014790551, -39.44675342393147, 1925.4995566468092, 

parameters:
-0.3907871633425338, -94.42296092032139, 0.013825151930924809, 
objectives:
-94.28407146521901, -88.69327250798702, 8916.834438415643, 

parameters:
1.5078781948457762, -22.67471339438557, 5.68164462374465, 
objectives:
-26.082661367638863, -16.750884899532668, 511.7346795442751, 

parameters:
3.402730503881091, -70.73555252239883, 5.783860237958223, 
objectives:
-64.9408378783142, -62.984039417922105, 5010.3131052931285, 

parameters:
0.16764742797685095, -92.58266053438275, 17.439470804647954, 
objectives:
-109.99402567892345, -71.78567378153495, 8555.137666480214, 

parameters:
2.097992427765156, -36.045981853354085, 12.890111022498854, 
objectives:
-44.53452064889301, -23.146268314955922, 1291.824268976793, 

parameters:
0.5031083448975815, -18.428362090846875, 5.514709743568245, 
objectives:
-23.689953827709537, -10.672967720163372, 335.34293761449953, 

parameters:
1.5124189241684376, -11.487759405890205, 6.088613422974767, 
objectives:
-15.288961826682158, -5.161410677406375, 129.16741374682692, 

parameters:
0.5690251277430339, -80.25351922494299, 2.3595596638335032, 
objectives:
-82.28928929277352, -75.84627047607864, 6439.591577920463, 

parameters:
-1.0827232685852364, -73.46345468377946, 17.717387986330753, 
objectives:
-90.00855299377432, -46.24288394677187, 5381.334075765723, 

parameters:
1.8666659488190167, -0.7625289500138734, 16.08987525111005, 
objectives:
-13.367962436643525, 15.345124270300511, -11.02398308702039, 

parameters:
-0.5959336335034697, -92.71590152797556, 0, 
objectives:
-92.36076463243491, -85.97703009842104, 8597.593533040803, 

parameters:
0.46623255430053345, -81.35567783817712, 0.28176816791568615, 
objectives:
-81.4200732114032, -78.72146709277396, 6619.681921136037, 

parameters:
3.891082485408222, -73.34740861994455, 4.26481137991534, 
objectives:
-62.47169709160926, -65.50640427341146, 5391.71806278945, 

parameters:
1.4776461542809407, -82.71517818702556, 20, 
objectives:
-100.53174002976431, -62.44232464688807, 6824.98414066865, 

parameters:
3.321450300981948, -7.130862616456984, 20.0, 
objectives:
-16.098830514563915, 14.615368281508296, 42.881233756676814, 

parameters:
-1.6623551636635017, -100, 3.5870798401781236, 
objectives:
-100.82365515001942, -83.00007481500917, 10000.17634484998, 

