Generation 111 at Fri May 24 19:55:16 2019
parameters:
0, 0.0, 20.0, 
objectives:
-20.0, 24.0, -19.0, 

parameters:
0, 0.0, 20.0, 
objectives:
-20.0, 24.0, -19.0, 

parameters:
1.9979647189482492, 0.0, 20.0, 
objectives:
-16.008136981838042, 20.000004142368958, -15.008136981838044, 

parameters:
1.8051427033405467, 0.0, 20.0, 
objectives:
-16.741459820576384, 20.03796936606143, -15.741459820576383, 

parameters:
0.8753797265992728, 0.0, 20.0, 
objectives:
-19.233710334258983, 21.264770759343925, -18.233710334258983, 

parameters:
1.2205550340692515, 0.0, 20.0, 
objectives:
-18.51024540880821, 20.607534454914784, -17.51024540880821, 

parameters:
0.7681594466823068, 0.0, 20.0, 
objectives:
-19.409931064472733, 21.51743114879804, -18.409931064472733, 

parameters:
1.7085098752675354, 0.0, 20.0, 
objectives:
-17.08099400611331, 20.084966492816548, -16.08099400611331, 

parameters:
1.9262043884348685, 0.0, 20.0, 
objectives:
-16.289736653974256, 20.00544579228627, -15.289736653974254, 

parameters:
1.8771358898968864, 0.0, 20.0, 
objectives:
-16.476360850861024, 20.01509558955143, -15.476360850861024, 

parameters:
0.9602158594910675, 0.0, 20.0, 
objectives:
-19.077985503181832, 21.081151058853898, -18.077985503181832, 

parameters:
0.20837813097763608, 0.0, 20.0, 
objectives:
-19.956578554530267, 23.20990892155919, -18.956578554530267, 

parameters:
0.5257105336488367, 0.0, 20.0, 
objectives:
-19.723628434810657, 22.173529430593998, -18.723628434810657, 

parameters:
0.3524698996791489, 0.0, 20.0, 
objectives:
-19.87576496982017, 22.714355431463233, -18.87576496982017, 

parameters:
1.4378447545955133, 0.0, 20.0, 
objectives:
-17.93260246168217, 20.316018519935778, -16.93260246168217, 

parameters:
1.3290662146064665, 0.0, 20.0, 
objectives:
-18.23358299719164, 20.450152144382496, -17.23358299719164, 

parameters:
1.513617069289852, 0.0, 20.0, 
objectives:
-17.7089633675544, 20.23656835528619, -16.7089633675544, 

parameters:
0.6216796276523376, 0.0, 20.0, 
objectives:
-19.61351444056205, 21.8997670488286, -18.61351444056205, 

parameters:
1.0251429405242165, 0.0, 20.0, 
objectives:
-18.949081951493362, 20.950346286409772, -17.949081951493362, 

parameters:
0.45892479178278345, 0.0, 20.0, 
objectives:
-19.78938803548713, 22.374912797381736, -18.78938803548713, 

parameters:
1.6188607551276926, 0.0, 20.0, 
objectives:
-17.3792898555074, 20.14526712398183, -16.3792898555074, 

parameters:
1.3991702182070074, 0.0, 20.0, 
objectives:
-18.042322700482554, 20.360996426689415, -17.042322700482554, 

parameters:
1.674850830788986, 0.0, 20.0, 
objectives:
-17.194874694605442, 20.105721982238613, -16.194874694605442, 

parameters:
0.1437216539481625, 0.0, 20.0, 
objectives:
-19.979344086186405, 23.445769298020945, -18.979344086186405, 

parameters:
1.1657526197145944, 0.0, 20.0, 
objectives:
-18.64102082962856, 20.695968691513063, -17.64102082962856, 

parameters:
0.01591104053706371, 0.0, 20.0, 
objectives:
-19.99974683878903, 23.936608999062717, -18.99974683878903, 

parameters:
0.694829835273758, 0.0, 20.0, 
objectives:
-19.517211500013442, 21.703469158891526, -18.517211500013442, 

parameters:
1.5815389365629897, 0.0, 20.0, 
objectives:
-17.498734592135207, 20.175109661612833, -16.498734592135207, 

parameters:
0.3855926043016252, 0.0, 20.0, 
objectives:
-19.85131834350789, 22.60631123928561, -18.85131834350789, 

parameters:
1.5445475486242064, 0.0, 20.0, 
objectives:
-17.614372870038956, 20.20743693546422, -16.614372870038956, 

parameters:
1.3380802245712053, 0.0, 20.0, 
objectives:
-18.209541312611474, 20.438137789103706, -17.20954131261147, 

parameters:
0.665674838731773, 0.0, 20.0, 
objectives:
-19.55687700907943, 21.78042363599348, -18.55687700907943, 

parameters:
1.1217509057959398, 0.0, 20.0, 
objectives:
-18.741674905345988, 20.77132147147025, -17.741674905345988, 

parameters:
1.075211481021106, 0.0, 20.0, 
objectives:
-18.8439202710804, 20.855233804835176, -17.8439202710804, 

parameters:
0.16722847598320398, 0.0, 20.0, 
objectives:
-19.972034636820336, 23.35905145924685, -18.972034636820336, 

parameters:
1.1111057577196033, 0.0, 20.0, 
objectives:
-18.765443995162347, 20.790132973959242, -17.765443995162347, 

parameters:
1.0797500091225642, 0.0, 20.0, 
objectives:
-18.834139917799824, 20.84686004570992, -17.834139917799824, 

parameters:
0.0008774459510531756, 0.0, 20.0, 
objectives:
-19.9999992300886, 23.996490986107183, -18.9999992300886, 

