Generation 1112 at Fri May 24 19:48:12 2019
parameters:
0.05101637681523949, -100, 19.95971668145522, 
objectives:
-119.95711401075187, -76.24174615510238, 9981.042885989249, 

parameters:
2.180284639276765, 1.1740064916978934, 0.0, 
objectives:
5.927647599964107, 1.2065090428570469, 7.13193235081501, 

parameters:
-0.8330891611813616, -1.1750794682218604, 20.0, 
objectives:
-20.481041917743994, 26.851314726981453, -16.925150692885566, 

parameters:
-0.09310337269809921, -0.38187417318528993, 20, 
objectives:
-20.37320593517753, 23.999207555614866, -18.84550387784629, 

parameters:
1.9973066371654076, -100, 0, 
objectives:
-96.01076619713501, -99.99999274579665, 10004.989233802866, 

parameters:
2.1615639046719894, -85.90438966626265, 4.268822868995846, 
objectives:
-85.50085402127768, -81.60946390197394, 7380.967699578077, 

parameters:
-2.3433813358182025, -89.76321773182674, 20, 
objectives:
-104.27178164676565, -50.89825630349283, 8043.926693656395, 

parameters:
0.5690251277430339, -80.25351922494299, 2.3595596638335032, 
objectives:
-82.28928929277352, -75.84627047607864, 6439.591577920463, 

parameters:
-0.06955116164805153, -66.65727643124914, 5.522876244771308, 
objectives:
-72.17531531193386, -56.851358175799035, 4438.674462351278, 

parameters:
-0.6200579575293818, -96.01772925711005, 20, 
objectives:
-115.63325738641454, -69.15302555629701, 9200.788803562382, 

parameters:
-2.075758438821488, -10.25726021914452, 4.403223284738383, 
objectives:
-10.351710407544282, 10.757769917218438, 106.11693701484492, 

parameters:
0.16764742797685095, -92.58266053438275, 17.439470804647954, 
objectives:
-109.99402567892345, -71.78567378153495, 8555.137666480214, 

parameters:
3.402730503881091, -70.73555252239883, 5.783860237958223, 
objectives:
-64.9408378783142, -62.984039417922105, 5010.3131052931285, 

parameters:
0.14640234386097806, -57.96143381859646, 18.22258185296818, 
objectives:
-76.16258202527665, -36.303027694784205, 3342.3266621008574, 

parameters:
2.2202124959973344, -55.38308897570709, 11.665214677488907, 
objectives:
-62.11896012581328, -43.66938075482481, 3061.5506733409816, 

parameters:
-1.096011316643248, -76.91115251180553, 0.3250577364058902, 
objectives:
-76.03496944200135, -67.00080870261657, 5917.201563764013, 

parameters:
2.0659354221163158, -27.14507354059757, 14.110465736029907, 
objectives:
-36.987450108272554, -13.030260324678006, 728.0126409567752, 

parameters:
3.9558662217405507, -3.0604659081803405, 16.131556662816617, 
objectives:
-3.543145006689098, 16.896503431981934, 9.883772476625357, 

parameters:
2.676189482211356, -62.241876469794185, 0.10467995958941662, 
objectives:
-55.18456628468492, -61.67996429435151, 3882.108496666229, 

parameters:
-0.3907871633425338, -94.42296092032139, 0.013825151930924809, 
objectives:
-94.28407146521901, -88.69327250798702, 8916.834438415643, 

parameters:
1.5124189241684376, -11.487759405890205, 6.088613422974767, 
objectives:
-15.288961826682158, -5.161410677406375, 129.16741374682692, 

parameters:
0.6917584617086603, -49.520213248316864, 3.88600991351492, 
objectives:
-52.92769339248625, -43.922707412291054, 2449.844040014608, 

parameters:
1.902798685635303, -32.952129443703356, 0, 
objectives:
-29.331486605647918, -32.94268134818913, 1090.463477712637, 

parameters:
-0.3847983023581092, -62.070790831808914, 10.075171719187976, 
objectives:
-71.9978928174992, -46.30835616969082, 3843.8559725004834, 

parameters:
1.3609572319688787, -41.65929025070501, 14.058602882791092, 
objectives:
-53.86568854624771, -27.19231170854104, 1724.2900658969431, 

parameters:
-1.2402998119428472, -30.787412414840595, 0.686492083773527, 
objectives:
-29.93556087510866, -19.601377459790218, 949.7166147412129, 

parameters:
3.753929607656389, -45.69230503102635, 13.296767255742783, 
objectives:
-44.89708478752988, -29.31926870666987, 2089.5819592918524, 

parameters:
-0.34150949798584085, -100, 5.620313857275956, 
objectives:
-105.50368512006142, -88.89701941356614, 9995.496314879938, 

parameters:
0.5031083448975815, -18.428362090846875, 5.514709743568245, 
objectives:
-23.689953827709537, -10.672967720163372, 335.34293761449953, 

parameters:
0.6519743752726921, 0.08180207208184287, 0.024042551164716885, 
objectives:
0.48283010692934314, 1.9230177081680084, 1.4077196138443835, 

parameters:
-1.3708737486146747, -72.57119530564628, 20, 
objectives:
-90.69190047100544, -41.20840547654674, 5249.457682924898, 

parameters:
1.5078781948457762, -22.67471339438557, 5.68164462374465, 
objectives:
-26.082661367638863, -16.750884899532668, 511.7346795442751, 

parameters:
-1.0827232685852364, -73.46345468377946, 17.717387986330753, 
objectives:
-90.00855299377432, -46.24288394677187, 5381.334075765723, 

parameters:
-0.16335878595298503, -20.70851110177034, 13.023233302588807, 
objectives:
-33.705058311411115, -3.0051565624215613, 416.8458848425047, 

parameters:
3.498238658177694, -45.7956286850629, 12.490121941433056, 
objectives:
-46.04807691692709, -31.06078766677175, 2097.9871584282914, 

parameters:
3.74042737931634, -48.53587073689745, 20, 
objectives:
-54.545073756958146, -25.50678327422351, 2350.7215451687575, 

parameters:
3.0271092026247723, -4.945010608390265, 5.34253540884267, 
objectives:
-1.1241558926173498, 1.4524781145689003, 29.273984632865172, 

