Generation 1114 at Fri May 24 19:48:12 2019
parameters:
2.180284639276765, 1.1740064916978934, 0.0, 
objectives:
5.927647599964107, 1.2065090428570469, 7.13193235081501, 

parameters:
0.05101637681523949, -100, 19.95971668145522, 
objectives:
-119.95711401075187, -76.24174615510238, 9981.042885989249, 

parameters:
-0.8330891611813616, -1.1750794682218604, 20.0, 
objectives:
-20.481041917743994, 26.851314726981453, -16.925150692885566, 

parameters:
-0.09310337269809921, -0.38187417318528993, 20, 
objectives:
-20.37320593517753, 23.999207555614866, -18.84550387784629, 

parameters:
1.9973066371654076, -100, 0, 
objectives:
-96.01076619713501, -99.99999274579665, 10004.989233802866, 

parameters:
3.753929607656389, -45.69230503102635, 13.296767255742783, 
objectives:
-44.89708478752988, -29.31926870666987, 2089.5819592918524, 

parameters:
3.9558662217405507, -3.0604659081803405, 16.131556662816617, 
objectives:
-3.543145006689098, 16.896503431981934, 9.883772476625357, 

parameters:
-2.3433813358182025, -89.76321773182674, 20, 
objectives:
-104.27178164676565, -50.89825630349283, 8043.926693656395, 

parameters:
1.5124189241684376, -11.487759405890205, 6.088613422974767, 
objectives:
-15.288961826682158, -5.161410677406375, 129.16741374682692, 

parameters:
2.0659354221163158, -27.14507354059757, 14.110465736029907, 
objectives:
-36.987450108272554, -13.030260324678006, 728.0126409567752, 

parameters:
-0.6200579575293818, -96.01772925711005, 20, 
objectives:
-115.63325738641454, -69.15302555629701, 9200.788803562382, 

parameters:
-0.06955116164805153, -66.65727643124914, 5.522876244771308, 
objectives:
-72.17531531193386, -56.851358175799035, 4438.674462351278, 

parameters:
-0.3907871633425338, -94.42296092032139, 0.013825151930924809, 
objectives:
-94.28407146521901, -88.69327250798702, 8916.834438415643, 

parameters:
-1.2402998119428472, -30.787412414840595, 0.686492083773527, 
objectives:
-29.93556087510866, -19.601377459790218, 949.7166147412129, 

parameters:
0.7135090122585248, -52.483028426393574, 0, 
objectives:
-51.97393331581944, -50.82796936485354, 2755.97736791621, 

parameters:
1.3609572319688787, -41.65929025070501, 14.058602882791092, 
objectives:
-53.86568854624771, -27.19231170854104, 1724.2900658969431, 

parameters:
0.4256437691910981, -87.21773815050715, 0, 
objectives:
-87.03656553225593, -84.73914060902034, 7608.115020708681, 

parameters:
0.5031083448975815, -18.428362090846875, 5.514709743568245, 
objectives:
-23.689953827709537, -10.672967720163372, 335.34293761449953, 

parameters:
-0.34150949798584085, -100, 5.620313857275956, 
objectives:
-105.50368512006142, -88.89701941356614, 9995.496314879938, 

parameters:
2.2202124959973344, -55.38308897570709, 11.665214677488907, 
objectives:
-62.11896012581328, -43.66938075482481, 3061.5506733409816, 

parameters:
2.676189482211356, -62.241876469794185, 0.10467995958941662, 
objectives:
-55.18456628468492, -61.67996429435151, 3882.108496666229, 

parameters:
0.5998249405242626, -82.53217000188454, 0, 
objectives:
-82.1723800426096, -80.57167980470665, 6812.918875179245, 

parameters:
-1.096011316643248, -76.91115251180553, 0.3250577364058902, 
objectives:
-76.03496944200135, -67.00080870261657, 5917.201563764013, 

parameters:
3.402730503881091, -70.73555252239883, 5.783860237958223, 
objectives:
-64.9408378783142, -62.984039417922105, 5010.3131052931285, 

parameters:
2.1615639046719894, -85.90438966626265, 4.268822868995846, 
objectives:
-85.50085402127768, -81.60946390197394, 7380.967699578077, 

parameters:
0.5690251277430339, -80.25351922494299, 2.3595596638335032, 
objectives:
-82.28928929277352, -75.84627047607864, 6439.591577920463, 

parameters:
0.14640234386097806, -57.96143381859646, 18.22258185296818, 
objectives:
-76.16258202527665, -36.303027694784205, 3342.3266621008574, 

parameters:
1.2116044801432635, -10.766681120565483, 20.0, 
objectives:
-29.298695704262258, 9.854886375164691, 98.38940776824442, 

parameters:
3.0948303468416434, -73.17136526832807, 0, 
objectives:
-63.593390392596106, -71.97271177996268, 5364.62667010682, 

parameters:
-0.40914164201543324, -58.814771642924654, 7.918790019730249, 
objectives:
-66.56616477942381, -45.092018171901586, 3452.425970272875, 

parameters:
2.825125119292916, -74.84768625874865, 4.944326614122274, 
objectives:
-71.81068093321112, -69.22252818213823, 5606.21314361361, 

parameters:
1.902798685635303, -32.952129443703356, 0, 
objectives:
-29.331486605647918, -32.94268134818913, 1090.463477712637, 

parameters:
-0.3847983023581092, -62.070790831808914, 10.075171719187976, 
objectives:
-71.9978928174992, -46.30835616969082, 3843.8559725004834, 

parameters:
2.3656826598379923, -7.243604299628807, 19.318699915441528, 
objectives:
-20.965849768012177, 12.20881942351891, 39.747557781217566, 

parameters:
0.8616329558613647, -100, 19.964735234192116, 
objectives:
-119.22232388356572, -78.73938523862695, 9981.777676116433, 

parameters:
3.7367942453042193, -56.95845997683593, 20, 
objectives:
-62.9948287450972, -33.94200572631408, 3239.2297941645597, 

