Generation 1116 at Fri May 24 19:48:12 2019
parameters:
0.05101637681523949, -100, 19.95971668145522, 
objectives:
-119.95711401075187, -76.24174615510238, 9981.042885989249, 

parameters:
2.180284639276765, 1.1740064916978934, 0.0, 
objectives:
5.927647599964107, 1.2065090428570469, 7.13193235081501, 

parameters:
-1.9621740915493118, -6.11669491646547, 20, 
objectives:
-22.266567750918103, 29.582128615279146, 22.264083866661878, 

parameters:
-0.09310337269809921, -0.38187417318528993, 20, 
objectives:
-20.37320593517753, 23.999207555614866, -18.84550387784629, 

parameters:
1.9973066371654076, -100, 0, 
objectives:
-96.01076619713501, -99.99999274579665, 10004.989233802866, 

parameters:
2.0659354221163158, -27.14507354059757, 14.110465736029907, 
objectives:
-36.987450108272554, -13.030260324678006, 728.0126409567752, 

parameters:
3.9558662217405507, -3.0604659081803405, 16.131556662816617, 
objectives:
-3.543145006689098, 16.896503431981934, 9.883772476625357, 

parameters:
-0.06955116164805153, -66.65727643124914, 5.522876244771308, 
objectives:
-72.17531531193386, -56.851358175799035, 4438.674462351278, 

parameters:
-2.3433813358182025, -89.76321773182674, 20, 
objectives:
-104.27178164676565, -50.89825630349283, 8043.926693656395, 

parameters:
-0.6200579575293818, -96.01772925711005, 20, 
objectives:
-115.63325738641454, -69.15302555629701, 9200.788803562382, 

parameters:
1.0723500805447044, -96.8532879325444, 0.9000047694283779, 
objectives:
-96.60335800672854, -95.0927487900506, 9381.809313270167, 

parameters:
3.753929607656389, -45.69230503102635, 13.296767255742783, 
objectives:
-44.89708478752988, -29.31926870666987, 2089.5819592918524, 

parameters:
3.402730503881091, -70.73555252239883, 5.783860237958223, 
objectives:
-64.9408378783142, -62.984039417922105, 5010.3131052931285, 

parameters:
1.3609572319688787, -41.65929025070501, 14.058602882791092, 
objectives:
-53.86568854624771, -27.19231170854104, 1724.2900658969431, 

parameters:
-1.2066740624768406, -76.07027406468038, 18.30766906883181, 
objectives:
-92.92188084045783, -47.47984645288683, 5770.8349894998055, 

parameters:
3.9497060858777466, -37.66589742304032, 3.667750277709813, 
objectives:
-25.733469535930425, -30.196793324021783, 1431.6522565701055, 

parameters:
2.676189482211356, -62.241876469794185, 0.10467995958941662, 
objectives:
-55.18456628468492, -61.67996429435151, 3882.108496666229, 

parameters:
0.4256437691910981, -87.21773815050715, 0, 
objectives:
-87.03656553225593, -84.73914060902034, 7608.115020708681, 

parameters:
2.2202124959973344, -55.38308897570709, 11.665214677488907, 
objectives:
-62.11896012581328, -43.66938075482481, 3061.5506733409816, 

parameters:
-0.3907871633425338, -94.42296092032139, 0.013825151930924809, 
objectives:
-94.28407146521901, -88.69327250798702, 8916.834438415643, 

parameters:
0.5690251277430339, -80.25351922494299, 2.3595596638335032, 
objectives:
-82.28928929277352, -75.84627047607864, 6439.591577920463, 

parameters:
0.5998249405242626, -82.53217000188454, 0, 
objectives:
-82.1723800426096, -80.57167980470665, 6812.918875179245, 

parameters:
0.7135090122585248, -52.483028426393574, 0, 
objectives:
-51.97393331581944, -50.82796936485354, 2755.97736791621, 

parameters:
-1.3711849761641972, -22.58767371539411, 10.106251404110703, 
objectives:
-30.8137768806464, -1.1165341677682115, 502.9769007078537, 

parameters:
2.1615639046719894, -85.90438966626265, 4.268822868995846, 
objectives:
-85.50085402127768, -81.60946390197394, 7380.967699578077, 

parameters:
-0.34150949798584085, -100, 5.620313857275956, 
objectives:
-105.50368512006142, -88.89701941356614, 9995.496314879938, 

parameters:
0.14640234386097806, -57.96143381859646, 18.22258185296818, 
objectives:
-76.16258202527665, -36.303027694784205, 3342.3266621008574, 

parameters:
0.9729792661972614, -59.45885837760922, 17.432351972699855, 
objectives:
-75.94452169785932, -40.971734817248645, 3519.8701762483397, 

parameters:
1.5124189241684376, -11.487759405890205, 6.088613422974767, 
objectives:
-15.288961826682158, -5.161410677406375, 129.16741374682692, 

parameters:
2.7429220098216254, -8.708901559277678, 12.254584107587565, 
objectives:
-13.439864514901338, 4.097615660987291, 72.11400341356551, 

parameters:
3.1364290382935316, -74.0111291986963, 15.477429903310934, 
objectives:
-79.65137198975634, -57.2422283363086, 5473.007002475056, 

parameters:
3.0948303468416434, -73.17136526832807, 0, 
objectives:
-63.593390392596106, -71.97271177996268, 5364.62667010682, 

parameters:
1.2116044801432635, -10.766681120565483, 20.0, 
objectives:
-29.298695704262258, 9.854886375164691, 98.38940776824442, 

parameters:
2.6242975024545956, -50.005541801749466, 11.979486808583738, 
objectives:
-55.09809122894377, -37.63630762159468, 2496.461661459319, 

parameters:
0.5031083448975815, -18.428362090846875, 5.514709743568245, 
objectives:
-23.689953827709537, -10.672967720163372, 335.34293761449953, 

parameters:
3.1131803883330837, -13.599657604286733, 20, 
objectives:
-23.907765473985002, 7.639512972682661, 175.64257908413572, 

parameters:
-0.08458799600516298, -9.500077931272266, 10.318242881199275, 
objectives:
-19.811165683403374, 5.16367206301583, 80.94039294811523, 

