Generation 1120 at Fri May 24 19:48:12 2019
parameters:
0.05101637681523949, -100, 19.95971668145522, 
objectives:
-119.95711401075187, -76.24174615510238, 9981.042885989249, 

parameters:
2.180284639276765, 1.1740064916978934, 0.0, 
objectives:
5.927647599964107, 1.2065090428570469, 7.13193235081501, 

parameters:
-1.9621740915493118, -6.11669491646547, 20, 
objectives:
-22.266567750918103, 29.582128615279146, 22.264083866661878, 

parameters:
-0.09310337269809921, -0.38187417318528993, 20, 
objectives:
-20.37320593517753, 23.999207555614866, -18.84550387784629, 

parameters:
1.9973066371654076, -100, 0, 
objectives:
-96.01076619713501, -99.99999274579665, 10004.989233802866, 

parameters:
3.9558662217405507, -3.0604659081803405, 16.131556662816617, 
objectives:
-3.543145006689098, 16.896503431981934, 9.883772476625357, 

parameters:
-2.0440260908713626, -37.758164418282874, 5.934011370042739, 
objectives:
-39.51413312816275, -15.470006024591822, 1424.923011528203, 

parameters:
2.0659354221163158, -27.14507354059757, 14.110465736029907, 
objectives:
-36.987450108272554, -13.030260324678006, 728.0126409567752, 

parameters:
2.9386708994370707, -21.6044149844601, 18.036770932410267, 
objectives:
-31.005399261672082, -2.6865409945998344, 458.3497625435521, 

parameters:
1.3609572319688787, -41.65929025070501, 14.058602882791092, 
objectives:
-53.86568854624771, -27.19231170854104, 1724.2900658969431, 

parameters:
-2.3433813358182025, -89.76321773182674, 20, 
objectives:
-104.27178164676565, -50.89825630349283, 8043.926693656395, 

parameters:
-0.3907871633425338, -94.42296092032139, 0.013825151930924809, 
objectives:
-94.28407146521901, -88.69327250798702, 8916.834438415643, 

parameters:
2.7429220098216254, -8.708901559277678, 12.254584107587565, 
objectives:
-13.439864514901338, 4.097615660987291, 72.11400341356551, 

parameters:
-1.2066740624768406, -76.07027406468038, 18.30766906883181, 
objectives:
-92.92188084045783, -47.47984645288683, 5770.8349894998055, 

parameters:
-0.6200579575293818, -96.01772925711005, 20, 
objectives:
-115.63325738641454, -69.15302555629701, 9200.788803562382, 

parameters:
3.753929607656389, -45.69230503102635, 13.296767255742783, 
objectives:
-44.89708478752988, -29.31926870666987, 2089.5819592918524, 

parameters:
1.0723500805447044, -96.8532879325444, 0.9000047694283779, 
objectives:
-96.60335800672854, -95.0927487900506, 9381.809313270167, 

parameters:
2.8875692939466884, -61.405299339758045, 5.64511883214894, 
objectives:
-58.71236174456321, -54.97240125605208, 3774.3037246004847, 

parameters:
0.4256437691910981, -87.21773815050715, 0, 
objectives:
-87.03656553225593, -84.73914060902034, 7608.115020708681, 

parameters:
0.5998249405242626, -82.53217000188454, 0, 
objectives:
-82.1723800426096, -80.57167980470665, 6812.918875179245, 

parameters:
-0.13298375209379687, -70.99749954804514, 6.378263983398618, 
objectives:
-77.3580788531228, -60.06961587795039, 5035.284362769592, 

parameters:
0.7135090122585248, -52.483028426393574, 0, 
objectives:
-51.97393331581944, -50.82796936485354, 2755.97736791621, 

parameters:
2.1615639046719894, -85.90438966626265, 4.268822868995846, 
objectives:
-85.50085402127768, -81.60946390197394, 7380.967699578077, 

parameters:
-0.06955116164805153, -66.65727643124914, 5.522876244771308, 
objectives:
-72.17531531193386, -56.851358175799035, 4438.674462351278, 

parameters:
2.2202124959973344, -55.38308897570709, 11.665214677488907, 
objectives:
-62.11896012581328, -43.66938075482481, 3061.5506733409816, 

parameters:
3.9430499361675455, -77.48972753863737, 0.6569126929240015, 
objectives:
-62.59899743245049, -73.05737179127267, 6020.54860411844, 

parameters:
5.410843625489644, -49.521606474726816, 6.541153320013823, 
objectives:
-26.785531055238724, -31.346598917169654, 2476.125583257193, 

parameters:
0.9549408251283885, -70.16083151880459, 0, 
objectives:
-69.24891953930769, -69.06868283982125, 4924.45419138958, 

parameters:
-1.1820257797096123, -89.65855065996385, 12.293089372930764, 
objectives:
-100.5544550889965, -67.24017322429653, 8028.759802016272, 

parameters:
5.818624545728345, -48.68755305483879, 0.0004361726270304511, 
objectives:
-14.831597623313424, -34.105223460972745, 2405.3337778992673, 

parameters:
-2.0641938743787995, -77.93498717362095, 0, 
objectives:
-73.67409082259799, -61.4173153250828, 6079.123122103485, 

parameters:
0.14640234386097806, -57.96143381859646, 18.22258185296818, 
objectives:
-76.16258202527665, -36.303027694784205, 3342.3266621008574, 

parameters:
2.2845858415657343, -59.39541037978344, 18.98079770188823, 
objectives:
-73.15687561418906, -40.333623576675535, 3515.053308948481, 

parameters:
0.25173020133587964, -82.2360336413731, 17.8635606729949, 
objectives:
-100.0362262201034, -61.31602567945712, 6745.965036486317, 

parameters:
-0.6979443842162487, -67.28203392413498, 6.973585714548227, 
objectives:
-73.7684932752242, -53.029544309262754, 4521.385629617361, 

parameters:
2.8093457985827275, -11.37386849682794, 11.032572911193512, 
objectives:
-14.51401759200703, 0.31374503604908455, 127.224735487956, 

parameters:
0.12306705079335112, -70.61289932425626, 5.85603808838497, 
objectives:
-76.45379191365026, -61.233983940053726, 4981.340658388157, 

