Generation 1122 at Fri May 24 19:48:12 2019
parameters:
0.05101637681523949, -100, 19.95971668145522, 
objectives:
-119.95711401075187, -76.24174615510238, 9981.042885989249, 

parameters:
2.180284639276765, 1.1740064916978934, 0.0, 
objectives:
5.927647599964107, 1.2065090428570469, 7.13193235081501, 

parameters:
-1.9621740915493118, -6.11669491646547, 20, 
objectives:
-22.266567750918103, 29.582128615279146, 22.264083866661878, 

parameters:
-0.09310337269809921, -0.38187417318528993, 20, 
objectives:
-20.37320593517753, 23.999207555614866, -18.84550387784629, 

parameters:
1.9973066371654076, -100, 0, 
objectives:
-96.01076619713501, -99.99999274579665, 10004.989233802866, 

parameters:
2.2202124959973344, -55.38308897570709, 11.665214677488907, 
objectives:
-62.11896012581328, -43.66938075482481, 3061.5506733409816, 

parameters:
3.753929607656389, -45.69230503102635, 13.296767255742783, 
objectives:
-44.89708478752988, -29.31926870666987, 2089.5819592918524, 

parameters:
-2.3433813358182025, -89.76321773182674, 20, 
objectives:
-104.27178164676565, -50.89825630349283, 8043.926693656395, 

parameters:
2.8875692939466884, -61.405299339758045, 5.64511883214894, 
objectives:
-58.71236174456321, -54.97240125605208, 3774.3037246004847, 

parameters:
0.5998249405242626, -82.53217000188454, 0, 
objectives:
-82.1723800426096, -80.57167980470665, 6812.918875179245, 

parameters:
1.3609572319688787, -41.65929025070501, 14.058602882791092, 
objectives:
-53.86568854624771, -27.19231170854104, 1724.2900658969431, 

parameters:
-0.3907871633425338, -94.42296092032139, 0.013825151930924809, 
objectives:
-94.28407146521901, -88.69327250798702, 8916.834438415643, 

parameters:
3.9430499361675455, -77.48972753863737, 0.6569126929240015, 
objectives:
-62.59899743245049, -73.05737179127267, 6020.54860411844, 

parameters:
1.3027048794424947, -35.47060939370772, 12.07660201535372, 
objectives:
-45.85017140613815, -22.907786893200694, 1248.7845687485558, 

parameters:
3.9558662217405507, -3.0604659081803405, 16.131556662816617, 
objectives:
-3.543145006689098, 16.896503431981934, 9.883772476625357, 

parameters:
2.0659354221163158, -27.14507354059757, 14.110465736029907, 
objectives:
-36.987450108272554, -13.030260324678006, 728.0126409567752, 

parameters:
-0.6200579575293818, -96.01772925711005, 20, 
objectives:
-115.63325738641454, -69.15302555629701, 9200.788803562382, 

parameters:
-2.072237129042971, -18.37528744069533, 15.003726430121882, 
objectives:
-29.08484715183296, 13.211554224582693, 327.9416288170379, 

parameters:
-0.06955116164805153, -66.65727643124914, 5.522876244771308, 
objectives:
-72.17531531193386, -56.851358175799035, 4438.674462351278, 

parameters:
2.064173374015726, -31.49974540873655, 12.689831032181786, 
objectives:
-39.92876472292287, -18.805796154622204, 984.8049415010331, 

parameters:
-0.13298375209379687, -70.99749954804514, 6.378263983398618, 
objectives:
-77.3580788531228, -60.06961587795039, 5035.284362769592, 

parameters:
0.4256437691910981, -87.21773815050715, 0, 
objectives:
-87.03656553225593, -84.73914060902034, 7608.115020708681, 

parameters:
-1.2066740624768406, -76.07027406468038, 18.30766906883181, 
objectives:
-92.92188084045783, -47.47984645288683, 5770.8349894998055, 

parameters:
-1.1820257797096123, -89.65855065996385, 12.293089372930764, 
objectives:
-100.5544550889965, -67.24017322429653, 8028.759802016272, 

parameters:
2.7429220098216254, -8.708901559277678, 12.254584107587565, 
objectives:
-13.439864514901338, 4.097615660987291, 72.11400341356551, 

parameters:
0.27727552436350944, -21.376273656633206, 12.509455360517165, 
objectives:
-33.808847300739316, -5.8990386771590195, 445.5125017991646, 

parameters:
2.1615639046719894, -85.90438966626265, 4.268822868995846, 
objectives:
-85.50085402127768, -81.60946390197394, 7380.967699578077, 

parameters:
0.9549408251283885, -70.16083151880459, 0, 
objectives:
-69.24891953930769, -69.06868283982125, 4924.45419138958, 

parameters:
4.299297541669231, -18.956180505181678, 8.499666440449738, 
objectives:
-8.971887593828319, -5.1697448796057675, 370.3210722563832, 

parameters:
3.739457665658793, -16.226074730352035, 12.629784504823016, 
objectives:
-14.872315601920745, -0.5705772549098835, 265.6392602834002, 

parameters:
1.7287772476520316, -73.60655620650392, 4.510309361280544, 
objectives:
-75.12819479578513, -69.02268506383217, 5417.40347799194, 

parameters:
1.0723500805447044, -96.8532879325444, 0.9000047694283779, 
objectives:
-96.60335800672854, -95.0927487900506, 9381.809313270167, 

parameters:
1.42966145264555, -97.40656533409602, 0.16748203582511278, 
objectives:
-95.53011550074055, -96.91379723967252, 9490.91542001887, 

