Generation 1126 at Fri May 24 19:48:12 2019
parameters:
0.05101637681523949, -100, 19.95971668145522, 
objectives:
-119.95711401075187, -76.24174615510238, 9981.042885989249, 

parameters:
2.180284639276765, 1.1740064916978934, 0.0, 
objectives:
5.927647599964107, 1.2065090428570469, 7.13193235081501, 

parameters:
-1.9621740915493118, -6.11669491646547, 20, 
objectives:
-22.266567750918103, 29.582128615279146, 22.264083866661878, 

parameters:
-0.09310337269809921, -0.38187417318528993, 20, 
objectives:
-20.37320593517753, 23.999207555614866, -18.84550387784629, 

parameters:
1.9973066371654076, -100, 0, 
objectives:
-96.01076619713501, -99.99999274579665, 10004.989233802866, 

parameters:
1.3609572319688787, -41.65929025070501, 14.058602882791092, 
objectives:
-53.86568854624771, -27.19231170854104, 1724.2900658969431, 

parameters:
-0.6200579575293818, -96.01772925711005, 20, 
objectives:
-115.63325738641454, -69.15302555629701, 9200.788803562382, 

parameters:
-0.13298375209379687, -70.99749954804514, 6.378263983398618, 
objectives:
-77.3580788531228, -60.06961587795039, 5035.284362769592, 

parameters:
3.9558662217405507, -3.0604659081803405, 16.131556662816617, 
objectives:
-3.543145006689098, 16.896503431981934, 9.883772476625357, 

parameters:
2.077366650302107, -76.31579629827023, 0.1328916998944677, 
objectives:
-72.1332357983773, -76.17691899979678, 5829.283325138969, 

parameters:
5.903322390503135, -30.773432196895758, 1.0974526968368443, 
objectives:
2.9783303524830473, -14.440053815855805, 981.7558917263193, 

parameters:
0.5998249405242626, -82.53217000188454, 0, 
objectives:
-82.1723800426096, -80.57167980470665, 6812.918875179245, 

parameters:
2.8875692939466884, -61.405299339758045, 5.64511883214894, 
objectives:
-58.71236174456321, -54.97240125605208, 3774.3037246004847, 

parameters:
1.3035514008521272, -88.19352405091107, 20, 
objectives:
-106.49427779624752, -67.70848339965603, 7760.796930773292, 

parameters:
0.04910098061887591, -44.394796215164334, 6.063111776298285, 
objectives:
-50.455497085164886, -34.52567745504382, 1965.8372301159689, 

parameters:
2.27474116555582, -92.54546315536983, 0, 
objectives:
-87.37101578509558, -92.46998044731886, 8570.83719801219, 

parameters:
2.17825971400844, -51.499375653040424, 13.630924499078372, 
objectives:
-60.385484770446666, -37.83667462832368, 2644.2995835355664, 

parameters:
0.34195687088268034, -64.69427024752615, 19.807486882210924, 
objectives:
-84.38482262819319, -42.13767634730207, 4166.65805047928, 

parameters:
2.2202124959973344, -55.38308897570709, 11.665214677488907, 
objectives:
-62.11896012581328, -43.66938075482481, 3061.5506733409816, 

parameters:
-1.2066740624768406, -76.07027406468038, 18.30766906883181, 
objectives:
-92.92188084045783, -47.47984645288683, 5770.8349894998055, 

parameters:
-0.28048281410081133, -10.877914007563053, 14.589526689914324, 
objectives:
-25.388770088471468, 8.912214547760428, 104.81815707502807, 

parameters:
0.4256437691910981, -87.21773815050715, 0, 
objectives:
-87.03656553225593, -84.73914060902034, 7608.115020708681, 

parameters:
0.2594293828282088, -74.15012890976053, 4.898054147962608, 
objectives:
-78.98087945304852, -66.22248868843613, 5494.410866790816, 

parameters:
-0.7971184987809474, -93.48361311890504, 3.241688533039593, 
objectives:
-96.08990375084585, -82.41805268964286, 8737.579631133172, 

parameters:
-4.378976955206956, -62.92546388774193, 20, 
objectives:
-63.750024713508346, -2.234116892680518, 3959.7894446617465, 

parameters:
2.0659354221163158, -27.14507354059757, 14.110465736029907, 
objectives:
-36.987450108272554, -13.030260324678006, 728.0126409567752, 

parameters:
3.0898957771947404, -89.98340418743877, 0.2822127841348461, 
objectives:
-80.71816105764772, -88.513318598157, 8107.278272289764, 

parameters:
0.27727552436350944, -21.376273656633206, 12.509455360517165, 
objectives:
-33.808847300739316, -5.8990386771590195, 445.5125017991646, 

parameters:
2.24552727274924, -29.438147010922084, 20.0, 
objectives:
-44.39575427826144, -9.377863369258403, 852.6468921693215, 

parameters:
-2.072237129042971, -18.37528744069533, 15.003726430121882, 
objectives:
-29.08484715183296, 13.211554224582693, 327.9416288170379, 

parameters:
-0.3907871633425338, -94.42296092032139, 0.013825151930924809, 
objectives:
-94.28407146521901, -88.69327250798702, 8916.834438415643, 

parameters:
1.0478619366306283, -30.43202874698677, 16.720712553949014, 
objectives:
-46.054726662696496, -12.804749301320978, 911.4856757417194, 

parameters:
-0.8652541155791575, -30.018300325635753, 19.06492708775751, 
objectives:
-48.334562728866594, -2.7436920910349443, 883.7820920368328, 

parameters:
1.7129814075722358, -19.224526878885182, 12.119116830667338, 
objectives:
-28.40933840686436, -7.023030375818628, 361.39762218899966, 

