Generation 113 at Fri May 24 19:55:16 2019
parameters:
0, 0.0, 20.0, 
objectives:
-20.0, 24.0, -19.0, 

parameters:
0, 0.0, 20.0, 
objectives:
-20.0, 24.0, -19.0, 

parameters:
1.9979647189482492, 0.0, 20.0, 
objectives:
-16.008136981838042, 20.000004142368958, -15.008136981838044, 

parameters:
1.3290662146064665, 0.0, 20.0, 
objectives:
-18.23358299719164, 20.450152144382496, -17.23358299719164, 

parameters:
1.2205550340692515, 0.0, 20.0, 
objectives:
-18.51024540880821, 20.607534454914784, -17.51024540880821, 

parameters:
0.3855926043016252, 0.0, 20.0, 
objectives:
-19.85131834350789, 22.60631123928561, -18.85131834350789, 

parameters:
1.9262043884348685, 0.0, 20.0, 
objectives:
-16.289736653974256, 20.00544579228627, -15.289736653974254, 

parameters:
1.0251429405242165, 0.0, 20.0, 
objectives:
-18.949081951493362, 20.950346286409772, -17.949081951493362, 

parameters:
1.8771358898968864, 0.0, 20.0, 
objectives:
-16.476360850861024, 20.01509558955143, -15.476360850861024, 

parameters:
0.9602158594910675, 0.0, 20.0, 
objectives:
-19.077985503181832, 21.081151058853898, -18.077985503181832, 

parameters:
1.1151132839784423, 0.0, 20.0, 
objectives:
-18.756522363894813, 20.783024500191416, -17.756522363894813, 

parameters:
0.5257105336488367, 0.0, 20.0, 
objectives:
-19.723628434810657, 22.173529430593998, -18.723628434810657, 

parameters:
0.8753797265992728, 0.0, 20.0, 
objectives:
-19.233710334258983, 21.264770759343925, -18.233710334258983, 

parameters:
0.2544080700325396, 0.0, 20.0, 
objectives:
-19.935276533902318, 23.047091185967524, -18.935276533902318, 

parameters:
0.1437216539481625, 0.0, 20.0, 
objectives:
-19.979344086186405, 23.445769298020945, -18.979344086186405, 

parameters:
1.4378447545955133, 0.0, 20.0, 
objectives:
-17.93260246168217, 20.316018519935778, -16.93260246168217, 

parameters:
1.8051427033405467, 0.0, 20.0, 
objectives:
-16.741459820576384, 20.03796936606143, -15.741459820576383, 

parameters:
0.6216796276523376, 0.0, 20.0, 
objectives:
-19.61351444056205, 21.8997670488286, -18.61351444056205, 

parameters:
1.513617069289852, 0.0, 20.0, 
objectives:
-17.7089633675544, 20.23656835528619, -16.7089633675544, 

parameters:
1.3991702182070074, 0.0, 20.0, 
objectives:
-18.042322700482554, 20.360996426689415, -17.042322700482554, 

parameters:
1.7229699558653842, 0.0, 20.0, 
objectives:
-17.031374531185236, 20.076745645353228, -16.031374531185236, 

parameters:
0.45892479178278345, 0.0, 20.0, 
objectives:
-19.78938803548713, 22.374912797381736, -18.78938803548713, 

parameters:
0.7681594466823068, 0.0, 20.0, 
objectives:
-19.409931064472733, 21.51743114879804, -18.409931064472733, 

parameters:
1.1657526197145944, 0.0, 20.0, 
objectives:
-18.64102082962856, 20.695968691513063, -17.64102082962856, 

parameters:
1.775784490197824, 0.0, 20.0, 
objectives:
-16.846589444372853, 20.05027259483585, -15.846589444372855, 

parameters:
0.8183590996826161, 0.0, 20.0, 
objectives:
-19.330288383966657, 21.39627521730288, -18.330288383966657, 

parameters:
0.01591104053706371, 0.0, 20.0, 
objectives:
-19.99974683878903, 23.936608999062717, -18.99974683878903, 

parameters:
0.694829835273758, 0.0, 20.0, 
objectives:
-19.517211500013442, 21.703469158891526, -18.517211500013442, 

parameters:
1.5815389365629897, 0.0, 20.0, 
objectives:
-17.498734592135207, 20.175109661612833, -16.498734592135207, 

parameters:
1.6188607551276926, 0.0, 20.0, 
objectives:
-17.3792898555074, 20.14526712398183, -16.3792898555074, 

parameters:
0.20837813097763608, 0.0, 20.0, 
objectives:
-19.956578554530267, 23.20990892155919, -18.956578554530267, 

parameters:
1.5445475486242064, 0.0, 20.0, 
objectives:
-17.614372870038956, 20.20743693546422, -16.614372870038956, 

parameters:
1.6520389216866362, 0.0, 20.0, 
objectives:
-17.270767401232455, 20.121076912021, -16.270767401232455, 

parameters:
0.670127619630409, 0.0, 20.0, 
objectives:
-19.55092897340848, 21.768560548069882, -18.55092897340848, 

parameters:
1.677669209605845, 0.0, 20.0, 
objectives:
-17.1854260231405, 20.10389713843612, -16.1854260231405, 

parameters:
1.674850830788986, 0.0, 20.0, 
objectives:
-17.194874694605442, 20.105721982238613, -16.194874694605442, 

