Generation 1131 at Fri May 24 19:48:12 2019
parameters:
0.05101637681523949, -100, 19.95971668145522, 
objectives:
-119.95711401075187, -76.24174615510238, 9981.042885989249, 

parameters:
2.180284639276765, 1.1740064916978934, 0.0, 
objectives:
5.927647599964107, 1.2065090428570469, 7.13193235081501, 

parameters:
-0.09310337269809921, -0.38187417318528993, 20, 
objectives:
-20.37320593517753, 23.999207555614866, -18.84550387784629, 

parameters:
1.9973066371654076, -100, 0, 
objectives:
-96.01076619713501, -99.99999274579665, 10004.989233802866, 

parameters:
0.799847241135067, -94.53549966341859, 13.893368428604427, 
objectives:
-107.78911248287164, -79.20176459020306, 8924.707083792764, 

parameters:
5.439460033326891, -22.10571425624125, 18.682491550572703, 
objectives:
-11.200480352653368, 8.406662615184471, 500.5678366821755, 

parameters:
2.24552727274924, -29.438147010922084, 20.0, 
objectives:
-44.39575427826144, -9.377863369258403, 852.6468921693215, 

parameters:
3.0307327174349923, -34.83315857645979, 12.88928770705591, 
objectives:
-38.5371054789848, -20.881460934612956, 1210.644989510269, 

parameters:
-0.6200579575293818, -96.01772925711005, 20, 
objectives:
-115.63325738641454, -69.15302555629701, 9200.788803562382, 

parameters:
2.2202124959973344, -55.38308897570709, 11.665214677488907, 
objectives:
-62.11896012581328, -43.66938075482481, 3061.5506733409816, 

parameters:
0.04910098061887591, -44.394796215164334, 6.063111776298285, 
objectives:
-50.455497085164886, -34.52567745504382, 1965.8372301159689, 

parameters:
2.8875692939466884, -61.405299339758045, 5.64511883214894, 
objectives:
-58.71236174456321, -54.97240125605208, 3774.3037246004847, 

parameters:
0.4256437691910981, -87.21773815050715, 0, 
objectives:
-87.03656553225593, -84.73914060902034, 7608.115020708681, 

parameters:
0.12093182191739738, -50.40132220789432, 20, 
objectives:
-70.38669770234205, -26.870424990011642, 2521.307904809533, 

parameters:
0.7318278747469424, -83.9149861215733, 12.860179980748878, 
objectives:
-96.23959406406556, -69.44654560155557, 7030.4002878413485, 

parameters:
2.27474116555582, -92.54546315536983, 0, 
objectives:
-87.37101578509558, -92.46998044731886, 8570.83719801219, 

parameters:
-2.958935840551588, -42.83306229052151, 20, 
objectives:
-54.07776098202078, 1.7579823801855703, 1824.4265264921967, 

parameters:
2.077366650302107, -76.31579629827023, 0.1328916998944677, 
objectives:
-72.1332357983773, -76.17691899979678, 5829.283325138969, 

parameters:
-0.13298375209379687, -70.99749954804514, 6.378263983398618, 
objectives:
-77.3580788531228, -60.06961587795039, 5035.284362769592, 

parameters:
4.226492620384478, -82.07618218402533, 0, 
objectives:
-64.21294231386088, -77.11891279539878, 6755.3629217754815, 

parameters:
0.2594293828282088, -74.15012890976053, 4.898054147962608, 
objectives:
-78.98087945304852, -66.22248868843613, 5494.410866790816, 

parameters:
-0.2939110800237259, -36.25344576127853, 0.07545905789760243, 
objectives:
-36.24252109621542, -30.91595866032531, 1315.3232542310272, 

parameters:
0.34195687088268034, -64.69427024752615, 19.807486882210924, 
objectives:
-84.38482262819319, -42.13767634730207, 4166.65805047928, 

parameters:
1.9221998274787047, -79.30746615072168, 17.47558196287999, 
objectives:
-93.08819593684251, -61.82583132099735, 6276.893457461744, 

parameters:
0.9369263247986067, -2.328163492939852, 14.609888237276266, 
objectives:
-16.060220792115494, 13.41185038324261, -7.311712049317749, 

parameters:
3.037657346674224, -25.075510415162, 18.288158662941004, 
objectives:
-34.13630692229912, -5.710618983114006, 620.7204260737609, 

parameters:
-0.7554362872557834, -5.281436853593487, 20, 
objectives:
-24.710752869490683, 22.31099227953245, 9.464259222598272, 

parameters:
-2.072237129042971, -18.37528744069533, 15.003726430121882, 
objectives:
-29.08484715183296, 13.211554224582693, 327.9416288170379, 

parameters:
3.0898957771947404, -89.98340418743877, 0.2822127841348461, 
objectives:
-80.71816105764772, -88.513318598157, 8107.278272289764, 

parameters:
3.7053197270732325, -69.15208505365317, 5.705517362290088, 
objectives:
-61.1282081361052, -60.53845231981796, 4791.034744185229, 

parameters:
0.9347088449415255, -89.71202488864182, 0.3368463388222316, 
objectives:
-89.17519060265212, -88.24033330477377, 8049.784243906279, 

parameters:
0.7172243496627566, -30.84225998533067, 2.489680016148247, 
objectives:
-32.81752923372975, -26.70706660008429, 950.2697317543305, 

parameters:
0.037091294588424084, -63.686839348858776, 6.8363352711660585, 
objectives:
-70.5217988558906, -52.997493491912174, 4050.1785467403142, 

parameters:
2.864889445566244, -78.89007103460158, 7.288368099081686, 
objectives:
-77.97084759836639, -70.85366918246801, 6225.562531280718, 

parameters:
4.3640238056772205, -63.56705865058634, 18.038604307659647, 
objectives:
-62.5609591817285, -39.93984578911809, 4042.7770449559416, 

parameters:
-0.28048281410081133, -10.877914007563053, 14.589526689914324, 
objectives:
-25.388770088471468, 8.912214547760428, 104.81815707502807, 

