Generation 1139 at Fri May 24 19:48:12 2019
parameters:
2.180284639276765, 1.1740064916978934, 0.0, 
objectives:
5.927647599964107, 1.2065090428570469, 7.13193235081501, 

parameters:
0.05101637681523949, -100, 19.95971668145522, 
objectives:
-119.95711401075187, -76.24174615510238, 9981.042885989249, 

parameters:
-0.09310337269809921, -0.38187417318528993, 20, 
objectives:
-20.37320593517753, 23.999207555614866, -18.84550387784629, 

parameters:
1.9973066371654076, -100, 0, 
objectives:
-96.01076619713501, -99.99999274579665, 10004.989233802866, 

parameters:
3.5266326428681163, -37.58083500318139, 19.772778741461988, 
objectives:
-44.91647594690042, -15.477449035448917, 1405.9835185926247, 

parameters:
-0.2731239973088222, -11.256155738312042, 0.0, 
objectives:
-11.181559020406093, -6.089063031170804, 127.77563872304107, 

parameters:
3.037657346674224, -25.075510415162, 18.288158662941004, 
objectives:
-34.13630692229912, -5.710618983114006, 620.7204260737609, 

parameters:
1.781184768795447, -14.20952985285113, 18.064239801946844, 
objectives:
-29.101150474209085, 3.9025900545028165, 188.0191180177095, 

parameters:
0.9369263247986067, -2.328163492939852, 14.609888237276266, 
objectives:
-16.060220792115494, 13.41185038324261, -7.311712049317749, 

parameters:
0.7318278747469424, -83.9149861215733, 12.860179980748878, 
objectives:
-96.23959406406556, -69.44654560155557, 7030.4002878413485, 

parameters:
2.866817500356311, -67.13360662017496, 7.276348209658863, 
objectives:
-66.19131224948461, -59.10588583159213, 4508.863432203089, 

parameters:
-0.594110507336623, -98.76116186403272, 2.9784690370092006, 
objectives:
-101.38666360611414, -89.05328350274924, 9752.141590991589, 

parameters:
-0.6200579575293818, -96.01772925711005, 20, 
objectives:
-115.63325738641454, -69.15302555629701, 9200.788803562382, 

parameters:
-0.37534275434528364, -88.33925795497804, 20, 
objectives:
-108.19837577173854, -62.697004754357394, 7784.96537821939, 

parameters:
2.27474116555582, -92.54546315536983, 0, 
objectives:
-87.37101578509558, -92.46998044731886, 8570.83719801219, 

parameters:
0.12093182191739738, -50.40132220789432, 20, 
objectives:
-70.38669770234205, -26.870424990011642, 2521.307904809533, 

parameters:
3.2533117938490514, -40.49229056884676, 20, 
objectives:
-49.90825294084943, -18.92150011624563, 1631.2096331399136, 

parameters:
0.4290081109365084, -31.570934990687547, 0.17651292660427023, 
objectives:
-31.563399958042506, -28.926406548579997, 997.7314712188644, 

parameters:
-1.115722190431012, -63.001624670533026, 0, 
objectives:
-61.75678866431285, -53.293899902588805, 3971.449547132936, 

parameters:
-0.17192555193972814, -70.0642161830022, 20, 
objectives:
-90.03465778759242, -45.346955579833505, 4890.023947733877, 

parameters:
1.7330621285635324, -59.79329009854705, 7.170426179909621, 
objectives:
-63.960211936995506, -52.551608091430396, 3572.0706189705556, 

parameters:
-0.9116843036223709, -74.25709560511194, 0, 
objectives:
-73.42592733564054, -65.77919012115105, 5515.947415976207, 

parameters:
-1.8954079573593303, -46.69816935445189, 14.612826675929075, 
objectives:
-57.7184247055599, -16.91113952426443, 2170.6987657059617, 

parameters:
0.799847241135067, -94.53549966341859, 13.893368428604427, 
objectives:
-107.78911248287164, -79.20176459020306, 8924.707083792764, 

parameters:
-0.08505128992880895, -0.9930628838582809, 19.77812614199805, 
objectives:
-20.763955303937777, 23.13250213977356, -17.78471852878257, 

parameters:
-1.1790205925314543, -51.11298091615315, 1.9186054857137869, 
objectives:
-51.64149684425371, -39.088203502700324, 2613.0083022069352, 

parameters:
0.04910098061887591, -44.394796215164334, 6.063111776298285, 
objectives:
-50.455497085164886, -34.52567745504382, 1965.8372301159689, 

parameters:
-0.11163165478806847, -78.34367731643728, 0.2786803135626337, 
objectives:
-78.60989600364918, -73.60600875737165, 6138.465556774838, 

parameters:
1.9221998274787047, -79.30746615072168, 17.47558196287999, 
objectives:
-93.08819593684251, -61.82583132099735, 6276.893457461744, 

parameters:
-0.4611646061914659, -75.21046917284038, 2.332367563678365, 
objectives:
-77.33016394251501, -66.82077039039243, 5655.494978429098, 

parameters:
-0.43025378375583356, -91.91401016662383, 0, 
objectives:
-91.72889184818762, -86.00787671316428, 8449.370383228663, 

parameters:
2.2202124959973344, -55.38308897570709, 11.665214677488907, 
objectives:
-62.11896012581328, -43.66938075482481, 3061.5506733409816, 

parameters:
1.7692558418371762, -89.72375646689622, 8.020212814283603, 
objectives:
-94.61370304730485, -81.65030078608635, 8046.462527950493, 

parameters:
3.0898957771947404, -89.98340418743877, 0.2822127841348461, 
objectives:
-80.71816105764772, -88.513318598157, 8107.278272289764, 

parameters:
-0.8784018478303749, -56.09865101140777, 8.267228485703962, 
objectives:
-63.59428969083991, -39.54622532811049, 3140.56300662029, 

parameters:
0.46736957157018577, -69.75540439268286, 14.136788748070828, 
objectives:
-83.673758824324, -53.26965961446308, 4852.898087555079, 

