Generation 1141 at Fri May 24 19:48:12 2019
parameters:
2.180284639276765, 1.1740064916978934, 0.0, 
objectives:
5.927647599964107, 1.2065090428570469, 7.13193235081501, 

parameters:
0.05101637681523949, -100, 19.95971668145522, 
objectives:
-119.95711401075187, -76.24174615510238, 9981.042885989249, 

parameters:
-0.09310337269809921, -0.38187417318528993, 20, 
objectives:
-20.37320593517753, 23.999207555614866, -18.84550387784629, 

parameters:
1.9973066371654076, -100, 0, 
objectives:
-96.01076619713501, -99.99999274579665, 10004.989233802866, 

parameters:
-0.11163165478806847, -78.34367731643728, 0.2786803135626337, 
objectives:
-78.60989600364918, -73.60600875737165, 6138.465556774838, 

parameters:
-0.2731239973088222, -11.256155738312042, 0.0, 
objectives:
-11.181559020406093, -6.089063031170804, 127.77563872304107, 

parameters:
3.5266326428681163, -37.58083500318139, 19.772778741461988, 
objectives:
-44.91647594690042, -15.477449035448917, 1405.9835185926247, 

parameters:
-0.6200579575293818, -96.01772925711005, 20, 
objectives:
-115.63325738641454, -69.15302555629701, 9200.788803562382, 

parameters:
-0.2023347906095605, -87.17355354931905, 19.42618234209726, 
objectives:
-106.5587965239253, -62.897092677292534, 7580.84319544139, 

parameters:
-0.17192555193972814, -70.0642161830022, 20, 
objectives:
-90.03465778759242, -45.346955579833505, 4890.023947733877, 

parameters:
3.037657346674224, -25.075510415162, 18.288158662941004, 
objectives:
-34.13630692229912, -5.710618983114006, 620.7204260737609, 

parameters:
1.9221998274787047, -79.30746615072168, 17.47558196287999, 
objectives:
-93.08819593684251, -61.82583132099735, 6276.893457461744, 

parameters:
0.12093182191739738, -50.40132220789432, 20, 
objectives:
-70.38669770234205, -26.870424990011642, 2521.307904809533, 

parameters:
0.9369263247986067, -2.328163492939852, 14.609888237276266, 
objectives:
-16.060220792115494, 13.41185038324261, -7.311712049317749, 

parameters:
2.866817500356311, -67.13360662017496, 7.276348209658863, 
objectives:
-66.19131224948461, -59.10588583159213, 4508.863432203089, 

parameters:
2.27474116555582, -92.54546315536983, 0, 
objectives:
-87.37101578509558, -92.46998044731886, 8570.83719801219, 

parameters:
-1.429803146900623, -19.322402742638275, 12.474483208830222, 
objectives:
-29.752548912581574, 4.915630092681363, 363.9251015787718, 

parameters:
-1.115722190431012, -63.001624670533026, 0, 
objectives:
-61.75678866431285, -53.293899902588805, 3971.449547132936, 

parameters:
0.04910098061887591, -44.394796215164334, 6.063111776298285, 
objectives:
-50.455497085164886, -34.52567745504382, 1965.8372301159689, 

parameters:
-1.7015228007870091, -40.19666788708751, 1.8841175713317686, 
objectives:
-39.18560561682121, -24.61127927100964, 1617.7831714950785, 

parameters:
-1.6006754763780329, -10.680245657940471, 20, 
objectives:
-28.11808367726243, 22.284618228249702, 97.62980929463433, 

parameters:
1.7330621285635324, -59.79329009854705, 7.170426179909621, 
objectives:
-63.960211936995506, -52.551608091430396, 3572.0706189705556, 

parameters:
0.799847241135067, -94.53549966341859, 13.893368428604427, 
objectives:
-107.78911248287164, -79.20176459020306, 8924.707083792764, 

parameters:
-0.37534275434528364, -88.33925795497804, 20, 
objectives:
-108.19837577173854, -62.697004754357394, 7784.96537821939, 

parameters:
-0.594110507336623, -98.76116186403272, 2.9784690370092006, 
objectives:
-101.38666360611414, -89.05328350274924, 9752.141590991589, 

parameters:
3.2533117938490514, -40.49229056884676, 20, 
objectives:
-49.90825294084943, -18.92150011624563, 1631.2096331399136, 

parameters:
1.6238488315303714, -54.72632119397224, 5.919502644662811, 
objectives:
-58.0089388109725, -48.66532884776836, 2992.687613808815, 

parameters:
0.8452729046854555, -93.41026987412751, 4.000129872537789, 
objectives:
-96.6959134632699, -88.07674533693616, 8723.192874368191, 

parameters:
0.18702728855999368, -50.63213623898419, 4.265108344434033, 
objectives:
-54.86226537675212, -43.080157842124024, 2560.383090985288, 

parameters:
-0.8393049899072983, -91.47328276046883, 6.833679710595797, 
objectives:
-97.60252960498134, -76.57795022416055, 8362.23221213217, 

parameters:
-1.8954079573593303, -46.69816935445189, 14.612826675929075, 
objectives:
-57.7184247055599, -16.91113952426443, 2170.6987657059617, 

parameters:
-1.114913047767308, -53.56248850143345, 5.720122731052528, 
objectives:
-58.03958012840419, -38.139682475229904, 2865.4630828392196, 

parameters:
-1.0484960338287397, -99.16905400455683, 0, 
objectives:
-98.06971007160223, -89.87572593628727, 9836.600616091662, 

parameters:
2.5817227653344856, -52.80739663058443, 11.699552023919434, 
objectives:
-57.84165621745751, -40.7694432309566, 2784.5868793129866, 

