Generation 1145 at Fri May 24 19:48:12 2019
parameters:
0.05101637681523949, -100, 19.95971668145522, 
objectives:
-119.95711401075187, -76.24174615510238, 9981.042885989249, 

parameters:
2.180284639276765, 1.1740064916978934, 0.0, 
objectives:
5.927647599964107, 1.2065090428570469, 7.13193235081501, 

parameters:
-0.09310337269809921, -0.38187417318528993, 20, 
objectives:
-20.37320593517753, 23.999207555614866, -18.84550387784629, 

parameters:
1.9973066371654076, -100, 0, 
objectives:
-96.01076619713501, -99.99999274579665, 10004.989233802866, 

parameters:
3.5266326428681163, -37.58083500318139, 19.772778741461988, 
objectives:
-44.91647594690042, -15.477449035448917, 1405.9835185926247, 

parameters:
-0.11163165478806847, -78.34367731643728, 0.2786803135626337, 
objectives:
-78.60989600364918, -73.60600875737165, 6138.465556774838, 

parameters:
-0.2023347906095605, -87.17355354931905, 19.42618234209726, 
objectives:
-106.5587965239253, -62.897092677292534, 7580.84319544139, 

parameters:
-0.6845057468400073, -74.50506884158831, 9.678562856313343, 
objectives:
-83.71508358044467, -57.61993488045794, 5542.7952683509575, 

parameters:
-1.8277481921088512, -64.40041217700667, 10.579133766791449, 
objectives:
-71.63888249004094, -39.16962218802264, 4141.174618255314, 

parameters:
-0.17192555193972814, -70.0642161830022, 20, 
objectives:
-90.03465778759242, -45.346955579833505, 4890.023947733877, 

parameters:
0.04910098061887591, -44.394796215164334, 6.063111776298285, 
objectives:
-50.455497085164886, -34.52567745504382, 1965.8372301159689, 

parameters:
2.27474116555582, -92.54546315536983, 0, 
objectives:
-87.37101578509558, -92.46998044731886, 8570.83719801219, 

parameters:
1.6238488315303714, -54.72632119397224, 5.919502644662811, 
objectives:
-58.0089388109725, -48.66532884776836, 2992.687613808815, 

parameters:
-1.4456147980164769, -2.1961407872150147, 0.38915742386071844, 
objectives:
-0.4954960668315142, 10.06527797295583, 7.5236790776528855, 

parameters:
1.4840980886292996, -29.85773014577572, 3.2364848518622926, 
objectives:
-30.891667860964873, -26.35509051175748, 891.450111742775, 

parameters:
-0.286482010710305, -83.54412421623613, 10.094854415241315, 
objectives:
-93.55690668901683, -68.22126981569298, 6970.6079085851115, 

parameters:
3.037657346674224, -25.075510415162, 18.288158662941004, 
objectives:
-34.13630692229912, -5.710618983114006, 620.7204260737609, 

parameters:
-1.115722190431012, -63.001624670533026, 0, 
objectives:
-61.75678866431285, -53.293899902588805, 3971.449547132936, 

parameters:
0.9188522589327284, -47.73618327717082, 17.861307939740783, 
objectives:
-64.75320174316582, -28.705994899415167, 2262.7261754056476, 

parameters:
-0.2731239973088222, -11.256155738312042, 0.0, 
objectives:
-11.181559020406093, -6.089063031170804, 127.77563872304107, 

parameters:
-0.594110507336623, -98.76116186403272, 2.9784690370092006, 
objectives:
-101.38666360611414, -89.05328350274924, 9752.141590991589, 

parameters:
-0.15628050396459858, -59.92630433563957, 9.497087892338527, 
objectives:
-69.39896863205867, -45.77967083152322, 3582.689287031275, 

parameters:
-1.7707758162272054, -37.02166393746401, 20, 
objectives:
-53.88601694612889, -2.8029136812200655, 1354.7392476898585, 

parameters:
-1.2292782036234837, -84.85851502112433, 13.607417275060666, 
objectives:
-96.95480739428122, -60.82286002966595, 7189.871279217227, 

parameters:
-0.6200579575293818, -96.01772925711005, 20, 
objectives:
-115.63325738641454, -69.15302555629701, 9200.788803562382, 

parameters:
0.8263066795754286, -97.7640253351226, 15.08302850916677, 
objectives:
-112.16427111557839, -81.30344081554658, 9544.404403946037, 

parameters:
-0.1137753995203612, -21.285754281233903, 4.305062322866357, 
objectives:
-25.577871762564243, -12.512645518750082, 449.79121783973704, 

parameters:
-1.2536728189557116, -8.996431394764102, 14.172730327311369, 
objectives:
-21.59746618508711, 15.762685745358473, 69.33474305037414, 

parameters:
0.9369263247986067, -2.328163492939852, 14.609888237276266, 
objectives:
-16.060220792115494, 13.41185038324261, -7.311712049317749, 

parameters:
2.985332106772514, -95.29791940447103, 8.413843727427377, 
objectives:
-94.7995553441716, -85.9131963164069, 9083.191806881357, 

parameters:
-1.429803146900623, -19.322402742638275, 12.474483208830222, 
objectives:
-29.752548912581574, 4.915630092681363, 363.9251015787718, 

parameters:
0.12093182191739738, -50.40132220789432, 20, 
objectives:
-70.38669770234205, -26.870424990011642, 2521.307904809533, 

parameters:
2.614939009467992, -97.26992829813597, 3.954727898509741, 
objectives:
-94.38675017340827, -92.93705041426075, 9465.32212924924, 

parameters:
-1.6006754763780329, -10.680245657940471, 20, 
objectives:
-28.11808367726243, 22.284618228249702, 97.62980929463433, 

parameters:
-0.3851202122952132, -100, 10.356791790837267, 
objectives:
-110.20847421291896, -83.95440978206358, 9990.79152578708, 

parameters:
0.7469060609840613, -19.7381549224545, 9.518004409650757, 
objectives:
-28.69829066817053, -8.64990609280526, 381.6346239970987, 

