Generation 1147 at Fri May 24 19:48:12 2019
parameters:
0.05101637681523949, -100, 19.95971668145522, 
objectives:
-119.95711401075187, -76.24174615510238, 9981.042885989249, 

parameters:
2.180284639276765, 1.1740064916978934, 0.0, 
objectives:
5.927647599964107, 1.2065090428570469, 7.13193235081501, 

parameters:
-0.09310337269809921, -0.38187417318528993, 20, 
objectives:
-20.37320593517753, 23.999207555614866, -18.84550387784629, 

parameters:
1.9973066371654076, -100, 0, 
objectives:
-96.01076619713501, -99.99999274579665, 10004.989233802866, 

parameters:
2.27474116555582, -92.54546315536983, 0, 
objectives:
-87.37101578509558, -92.46998044731886, 8570.83719801219, 

parameters:
0.8263066795754286, -97.7640253351226, 15.08302850916677, 
objectives:
-112.16427111557839, -81.30344081554658, 9544.404403946037, 

parameters:
-1.4456147980164769, -2.1961407872150147, 0.38915742386071844, 
objectives:
-0.4954960668315142, 10.06527797295583, 7.5236790776528855, 

parameters:
3.037657346674224, -25.075510415162, 18.288158662941004, 
objectives:
-34.13630692229912, -5.710618983114006, 620.7204260737609, 

parameters:
-0.286482010710305, -83.54412421623613, 10.094854415241315, 
objectives:
-93.55690668901683, -68.22126981569298, 6970.6079085851115, 

parameters:
0.36045686856848114, -87.86827461241151, 12.655157162980357, 
objectives:
-100.39350262129368, -72.52501576960688, 7709.308455353279, 

parameters:
-0.2731239973088222, -11.256155738312042, 0.0, 
objectives:
-11.181559020406093, -6.089063031170804, 127.77563872304107, 

parameters:
-0.6200579575293818, -96.01772925711005, 20, 
objectives:
-115.63325738641454, -69.15302555629701, 9200.788803562382, 

parameters:
-0.1137753995203612, -21.285754281233903, 4.305062322866357, 
objectives:
-25.577871762564243, -12.512645518750082, 449.79121783973704, 

parameters:
-0.2023347906095605, -87.17355354931905, 19.42618234209726, 
objectives:
-106.5587965239253, -62.897092677292534, 7580.84319544139, 

parameters:
3.5266326428681163, -37.58083500318139, 19.772778741461988, 
objectives:
-44.91647594690042, -15.477449035448917, 1405.9835185926247, 

parameters:
-1.8277481921088512, -64.40041217700667, 10.579133766791449, 
objectives:
-71.63888249004094, -39.16962218802264, 4141.174618255314, 

parameters:
3.0733279334656904, -38.85061551964095, 18.00214120057056, 
objectives:
-47.40741213359101, -19.69644146631266, 1501.8135296410157, 

parameters:
-1.2536728189557116, -8.996431394764102, 14.172730327311369, 
objectives:
-21.59746618508711, 15.762685745358473, 69.33474305037414, 

parameters:
-0.11163165478806847, -78.34367731643728, 0.2786803135626337, 
objectives:
-78.60989600364918, -73.60600875737165, 6138.465556774838, 

parameters:
-0.6845057468400073, -74.50506884158831, 9.678562856313343, 
objectives:
-83.71508358044467, -57.61993488045794, 5542.7952683509575, 

parameters:
0.04910098061887591, -44.394796215164334, 6.063111776298285, 
objectives:
-50.455497085164886, -34.52567745504382, 1965.8372301159689, 

parameters:
-1.7707758162272054, -37.02166393746401, 20, 
objectives:
-53.88601694612889, -2.8029136812200655, 1354.7392476898585, 

parameters:
-0.6042871229665885, -78.71355979279375, 10.09047095119742, 
objectives:
-88.43886781700793, -61.84077742274674, 6187.099187229502, 

parameters:
2.037620518774836, -75.44573956851015, 11.000601462840628, 
objectives:
-82.29444365281856, -64.44372280223664, 5686.21091495515, 

parameters:
0.18274826477528588, -51.46676801805469, 9.264379605463713, 
objectives:
-60.69775069524002, -38.89998454341374, 2640.5972275470717, 

parameters:
1.2752553146932883, -30.197163910722963, 19.417144660463652, 
objectives:
-47.98803245353314, -10.254764391378988, 895.0778397082591, 

parameters:
-1.754609838476452, -68.0543848771279, 1.0262617496533277, 
objectives:
-66.00199094150287, -52.931028088290404, 4634.451694939879, 

parameters:
1.6408190206759206, -47.20516644961489, 18.42371888524368, 
objectives:
-62.936598276246684, -28.65243658846301, 2213.596307709216, 

parameters:
3.1180405696315354, -57.06610075325634, 4.207567185922054, 
objectives:
-51.55149094531024, -51.60851885199228, 3263.0544649887506, 

parameters:
-0.17192555193972814, -70.0642161830022, 20, 
objectives:
-90.03465778759242, -45.346955579833505, 4890.023947733877, 

parameters:
-0.15628050396459858, -59.92630433563957, 9.497087892338527, 
objectives:
-69.39896863205867, -45.77967083152322, 3582.689287031275, 

parameters:
-1.9727650608121992, -42.30082920090108, 18.39430562367678, 
objectives:
-56.8033328394165, -8.123661348814142, 1775.85764744529, 

parameters:
-1.115722190431012, -63.001624670533026, 0, 
objectives:
-61.75678866431285, -53.293899902588805, 3971.449547132936, 

parameters:
4.528389281948648, -71.82872806005254, 18.260293196965005, 
objectives:
-69.58271176815015, -47.17568250201474, 5162.612191016881, 

parameters:
0.9188522589327284, -47.73618327717082, 17.861307939740783, 
objectives:
-64.75320174316582, -28.705994899415167, 2262.7261754056476, 

parameters:
1.4622523412907698, -54.76187840856017, 11.754056629341633, 
objectives:
-64.37775312829146, -42.71864923477128, 2990.2474521141976, 

parameters:
1.6238488315303714, -54.72632119397224, 5.919502644662811, 
objectives:
-58.0089388109725, -48.66532884776836, 2992.687613808815, 

