Generation 1155 at Fri May 24 19:48:12 2019
parameters:
0.05101637681523949, -100, 19.95971668145522, 
objectives:
-119.95711401075187, -76.24174615510238, 9981.042885989249, 

parameters:
2.180284639276765, 1.1740064916978934, 0.0, 
objectives:
5.927647599964107, 1.2065090428570469, 7.13193235081501, 

parameters:
-0.5282806447705564, -1.3941726645565247, 20, 
objectives:
-21.11509222491733, 24.998030354164896, -16.777202141764164, 

parameters:
-0.09310337269809921, -0.38187417318528993, 20, 
objectives:
-20.37320593517753, 23.999207555614866, -18.84550387784629, 

parameters:
1.9973066371654076, -100, 0, 
objectives:
-96.01076619713501, -99.99999274579665, 10004.989233802866, 

parameters:
3.037657346674224, -25.075510415162, 18.288158662941004, 
objectives:
-34.13630692229912, -5.710618983114006, 620.7204260737609, 

parameters:
0.04910098061887591, -44.394796215164334, 6.063111776298285, 
objectives:
-50.455497085164886, -34.52567745504382, 1965.8372301159689, 

parameters:
-1.0573191734351601, -39.64960408581618, 4.291345289188224, 
objectives:
-42.82302554049079, -26.011058268373706, 1569.9176827072965, 

parameters:
0.36045686856848114, -87.86827461241151, 12.655157162980357, 
objectives:
-100.39350262129368, -72.52501576960688, 7709.308455353279, 

parameters:
3.4658260065799493, -6.722792001375044, 19.705853381358693, 
objectives:
-14.416695474847819, 15.13170726154977, 38.5020288202795, 

parameters:
-0.11163165478806847, -78.34367731643728, 0.2786803135626337, 
objectives:
-78.60989600364918, -73.60600875737165, 6138.465556774838, 

parameters:
-1.754609838476452, -68.0543848771279, 1.0262617496533277, 
objectives:
-66.00199094150287, -52.931028088290404, 4634.451694939879, 

parameters:
-0.286482010710305, -83.54412421623613, 10.094854415241315, 
objectives:
-93.55690668901683, -68.22126981569298, 6970.6079085851115, 

parameters:
-1.8277481921088512, -64.40041217700667, 10.579133766791449, 
objectives:
-71.63888249004094, -39.16962218802264, 4141.174618255314, 

parameters:
2.27474116555582, -92.54546315536983, 0, 
objectives:
-87.37101578509558, -92.46998044731886, 8570.83719801219, 

parameters:
4.423458830073072, -72.88868122760002, 2.2701070616995014, 
objectives:
-55.59180026794809, -64.74542146484137, 5331.056732058343, 

parameters:
3.538301695438594, -29.92411466259402, 6.656706625065805, 
objectives:
-24.061242399716196, -20.901035931338964, 902.3155106029524, 

parameters:
1.3859256368308956, -97.15541793185531, 9.77096717518559, 
objectives:
-105.00559523621578, -87.00736343316818, 9432.325056209113, 

parameters:
0.8263066795754286, -97.7640253351226, 15.08302850916677, 
objectives:
-112.16427111557839, -81.30344081554658, 9544.404403946037, 

parameters:
1.988226796778042, -12.227647481225937, 18.32423402867743, 
objectives:
-26.598835714477094, 6.096725155765601, 136.14417469187984, 

parameters:
-0.6200579575293818, -96.01772925711005, 20, 
objectives:
-115.63325738641454, -69.15302555629701, 9200.788803562382, 

parameters:
-0.6845057468400073, -74.50506884158831, 9.678562856313343, 
objectives:
-83.71508358044467, -57.61993488045794, 5542.7952683509575, 

parameters:
0.07892123078232571, -92.51127619015466, 16.910882342516825, 
objectives:
-109.4159299720033, -71.90985021009894, 8542.431568549226, 

parameters:
-0.14361486810954138, -53.269154697237425, 16.40877197274001, 
objectives:
-69.65730143963532, -32.26529802171713, 2822.214695415814, 

parameters:
0.0629931539604347, -33.39599110080077, 19.414678530438543, 
objectives:
-52.80670149379343, -10.229317048758084, 1096.8815112117716, 

parameters:
1.4986007892262796, -1.2333051706200564, 4.770324367146875, 
objectives:
-3.7578252122973033, 3.788420365091328, -0.003478397799080213, 

parameters:
2.4745738138534423, -34.231279753480365, 10.245494397274717, 
objectives:
-38.35325859054591, -23.760565051410246, 1168.658534723969, 

parameters:
-0.6562726077706007, -70.88228293230652, 5.072337440285346, 
objectives:
-75.52392663688185, -58.75416132522875, 5020.656389990977, 

parameters:
-2.0762277488777183, -14.254188240247757, 0, 
objectives:
-9.94346657503792, 2.361444420472953, 208.49260405362728, 

parameters:
-0.17192555193972814, -70.0642161830022, 20, 
objectives:
-90.03465778759242, -45.346955579833505, 4890.023947733877, 

parameters:
4.055044697661019, -61.15149407329172, 10.685363631719715, 
objectives:
-55.39347020498269, -46.242921732187334, 3746.2632512641417, 

parameters:
3.1180405696315354, -57.06610075325634, 4.207567185922054, 
objectives:
-51.55149094531024, -51.60851885199228, 3263.0544649887506, 

parameters:
0.2634973404709362, -52.686243446959914, 0.2788438787373491, 
objectives:
-52.89565647726201, -49.391958081671056, 2776.6308355220244, 

parameters:
-0.15167411241833317, -74.51286506544147, 20.0, 
objectives:
-94.48986002906358, -49.883163579390256, 5533.190065297066, 

