Generation 1159 at Fri May 24 19:48:12 2019
parameters:
0.05101637681523949, -100, 19.95971668145522, 
objectives:
-119.95711401075187, -76.24174615510238, 9981.042885989249, 

parameters:
6.123279255216357, -22.064985184183463, 0, 
objectives:
15.429563653179514, -5.063553367685909, 525.3581200155987, 

parameters:
-2.4218001971614838, -11.777521028135952, 18.046535094865316, 
objectives:
-23.958939928029867, 25.8213310503467, 127.52858266829061, 

parameters:
-0.09310337269809921, -0.38187417318528993, 20, 
objectives:
-20.37320593517753, 23.999207555614866, -18.84550387784629, 

parameters:
1.9973066371654076, -100, 0, 
objectives:
-96.01076619713501, -99.99999274579665, 10004.989233802866, 

parameters:
-0.14361486810954138, -53.269154697237425, 16.40877197274001, 
objectives:
-69.65730143963532, -32.26529802171713, 2822.214695415814, 

parameters:
1.4986007892262796, -1.2333051706200564, 4.770324367146875, 
objectives:
-3.7578252122973033, 3.788420365091328, -0.003478397799080213, 

parameters:
-1.8277481921088512, -64.40041217700667, 10.579133766791449, 
objectives:
-71.63888249004094, -39.16962218802264, 4141.174618255314, 

parameters:
3.4658260065799493, -6.722792001375044, 19.705853381358693, 
objectives:
-14.416695474847819, 15.13170726154977, 38.5020288202795, 

parameters:
2.2398738547074846, -56.62454013066685, 9.871377792293488, 
objectives:
-61.47888303795817, -46.695622872201135, 3202.484202102209, 

parameters:
2.180284639276765, 1.1740064916978934, 0.0, 
objectives:
5.927647599964107, 1.2065090428570469, 7.13193235081501, 

parameters:
0.04910098061887591, -44.394796215164334, 6.063111776298285, 
objectives:
-50.455497085164886, -34.52567745504382, 1965.8372301159689, 

parameters:
0.2940860659414193, -88.1140226754104, 14.457754371019561, 
objectives:
-102.48529043224906, -70.7461259539756, 7750.709724285899, 

parameters:
2.4745738138534423, -34.231279753480365, 10.245494397274717, 
objectives:
-38.35325859054591, -23.760565051410246, 1168.658534723969, 

parameters:
-1.3195848908695287, -15.384623969177024, 19.638977572327487, 
objectives:
-33.282297257293365, 15.273997450839724, 219.78898138485988, 

parameters:
-1.0573191734351601, -39.64960408581618, 4.291345289188224, 
objectives:
-42.82302554049079, -26.011058268373706, 1569.9176827072965, 

parameters:
4.423458830073072, -72.88868122760002, 2.2701070616995014, 
objectives:
-55.59180026794809, -64.74542146484137, 5331.056732058343, 

parameters:
-0.286482010710305, -83.54412421623613, 10.094854415241315, 
objectives:
-93.55690668901683, -68.22126981569298, 6970.6079085851115, 

parameters:
-0.3272701629051675, -89.56531291786422, 0.4291759496621972, 
objectives:
-89.88738310799845, -83.71995055705338, 8022.623207884802, 

parameters:
0.0629931539604347, -33.39599110080077, 19.414678530438543, 
objectives:
-52.80670149379343, -10.229317048758084, 1096.8815112117716, 

parameters:
-0.6845057468400073, -74.50506884158831, 9.678562856313343, 
objectives:
-83.71508358044467, -57.61993488045794, 5542.7952683509575, 

parameters:
-0.6200579575293818, -96.01772925711005, 20, 
objectives:
-115.63325738641454, -69.15302555629701, 9200.788803562382, 

parameters:
0.8263066795754286, -97.7640253351226, 15.08302850916677, 
objectives:
-112.16427111557839, -81.30344081554658, 9544.404403946037, 

parameters:
1.6061158677691707, -66.17259139025919, 12.180003073506976, 
objectives:
-75.77298628306625, -53.83744360712898, 4370.211456409397, 

parameters:
1.3904914255633136, -93.9212038107282, 0, 
objectives:
-91.9877374061631, -93.54970310841637, 8824.12599166091, 

parameters:
3.037657346674224, -25.075510415162, 18.288158662941004, 
objectives:
-34.13630692229912, -5.710618983114006, 620.7204260737609, 

parameters:
-0.983305296770953, -43.32468705569463, 18.540373127755657, 
objectives:
-60.89817087679248, -15.884203434197346, 1860.455024652776, 

parameters:
-0.9582022846706998, -42.72358309578318, 19.690804730586024, 
objectives:
-61.49623620802105, -14.281817608166207, 1807.5318994300521, 

parameters:
5.1029274944101735, -69.31170653684497, 0.9580536152510795, 
objectives:
-44.22989113888875, -58.72549388602729, 4830.194478447674, 

parameters:
-0.6562726077706007, -70.88228293230652, 5.072337440285346, 
objectives:
-75.52392663688185, -58.75416132522875, 5020.656389990977, 

parameters:
0.07892123078232571, -92.51127619015466, 16.910882342516825, 
objectives:
-109.4159299720033, -71.90985021009894, 8542.431568549226, 

parameters:
-1.057254829922874, -79.47682555793244, 12.685465565014056, 
objectives:
-91.04450334755126, -57.44455289783164, 6305.998122976405, 

parameters:
1.3550335610926214, -81.49737088749413, 0, 
objectives:
-79.66125493580678, -81.08138918017727, 6644.657577525462, 

parameters:
0.14323945052656306, -100, 8.339273641413115, 
objectives:
-108.31875610122596, -88.21316662050599, 9992.681243898774, 

parameters:
0.29109724428231715, -65.69377311189952, 13.454738222023774, 
objectives:
-79.06377372829454, -49.31868626137626, 4303.301825061338, 

parameters:
2.27474116555582, -92.54546315536983, 0, 
objectives:
-87.37101578509558, -92.46998044731886, 8570.83719801219, 

parameters:
3.3181969550806842, -79.43114332420657, 11.924514175663887, 
objectives:
-80.34522646716374, -65.7689859361587, 6309.39244664769, 

parameters:
-0.9719940855666924, -100, 0, 
objectives:
-99.05522749762336, -91.1672511553566, 10001.944772502377, 

