Generation 116 at Fri May 24 19:55:16 2019
parameters:
0, 0.0, 20.0, 
objectives:
-20.0, 24.0, -19.0, 

parameters:
0, 0.0, 20.0, 
objectives:
-20.0, 24.0, -19.0, 

parameters:
1.9979647189482492, 0.0, 20.0, 
objectives:
-16.008136981838042, 20.000004142368958, -15.008136981838044, 

parameters:
0.8183590996826161, 0.0, 20.0, 
objectives:
-19.330288383966657, 21.39627521730288, -18.330288383966657, 

parameters:
0.694829835273758, 0.0, 20.0, 
objectives:
-19.517211500013442, 21.703469158891526, -18.517211500013442, 

parameters:
0.1410125926285466, 0.0, 20.0, 
objectives:
-19.980115448720177, 23.45583418076564, -18.980115448720177, 

parameters:
1.3991702182070074, 0.0, 20.0, 
objectives:
-18.042322700482554, 20.360996426689415, -17.042322700482554, 

parameters:
1.9262043884348685, 0.0, 20.0, 
objectives:
-16.289736653974256, 20.00544579228627, -15.289736653974254, 

parameters:
1.8771358898968864, 0.0, 20.0, 
objectives:
-16.476360850861024, 20.01509558955143, -15.476360850861024, 

parameters:
0.6216796276523376, 0.0, 20.0, 
objectives:
-19.61351444056205, 21.8997670488286, -18.61351444056205, 

parameters:
0.37092373730483613, 0.0, 20.0, 
objectives:
-19.862415581103814, 22.65388946967684, -18.862415581103814, 

parameters:
0.9342139906749244, 0.0, 20.0, 
objectives:
-19.127244219627233, 21.13589981767307, -18.127244219627233, 

parameters:
1.7229699558653842, 0.0, 20.0, 
objectives:
-17.031374531185236, 20.076745645353228, -16.031374531185236, 

parameters:
1.4730219904000788, 0.0, 20.0, 
objectives:
-17.83020621579779, 20.277705822601895, -16.83020621579779, 

parameters:
1.8051427033405467, 0.0, 20.0, 
objectives:
-16.741459820576384, 20.03796936606143, -15.741459820576383, 

parameters:
1.669285268167938, 0.0, 20.0, 
objectives:
-17.213486693477495, 20.109372233850753, -16.213486693477495, 

parameters:
0.45892479178278345, 0.0, 20.0, 
objectives:
-19.78938803548713, 22.374912797381736, -18.78938803548713, 

parameters:
1.5815389365629897, 0.0, 20.0, 
objectives:
-17.498734592135207, 20.175109661612833, -16.498734592135207, 

parameters:
1.6188607551276926, 0.0, 20.0, 
objectives:
-17.3792898555074, 20.14526712398183, -16.3792898555074, 

parameters:
1.1657526197145944, 0.0, 20.0, 
objectives:
-18.64102082962856, 20.695968691513063, -17.64102082962856, 

parameters:
1.2573031808539512, 0.0, 20.0, 
objectives:
-18.419188711414538, 20.55159856516966, -17.419188711414535, 

parameters:
1.775784490197824, 0.0, 20.0, 
objectives:
-16.846589444372853, 20.05027259483585, -15.846589444372855, 

parameters:
0.2544080700325396, 0.0, 20.0, 
objectives:
-19.935276533902318, 23.047091185967524, -18.935276533902318, 

parameters:
0.01591104053706371, 0.0, 20.0, 
objectives:
-19.99974683878903, 23.936608999062717, -18.99974683878903, 

parameters:
1.3290662146064665, 0.0, 20.0, 
objectives:
-18.23358299719164, 20.450152144382496, -17.23358299719164, 

parameters:
0.27386666517575686, 0.0, 20.0, 
objectives:
-19.92499704970551, 22.97953628959146, -18.92499704970551, 

parameters:
0.5257105336488367, 0.0, 20.0, 
objectives:
-19.723628434810657, 22.173529430593998, -18.723628434810657, 

parameters:
1.5227641294186547, 0.0, 20.0, 
objectives:
-17.681189406155845, 20.227754076169536, -16.681189406155845, 

parameters:
1.0251429405242165, 0.0, 20.0, 
objectives:
-18.949081951493362, 20.950346286409772, -17.949081951493362, 

parameters:
1.316419518777966, 0.0, 20.0, 
objectives:
-18.26703965058039, 20.46728227430775, -17.26703965058039, 

parameters:
1.1151132839784423, 0.0, 20.0, 
objectives:
-18.756522363894813, 20.783024500191416, -17.756522363894813, 

parameters:
1.0668456777506454, 0.0, 20.0, 
objectives:
-18.861840299864767, 20.87077698913265, -17.861840299864767, 

parameters:
0.9880142034934842, 0.0, 20.0, 
objectives:
-19.023827933695134, 21.024115252330926, -18.023827933695134, 

parameters:
1.214825996973862, 0.0, 20.0, 
objectives:
-18.52419779707646, 20.61649821502809, -17.52419779707646, 

parameters:
1.513617069289852, 0.0, 20.0, 
objectives:
-17.7089633675544, 20.23656835528619, -16.7089633675544, 

parameters:
0.5172883048529653, 0.0, 20.0, 
objectives:
-19.732412809662346, 22.198433970925795, -18.732412809662346, 

parameters:
0.9602158594910675, 0.0, 20.0, 
objectives:
-19.077985503181832, 21.081151058853898, -18.077985503181832, 

parameters:
1.095734883979414, 0.0, 20.0, 
objectives:
-18.79936506403062, 20.817695400051722, -17.79936506403062, 

parameters:
1.2205550340692515, 0.0, 20.0, 
objectives:
-18.51024540880821, 20.607534454914784, -17.51024540880821, 

