Generation 1170 at Fri May 24 19:48:13 2019
parameters:
2.180284639276765, 1.1740064916978934, 0.0, 
objectives:
5.927647599964107, 1.2065090428570469, 7.13193235081501, 

parameters:
-3.0819463318144753, -13.701123334171626, 20, 
objectives:
-24.202730141986926, 32.125055185270966, 178.21917381036693, 

parameters:
0.05101637681523949, -100, 19.95971668145522, 
objectives:
-119.95711401075187, -76.24174615510238, 9981.042885989249, 

parameters:
-0.09310337269809921, -0.38187417318528993, 20, 
objectives:
-20.37320593517753, 23.999207555614866, -18.84550387784629, 

parameters:
1.9973066371654076, -100, 0, 
objectives:
-96.01076619713501, -99.99999274579665, 10004.989233802866, 

parameters:
1.4986007892262796, -1.2333051706200564, 4.770324367146875, 
objectives:
-3.7578252122973033, 3.788420365091328, -0.003478397799080213, 

parameters:
2.644500162454726, -66.64066918295214, 12.169829322414994, 
objectives:
-71.81711739614406, -54.05545940113298, 4436.802340938475, 

parameters:
1.2373199029886635, -71.8012151922539, 8.770089931980284, 
objectives:
-79.04034458190232, -62.44944432989641, 5149.175373694704, 

parameters:
2.214926655109652, -3.8068952642444778, 19.789636223390517, 
objectives:
-18.690631400119763, 16.028934426222662, 0.6087154170517479, 

parameters:
0.1274869838149193, -95.11336880673673, 0, 
objectives:
-95.0971158756945, -91.60706381095419, 9047.569178697362, 

parameters:
0.2940860659414193, -88.1140226754104, 14.457754371019561, 
objectives:
-102.48529043224906, -70.7461259539756, 7750.709724285899, 

parameters:
1.8761986587777295, -79.0285339367297, 14.961550425662947, 
objectives:
-90.4699629551933, -64.05165673897832, 6235.067747170375, 

parameters:
-1.0414584290695903, -92.66434484432402, 16.865696325262437, 
objectives:
-108.44540551010635, -66.54817914330313, 8571.899744762015, 

parameters:
-1.5940470055970324, -54.391855701914096, 0.9088276537300282, 
objectives:
-52.75969749959126, -40.565854169743076, 2961.1061249001677, 

parameters:
0.6790562723126015, -36.48743547415326, 7.534171701139915, 
objectives:
-43.560489754326085, -27.208371441296666, 1325.2598932003248, 

parameters:
1.9470518645072301, -83.04369796314857, 7.508856165159275, 
objectives:
-86.76154316522677, -75.53203829293714, 6893.537926192568, 

parameters:
2.0005859000877977, -74.77528456275732, 15.047045174739067, 
objectives:
-85.81998579386628, -59.72823904473934, 5581.298480210225, 

parameters:
4.287752856302404, -51.926960327247585, 0, 
objectives:
-33.54213577051816, -46.693147195727775, 2715.7940333842744, 

parameters:
-0.9582022846706998, -42.72358309578318, 19.690804730586024, 
objectives:
-61.49623620802105, -14.281817608166207, 1807.5318994300521, 

parameters:
0.0986059200167611, -64.39259741079435, 19.893461543804815, 
objectives:
-84.27633582713682, -40.88383641959423, 4127.522862892297, 

parameters:
2.7463836514432494, -59.72033277562941, 13.463058314437642, 
objectives:
-65.64076792915229, -45.70018590605001, 3561.5977116783934, 

parameters:
0.8263066795754286, -97.7640253351226, 15.08302850916677, 
objectives:
-112.16427111557839, -81.30344081554658, 9544.404403946037, 

parameters:
-0.6770789129811066, -47.4946720486509, 18.895523568872687, 
objectives:
-65.93175976311991, -21.432396973450107, 2238.306785294432, 

parameters:
3.0971897670594046, -99.76282288901704, 15.072988860193568, 
objectives:
-105.24322729603313, -83.4860086438836, 9948.140426378368, 

parameters:
4.460466866943153, -86.3216118887426, 2.6907881952376123, 
objectives:
-69.11663541288254, -77.57692649017993, 7469.625655546567, 

parameters:
-0.25793824587710235, -25.879977497215194, 4.033695014353192, 
objectives:
-29.84714037288223, -16.747997360667433, 666.8060723806979, 

parameters:
-0.6200579575293818, -96.01772925711005, 20, 
objectives:
-115.63325738641454, -69.15302555629701, 9200.788803562382, 

parameters:
0.2170393632438733, -23.04527511566834, 15.005700238370183, 
objectives:
-38.003869268841214, -4.860626245076345, 517.1261110036695, 

parameters:
-2.370221603172234, -39.5953478619395, 13.560447292968018, 
objectives:
-47.53784470676317, -6.936063708138192, 1560.8490754631732, 

parameters:
-1.488877248833711, -31.454432213454588, 10.090798818421126, 
objectives:
-39.32847556978108, -9.191368937603977, 982.5072625144832, 

parameters:
0.04910098061887591, -44.394796215164334, 6.063111776298285, 
objectives:
-50.455497085164886, -34.52567745504382, 1965.8372301159689, 

parameters:
-0.14361486810954138, -53.269154697237425, 16.40877197274001, 
objectives:
-69.65730143963532, -32.26529802171713, 2822.214695415814, 

parameters:
-0.8488880250446482, -45.092215389550404, 19.379356860810336, 
objectives:
-63.75096137129654, -17.596695549497273, 2015.6491427558603, 

parameters:
1.299577538931642, -2.5137714472612664, 20.0, 
objectives:
-20.824869667565643, 17.97682017670779, -10.992051331238375, 

parameters:
0.3777024989155735, -19.548914050179302, 20.0, 
objectives:
-39.406254872492234, 3.082935131845474, 363.3026997189848, 

