Generation 1178 at Fri May 24 19:48:13 2019
parameters:
2.180284639276765, 1.1740064916978934, 0.0, 
objectives:
5.927647599964107, 1.2065090428570469, 7.13193235081501, 

parameters:
0.05101637681523949, -100, 19.95971668145522, 
objectives:
-119.95711401075187, -76.24174615510238, 9981.042885989249, 

parameters:
-0.09310337269809921, -0.38187417318528993, 20, 
objectives:
-20.37320593517753, 23.999207555614866, -18.84550387784629, 

parameters:
1.9973066371654076, -100, 0, 
objectives:
-96.01076619713501, -99.99999274579665, 10004.989233802866, 

parameters:
2.644500162454726, -66.64066918295214, 12.169829322414994, 
objectives:
-71.81711739614406, -54.05545940113298, 4436.802340938475, 

parameters:
-1.5940470055970324, -54.391855701914096, 0.9088276537300282, 
objectives:
-52.75969749959126, -40.565854169743076, 2961.1061249001677, 

parameters:
1.2373199029886635, -71.8012151922539, 8.770089931980284, 
objectives:
-79.04034458190232, -62.44944432989641, 5149.175373694704, 

parameters:
0.8385658668569778, 0.9159456499773171, 14.28718313087781, 
objectives:
-12.668044767842899, 16.55205802648481, -11.745033984107845, 

parameters:
1.5685079209633246, -86.29727970841914, 0, 
objectives:
-83.83706261029445, -86.11109429414775, 7450.680702171254, 

parameters:
2.6524993147458384, -13.29694712017991, 20, 
objectives:
-26.261194505452767, 7.128808235563879, 164.84455533158794, 

parameters:
1.72776030727279, -40.489209497978955, 8.388699450089417, 
objectives:
-45.892753268681005, -32.02639559759333, 1634.972542000527, 

parameters:
-1.488877248833711, -31.454432213454588, 10.090798818421126, 
objectives:
-39.32847556978108, -9.191368937603977, 982.5072625144832, 

parameters:
0.0756798629657679, -37.47101460449697, 11.534510097197314, 
objectives:
-48.99979726003577, -22.233496517504214, 1393.5481528348864, 

parameters:
0.4782123516928983, -48.01507802816944, 18.858699784542523, 
objectives:
-66.64509075940032, -26.840540597086857, 2287.817705319969, 

parameters:
-0.9582022846706998, -42.72358309578318, 19.690804730586024, 
objectives:
-61.49623620802105, -14.281817608166207, 1807.5318994300521, 

parameters:
0.1274869838149193, -95.11336880673673, 0, 
objectives:
-95.0971158756945, -91.60706381095419, 9047.569178697362, 

parameters:
1.8761986587777295, -79.0285339367297, 14.961550425662947, 
objectives:
-90.4699629551933, -64.05165673897832, 6235.067747170375, 

parameters:
2.7463836514432494, -59.72033277562941, 13.463058314437642, 
objectives:
-65.64076792915229, -45.70018590605001, 3561.5977116783934, 

parameters:
-1.0414584290695903, -92.66434484432402, 16.865696325262437, 
objectives:
-108.44540551010635, -66.54817914330313, 8571.899744762015, 

parameters:
1.4986007892262796, -1.2333051706200564, 4.770324367146875, 
objectives:
-3.7578252122973033, 3.788420365091328, -0.003478397799080213, 

parameters:
0.2170393632438733, -23.04527511566834, 15.005700238370183, 
objectives:
-38.003869268841214, -4.860626245076345, 517.1261110036695, 

parameters:
0.21718773228949223, -82.09700655157408, 3.795688577849389, 
objectives:
-85.84552461836643, -75.12289839182561, 6737.169966662405, 

parameters:
4.287752856302404, -51.926960327247585, 0, 
objectives:
-33.54213577051816, -46.693147195727775, 2715.7940333842744, 

parameters:
-2.1172453043671267, -64.17219352128856, 0, 
objectives:
-59.689465842423914, -47.22048462495541, 4123.553149012574, 

parameters:
0.8263066795754286, -97.7640253351226, 15.08302850916677, 
objectives:
-112.16427111557839, -81.30344081554658, 9544.404403946037, 

parameters:
0.12891709713528132, -90.3958297001669, 14.506647302091746, 
objectives:
-104.88585738432486, -72.38823116868248, 8157.915999497418, 

parameters:
1.2171780470008053, -99.49465382390801, 0.28689930495645266, 
objectives:
-98.30003073076377, -98.59494430885408, 9901.380762632438, 

parameters:
0.07797158259160794, -71.79154570407107, 20, 
objectives:
-91.78546613637923, -48.09735246674566, 5135.032114147417, 

parameters:
0.2940860659414193, -88.1140226754104, 14.457754371019561, 
objectives:
-102.48529043224906, -70.7461259539756, 7750.709724285899, 

parameters:
3.4384739809338445, -16.96573342323109, 15.404840674066932, 
objectives:
-20.54747077973898, 0.5083146446595048, 285.25437323163266, 

parameters:
1.1605162418992347, -99.58787508248712, 17.068354146406794, 
objectives:
-115.30943128118199, -81.81478795596534, 9903.023307246363, 

parameters:
-0.5337657475727391, -88.53081061204583, 3.8651257003427233, 
objectives:
-92.11103043910666, -78.24571604813025, 7835.1242077988645, 

parameters:
0.07741558606594601, -80.63709937812172, 13.757373353866821, 
objectives:
-94.38847955902261, -63.18339519555275, 6489.590415936177, 

parameters:
1.2475998973777713, -100.0, 20, 
objectives:
-118.44349449606297, -79.43389408557405, 9982.556505503937, 

