Generation 1181 at Fri May 24 19:48:13 2019
parameters:
5.783887376200655, -20.069512438625594, 5.813084757974925, 
objectives:
7.570755983972775, 0.06137599512000591, 431.42559794674577, 

parameters:
0.05101637681523949, -100, 19.95971668145522, 
objectives:
-119.95711401075187, -76.24174615510238, 9981.042885989249, 

parameters:
-0.09310337269809921, -0.38187417318528993, 20, 
objectives:
-20.37320593517753, 23.999207555614866, -18.84550387784629, 

parameters:
1.9973066371654076, -100, 0, 
objectives:
-96.01076619713501, -99.99999274579665, 10004.989233802866, 

parameters:
0.8385658668569778, 0.9159456499773171, 14.28718313087781, 
objectives:
-12.668044767842899, 16.55205802648481, -11.745033984107845, 

parameters:
2.6524993147458384, -13.29694712017991, 20, 
objectives:
-26.261194505452767, 7.128808235563879, 164.84455533158794, 

parameters:
0.1274869838149193, -95.11336880673673, 0, 
objectives:
-95.0971158756945, -91.60706381095419, 9047.569178697362, 

parameters:
2.7463836514432494, -59.72033277562941, 13.463058314437642, 
objectives:
-65.64076792915229, -45.70018590605001, 3561.5977116783934, 

parameters:
1.5685079209633246, -86.29727970841914, 0, 
objectives:
-83.83706261029445, -86.11109429414775, 7450.680702171254, 

parameters:
3.8733281831072492, -68.13404056609751, 5.681704484265943, 
objectives:
-58.81307383631055, -58.94297760020766, 4652.568450592408, 

parameters:
1.4986007892262796, -1.2333051706200564, 4.770324367146875, 
objectives:
-3.7578252122973033, 3.788420365091328, -0.003478397799080213, 

parameters:
0.7445094097213059, -48.47186754087644, 19.688995243770137, 
objectives:
-67.606568523483, -27.206615674827958, 2331.3872419176646, 

parameters:
1.8761986587777295, -79.0285339367297, 14.961550425662947, 
objectives:
-90.4699629551933, -64.05165673897832, 6235.067747170375, 

parameters:
4.287752856302404, -51.926960327247585, 0, 
objectives:
-33.54213577051816, -46.693147195727775, 2715.7940333842744, 

parameters:
0.8263066795754286, -97.7640253351226, 15.08302850916677, 
objectives:
-112.16427111557839, -81.30344081554658, 9544.404403946037, 

parameters:
1.72776030727279, -40.489209497978955, 8.388699450089417, 
objectives:
-45.892753268681005, -32.02639559759333, 1634.972542000527, 

parameters:
-1.488877248833711, -31.454432213454588, 10.090798818421126, 
objectives:
-39.32847556978108, -9.191368937603977, 982.5072625144832, 

parameters:
3.5756731013299947, -63.92460304611948, 9.977617458757052, 
objectives:
-61.11678237730167, -51.464239865107544, 4090.1626952727656, 

parameters:
0.2170393632438733, -23.04527511566834, 15.005700238370183, 
objectives:
-38.003869268841214, -4.860626245076345, 517.1261110036695, 

parameters:
-1.5940470055970324, -54.391855701914096, 0.9088276537300282, 
objectives:
-52.75969749959126, -40.565854169743076, 2961.1061249001677, 

parameters:
2.1833107179255014, -76.34146621946512, 8.82091343657206, 
objectives:
-80.3955339650288, -67.4869499635867, 5824.96539679217, 

parameters:
3.3894175333642593, -36.23591862782644, 15.886980439735328, 
objectives:
-40.634747852084715, -18.41845710607109, 1309.6429695782012, 

parameters:
1.2171780470008053, -99.49465382390801, 0.28689930495645266, 
objectives:
-98.30003073076377, -98.59494430885408, 9901.380762632438, 

parameters:
-0.9582022846706998, -42.72358309578318, 19.690804730586024, 
objectives:
-61.49623620802105, -14.281817608166207, 1807.5318994300521, 

parameters:
-1.0414584290695903, -92.66434484432402, 16.865696325262437, 
objectives:
-108.44540551010635, -66.54817914330313, 8571.899744762015, 

parameters:
2.764911997755797, -66.81072459276706, 15.329638282287757, 
objectives:
-74.49562451972086, -50.89599594616854, 4456.988020683616, 

parameters:
1.4703673260308197, -71.96463115672434, 2.054763305390824, 
objectives:
-71.85741438865614, -69.62935708199777, 5180.015354291447, 

parameters:
0.2940860659414193, -88.1140226754104, 14.457754371019561, 
objectives:
-102.48529043224906, -70.7461259539756, 7750.709724285899, 

parameters:
1.2373199029886635, -71.8012151922539, 8.770089931980284, 
objectives:
-79.04034458190232, -62.44944432989641, 5149.175373694704, 

parameters:
0.0756798629657679, -37.47101460449697, 11.534510097197314, 
objectives:
-48.99979726003577, -22.233496517504214, 1393.5481528348864, 

parameters:
2.180284639276765, 1.1740064916978934, 0.0, 
objectives:
5.927647599964107, 1.2065090428570469, 7.13193235081501, 

parameters:
3.525931297201103, -53.377245582070614, 15.132134860959034, 
objectives:
-56.07718893044739, -35.91664439733374, 2847.4304025803003, 

parameters:
2.1372497066407345, -97.17523200712871, 12.167159309452444, 
objectives:
-104.77455500804525, -84.9892352157033, 9436.426392638376, 

parameters:
0.8484436274240202, -45.58230574110159, 5.528589192904424, 
objectives:
-50.39103834508959, -38.72763446897682, 2073.9378640712757, 

parameters:
-0.09620617636361384, -81.88943783445993, 4.557731297975673, 
objectives:
-86.4379135040651, -72.93762620265929, 6702.331553174272, 

parameters:
0.21718773228949223, -82.09700655157408, 3.795688577849389, 
objectives:
-85.84552461836643, -75.12289839182561, 6737.169966662405, 

parameters:
1.3057052127502298, -90.4837716735577, 15.211775660270076, 
objectives:
-103.99068123122466, -74.78995076168542, 8174.806026714855, 

parameters:
2.599569602445154, -91.61044187701647, 11.948461041925869, 
objectives:
-96.80114080098548, -79.30249712691436, 8388.282361978245, 

