Generation 1183 at Fri May 24 19:48:13 2019
parameters:
5.783887376200655, -20.069512438625594, 5.813084757974925, 
objectives:
7.570755983972775, 0.06137599512000591, 431.42559794674577, 

parameters:
0.05101637681523949, -100, 19.95971668145522, 
objectives:
-119.95711401075187, -76.24174615510238, 9981.042885989249, 

parameters:
-0.09310337269809921, -0.38187417318528993, 20, 
objectives:
-20.37320593517753, 23.999207555614866, -18.84550387784629, 

parameters:
1.9973066371654076, -100, 0, 
objectives:
-96.01076619713501, -99.99999274579665, 10004.989233802866, 

parameters:
-1.5940470055970324, -54.391855701914096, 0.9088276537300282, 
objectives:
-52.75969749959126, -40.565854169743076, 2961.1061249001677, 

parameters:
1.5685079209633246, -86.29727970841914, 0, 
objectives:
-83.83706261029445, -86.11109429414775, 7450.680702171254, 

parameters:
0.2940860659414193, -88.1140226754104, 14.457754371019561, 
objectives:
-102.48529043224906, -70.7461259539756, 7750.709724285899, 

parameters:
0.8263066795754286, -97.7640253351226, 15.08302850916677, 
objectives:
-112.16427111557839, -81.30344081554658, 9544.404403946037, 

parameters:
1.8761986587777295, -79.0285339367297, 14.961550425662947, 
objectives:
-90.4699629551933, -64.05165673897832, 6235.067747170375, 

parameters:
0.2170393632438733, -23.04527511566834, 15.005700238370183, 
objectives:
-38.003869268841214, -4.860626245076345, 517.1261110036695, 

parameters:
2.1833107179255014, -76.34146621946512, 8.82091343657206, 
objectives:
-80.3955339650288, -67.4869499635867, 5824.96539679217, 

parameters:
-1.0414584290695903, -92.66434484432402, 16.865696325262437, 
objectives:
-108.44540551010635, -66.54817914330313, 8571.899744762015, 

parameters:
2.305729326404632, -24.715169120836443, 8.526154164738573, 
objectives:
-27.92493555893266, -16.09554453507404, 608.6298182334509, 

parameters:
1.1134045386700266, -70.36719376507735, 19.90199553133401, 
objectives:
-89.02951962968034, -49.67914672169243, 4933.879632507337, 

parameters:
1.4986007892262796, -1.2333051706200564, 4.770324367146875, 
objectives:
-3.7578252122973033, 3.788420365091328, -0.003478397799080213, 

parameters:
3.3894175333642593, -36.23591862782644, 15.886980439735328, 
objectives:
-40.634747852084715, -18.41845710607109, 1309.6429695782012, 

parameters:
0.1274869838149193, -95.11336880673673, 0, 
objectives:
-95.0971158756945, -91.60706381095419, 9047.569178697362, 

parameters:
0.7445094097213059, -48.47186754087644, 19.688995243770137, 
objectives:
-67.606568523483, -27.206615674827958, 2331.3872419176646, 

parameters:
3.8733281831072492, -68.13404056609751, 5.681704484265943, 
objectives:
-58.81307383631055, -58.94297760020766, 4652.568450592408, 

parameters:
-0.9582022846706998, -42.72358309578318, 19.690804730586024, 
objectives:
-61.49623620802105, -14.281817608166207, 1807.5318994300521, 

parameters:
2.7463836514432494, -59.72033277562941, 13.463058314437642, 
objectives:
-65.64076792915229, -45.70018590605001, 3561.5977116783934, 

parameters:
1.5785879992221443, -62.99829782218377, 10.48492537754, 
objectives:
-70.9912831284356, -52.33578437024418, 3961.7925431863127, 

parameters:
1.2171780470008053, -99.49465382390801, 0.28689930495645266, 
objectives:
-98.30003073076377, -98.59494430885408, 9901.380762632438, 

parameters:
1.72776030727279, -40.489209497978955, 8.388699450089417, 
objectives:
-45.892753268681005, -32.02639559759333, 1634.972542000527, 

parameters:
0.0756798629657679, -37.47101460449697, 11.534510097197314, 
objectives:
-48.99979726003577, -22.233496517504214, 1393.5481528348864, 

parameters:
-1.6932490458392295, -62.619124177674884, 15.491644715198674, 
objectives:
-75.2436765616381, -33.48739094788383, 3909.5301603951043, 

parameters:
3.5478664840291216, -6.962933548077569, 16.871042512922642, 
objectives:
-11.246619472503049, 12.303999617225749, 45.1987576705186, 

parameters:
2.6524993147458384, -13.29694712017991, 20, 
objectives:
-26.261194505452767, 7.128808235563879, 164.84455533158794, 

parameters:
-1.0051383930158995, -94.29631113994883, 0.2319511144095756, 
objectives:
-93.51795906524382, -85.03350326436106, 8893.572646676743, 

parameters:
2.764911997755797, -66.81072459276706, 15.329638282287757, 
objectives:
-74.49562451972086, -50.89599594616854, 4456.988020683616, 

parameters:
2.2253333848677253, -45.64714925978652, 19.03912571453666, 
objectives:
-59.73416630051633, -26.557248410913914, 2070.575218504499, 

parameters:
0.8385658668569778, 0.9159456499773171, 14.28718313087781, 
objectives:
-12.668044767842899, 16.55205802648481, -11.745033984107845, 

parameters:
0.7236222244367871, -4.904283412277158, 15.815593844201691, 
objectives:
-20.196248132780006, 12.540450657876228, 9.760031067434033, 

parameters:
-0.0002731469294130484, -60.177673797768264, 4.07428685240798, 
objectives:
-64.251960575567, -52.10229428303339, 3618.2781369328063, 

parameters:
-0.1851888659436116, -6.935811757164288, 19.785693826644323, 
objectives:
-26.68721066773913, 17.624932449323964, 29.35408582024353, 

parameters:
1.0248668669319474, -69.57608668264648, 6.520439024610735, 
objectives:
-75.0461736123223, -62.10476303082862, 4836.36175114146, 

parameters:
2.7992376208420646, -15.611022862037395, 20, 
objectives:
-27.775291604099852, 5.027757912531889, 232.53976605699174, 

