Generation 1188 at Fri May 24 19:48:13 2019
parameters:
1.4986007892262796, -1.2333051706200564, 4.770324367146875, 
objectives:
-3.7578252122973033, 3.788420365091328, -0.003478397799080213, 

parameters:
0.05101637681523949, -100, 19.95971668145522, 
objectives:
-119.95711401075187, -76.24174615510238, 9981.042885989249, 

parameters:
-0.09310337269809921, -0.38187417318528993, 20, 
objectives:
-20.37320593517753, 23.999207555614866, -18.84550387784629, 

parameters:
1.9973066371654076, -100, 0, 
objectives:
-96.01076619713501, -99.99999274579665, 10004.989233802866, 

parameters:
-1.6932490458392295, -62.619124177674884, 15.491644715198674, 
objectives:
-75.2436765616381, -33.48739094788383, 3909.5301603951043, 

parameters:
0.68364498107309, -52.864656400089686, 0.041690039244292605, 
objectives:
-52.43897597918755, -51.09017582499133, 2796.0975767204454, 

parameters:
-0.01614192929184277, -93.35950656062974, 17.234926661219774, 
objectives:
-110.59417265996825, -72.05975162036133, 8699.762799144928, 

parameters:
3.8733281831072492, -68.13404056609751, 5.681704484265943, 
objectives:
-58.81307383631055, -58.94297760020766, 4652.568450592408, 

parameters:
-2.2419314605978364, -33.40520303019167, 6.125352941590946, 
objectives:
-34.50429929776427, -9.28586757219103, 1115.8084932207544, 

parameters:
0.8263066795754286, -97.7640253351226, 15.08302850916677, 
objectives:
-112.16427111557839, -81.30344081554658, 9544.404403946037, 

parameters:
2.1833107179255014, -76.34146621946512, 8.82091343657206, 
objectives:
-80.3955339650288, -67.4869499635867, 5824.96539679217, 

parameters:
1.7865465845725526, -96.19412624822382, 1.3389931068968894, 
objectives:
-94.34137065627287, -94.80957078076929, 9256.162680251175, 

parameters:
-0.2948709019561774, -70.98115883263908, 0.5127250037546716, 
objectives:
-71.4069349875733, -65.20200137223925, 5038.8991330694025, 

parameters:
1.5685079209633246, -86.29727970841914, 0, 
objectives:
-83.83706261029445, -86.11109429414775, 7450.680702171254, 

parameters:
3.3894175333642593, -36.23591862782644, 15.886980439735328, 
objectives:
-40.634747852084715, -18.41845710607109, 1309.6429695782012, 

parameters:
0.9321971626681744, -53.511665403674925, 7.746556388266301, 
objectives:
-60.38923024185463, -44.624906115994726, 2857.6207694366803, 

parameters:
-0.11963125732397695, -82.14739937996403, 0, 
objectives:
-82.13308774223512, -77.65456271293921, 6749.209536529043, 

parameters:
0.7445094097213059, -48.47186754087644, 19.688995243770137, 
objectives:
-67.606568523483, -27.206615674827958, 2331.3872419176646, 

parameters:
3.5478664840291216, -6.962933548077569, 16.871042512922642, 
objectives:
-11.246619472503049, 12.303999617225749, 45.1987576705186, 

parameters:
0.06811079964977917, -16.229475066465028, 6.495429917456736, 
objectives:
-22.72026590289283, -6.001849266578477, 257.90507009658216, 

parameters:
0.2940860659414193, -88.1140226754104, 14.457754371019561, 
objectives:
-102.48529043224906, -70.7461259539756, 7750.709724285899, 

parameters:
-0.9582022846706998, -42.72358309578318, 19.690804730586024, 
objectives:
-61.49623620802105, -14.281817608166207, 1807.5318994300521, 

parameters:
2.613823158582356, -27.234262732374596, 5.524453483556243, 
objectives:
-25.926644711589393, -21.33303037880633, 744.012684596793, 

parameters:
-1.8270013566124095, -8.621053590948236, 14.652134301119544, 
objectives:
-19.935253935004194, 20.677020093684533, 64.00836467394551, 

parameters:
1.7730735790516414, -88.9226162136143, 0.23653120336103814, 
objectives:
-86.01535750024435, -88.63458940972883, 7911.138932987112, 

parameters:
-1.6798492374057015, -46.2539236017367, 2.8487863916647704, 
objectives:
-46.28081653298895, -29.863846800036608, 2140.398555624043, 

parameters:
0.12825092066738877, -58.80629965718487, 1.1742017492324932, 
objectives:
-59.96405310776534, -54.1286532919699, 3458.0231259200414, 

parameters:
1.8761986587777295, -79.0285339367297, 14.961550425662947, 
objectives:
-90.4699629551933, -64.05165673897832, 6235.067747170375, 

parameters:
2.305729326404632, -24.715169120836443, 8.526154164738573, 
objectives:
-27.92493555893266, -16.09554453507404, 608.6298182334509, 

parameters:
-1.23638788120551, -56.15848086637269, 19.407235086872408, 
objectives:
-74.03706096045325, -26.277039261886397, 3136.896393124667, 

parameters:
2.125028852766614, -89.28100442562095, 15.497860348415193, 
objectives:
-100.26311714894554, -73.76751186318162, 7961.115638524423, 

parameters:
1.72776030727279, -40.489209497978955, 8.388699450089417, 
objectives:
-45.892753268681005, -32.02639559759333, 1634.972542000527, 

parameters:
1.2171780470008053, -99.49465382390801, 0.28689930495645266, 
objectives:
-98.30003073076377, -98.59494430885408, 9901.380762632438, 

parameters:
4.139542820236202, -21.681222149789576, 10.1872769146879, 
objectives:
-14.732684303908385, -6.916301755477395, 478.0239317544073, 

parameters:
1.412247297003228, -78.38137389078118, 20, 
objectives:
-96.38693146288826, -58.03592065090116, 6126.634215434326, 

parameters:
1.0457240610918364, -0.9446126959135124, 14.123924195779763, 
objectives:
-13.974998079746872, 14.089954067445309, -11.138092238552366, 

parameters:
3.0271445162048636, -79.25718913636842, 4.1730736464899065, 
objectives:
-74.26665886086916, -74.02908963270879, 6287.692560073577, 

