Generation 119 at Fri May 24 19:55:16 2019
parameters:
0, 0.0, 20.0, 
objectives:
-20.0, 24.0, -19.0, 

parameters:
0, 0.0, 20.0, 
objectives:
-20.0, 24.0, -19.0, 

parameters:
1.9979647189482492, 0.0, 20.0, 
objectives:
-16.008136981838042, 20.000004142368958, -15.008136981838044, 

parameters:
1.7229699558653842, 0.0, 20.0, 
objectives:
-17.031374531185236, 20.076745645353228, -16.031374531185236, 

parameters:
0.8183590996826161, 0.0, 20.0, 
objectives:
-19.330288383966657, 21.39627521730288, -18.330288383966657, 

parameters:
1.831436271600603, 0.0, 20.0, 
objectives:
-16.645841183065684, 20.028413730531906, -15.645841183065683, 

parameters:
1.2573031808539512, 0.0, 20.0, 
objectives:
-18.419188711414538, 20.55159856516966, -17.419188711414535, 

parameters:
0.9342139906749244, 0.0, 20.0, 
objectives:
-19.127244219627233, 21.13589981767307, -18.127244219627233, 

parameters:
0.2544080700325396, 0.0, 20.0, 
objectives:
-19.935276533902318, 23.047091185967524, -18.935276533902318, 

parameters:
1.0690198020952735, 0.0, 20.0, 
objectives:
-18.85719666272818, 20.866724128890723, -17.85719666272818, 

parameters:
1.3355760054677106, 0.0, 20.0, 
objectives:
-18.216236733618913, 20.441459244510245, -17.216236733618913, 

parameters:
0.9973991373572627, 0.0, 20.0, 
objectives:
-19.00519496079899, 21.00520848977196, -18.00519496079899, 

parameters:
1.4730219904000788, 0.0, 20.0, 
objectives:
-17.83020621579779, 20.277705822601895, -16.83020621579779, 

parameters:
0.5257105336488367, 0.0, 20.0, 
objectives:
-19.723628434810657, 22.173529430593998, -18.723628434810657, 

parameters:
1.5227641294186547, 0.0, 20.0, 
objectives:
-17.681189406155845, 20.227754076169536, -16.681189406155845, 

parameters:
0.6118561129000342, 0.0, 20.0, 
objectives:
-19.62563209710686, 21.926943451293003, -18.62563209710686, 

parameters:
1.8771358898968864, 0.0, 20.0, 
objectives:
-16.476360850861024, 20.01509558955143, -15.476360850861024, 

parameters:
0.45892479178278345, 0.0, 20.0, 
objectives:
-19.78938803548713, 22.374912797381736, -18.78938803548713, 

parameters:
1.9262043884348685, 0.0, 20.0, 
objectives:
-16.289736653974256, 20.00544579228627, -15.289736653974254, 

parameters:
1.5815389365629897, 0.0, 20.0, 
objectives:
-17.498734592135207, 20.175109661612833, -16.498734592135207, 

parameters:
0.7237755067914007, 0.0, 20.0, 
objectives:
-19.47614901576885, 21.628748957065547, -18.47614901576885, 

parameters:
1.1657526197145944, 0.0, 20.0, 
objectives:
-18.64102082962856, 20.695968691513063, -17.64102082962856, 

parameters:
1.6188607551276926, 0.0, 20.0, 
objectives:
-17.3792898555074, 20.14526712398183, -16.3792898555074, 

parameters:
1.1522014966134195, 0.0, 20.0, 
objectives:
-18.672431711201796, 20.718762302344526, -17.672431711201796, 

parameters:
1.4089147483932987, 0.0, 20.0, 
objectives:
-18.014959231759846, 20.34938177466696, -17.014959231759846, 

parameters:
0.37092373730483613, 0.0, 20.0, 
objectives:
-19.862415581103814, 22.65388946967684, -18.862415581103814, 

parameters:
0.1410125926285466, 0.0, 20.0, 
objectives:
-19.980115448720177, 23.45583418076564, -18.980115448720177, 

parameters:
1.3868499868431456, 0.0, 20.0, 
objectives:
-18.076647113993168, 20.37595293863425, -17.076647113993168, 

parameters:
1.965129951009589, 0.0, 20.0, 
objectives:
-16.13826427564505, 20.001215920316593, -15.13826427564505, 

parameters:
0.6705133720995075, 0.0, 20.0, 
objectives:
-19.550411817835748, 21.767534693766223, -18.550411817835748, 

parameters:
0.3780383293593388, 0.0, 20.0, 
objectives:
-19.8570870215352, 22.630759661027444, -18.8570870215352, 

parameters:
1.669285268167938, 0.0, 20.0, 
objectives:
-17.213486693477495, 20.109372233850753, -16.213486693477495, 

parameters:
0.042165082204479384, 0.0, 20.0, 
objectives:
-19.99822210584269, 23.833117565339393, -18.99822210584269, 

parameters:
1.6672720043023408, 0.0, 20.0, 
objectives:
-17.220204063669655, 20.11070791912098, -16.220204063669655, 

parameters:
0.11124881960117408, 0.0, 20.0, 
objectives:
-19.987623700137345, 23.567381021457958, -18.987623700137345, 

parameters:
0.694829835273758, 0.0, 20.0, 
objectives:
-19.517211500013442, 21.703469158891526, -18.517211500013442, 

parameters:
1.9848199518256067, 0.0, 20.0, 
objectives:
-16.060489758834997, 20.000230433862576, -15.060489758834997, 

parameters:
0.01591104053706371, 0.0, 20.0, 
objectives:
-19.99974683878903, 23.936608999062717, -18.99974683878903, 

parameters:
0.12429782845533288, 0.0, 20.0, 
objectives:
-19.98455004984129, 23.51825863633738, -18.98455004984129, 

parameters:
0, 0.0, 20.0, 
objectives:
-20.0, 24.0, -19.0, 

parameters:
0, 0.0, 20.0, 
objectives:
-20.0, 24.0, -19.0, 

