Generation 1191 at Fri May 24 19:48:13 2019
parameters:
1.4986007892262796, -1.2333051706200564, 4.770324367146875, 
objectives:
-3.7578252122973033, 3.788420365091328, -0.003478397799080213, 

parameters:
0.05101637681523949, -100, 19.95971668145522, 
objectives:
-119.95711401075187, -76.24174615510238, 9981.042885989249, 

parameters:
-0.09310337269809921, -0.38187417318528993, 20, 
objectives:
-20.37320593517753, 23.999207555614866, -18.84550387784629, 

parameters:
1.9973066371654076, -100, 0, 
objectives:
-96.01076619713501, -99.99999274579665, 10004.989233802866, 

parameters:
-0.5471167544876454, -52.14292644164807, 5.048179784926666, 
objectives:
-56.89176948353364, -40.60694289572973, 2715.1359348572364, 

parameters:
-0.11963125732397695, -82.14739937996403, 0, 
objectives:
-82.13308774223512, -77.65456271293921, 6749.209536529043, 

parameters:
3.5478664840291216, -6.962933548077569, 16.871042512922642, 
objectives:
-11.246619472503049, 12.303999617225749, 45.1987576705186, 

parameters:
-0.01614192929184277, -93.35950656062974, 17.234926661219774, 
objectives:
-110.59417265996825, -72.05975162036133, 8699.762799144928, 

parameters:
3.3894175333642593, -36.23591862782644, 15.886980439735328, 
objectives:
-40.634747852084715, -18.41845710607109, 1309.6429695782012, 

parameters:
0.2940860659414193, -88.1140226754104, 14.457754371019561, 
objectives:
-102.48529043224906, -70.7461259539756, 7750.709724285899, 

parameters:
0.8263066795754286, -97.7640253351226, 15.08302850916677, 
objectives:
-112.16427111557839, -81.30344081554658, 9544.404403946037, 

parameters:
-1.7521479667875464, -75.07531622968384, 0, 
objectives:
-72.00529373216611, -60.996701865015915, 5640.3731294845475, 

parameters:
-1.6649992278462231, -50.086466103684735, 1.277010254041954, 
objectives:
-48.59125392899817, -35.37723650952937, 2511.1492989302465, 

parameters:
1.5685079209633246, -86.29727970841914, 0, 
objectives:
-83.83706261029445, -86.11109429414775, 7450.680702171254, 

parameters:
0.8217409993328607, -94.88096151392199, 2.8545432642738793, 
objectives:
-97.0602465082113, -90.63812397699498, 9001.217572812056, 

parameters:
3.8821986596695686, -5.779259262580601, 20, 
objectives:
-10.707792829440407, 17.76341253188132, 29.471304057263872, 

parameters:
1.5703211730395368, -71.49557043555596, 1.7416481972537423, 
objectives:
-70.77131004631343, -69.5692983439641, 5113.340852294786, 

parameters:
-1.6932490458392295, -62.619124177674884, 15.491644715198674, 
objectives:
-75.2436765616381, -33.48739094788383, 3909.5301603951043, 

parameters:
0.06811079964977917, -16.229475066465028, 6.495429917456736, 
objectives:
-22.72026590289283, -6.001849266578477, 257.90507009658216, 

parameters:
1.2345755535569403, -90.61600286269704, 1.7724228579262993, 
objectives:
-90.86424892318291, -88.25770542155809, 8212.011728751833, 

parameters:
1.6734758729238546, -27.96729023422845, 7.054031151804802, 
objectives:
-32.220799888775, -20.806641076860807, 778.9158133910236, 

parameters:
-1.6798492374057015, -46.2539236017367, 2.8487863916647704, 
objectives:
-46.28081653298895, -29.863846800036608, 2140.398555624043, 

parameters:
1.7865465845725526, -96.19412624822382, 1.3389931068968894, 
objectives:
-94.34137065627287, -94.80957078076929, 9256.162680251175, 

parameters:
2.2102532952233935, -66.75647712339361, 16.02960456126158, 
objectives:
-77.90086205560931, -50.682666113979735, 4446.282852993958, 

parameters:
1.297566286523101, -28.24094342990403, 12.072460989293035, 
objectives:
-38.62972615127571, -15.675069318782047, 788.1621030896678, 

parameters:
2.7448677774898615, -20.426924724281452, 17.372196639217414, 
objectives:
-30.264822247596733, -2.4999000791213533, 408.42135616814556, 

parameters:
-0.16083149592321044, -21.193368788135746, 4.236005304672337, 
objectives:
-25.403507322727183, -12.288170729689671, 445.94874205533495, 

parameters:
0.12825092066738877, -58.80629965718487, 1.1742017492324932, 
objectives:
-59.96405310776534, -54.1286532919699, 3458.0231259200414, 

parameters:
-1.23638788120551, -56.15848086637269, 19.407235086872408, 
objectives:
-74.03706096045325, -26.277039261886397, 3136.896393124667, 

parameters:
-0.9582022846706998, -42.72358309578318, 19.690804730586024, 
objectives:
-61.49623620802105, -14.281817608166207, 1807.5318994300521, 

parameters:
2.3306738043974313, -87.10146657895072, 5.548784163880454, 
objectives:
-87.21821036032678, -81.4433372501556, 7587.548736422693, 

parameters:
0.7445094097213059, -48.47186754087644, 19.688995243770137, 
objectives:
-67.606568523483, -27.206615674827958, 2331.3872419176646, 

parameters:
1.8711909386808523, -78.36759871108796, 19.972459152142502, 
objectives:
-94.83870233422914, -58.378547784667546, 6126.009424118975, 

parameters:
1.603520535122877, -66.26583094523752, 19.988675564359152, 
objectives:
-83.68322840303593, -46.11995941480912, 4374.742953405001, 

parameters:
0.723767874833295, -59.59006635709651, 14.51277813407779, 
objectives:
-73.5790045545336, -43.4485197857112, 3537.9870702457283, 

parameters:
2.305729326404632, -24.715169120836443, 8.526154164738573, 
objectives:
-27.92493555893266, -16.09554453507404, 608.6298182334509, 

parameters:
0.37403122389140997, -76.60745073910033, 16.290321216371833, 
objectives:
-92.75787259902646, -57.673355061848426, 5853.551086883757, 

parameters:
3.8633602733469212, -76.19661609951979, 3.057605024673573, 
objectives:
-64.32866852251816, -69.6668995665587, 5818.7922525946, 

parameters:
-0.017439117353028433, -69.62632315044931, 20, 
objectives:
-89.62601902763525, -45.55626255822314, 4828.825179573607, 

parameters:
-0.822490843497584, -69.186962213438, 2.2986297890741025, 
objectives:
-70.80910081487472, -58.92187786273619, 4786.21360172226, 

parameters:
3.639505817934097, -70.78186243919235, 16.743642817761998, 
objectives:
-74.2795026581782, -51.3502402943906, 5007.574410141763, 

parameters:
3.392350278864888, -43.93941799015949, 14.941271228108945, 
objectives:
-47.372648803753755, -27.059507462995413, 1928.2392225003573, 

