Generation 1194 at Fri May 24 19:48:13 2019
parameters:
0.05101637681523949, -100, 19.95971668145522, 
objectives:
-119.95711401075187, -76.24174615510238, 9981.042885989249, 

parameters:
1.4986007892262796, -1.2333051706200564, 4.770324367146875, 
objectives:
-3.7578252122973033, 3.788420365091328, -0.003478397799080213, 

parameters:
-0.09310337269809921, -0.38187417318528993, 20, 
objectives:
-20.37320593517753, 23.999207555614866, -18.84550387784629, 

parameters:
1.9973066371654076, -100, 0, 
objectives:
-96.01076619713501, -99.99999274579665, 10004.989233802866, 

parameters:
1.5703211730395368, -71.49557043555596, 1.7416481972537423, 
objectives:
-70.77131004631343, -69.5692983439641, 5113.340852294786, 

parameters:
1.7804285262884432, -44.36274088322909, 8.3463810572787, 
objectives:
-49.539196203286146, -35.96814819388253, 1963.8763233524683, 

parameters:
-0.5471167544876454, -52.14292644164807, 5.048179784926666, 
objectives:
-56.89176948353364, -40.60694289572973, 2715.1359348572364, 

parameters:
2.2102532952233935, -66.75647712339361, 16.02960456126158, 
objectives:
-77.90086205560931, -50.682666113979735, 4446.282852993958, 

parameters:
-0.2825866406697686, -77.89707968385815, 11.065652849827599, 
objectives:
-88.88287732420073, -61.621225061866454, 6057.969225633004, 

parameters:
-0.11963125732397695, -82.14739937996403, 0, 
objectives:
-82.13308774223512, -77.65456271293921, 6749.209536529043, 

parameters:
3.3894175333642593, -36.23591862782644, 15.886980439735328, 
objectives:
-40.634747852084715, -18.41845710607109, 1309.6429695782012, 

parameters:
0.8263066795754286, -97.7640253351226, 15.08302850916677, 
objectives:
-112.16427111557839, -81.30344081554658, 9544.404403946037, 

parameters:
1.5685079209633246, -86.29727970841914, 0, 
objectives:
-83.83706261029445, -86.11109429414775, 7450.680702171254, 

parameters:
0.2940860659414193, -88.1140226754104, 14.457754371019561, 
objectives:
-102.48529043224906, -70.7461259539756, 7750.709724285899, 

parameters:
-0.01614192929184277, -93.35950656062974, 17.234926661219774, 
objectives:
-110.59417265996825, -72.05975162036133, 8699.762799144928, 

parameters:
-1.7521479667875464, -75.07531622968384, 0, 
objectives:
-72.00529373216611, -60.996701865015915, 5640.3731294845475, 

parameters:
1.2345755535569403, -90.61600286269704, 1.7724228579262993, 
objectives:
-90.86424892318291, -88.25770542155809, 8212.011728751833, 

parameters:
1.7865465845725526, -96.19412624822382, 1.3389931068968894, 
objectives:
-94.34137065627287, -94.80957078076929, 9256.162680251175, 

parameters:
-1.23638788120551, -56.15848086637269, 19.407235086872408, 
objectives:
-74.03706096045325, -26.277039261886397, 3136.896393124667, 

parameters:
0.12825092066738877, -58.80629965718487, 1.1742017492324932, 
objectives:
-59.96405310776534, -54.1286532919699, 3458.0231259200414, 

parameters:
-0.9582022846706998, -42.72358309578318, 19.690804730586024, 
objectives:
-61.49623620802105, -14.281817608166207, 1807.5318994300521, 

parameters:
0.06811079964977917, -16.229475066465028, 6.495429917456736, 
objectives:
-22.72026590289283, -6.001849266578477, 257.90507009658216, 

parameters:
0.8217409993328607, -94.88096151392199, 2.8545432642738793, 
objectives:
-97.0602465082113, -90.63812397699498, 9001.217572812056, 

parameters:
0.05590167952403169, -62.29694677380155, 11.72127467047681, 
objectives:
-74.01509644650474, -46.79615382364726, 3870.1914276651605, 

parameters:
2.7448677774898615, -20.426924724281452, 17.372196639217414, 
objectives:
-30.264822247596733, -2.4999000791213533, 408.42135616814556, 

parameters:
2.172856075694761, -38.79307864557185, 15.360981287870244, 
objectives:
-49.43275640775846, -23.402218134797018, 1495.2632730393361, 

parameters:
3.8821986596695686, -5.779259262580601, 20, 
objectives:
-10.707792829440407, 17.76341253188132, 29.471304057263872, 

parameters:
3.5478664840291216, -6.962933548077569, 16.871042512922642, 
objectives:
-11.246619472503049, 12.303999617225749, 45.1987576705186, 

parameters:
1.297566286523101, -28.24094342990403, 12.072460989293035, 
objectives:
-38.62972615127571, -15.675069318782047, 788.1621030896678, 

parameters:
0.515882324478542, -25.41042468995869, 11.004008523885542, 
objectives:
-36.14829864113484, -12.203810891277932, 635.9518089728859, 

parameters:
-1.6080816354089018, -9.87304814677752, 19.456323437686574, 
objectives:
-26.743445038324726, 22.60152837868403, 81.60668281703983, 

parameters:
0.7031877141744297, -60.16815960853228, 15.159777767824798, 
objectives:
-74.83346441499121, -43.32665973603934, 3606.542125871356, 

parameters:
0.6061125767235578, -8.303386579509358, 6.56918802416136, 
objectives:
-14.505202148008246, 0.20872359342024183, 63.744413120277216, 

parameters:
3.802840186984939, -38.509603299637334, 10.786683536204732, 
objectives:
-34.83469334809442, -24.472687023624708, 1487.6644562469817, 

parameters:
1.3216095938975316, -8.687341672398414, 11.071758207354563, 
objectives:
-18.01244796107098, 2.84463007804802, 67.14479904431752, 

