[!]Generation 12 at Sun May 26 02:43:06 2019
size of front generated: 54
[!!!]Points in the front:
parameters:
0, 0.0, 20.0, 
objectives:
-20.0, 24.0, -19.0, 

parameters:
0, 0.0, 20.0, 
objectives:
-20.0, 24.0, -19.0, 

parameters:
1.893715785954626, 0.0, 20.0, 
objectives:
-16.413840522026252, 20.011296334155244, -15.413840522026252, 

parameters:
1.5671644670980711, 0.0, 20.0, 
objectives:
-17.543995533065218, 20.187346598542497, -16.543995533065218, 

parameters:
1.73264024941367, 0.0, 20.0, 
objectives:
-16.997957766111735, 20.071481236233584, -15.997957766111735, 

parameters:
1.4678861681510893, 0.0, 20.0, 
objectives:
-17.845310197350713, 20.283145130044932, -16.845310197350713, 

parameters:
1.8188622083277686, 0.013908744996193307, 20.0, 
objectives:
-16.67783152212084, 20.046719644568086, -15.67783152212084, 

parameters:
1.2300194029222264, 0.04848871888144146, 20.0, 
objectives:
-18.438563549553407, 20.641358838757686, -17.438563549553407, 

parameters:
1.6680150661095021, 0.036967336297238515, 20.0, 
objectives:
-17.180758402934476, 20.147181332627518, -16.180758402934476, 

parameters:
0.32143995325450336, 0.0, 20.0, 
objectives:
-19.896676356451742, 22.817563830530244, -18.896676356451742, 

parameters:
1.3601785843659748, 0.0, 20.0, 
objectives:
-18.149914218632173, 20.40937144390393, -17.149914218632173, 

parameters:
0.15371973484357493, 0.0, 20.0, 
objectives:
-19.97637024311962, 23.40875081750608, -18.97637024311962, 

parameters:
1.4264771590954077, 0.0, 20.0, 
objectives:
-17.965162914579096, 20.328928449039275, -16.965162914579096, 

parameters:
0.7004552462508914, 0.0, 20.0, 
objectives:
-19.509362447999603, 21.68881656699683, -18.509362447999603, 

parameters:
0.4228539958753509, 0.003554038802678412, 20.0, 
objectives:
-19.81764045936957, 22.490943557129025, -18.81764045936957, 

parameters:
0.8966790250448025, 0.03694732317011344, 20.0, 
objectives:
-19.159019402874588, 21.254264496946202, -18.159019402874588, 

parameters:
0.957630474089052, 0.04156719633559687, 20.0, 
objectives:
-19.04137667876038, 21.12810142488341, -18.04137667876038, 

parameters:
1.2983079032435532, 0.0, 20.0, 
objectives:
-18.314396588375327, 20.49237179865046, -17.314396588375327, 

parameters:
1.165350627487272, 0, 20.0, 
objectives:
-18.64195791501502, 20.696639575035892, -17.64195791501502, 

parameters:
0.730241080035333, 0.058954203178791575, 20.0, 
objectives:
-19.407793761850037, 21.67124191800863, -18.407793761850037, 

parameters:
1.6811148235621896, 0.0, 20.0, 
objectives:
-17.173852949999468, 20.101687755751772, -16.173852949999468, 

parameters:
0.6174725099266521, 0.0, 20.0, 
objectives:
-19.61872769948488, 21.911382260808512, -18.61872769948488, 

parameters:
0.5000496572434621, 0.0056553455948692355, 20.0, 
objectives:
-19.744294994695828, 22.255506376330324, -18.744294994695828, 

parameters:
1.3151729450667051, 0.0, 20.0, 
objectives:
-18.27032012456457, 20.46898809516861, -17.27032012456457, 

parameters:
0.5119308714352451, 0.0, 20.0, 
objectives:
-19.73792678287155, 22.21434973138747, -18.73792678287155, 

parameters:
0.3666080040257206, 0, 20.0, 
objectives:
-19.86559857138428, 22.66796941251284, -18.86559857138428, 

parameters:
0.8512428044951929, 0.033386588442803865, 20.0, 
objectives:
-19.241999099352356, 21.353029682666875, -18.241999099352356, 

parameters:
0.5818866575602896, 0.0, 20.0, 
objectives:
-19.661407917753316, 22.011045452005526, -18.661407917753316, 

parameters:
1.075369858530294, 0.0, 20.0, 
objectives:
-18.843579667364537, 20.85494089851429, -17.843579667364537, 

parameters:
1.8600287558084947, 1.0487162017129423e-05, 20.0, 
objectives:
-16.540282540403485, 20.019602436362536, -15.540282540403487, 

parameters:
0.7875970951601725, 0.013975187812345038, 20.0, 
objectives:
-19.365715627882913, 21.4838959914764, -18.365715627882913, 

parameters:
1.1253738331704561, 0.0, 20.0, 
objectives:
-18.733533735615236, 20.76497093170294, -17.733533735615232, 

parameters:
0.04840457326301093, 0, 20.0, 
objectives:
-19.997656997287226, 23.80872470966073, -18.997656997287226, 

parameters:
1.0280946996991005, 0.011399157650198215, 20.0, 
objectives:
-18.931622130800417, 20.95599907040318, -17.931622130800417, 

parameters:
0.9885081404204155, 0.03149626486270437, 20.0, 
objectives:
-18.99135539145987, 21.05461204685847, -17.99135539145987, 

parameters:
0.11618047130254154, 0, 20.0, 
objectives:
-19.986502098087918, 23.548776016701915, -18.986502098087918, 

parameters:
0.8357373283265843, 0.0, 20.0, 
objectives:
-19.301543118041543, 21.35550756865212, -18.301543118041543, 

parameters:
1.8666644896369697, 0.0, 20.0, 
objectives:
-16.515563683128352, 20.01777835832377, -15.515563683128352, 

parameters:
1.1597927164830402, 0, 20.0, 
objectives:
-18.65488085479289, 20.70594827927495, -17.65488085479289, 

parameters:
0.8082626923044107, 0, 20.0, 
objectives:
-19.346711420228825, 21.42023781055353, -18.346711420228825, 

parameters:
1.1034235493519198, 0.0, 20.0, 
objectives:
-18.78245647073561, 20.80384933185671, -17.78245647073561, 

parameters:
0.33892783379803915, 0.0, 20.0, 
objectives:
-19.88512792347697, 22.759160741330874, -18.88512792347697, 

parameters:
0.025741689044826276, 0.0, 20.0, 
objectives:
-19.99933736544512, 23.897695878375576, -18.99933736544512, 

parameters:
1.0908738596532046, 0.0, 20.0, 
objectives:
-18.809994222325322, 20.826510339061862, -17.809994222325322, 

parameters:
1.0163147652560527, 0.0, 20.0, 
objectives:
-18.967104297922535, 20.967636641053254, -17.967104297922535, 

parameters:
0.5966700664035312, 0.012074197276640967, 20.0, 
objectives:
-19.631910634581367, 21.98140909980451, -18.631910634581367, 

parameters:
0.1432969100941772, 0, 20.0, 
objectives:
-19.97946599555746, 23.44734636406583, -18.97946599555746, 

parameters:
0.12312139286004292, 0.0, 20.0, 
objectives:
-19.984841122620203, 23.522673305939627, -18.984841122620203, 

parameters:
0.61441898927174, 0.0020178660946826572, 20.0, 
objectives:
-19.62047143952761, 21.921852603385428, -18.620471439527613, 

parameters:
0.5895946967024521, 0, 20.0, 
objectives:
-19.652378093620342, 21.98924311956985, -18.652378093620342, 

parameters:
1.018341800697915, 0.003261957753674968, 20.0, 
objectives:
-18.959718019197652, 20.966914778010686, -17.959718019197652, 

parameters:
0, 0.0, 20.0, 
objectives:
-20.0, 24.0, -19.0, 

parameters:
0, 0.0, 20.0, 
objectives:
-20.0, 24.0, -19.0, 

parameters:
0, 0.0, 20.0, 
objectives:
-20.0, 24.0, -19.0, 

size of all points: 80
[!!!]All points:
0, 0.0, 20.0, -20.0, 24.0, -19.0, 

0, 0.0, 20.0, -20.0, 24.0, -19.0, 

1.8666644896369697, 0.0, 20.0, -16.515563683128352, 20.01777835832377, -15.515563683128352, 

1.73264024941367, 0.0, 20.0, -16.997957766111735, 20.071481236233584, -15.997957766111735, 

1.5671644670980711, 0.0, 20.0, -17.543995533065218, 20.187346598542497, -16.543995533065218, 

1.8600287558084947, 1.0487162017129423e-05, 20.0, -16.540282540403485, 20.019602436362536, -15.540282540403487, 

0.5000496572434621, 0.0056553455948692355, 20.0, -19.744294994695828, 22.255506376330324, -18.744294994695828, 

1.4678861681510893, 0.0, 20.0, -17.845310197350713, 20.283145130044932, -16.845310197350713, 

1.2300194029222264, 0.04848871888144146, 20.0, -18.438563549553407, 20.641358838757686, -17.438563549553407, 

0.32143995325450336, 0.0, 20.0, -19.896676356451742, 22.817563830530244, -18.896676356451742, 

1.3601785843659748, 0.0, 20.0, -18.149914218632173, 20.40937144390393, -17.149914218632173, 

0.3666080040257206, 0, 20.0, -19.86559857138428, 22.66796941251284, -18.86559857138428, 

1.4264771590954077, 0.0, 20.0, -17.965162914579096, 20.328928449039275, -16.965162914579096, 

0.15371973484357493, 0.0, 20.0, -19.97637024311962, 23.40875081750608, -18.97637024311962, 

0.7004552462508914, 0.0, 20.0, -19.509362447999603, 21.68881656699683, -18.509362447999603, 

0.8966790250448025, 0.03694732317011344, 20.0, -19.159019402874588, 21.254264496946202, -18.159019402874588, 

0.5818866575602896, 0.0, 20.0, -19.661407917753316, 22.011045452005526, -18.661407917753316, 

0.957630474089052, 0.04156719633559687, 20.0, -19.04137667876038, 21.12810142488341, -18.04137667876038, 

1.0908738596532046, 0.0, 20.0, -18.809994222325322, 20.826510339061862, -17.809994222325322, 

1.2983079032435532, 0.0, 20.0, -18.314396588375327, 20.49237179865046, -17.314396588375327, 

0.730241080035333, 0.058954203178791575, 20.0, -19.407793761850037, 21.67124191800863, -18.407793761850037, 

1.165350627487272, 0, 20.0, -18.64195791501502, 20.696639575035892, -17.64195791501502, 

1.1597927164830402, 0, 20.0, -18.65488085479289, 20.70594827927495, -17.65488085479289, 

0.6174725099266521, 0.0, 20.0, -19.61872769948488, 21.911382260808512, -18.61872769948488, 

1.3151729450667051, 0.0, 20.0, -18.27032012456457, 20.46898809516861, -17.27032012456457, 

0.8512428044951929, 0.033386588442803865, 20.0, -19.241999099352356, 21.353029682666875, -18.241999099352356, 

1.075369858530294, 0.0, 20.0, -18.843579667364537, 20.85494089851429, -17.843579667364537, 

0.7875970951601725, 0.013975187812345038, 20.0, -19.365715627882913, 21.4838959914764, -18.365715627882913, 

1.0280946996991005, 0.011399157650198215, 20.0, -18.931622130800417, 20.95599907040318, -17.931622130800417, 

0.9851590296339896, 0.060608830342879755, 20.0, -18.968852855987738, 21.090511025476307, -17.968852855987738, 

0.11618047130254154, 0, 20.0, -19.986502098087918, 23.548776016701915, -18.986502098087918, 

0.8357373283265843, 0.0, 20.0, -19.301543118041543, 21.35550756865212, -18.301543118041543, 

0.04840457326301093, 0, 20.0, -19.997656997287226, 23.80872470966073, -18.997656997287226, 

0.8082626923044107, 0, 20.0, -19.346711420228825, 21.42023781055353, -18.346711420228825, 

0.33892783379803915, 0.0, 20.0, -19.88512792347697, 22.759160741330874, -18.88512792347697, 

1.018341800697915, 0.003261957753674968, 20.0, -18.959718019197652, 20.966914778010686, -17.959718019197652, 

0.61441898927174, 0.0020178660946826572, 20.0, -19.62047143952761, 21.921852603385428, -18.620471439527613, 

0.025741689044826276, 0.0, 20.0, -19.99933736544512, 23.897695878375576, -18.99933736544512, 

0.1432969100941772, 0, 20.0, -19.97946599555746, 23.44734636406583, -18.97946599555746, 

0.12312139286004292, 0.0, 20.0, -19.984841122620203, 23.522673305939627, -18.984841122620203, 

2.6440905329282205, 0.0, 20.0, -13.00878525367936, 20.41485261460776, -12.00878525367936, 

0, 0.0, 20.0, -20.0, 24.0, -19.0, 

1.6811148235621896, 0.0, 20.0, -17.173852949999468, 20.101687755751772, -16.173852949999468, 

0, 0.0, 20.0, -20.0, 24.0, -19.0, 

0.5966700664035312, 0.012074197276640967, 20.0, -19.631910634581367, 21.98140909980451, -18.631910634581367, 

9.472514796862969, 5.091457367314691, 20.0, 74.81999394410258, 80.92993475665071, 75.81999394410258, 

6.589754845982467, 9.818513775252978, 20.0, 33.24338270540238, 50.88436332147252, 34.24338270540238, 

0.5405883402875153, 23.971421689923044, 20.0, 4.263657443577856, 46.101304082427795, 5.263657443577856, 

1.6680150661095021, 0.036967336297238515, 20.0, -17.180758402934476, 20.147181332627518, -16.180758402934476, 

3.313013745568645, 8.994735019030779, 20.0, -0.0292049026424408, 30.71874011508298, 0.9707950973575592, 

3.784692188892664, 13.450191214581416, 20.0, 7.774086179246559, 36.6353174236759, 8.77408617924656, 

0.6041615321212983, 28.529991334756257, 20.0, 8.895002491651411, 50.47835636316622, 9.895002491651411, 

1.954397972894348, 25.900142897921686, 20.0, 9.719814334375222, 45.902222442797836, 10.719814334375222, 

1.1253738331704561, 0.0, 20.0, -18.733533735615236, 20.76497093170294, -17.733533735615232, 

16.205895537168914, 0.0, 20.0, 242.63105016163132, 221.80746801295567, 243.63105016163132, 

0.26684757453754787, 27.562835087233807, 20.0, 7.634042715270379, 50.56665241712019, 8.634042715270379, 

13.60152262817969, 0.0, 20.0, 165.00141780488417, 154.5953272921654, 166.00141780488417, 

12.089735612046447, 0.0, 20.0, 126.16170716918407, 121.80276472099828, 127.16170716918407, 

0.9885081404204155, 0.03149626486270437, 20.0, -18.99135539145987, 21.05461204685847, -17.99135539145987, 

0.17452922160760664, 26.320525332338413, 20.0, 6.350985781533371, 49.65286889510294, 7.350985781533371, 

1.752322176155791, 6.889089374129268, 20.0, -10.040277616823364, 26.950433678553473, -9.040277616823364, 

0.5895946967024521, 0, 20.0, -19.652378093620342, 21.98924311956985, -18.652378093620342, 

1.1034235493519198, 0.0, 20.0, -18.78245647073561, 20.80384933185671, -17.78245647073561, 

0, 0.0, 20.0, -20.0, 24.0, -19.0, 

1.8188622083277686, 0.013908744996193307, 20.0, -16.67783152212084, 20.046719644568086, -15.67783152212084, 

0.9003384960170439, 18.902299130790652, 20.0, -0.2870914617991147, 40.11155455413271, 0.7129085382008853, 

1.0163147652560527, 0.0, 20.0, -18.967104297922535, 20.967636641053254, -17.967104297922535, 

17.13434049074513, 12.63706347933935, 20.0, 286.22268753212745, 261.6853255691469, 287.22268753212745, 

0.5119308714352451, 0.0, 20.0, -19.73792678287155, 22.21434973138747, -18.73792678287155, 

0.1862701427093933, 17.984395067452862, 20.0, -1.9809083664821614, 41.274011062680266, -0.9809083664821614, 

16.44735777703797, 0.5886545425808102, 20.0, 251.10423238847216, 229.31480128032027, 252.10423238847216, 

4.409745304858739, 0, 20.0, -0.5541463462763048, 25.80687243428874, 0.44585365372369523, 

0.9546690597850029, 6.1949847205594155, 20.0, -12.893622265729803, 27.287701495130186, -11.893622265729803, 

1.0121688798194104, 2.237913845034175, 20.0, -16.737600313690944, 23.213724167031415, -15.737600313690944, 

17.22496268396056, 55.142460232152665, 20.0, 331.84179969598637, 306.94194896014415, 332.84179969598637, 

0.4228539958753509, 0.003554038802678412, 20.0, -19.81764045936957, 22.490943557129025, -18.81764045936957, 

1.893715785954626, 0.0, 20.0, -16.413840522026252, 20.011296334155244, -15.413840522026252, 

2.3384862312126518, 2.3159372245664445, 20.0, -12.215544921862403, 22.43051015328699, -11.215544921862403, 

2.692521539289383, 0.054954208678910405, 20.0, -12.69537355178382, 20.534540291058647, -11.69537355178382, 

0.09226930776786949, 28.426996798435333, 20.0, 8.435510423591296, 52.06643319251982, 9.435510423591296, 

