Generation 1202 at Fri May 24 19:48:13 2019
parameters:
1.4986007892262796, -1.2333051706200564, 4.770324367146875, 
objectives:
-3.7578252122973033, 3.788420365091328, -0.003478397799080213, 

parameters:
0.05101637681523949, -100, 19.95971668145522, 
objectives:
-119.95711401075187, -76.24174615510238, 9981.042885989249, 

parameters:
-2.2925869813613295, -11.913084081923742, 18.086791567849897, 
objectives:
-24.743920582666185, 24.60001047847893, 130.09073584224242, 

parameters:
-0.09310337269809921, -0.38187417318528993, 20, 
objectives:
-20.37320593517753, 23.999207555614866, -18.84550387784629, 

parameters:
1.9973066371654076, -100, 0, 
objectives:
-96.01076619713501, -99.99999274579665, 10004.989233802866, 

parameters:
3.5478664840291216, -6.962933548077569, 16.871042512922642, 
objectives:
-11.246619472503049, 12.303999617225749, 45.1987576705186, 

parameters:
0.2940860659414193, -88.1140226754104, 14.457754371019561, 
objectives:
-102.48529043224906, -70.7461259539756, 7750.709724285899, 

parameters:
-1.23638788120551, -56.15848086637269, 19.407235086872408, 
objectives:
-74.03706096045325, -26.277039261886397, 3136.896393124667, 

parameters:
2.2102532952233935, -66.75647712339361, 16.02960456126158, 
objectives:
-77.90086205560931, -50.682666113979735, 4446.282852993958, 

parameters:
0.8263066795754286, -97.7640253351226, 15.08302850916677, 
objectives:
-112.16427111557839, -81.30344081554658, 9544.404403946037, 

parameters:
-0.11963125732397695, -82.14739937996403, 0, 
objectives:
-82.13308774223512, -77.65456271293921, 6749.209536529043, 

parameters:
1.5685079209633246, -86.29727970841914, 0, 
objectives:
-83.83706261029445, -86.11109429414775, 7450.680702171254, 

parameters:
-0.2825866406697686, -77.89707968385815, 11.065652849827599, 
objectives:
-88.88287732420073, -61.621225061866454, 6057.969225633004, 

parameters:
2.7448677774898615, -20.426924724281452, 17.372196639217414, 
objectives:
-30.264822247596733, -2.4999000791213533, 408.42135616814556, 

parameters:
2.172856075694761, -38.79307864557185, 15.360981287870244, 
objectives:
-49.43275640775846, -23.402218134797018, 1495.2632730393361, 

parameters:
3.9172295433032867, -21.602405281467597, 11.734962102925927, 
objectives:
-17.99268008946545, -6.191674056826741, 471.27363913678124, 

parameters:
1.7804285262884432, -44.36274088322909, 8.3463810572787, 
objectives:
-49.539196203286146, -35.96814819388253, 1963.8763233524683, 

parameters:
0.07248061110852877, -90.31825230415474, 20, 
objectives:
-110.31299886516807, -66.6029213096022, 8138.39195271594, 

parameters:
1.5703211730395368, -71.49557043555596, 1.7416481972537423, 
objectives:
-70.77131004631343, -69.5692983439641, 5113.340852294786, 

parameters:
1.1676876130605645, -52.01194438869244, 19.83013574748781, 
objectives:
-70.47858577448517, -31.48906473175181, 2687.7757177066424, 

parameters:
2.199166971481781, -60.91872852814396, 8.801457457443163, 
objectives:
-64.88385061713078, -52.07760358817157, 3708.1263633967137, 

parameters:
3.441043630579276, -63.05282900839667, 4.075494418406996, 
objectives:
-55.28754215925346, -56.900727844756574, 3984.424532811252, 

parameters:
-0.751205518872629, -60.703813483352405, 6.027328776164298, 
objectives:
-66.16683252793202, -47.1073529001129, 3680.4899523770578, 

parameters:
0.3735469076667244, -51.86310018416733, 4.950571727168036, 
objectives:
-56.67413461910799, -44.267178795438824, 2685.970126278037, 

parameters:
3.5231509383805246, -47.59425148964914, 7.0043766858977365, 
objectives:
-42.18603564093531, -38.26988602266193, 2271.620990708683, 

parameters:
3.6356080710141345, -31.515923257094126, 16.535947777089234, 
objectives:
-34.834224988160244, -12.304761718038314, 990.9351170159803, 

parameters:
1.5443421206641774, -93.86036625771432, 0, 
objectives:
-91.47537367205679, -93.6527421547135, 8813.153346617933, 

parameters:
2.2544598233266373, -31.93951636024876, 16.728197892415135, 
objectives:
-43.58512515766992, -15.146568666146202, 1009.4870965291769, 

parameters:
-0.949722471984323, -21.763216828111723, 20, 
objectives:
-40.86124405431971, 6.937645833617584, 455.5395794811973, 

parameters:
1.8024888248993522, -99.7207374474178, 0.5894854868925221, 
objectives:
-97.06125697042329, -99.09224129623564, 9947.88495753383, 

parameters:
1.9002930665393194, -33.30138240629727, 12.557269031677611, 
objectives:
-42.247537699237476, -20.734171902039527, 1101.0359148775053, 

parameters:
1.2345755535569403, -90.61600286269704, 1.7724228579262993, 
objectives:
-90.86424892318291, -88.25770542155809, 8212.011728751833, 

parameters:
4.412917394372631, -30.288792578252107, 15.421539511501765, 
objectives:
-26.236492160197344, -9.045082714684336, 922.4632562664347, 

parameters:
1.0033711706624975, -74.08713083615342, 12.995286060015957, 
objectives:
-86.07566319005275, -60.098575752670826, 5477.914423179416, 

parameters:
-3.363750893417799, -51.788826071438116, 13.735643287633147, 
objectives:
-54.20964928610222, -9.283359137164732, 2680.661682643004, 

parameters:
1.9929396278050893, -76.28367975987719, 9.335786799603177, 
objectives:
-81.64765819940447, -66.94784311141848, 5814.835819267969, 

parameters:
0.8217409993328607, -94.88096151392199, 2.8545432642738793, 
objectives:
-97.0602465082113, -90.63812397699498, 9001.217572812056, 

parameters:
1.9516845624384258, -96.96399694337218, 1.8308425118302631, 
objectives:
-94.98576682394199, -95.13082005003514, 9404.994933353719, 

parameters:
0.044156843555060554, -74.54102754658, 20, 
objectives:
-94.53907771974725, -50.7157050939675, 5537.366737526831, 

