Generation 121 at Fri May 24 19:55:16 2019
parameters:
0, 0.0, 20.0, 
objectives:
-20.0, 24.0, -19.0, 

parameters:
0, 0.0, 20.0, 
objectives:
-20.0, 24.0, -19.0, 

parameters:
1.9979647189482492, 0.0, 20.0, 
objectives:
-16.008136981838042, 20.000004142368958, -15.008136981838044, 

parameters:
1.7229699558653842, 0.0, 20.0, 
objectives:
-17.031374531185236, 20.076745645353228, -16.031374531185236, 

parameters:
1.831436271600603, 0.0, 20.0, 
objectives:
-16.645841183065684, 20.028413730531906, -15.645841183065683, 

parameters:
1.2573031808539512, 0.0, 20.0, 
objectives:
-18.419188711414538, 20.55159856516966, -17.419188711414535, 

parameters:
0.9342139906749244, 0.0, 20.0, 
objectives:
-19.127244219627233, 21.13589981767307, -18.127244219627233, 

parameters:
1.0690198020952735, 0.0, 20.0, 
objectives:
-18.85719666272818, 20.866724128890723, -17.85719666272818, 

parameters:
0.1410125926285466, 0.0, 20.0, 
objectives:
-19.980115448720177, 23.45583418076564, -18.980115448720177, 

parameters:
0.37092373730483613, 0.0, 20.0, 
objectives:
-19.862415581103814, 22.65388946967684, -18.862415581103814, 

parameters:
0.9973991373572627, 0.0, 20.0, 
objectives:
-19.00519496079899, 21.00520848977196, -18.00519496079899, 

parameters:
1.4730219904000788, 0.0, 20.0, 
objectives:
-17.83020621579779, 20.277705822601895, -16.83020621579779, 

parameters:
0.5257105336488367, 0.0, 20.0, 
objectives:
-19.723628434810657, 22.173529430593998, -18.723628434810657, 

parameters:
1.4089147483932987, 0.0, 20.0, 
objectives:
-18.014959231759846, 20.34938177466696, -17.014959231759846, 

parameters:
1.5227641294186547, 0.0, 20.0, 
objectives:
-17.681189406155845, 20.227754076169536, -16.681189406155845, 

parameters:
1.658035129059243, 0.0, 20.0, 
objectives:
-17.2509195108055, 20.11693997295753, -16.2509195108055, 

parameters:
0.45892479178278345, 0.0, 20.0, 
objectives:
-19.78938803548713, 22.374912797381736, -18.78938803548713, 

parameters:
0.6118561129000342, 0.0, 20.0, 
objectives:
-19.62563209710686, 21.926943451293003, -18.62563209710686, 

parameters:
1.8771358898968864, 0.0, 20.0, 
objectives:
-16.476360850861024, 20.01509558955143, -15.476360850861024, 

parameters:
1.9262043884348685, 0.0, 20.0, 
objectives:
-16.289736653974256, 20.00544579228627, -15.289736653974254, 

parameters:
1.5815389365629897, 0.0, 20.0, 
objectives:
-17.498734592135207, 20.175109661612833, -16.498734592135207, 

parameters:
1.3355760054677106, 0.0, 20.0, 
objectives:
-18.216236733618913, 20.441459244510245, -17.216236733618913, 

parameters:
0.2837516610037456, 0.0, 20.0, 
objectives:
-19.919484994877614, 22.9455083611074, -18.919484994877614, 

parameters:
1.1657526197145944, 0.0, 20.0, 
objectives:
-18.64102082962856, 20.695968691513063, -17.64102082962856, 

parameters:
0.8299970213983836, 0.0, 20.0, 
objectives:
-19.31110494446981, 21.368906969936653, -18.31110494446981, 

parameters:
1.1522014966134195, 0.0, 20.0, 
objectives:
-18.672431711201796, 20.718762302344526, -17.672431711201796, 

parameters:
1.965129951009589, 0.0, 20.0, 
objectives:
-16.13826427564505, 20.001215920316593, -15.13826427564505, 

parameters:
1.6188607551276926, 0.0, 20.0, 
objectives:
-17.3792898555074, 20.14526712398183, -16.3792898555074, 

parameters:
0.8183590996826161, 0.0, 20.0, 
objectives:
-19.330288383966657, 21.39627521730288, -18.330288383966657, 

parameters:
0.7358023589325051, 0.0, 20.0, 
objectives:
-19.45859488858936, 21.598195675680618, -18.45859488858936, 

parameters:
1.3605692292232323, 0.0, 20.0, 
objectives:
-18.1488513724909, 20.40887171061617, -17.1488513724909, 

parameters:
0.22276222505430562, 0.0, 20.0, 
objectives:
-19.950376991088856, 23.158574108693923, -18.950376991088856, 

parameters:
0.19998853964681051, 0.0, 20.0, 
objectives:
-19.960004584009937, 23.240041257402822, -18.960004584009937, 

parameters:
0.6705133720995075, 0.0, 20.0, 
objectives:
-19.550411817835748, 21.767534693766223, -18.550411817835748, 

parameters:
0.7038517557592214, 0.0, 20.0, 
objectives:
-19.50459270591466, 21.680000271048453, -18.50459270591466, 

parameters:
0.6790075513508769, 0.0, 20.0, 
objectives:
-19.538948745208486, 21.745021049388008, -18.538948745208486, 

parameters:
0.7237755067914007, 0.0, 20.0, 
objectives:
-19.47614901576885, 21.628748957065547, -18.47614901576885, 

