Generation 1216 at Fri May 24 19:48:13 2019
parameters:
0.05101637681523949, -100, 19.95971668145522, 
objectives:
-119.95711401075187, -76.24174615510238, 9981.042885989249, 

parameters:
4.247249953842391, -0.43942762898817733, 4.678263853779882, 
objectives:
12.921440687646133, 9.288968579836332, 14.55396495775248, 

parameters:
-2.2925869813613295, -11.913084081923742, 18.086791567849897, 
objectives:
-24.743920582666185, 24.60001047847893, 130.09073584224242, 

parameters:
-0.09310337269809921, -0.38187417318528993, 20, 
objectives:
-20.37320593517753, 23.999207555614866, -18.84550387784629, 

parameters:
1.9973066371654076, -100, 0, 
objectives:
-96.01076619713501, -99.99999274579665, 10004.989233802866, 

parameters:
-2.1388183671156176, -51.12975513208983, 18.89713043650843, 
objectives:
-65.45234156108714, -15.102807219607808, 2600.9292734384685, 

parameters:
-1.23638788120551, -56.15848086637269, 19.407235086872408, 
objectives:
-74.03706096045325, -26.277039261886397, 3136.896393124667, 

parameters:
0.28562135976661107, 0.904347924639552, 8.928159204049301, 
objectives:
-7.9422317182548205, 12.771601250777337, -7.028734474094508, 

parameters:
3.2662881781545448, -29.21450768236832, 20, 
objectives:
-38.545869219616186, -7.611021932234365, 845.1560975859098, 

parameters:
0.8263066795754286, -97.7640253351226, 15.08302850916677, 
objectives:
-112.16427111557839, -81.30344081554658, 9544.404403946037, 

parameters:
0.756782986680365, -90.26248041928062, 17.80444390275604, 
objectives:
-107.4942038331078, -70.91244797431719, 8131.08364802719, 

parameters:
3.241189860104414, -6.820763421770069, 5.58864378833755, 
objectives:
-1.9040955008639502, 0.30843263539349497, 52.439481576662665, 

parameters:
2.6186340304193934, -72.45123329152763, 20, 
objectives:
-85.59398910625711, -52.068525227934686, 5237.038449648631, 

parameters:
3.0365920758735627, -40.30172430917244, 20, 
objectives:
-51.08083287391433, -19.22720117740858, 1614.449873727799, 

parameters:
3.5348671312885203, -45.48129887247202, 20.0, 
objectives:
-52.98601323660809, -23.125481761762167, 2062.0438327629886, 

parameters:
1.5685079209633246, -86.29727970841914, 0, 
objectives:
-83.83706261029445, -86.11109429414775, 7450.680702171254, 

parameters:
4.351842505374116, -58.419379599453265, 7.232725706285358, 
objectives:
-46.713572114157756, -45.65549072308351, 3425.529720270312, 

parameters:
3.1473899876529794, -46.651072993736946, 5.580965016822966, 
objectives:
-42.32597427618169, -39.75360419314767, 2181.647710184528, 

parameters:
-2.0711625776788702, -25.941961179113207, 14.68371947206674, 
objectives:
-36.33596622800256, 5.316123026846396, 663.5913447697274, 

parameters:
1.3433990170136354, -42.94660753647655, 6.223318411760818, 
objectives:
-47.36520502932416, -36.29216427385707, 1840.9925013992968, 

parameters:
0.2940860659414193, -88.1140226754104, 14.457754371019561, 
objectives:
-102.48529043224906, -70.7461259539756, 7750.709724285899, 

parameters:
1.652033201914643, -64.58908749465967, 7.738797617471325, 
objectives:
-69.59867141190264, -56.72920898461856, 4167.740639475559, 

parameters:
-0.2825866406697686, -77.89707968385815, 11.065652849827599, 
objectives:
-88.88287732420073, -61.621225061866454, 6057.969225633004, 

parameters:
1.9404175645016075, -67.0373581192956, 7.186637126454306, 
objectives:
-70.45877492112356, -59.847170926221374, 4491.5859668128605, 

parameters:
1.0435826309248701, -72.98180815849194, 8.270035722172508, 
objectives:
-80.16277917309638, -63.79703825245085, 5320.163351068317, 

parameters:
-0.1255379742181142, -96.27124027568732, 1.912464086605268, 
objectives:
-98.1679445793218, -89.8408645092388, 9267.254999915487, 

parameters:
1.6610529316920073, -80.58498347731631, 14.984706202136271, 
objectives:
-92.81059283756997, -65.48539216006546, 6482.71395267909, 

parameters:
-0.11963125732397695, -82.14739937996403, 0, 
objectives:
-82.13308774223512, -77.65456271293921, 6749.209536529043, 

parameters:
1.5443421206641774, -93.86036625771432, 0, 
objectives:
-91.47537367205679, -93.6527421547135, 8813.153346617933, 

parameters:
2.7601680580037167, -17.30731768130248, 16.401408620706476, 
objectives:
-26.090198593584947, -0.32805358418686126, 291.7603644092429, 

parameters:
-1.3330914273199552, -17.02711848798002, 14.600453269344612, 
objectives:
-29.850439003730678, 8.682833244238369, 278.0994434879603, 

parameters:
2.4642354883510498, -94.80279717817041, 0.7681219775961037, 
objectives:
-89.49846261371778, -93.81916061192976, 8993.874687369767, 

parameters:
1.731587711522815, -65.12197354615198, 19.563223905496205, 
objectives:
-81.68680144895136, -45.48670448405022, 4225.306610642919, 

