Generation 122 at Sat May 25 04:36:26 2019
parameters:
0, 0.0, 20.0, 
objectives:
-20.0, 24.0, -19.0, 

parameters:
0, 0.0, 20.0, 
objectives:
-20.0, 24.0, -19.0, 

parameters:
1.9954130956648328, 0.0, 20.0, 
objectives:
-16.01832657764929, 20.00002103969138, -15.018326577649288, 

parameters:
1.1606936418735168, 0.0, 20.0, 
objectives:
-18.65279026971439, 20.70443516279154, -17.652790269714394, 

parameters:
1.8409371446365494, 0.0, 20.0, 
objectives:
-16.61095042949743, 20.025300991956374, -15.610950429497429, 

parameters:
1.9317469799094926, 0.0, 20.0, 
objectives:
-16.268353605610553, 20.004658474751476, -15.268353605610555, 

parameters:
1.2880442173075561, 0.0, 20.0, 
objectives:
-18.340942094260566, 20.50688103650921, -17.340942094260566, 

parameters:
1.6612817672566305, 0.0, 20.0, 
objectives:
-17.240142889780685, 20.114730041192793, -16.240142889780685, 

parameters:
1.5682261005393345, 0.0, 20.0, 
objectives:
-17.540666897587194, 20.18642870025547, -16.540666897587194, 

parameters:
1.406020131339023, 0.0, 20.0, 
objectives:
-18.023107390269395, 20.352812084374513, -17.023107390269395, 

parameters:
1.053458607552489, 0.0, 20.0, 
objectives:
-18.89022496217357, 20.895940607616474, -17.89022496217357, 

parameters:
0.8362356732911845, 0.0, 20.0, 
objectives:
-19.30070989871524, 21.354347408120024, -18.30070989871524, 

parameters:
0.5643919192625484, 0.0, 20.0, 
objectives:
-19.681461761471137, 22.06097056147867, -18.681461761471137, 

parameters:
1.748596959890698, 0.0, 20.0, 
objectives:
-16.94240867186101, 20.0632034885762, -15.942408671861008, 

parameters:
0.6408089141496238, 0.0, 20.0, 
objectives:
-19.58936393554638, 21.847400407855126, -18.58936393554638, 

parameters:
0.744594408787144, 0.0, 20.0, 
objectives:
-19.445579166402922, 21.576043198448502, -18.445579166402922, 

parameters:
1.5037759157107211, 0.0, 20.0, 
objectives:
-17.73865799532838, 20.246238341828732, -16.73865799532838, 

parameters:
0.37227323727890776, 0.0, 20.0, 
objectives:
-19.86141263680588, 22.649494414078486, -18.86141263680588, 

parameters:
1.4669940083958777, 0.0, 20.0, 
objectives:
-17.847928579330596, 20.284095387085895, -16.847928579330596, 

parameters:
1.6240577211419664, 0.0, 20.0, 
objectives:
-17.362436518399164, 20.14133259703297, -16.362436518399164, 

parameters:
0.306983053692914, 0.0, 20.0, 
objectives:
-19.905761404745373, 22.86630638048297, -18.905761404745373, 

parameters:
0.24057883396254193, 0.0, 20.0, 
objectives:
-19.942121824649224, 23.09556283950061, -18.942121824649224, 

parameters:
1.3439297839879478, 0.0, 20.0, 
objectives:
-18.19385273571011, 20.4304281283381, -17.19385273571011, 

parameters:
1.7696434855722174, 0.0, 20.0, 
objectives:
-16.868361933971812, 20.05306412373932, -15.868361933971814, 

parameters:
0.45664111202983776, 0.0, 20.0, 
objectives:
-19.791478894804154, 22.381956657076497, -18.791478894804154, 

parameters:
0.9773744786034619, 0.0031712997326516223, 20.0, 
objectives:
-19.04156782884196, 21.048934256744193, -18.04156782884196, 

parameters:
0.17134611773788247, 0.0, 20.0, 
objectives:
-19.970640507936157, 23.343975021112314, -18.970640507936157, 

parameters:
0.7061615365116733, 0.0, 20.0, 
objectives:
-19.501335884351473, 21.674017969601834, -18.501335884351473, 

parameters:
0.8853926272354227, 0.0, 20.0, 
objectives:
-19.216079895637154, 21.242349595421153, -18.216079895637154, 

parameters:
0.9310557698181509, 0.0, 20.0, 
objectives:
-19.13313515348833, 21.142641767239066, -18.13313515348833, 

parameters:
0.49103258369138125, 0.0, 20.0, 
objectives:
-19.758887001753365, 22.276982663481107, -18.758887001753365, 

parameters:
1.0276580489771092, 0.0, 20.0, 
objectives:
-18.94391893437256, 20.945448869719, -17.94391893437256, 

parameters:
0.09585984534641726, 0.0, 20.0, 
objectives:
-19.99081089005016, 23.62574972856417, -18.99081089005016, 

parameters:
1.3172917452892066, 0.0, 20.0, 
objectives:
-18.264742457792916, 20.466090561050258, -17.264742457792916, 

parameters:
0.10865708590542178, 0.0, 20.0, 
objectives:
-19.988193637682542, 23.577178018695772, -18.988193637682542, 

parameters:
1.7638644440520566, 0.0, 20.0, 
objectives:
-16.88878222300893, 20.055760000782843, -15.88878222300893, 

