Generation 1220 at Fri May 24 19:48:13 2019
parameters:
0.05101637681523949, -100, 19.95971668145522, 
objectives:
-119.95711401075187, -76.24174615510238, 9981.042885989249, 

parameters:
4.247249953842391, -0.43942762898817733, 4.678263853779882, 
objectives:
12.921440687646133, 9.288968579836332, 14.55396495775248, 

parameters:
-0.09310337269809921, -0.38187417318528993, 20, 
objectives:
-20.37320593517753, 23.999207555614866, -18.84550387784629, 

parameters:
1.9973066371654076, -100, 0, 
objectives:
-96.01076619713501, -99.99999274579665, 10004.989233802866, 

parameters:
3.4760297310950756, -8.900520080054697, 19.18291266008947, 
objectives:
-16.000650048687262, 12.461056347111375, 73.1191277268243, 

parameters:
3.241189860104414, -6.820763421770069, 5.58864378833755, 
objectives:
-1.9040955008639502, 0.30843263539349497, 52.439481576662665, 

parameters:
0.8263066795754286, -97.7640253351226, 15.08302850916677, 
objectives:
-112.16427111557839, -81.30344081554658, 9544.404403946037, 

parameters:
0.756782986680365, -90.26248041928062, 17.80444390275604, 
objectives:
-107.4942038331078, -70.91244797431719, 8131.08364802719, 

parameters:
1.5443421206641774, -93.86036625771432, 0, 
objectives:
-91.47537367205679, -93.6527421547135, 8813.153346617933, 

parameters:
-0.2825866406697686, -77.89707968385815, 11.065652849827599, 
objectives:
-88.88287732420073, -61.621225061866454, 6057.969225633004, 

parameters:
0.46927657088362795, -73.1272862596627, 12.058379445764896, 
objectives:
-84.9654452054473, -58.72579259745201, 5336.7618367568675, 

parameters:
1.5685079209633246, -86.29727970841914, 0, 
objectives:
-83.83706261029445, -86.11109429414775, 7450.680702171254, 

parameters:
-0.1255379742181142, -96.27124027568732, 1.912464086605268, 
objectives:
-98.1679445793218, -89.8408645092388, 9267.254999915487, 

parameters:
1.652033201914643, -64.58908749465967, 7.738797617471325, 
objectives:
-69.59867141190264, -56.72920898461856, 4167.740639475559, 

parameters:
-1.043763491047651, -68.9285960028183, 10.843249438008288, 
objectives:
-78.6824032155826, -48.82085037537543, 4742.3975397069735, 

parameters:
3.700884510036519, -60.68233866401519, 6.50509640082764, 
objectives:
-53.490888908214586, -51.28423414670538, 3690.5376754900335, 

parameters:
-0.6829467116528991, -21.13657569116665, 16.590058689166078, 
objectives:
-37.26021816937522, 2.651686055568531, 431.6311894702084, 

parameters:
1.3616584523016402, -44.97205505014816, 19.238250281418175, 
objectives:
-62.35619159084183, -25.32632483721204, 2006.1015988928625, 

parameters:
-1.23638788120551, -56.15848086637269, 19.407235086872408, 
objectives:
-74.03706096045325, -26.277039261886397, 3136.896393124667, 

parameters:
3.1473899876529794, -46.651072993736946, 5.580965016822966, 
objectives:
-42.32597427618169, -39.75360419314767, 2181.647710184528, 

parameters:
-0.11963125732397695, -82.14739937996403, 0, 
objectives:
-82.13308774223512, -77.65456271293921, 6749.209536529043, 

parameters:
2.6294185678885533, -65.52583216551788, 17.649233822103177, 
objectives:
-76.26122398246397, -47.480430609811826, 4283.899289166671, 

parameters:
-2.596783756014336, -43.50063397193153, 17.29750891975738, 
objectives:
-54.05485701618899, -5.072704152616883, 1882.7509329157058, 

parameters:
2.1958826565692697, -29.592840516213013, 19.39908965635739, 
objectives:
-44.170029531148685, -10.155380844710987, 862.1590208030827, 

parameters:
-0.37974359259312207, -52.19661125643934, 13.762504898295864, 
objectives:
-65.81491095861968, -32.770926791655455, 2711.867926953669, 

parameters:
1.6610529316920073, -80.58498347731631, 14.984706202136271, 
objectives:
-92.81059283756997, -65.48539216006546, 6482.71395267909, 

parameters:
0.2940860659414193, -88.1140226754104, 14.457754371019561, 
objectives:
-102.48529043224906, -70.7461259539756, 7750.709724285899, 

parameters:
2.7601680580037167, -17.30731768130248, 16.401408620706476, 
objectives:
-26.090198593584947, -0.32805358418686126, 291.7603644092429, 

parameters:
0.2844001626809174, -0.6591732075547805, 20, 
objectives:
-20.57828975502185, 22.28410959425448, -18.48460722990901, 

parameters:
3.0365920758735627, -40.30172430917244, 20, 
objectives:
-51.08083287391433, -19.22720117740858, 1614.449873727799, 

parameters:
1.3433990170136354, -42.94660753647655, 6.223318411760818, 
objectives:
-47.36520502932416, -36.29216427385707, 1840.9925013992968, 

parameters:
2.4066461221334734, -24.680470259083478, 10.081016586737565, 
objectives:
-28.969541288640958, -14.434092603699721, 605.8365411799466, 

parameters:
1.2080954230574177, -35.95879988430071, 7.040971831902764, 
objectives:
-41.540277164991195, -28.29071519341533, 1288.4538118384942, 

parameters:
-2.1388183671156176, -51.12975513208983, 18.89713043650843, 
objectives:
-65.45234156108714, -15.102807219607808, 2600.9292734384685, 

parameters:
-0.3609540703135008, -29.16161003337676, 9.728572348919162, 
objectives:
-38.75989454142004, -13.85893356232771, 841.8012152306968, 

parameters:
0.7968035534089171, -81.04020811619918, 9.906209077025919, 
objectives:
-90.31152129050002, -69.68631735008385, 6559.244018342575, 

parameters:
1.6540119949122913, -37.097343952469444, 17.93188219550809, 
objectives:
-52.2934704686638, -19.04575405729678, 1362.016801811627, 

