Generation 1222 at Fri May 24 19:48:13 2019
parameters:
0.05101637681523949, -100, 19.95971668145522, 
objectives:
-119.95711401075187, -76.24174615510238, 9981.042885989249, 

parameters:
0.9346528063957789, 1.5161048546564047, 1.5242598342261278, 
objectives:
0.8654208889337822, 4.1753293318029225, 2.647889964590095, 

parameters:
-2.35868667362298, -7.934940021807607, 18.082637847668586, 
objectives:
-20.454175045149555, 29.145847344679538, 51.44403812634217, 

parameters:
-0.09310337269809921, -0.38187417318528993, 20, 
objectives:
-20.37320593517753, 23.999207555614866, -18.84550387784629, 

parameters:
1.9973066371654076, -100, 0, 
objectives:
-96.01076619713501, -99.99999274579665, 10004.989233802866, 

parameters:
2.1958826565692697, -29.592840516213013, 19.39908965635739, 
objectives:
-44.170029531148685, -10.155380844710987, 862.1590208030827, 

parameters:
0.8263066795754286, -97.7640253351226, 15.08302850916677, 
objectives:
-112.16427111557839, -81.30344081554658, 9544.404403946037, 

parameters:
0.756782986680365, -90.26248041928062, 17.80444390275604, 
objectives:
-107.4942038331078, -70.91244797431719, 8131.08364802719, 

parameters:
1.5443421206641774, -93.86036625771432, 0, 
objectives:
-91.47537367205679, -93.6527421547135, 8813.153346617933, 

parameters:
0.5642011696784817, -39.932321375187314, 17.047884420155953, 
objectives:
-56.6618828354767, -20.822918673878718, 1578.8607289509523, 

parameters:
0.46927657088362795, -73.1272862596627, 12.058379445764896, 
objectives:
-84.9654452054473, -58.72579259745201, 5336.7618367568675, 

parameters:
3.4760297310950756, -8.900520080054697, 19.18291266008947, 
objectives:
-16.000650048687262, 12.461056347111375, 73.1191277268243, 

parameters:
-0.6068903616146546, -10.531054203485127, 18.85427701102113, 
objectives:
-29.01701530348549, 15.119100165015386, 93.4171415367414, 

parameters:
-0.6829467116528991, -21.13657569116665, 16.590058689166078, 
objectives:
-37.26021816937522, 2.651686055568531, 431.6311894702084, 

parameters:
-0.2825866406697686, -77.89707968385815, 11.065652849827599, 
objectives:
-88.88287732420073, -61.621225061866454, 6057.969225633004, 

parameters:
2.7601680580037167, -17.30731768130248, 16.401408620706476, 
objectives:
-26.090198593584947, -0.32805358418686126, 291.7603644092429, 

parameters:
-1.043763491047651, -68.9285960028183, 10.843249438008288, 
objectives:
-78.6824032155826, -48.82085037537543, 4742.3975397069735, 

parameters:
1.2256107232200972, 0.012564835486220893, 5.577128968997571, 
objectives:
-4.0624424886392605, 6.189372556475493, -3.0748494490346854, 

parameters:
-0.19674999503378154, -56.162636160740206, 11.074196673757347, 
objectives:
-67.19812227395175, -40.26272894630194, 3144.206214410472, 

parameters:
-0.11963125732397695, -82.14739937996403, 0, 
objectives:
-82.13308774223512, -77.65456271293921, 6749.209536529043, 

parameters:
-0.1255379742181142, -96.27124027568732, 1.912464086605268, 
objectives:
-98.1679445793218, -89.8408645092388, 9267.254999915487, 

parameters:
3.188089438356137, -49.692218477887096, 11.591599832241, 
objectives:
-51.11990404317015, -36.689062132112696, 2468.8888916887804, 

parameters:
1.6610529316920073, -80.58498347731631, 14.984706202136271, 
objectives:
-92.81059283756997, -65.48539216006546, 6482.71395267909, 

parameters:
1.652033201914643, -64.58908749465967, 7.738797617471325, 
objectives:
-69.59867141190264, -56.72920898461856, 4167.740639475559, 

parameters:
-2.048684297191416, -60.25535569786323, 17.398018300858837, 
objectives:
-73.45626664916338, -26.465492858680044, 3618.506979324719, 

parameters:
2.6294185678885533, -65.52583216551788, 17.649233822103177, 
objectives:
-76.26122398246397, -47.480430609811826, 4283.899289166671, 

parameters:
-0.37974359259312207, -52.19661125643934, 13.762504898295864, 
objectives:
-65.81491095861968, -32.770926791655455, 2711.867926953669, 

parameters:
-1.1465376387720863, -42.67049289586721, 18.613525123023177, 
objectives:
-59.96946946176932, -14.15626866063462, 1804.471987410352, 

parameters:
3.700884510036519, -60.68233866401519, 6.50509640082764, 
objectives:
-53.490888908214586, -51.28423414670538, 3690.5376754900335, 

parameters:
1.5685079209633246, -86.29727970841914, 0, 
objectives:
-83.83706261029445, -86.11109429414775, 7450.680702171254, 

parameters:
0.2940860659414193, -88.1140226754104, 14.457754371019561, 
objectives:
-102.48529043224906, -70.7461259539756, 7750.709724285899, 

parameters:
1.3616584523016402, -44.97205505014816, 19.238250281418175, 
objectives:
-62.35619159084183, -25.32632483721204, 2006.1015988928625, 

parameters:
3.1473899876529794, -46.651072993736946, 5.580965016822966, 
objectives:
-42.32597427618169, -39.75360419314767, 2181.647710184528, 

parameters:
-0.9428013244607494, -86.51401752860542, 15.837313066581666, 
objectives:
-101.46245625778215, -62.01662482677582, 7470.72679021067, 

parameters:
0.5078038461285317, -46.99241479439946, 10.967501193427719, 
objectives:
-57.702051241684245, -33.79826423934294, 2198.577411761608, 

parameters:
3.241189860104414, -6.820763421770069, 5.58864378833755, 
objectives:
-1.9040955008639502, 0.30843263539349497, 52.439481576662665, 

