Generation 1227 at Fri May 24 19:48:13 2019
parameters:
0.05101637681523949, -100, 19.95971668145522, 
objectives:
-119.95711401075187, -76.24174615510238, 9981.042885989249, 

parameters:
2.7469243959181924, -7.6221946992457195, 1.2849513529270515, 
objectives:
-1.3615524152822447, -5.779347293100911, 65.35849431717301, 

parameters:
-0.09310337269809921, -0.38187417318528993, 20, 
objectives:
-20.37320593517753, 23.999207555614866, -18.84550387784629, 

parameters:
1.9973066371654076, -100, 0, 
objectives:
-96.01076619713501, -99.99999274579665, 10004.989233802866, 

parameters:
2.1958826565692697, -29.592840516213013, 19.39908965635739, 
objectives:
-44.170029531148685, -10.155380844710987, 862.1590208030827, 

parameters:
0.756782986680365, -90.26248041928062, 17.80444390275604, 
objectives:
-107.4942038331078, -70.91244797431719, 8131.08364802719, 

parameters:
-0.2825866406697686, -77.89707968385815, 11.065652849827599, 
objectives:
-88.88287732420073, -61.621225061866454, 6057.969225633004, 

parameters:
-1.1465376387720863, -42.67049289586721, 18.613525123023177, 
objectives:
-59.96946946176932, -14.15626866063462, 1804.471987410352, 

parameters:
1.652033201914643, -64.58908749465967, 7.738797617471325, 
objectives:
-69.59867141190264, -56.72920898461856, 4167.740639475559, 

parameters:
-0.6829467116528991, -21.13657569116665, 16.590058689166078, 
objectives:
-37.26021816937522, 2.651686055568531, 431.6311894702084, 

parameters:
0.6813113084527729, -66.93646830598486, 15.713470076162999, 
objectives:
-82.18575328312224, -49.48405836460733, 4466.241504300979, 

parameters:
1.5685079209633246, -86.29727970841914, 0, 
objectives:
-83.83706261029445, -86.11109429414775, 7450.680702171254, 

parameters:
1.6610529316920073, -80.58498347731631, 14.984706202136271, 
objectives:
-92.81059283756997, -65.48539216006546, 6482.71395267909, 

parameters:
0.8263066795754286, -97.7640253351226, 15.08302850916677, 
objectives:
-112.16427111557839, -81.30344081554658, 9544.404403946037, 

parameters:
-2.300520186416612, -18.61024291726205, 16.76884731160066, 
objectives:
-30.086697100752385, 16.653078268115387, 335.86468725601196, 

parameters:
0.3871915782590798, -39.908772744715634, 15.533174614825054, 
objectives:
-55.29203004126593, -21.774447124652145, 1578.326884692807, 

parameters:
0.8506742776378206, -84.6692678254576, 19.947563412902177, 
objectives:
-103.89318451172514, -63.40075479647208, 7150.660997412801, 

parameters:
-0.1255379742181142, -96.27124027568732, 1.912464086605268, 
objectives:
-98.1679445793218, -89.8408645092388, 9267.254999915487, 

parameters:
1.2256107232200972, 0.012564835486220893, 5.577128968997571, 
objectives:
-4.0624424886392605, 6.189372556475493, -3.0748494490346854, 

parameters:
0.6405078311477178, -0.9430145518999318, 10.741621917892171, 
objectives:
-11.27438618803055, 11.646826323162923, -8.44209519103559, 

parameters:
-0.19674999503378154, -56.162636160740206, 11.074196673757347, 
objectives:
-67.19812227395175, -40.26272894630194, 3144.206214410472, 

parameters:
3.0231373275925613, -19.804322083022683, 15.786601894475139, 
objectives:
-26.45156467601433, -2.9709101974342946, 386.5639305751082, 

parameters:
0.46927657088362795, -73.1272862596627, 12.058379445764896, 
objectives:
-84.9654452054473, -58.72579259745201, 5336.7618367568675, 

parameters:
-0.37974359259312207, -52.19661125643934, 13.762504898295864, 
objectives:
-65.81491095861968, -32.770926791655455, 2711.867926953669, 

parameters:
2.936892165148907, -58.931467559740355, 14.338615117919431, 
objectives:
-64.64474708794675, -43.71508551270352, 3468.2045892165233, 

parameters:
-1.1458309304333376, -72.69791229777613, 12.740906707322482, 
objectives:
-84.12589048396087, -50.06075334758257, 5274.558474268965, 

parameters:
3.188089438356137, -49.692218477887096, 11.591599832241, 
objectives:
-51.11990404317015, -36.689062132112696, 2468.8888916887804, 

parameters:
2.6294185678885533, -65.52583216551788, 17.649233822103177, 
objectives:
-76.26122398246397, -47.480430609811826, 4283.899289166671, 

parameters:
-0.6417331643996815, -94.77660212698854, 20, 
objectives:
-114.3647806726981, -67.79784801509938, 8964.016132191779, 

parameters:
-1.9718250398691015, -36.031149603335635, 4.158515100929387, 
objectives:
-36.30157071641024, -16.09724035507506, 1298.973320624879, 

parameters:
1.3763885743917366, -38.21107856428404, 10.709892283002926, 
objectives:
-47.02652533957085, -27.112295071131943, 1452.2710782706004, 

parameters:
-2.048684297191416, -60.25535569786323, 17.398018300858837, 
objectives:
-73.45626664916338, -26.465492858680044, 3618.506979324719, 

parameters:
-0.12657120103821162, -92.54110687459082, 18.24902542934384, 
objectives:
-110.77411203500242, -69.76977637216189, 8546.62345641403, 

parameters:
1.5443421206641774, -93.86036625771432, 0, 
objectives:
-91.47537367205679, -93.6527421547135, 8813.153346617933, 

parameters:
-1.6677382475874536, -47.48109008843072, 7.792509348253997, 
objectives:
-52.49224857421865, -26.236276887360834, 2250.4427574998863, 

parameters:
1.3406636302586203, 0.08866861537808313, 15.552314796588592, 
objectives:
-13.666267211712286, 16.075707860430416, -12.747073703737303, 

parameters:
0.9954309810874507, -100, 3.22953119040114, 
objectives:
-102.23864835229242, -95.76130989583993, 9998.761351647707, 

parameters:
-1.2759058729383796, -47.7680397674182, 20, 
objectives:
-66.14010397081955, -17.036480479066036, 2264.4135590182455, 

