Generation 1229 at Fri May 24 19:48:13 2019
parameters:
0.05101637681523949, -100, 19.95971668145522, 
objectives:
-119.95711401075187, -76.24174615510238, 9981.042885989249, 

parameters:
2.7469243959181924, -7.6221946992457195, 1.2849513529270515, 
objectives:
-1.3615524152822447, -5.779347293100911, 65.35849431717301, 

parameters:
-0.09310337269809921, -0.38187417318528993, 20, 
objectives:
-20.37320593517753, 23.999207555614866, -18.84550387784629, 

parameters:
1.9973066371654076, -100, 0, 
objectives:
-96.01076619713501, -99.99999274579665, 10004.989233802866, 

parameters:
0.756782986680365, -90.26248041928062, 17.80444390275604, 
objectives:
-107.4942038331078, -70.91244797431719, 8131.08364802719, 

parameters:
1.5685079209633246, -86.29727970841914, 0, 
objectives:
-83.83706261029445, -86.11109429414775, 7450.680702171254, 

parameters:
1.6610529316920073, -80.58498347731631, 14.984706202136271, 
objectives:
-92.81059283756997, -65.48539216006546, 6482.71395267909, 

parameters:
-0.6417331643996815, -94.77660212698854, 20, 
objectives:
-114.3647806726981, -67.79784801509938, 8964.016132191779, 

parameters:
0.8263066795754286, -97.7640253351226, 15.08302850916677, 
objectives:
-112.16427111557839, -81.30344081554658, 9544.404403946037, 

parameters:
-0.6829467116528991, -21.13657569116665, 16.590058689166078, 
objectives:
-37.26021816937522, 2.651686055568531, 431.6311894702084, 

parameters:
2.1958826565692697, -29.592840516213013, 19.39908965635739, 
objectives:
-44.170029531148685, -10.155380844710987, 862.1590208030827, 

parameters:
-1.1465376387720863, -42.67049289586721, 18.613525123023177, 
objectives:
-59.96946946176932, -14.15626866063462, 1804.471987410352, 

parameters:
-0.1255379742181142, -96.27124027568732, 1.912464086605268, 
objectives:
-98.1679445793218, -89.8408645092388, 9267.254999915487, 

parameters:
-0.2825866406697686, -77.89707968385815, 11.065652849827599, 
objectives:
-88.88287732420073, -61.621225061866454, 6057.969225633004, 

parameters:
0.6405078311477178, -0.9430145518999318, 10.741621917892171, 
objectives:
-11.27438618803055, 11.646826323162923, -8.44209519103559, 

parameters:
1.3493731729310823, -100, 1.0876616205657428, 
objectives:
-99.26685366073964, -98.48902311133249, 10001.73314633926, 

parameters:
3.0231373275925613, -19.804322083022683, 15.786601894475139, 
objectives:
-26.45156467601433, -2.9709101974342946, 386.5639305751082, 

parameters:
-1.1458309304333376, -72.69791229777613, 12.740906707322482, 
objectives:
-84.12589048396087, -50.06075334758257, 5274.558474268965, 

parameters:
-1.0903936203202238, -53.27034337108343, 18.68244784893088, 
objectives:
-70.76383297277927, -25.037362793636607, 2821.235993271436, 

parameters:
0.3871915782590798, -39.908772744715634, 15.533174614825054, 
objectives:
-55.29203004126593, -21.774447124652145, 1578.326884692807, 

parameters:
0.9791176253484368, -52.12480418236516, 17.656958171605947, 
objectives:
-68.82309102970315, -33.425645187884996, 2701.2969242025747, 

parameters:
0.6813113084527729, -66.93646830598486, 15.713470076162999, 
objectives:
-82.18575328312224, -49.48405836460733, 4466.241504300979, 

parameters:
-0.19674999503378154, -56.162636160740206, 11.074196673757347, 
objectives:
-67.19812227395175, -40.26272894630194, 3144.206214410472, 

parameters:
1.5644030325019371, -1.0116478695034712, 18.786150677665116, 
objectives:
-17.350441699067332, 17.964247526255154, -14.315362417692947, 

parameters:
3.5223148338060266, -75.45273349933025, 9.919944480771118, 
objectives:
-72.9659761916514, -63.21534656533326, 5696.601749828632, 

parameters:
1.2856333143475045, -9.234215612586253, 3.2139801176810634, 
objectives:
-10.795342711307168, -5.509915733335057, 84.70961088101079, 

parameters:
3.188089438356137, -49.692218477887096, 11.591599832241, 
objectives:
-51.11990404317015, -36.689062132112696, 2468.8888916887804, 

parameters:
-1.9718250398691015, -36.031149603335635, 4.158515100929387, 
objectives:
-36.30157071641024, -16.09724035507506, 1298.973320624879, 

parameters:
3.0672293191063167, -23.56960621270274, 15.933420981305717, 
objectives:
-30.095131498023058, -6.497206811836891, 550.0008117365553, 

parameters:
2.6294185678885533, -65.52583216551788, 17.649233822103177, 
objectives:
-76.26122398246397, -47.480430609811826, 4283.899289166671, 

parameters:
-1.4643848401316166, -47.53080479636975, 18.70652197223413, 
objectives:
-64.09290380859659, -16.82232050360186, 2243.6153055783793, 

parameters:
0.46927657088362795, -73.1272862596627, 12.058379445764896, 
objectives:
-84.9654452054473, -58.72579259745201, 5336.7618367568675, 

parameters:
2.936892165148907, -58.931467559740355, 14.338615117919431, 
objectives:
-64.64474708794675, -43.71508551270352, 3468.2045892165233, 

parameters:
1.652033201914643, -64.58908749465967, 7.738797617471325, 
objectives:
-69.59867141190264, -56.72920898461856, 4167.740639475559, 

parameters:
1.3643850995131361, -63.11878952269618, 20, 
objectives:
-81.2572428229227, -42.71478322097526, 3966.843137510195, 

parameters:
-2.300520186416612, -18.61024291726205, 16.76884731160066, 
objectives:
-30.086697100752385, 16.653078268115387, 335.86468725601196, 

parameters:
2.171316806931844, -61.81973436087588, 15.514055745635543, 
objectives:
-72.61917343044672, -46.27632916690301, 3811.880117379687, 

parameters:
-0.51252476588508, -30.879761439083374, 18.344160170160887, 
objectives:
-48.96123997359871, -6.222820569736612, 936.4781880001851, 

parameters:
-1.2363749702120348, -49.39289729605698, 20, 
objectives:
-67.86427422909017, -18.91877434824203, 2422.1869263657995, 

parameters:
1.0292756169413844, -37.47291618878808, 13.523440865893624, 
objectives:
-49.93694875905164, -23.007169495029927, 1392.7554151216723, 

