Generation 1232 at Fri May 24 19:48:13 2019
parameters:
0.05101637681523949, -100, 19.95971668145522, 
objectives:
-119.95711401075187, -76.24174615510238, 9981.042885989249, 

parameters:
5.3935129822833705, -25.020237361938637, 1.9178186578713938, 
objectives:
2.1519262702492266, -11.586488343141468, 654.184441279938, 

parameters:
-0.09310337269809921, -0.38187417318528993, 20, 
objectives:
-20.37320593517753, 23.999207555614866, -18.84550387784629, 

parameters:
1.9973066371654076, -100, 0, 
objectives:
-96.01076619713501, -99.99999274579665, 10004.989233802866, 

parameters:
0.37417475364324937, -79.45249787649009, 20, 
objectives:
-99.31249113022609, -56.80919014479909, 6293.839425559925, 

parameters:
0.6405078311477178, -0.9430145518999318, 10.741621917892171, 
objectives:
-11.27438618803055, 11.646826323162923, -8.44209519103559, 

parameters:
1.5685079209633246, -86.29727970841914, 0, 
objectives:
-83.83706261029445, -86.11109429414775, 7450.680702171254, 

parameters:
2.8486015009450982, -71.18387012470791, 15.30375403711191, 
objectives:
-78.37309365063315, -55.15999158018973, 5060.954142405359, 

parameters:
2.1958826565692697, -29.592840516213013, 19.39908965635739, 
objectives:
-44.170029531148685, -10.155380844710987, 862.1590208030827, 

parameters:
1.8150556545097865, -91.16331077549985, 0, 
objectives:
-87.8688837465319, -91.12910636457104, 8315.043658579336, 

parameters:
3.188089438356137, -49.692218477887096, 11.591599832241, 
objectives:
-51.11990404317015, -36.689062132112696, 2468.8888916887804, 

parameters:
-1.0903936203202238, -53.27034337108343, 18.68244784893088, 
objectives:
-70.76383297277927, -25.037362793636607, 2821.235993271436, 

parameters:
1.2042125126126413, -43.21173262308753, 10.783818389785887, 
objectives:
-52.545423237340565, -31.794636508219355, 1858.9201456749538, 

parameters:
1.6610529316920073, -80.58498347731631, 14.984706202136271, 
objectives:
-92.81059283756997, -65.48539216006546, 6482.71395267909, 

parameters:
0.756782986680365, -90.26248041928062, 17.80444390275604, 
objectives:
-107.4942038331078, -70.91244797431719, 8131.08364802719, 

parameters:
-1.9718250398691015, -36.031149603335635, 4.158515100929387, 
objectives:
-36.30157071641024, -16.09724035507506, 1298.973320624879, 

parameters:
0.41522387699537866, -63.920311777343905, 11.26332595070188, 
objectives:
-75.01122686001871, -50.145470466596464, 4075.7153426301747, 

parameters:
-0.6829467116528991, -21.13657569116665, 16.590058689166078, 
objectives:
-37.26021816937522, 2.651686055568531, 431.6311894702084, 

parameters:
-0.9706959034055733, -94.48048873082945, 11.420896575908062, 
objectives:
-104.95913476984914, -74.23455800441073, 8917.08410477737, 

parameters:
0.123225510634146, -97.15177620254022, 0, 
objectives:
-97.13659167606917, -93.62949371860576, 9439.482803834931, 

parameters:
-0.19674999503378154, -56.162636160740206, 11.074196673757347, 
objectives:
-67.19812227395175, -40.26272894630194, 3144.206214410472, 

parameters:
1.9251807477733887, -64.96636843806486, 0, 
objectives:
-61.26004752646756, -64.96077051756112, 4225.335348941988, 

parameters:
0.44970689206442316, -57.82627720198419, 19.03110486547614, 
objectives:
-76.65514577869008, -36.3917636159955, 3326.0494664640105, 

parameters:
0.8263066795754286, -97.7640253351226, 15.08302850916677, 
objectives:
-112.16427111557839, -81.30344081554658, 9544.404403946037, 

parameters:
0.3871915782590798, -39.908772744715634, 15.533174614825054, 
objectives:
-55.29203004126593, -21.774447124652145, 1578.326884692807, 

parameters:
0.6813113084527729, -66.93646830598486, 15.713470076162999, 
objectives:
-82.18575328312224, -49.48405836460733, 4466.241504300979, 

parameters:
-0.6417331643996815, -94.77660212698854, 20, 
objectives:
-114.3647806726981, -67.79784801509938, 8964.016132191779, 

parameters:
3.0231373275925613, -19.804322083022683, 15.786601894475139, 
objectives:
-26.45156467601433, -2.9709101974342946, 386.5639305751082, 

parameters:
3.699729846700391, -70.9112407254019, 0, 
objectives:
-57.223239786836196, -68.02215917363776, 5043.092062154462, 

parameters:
1.5644030325019371, -1.0116478695034712, 18.786150677665116, 
objectives:
-17.350441699067332, 17.964247526255154, -14.315362417692947, 

parameters:
3.224077650378743, -22.024541917728804, 19.570973321062173, 
objectives:
-31.20083854311926, -0.9552025025098878, 476.90415006040274, 

parameters:
3.2248699105379535, -54.491732647141724, 11.300780877403778, 
objectives:
-55.392727584652434, -41.69064547199669, 2969.4479319500606, 

parameters:
-0.618162450421849, -9.614711075908161, 19.240053882645523, 
objectives:
-28.47264014344214, 16.480117423536303, 74.58474000565708, 

parameters:
2.6294185678885533, -65.52583216551788, 17.649233822103177, 
objectives:
-76.26122398246397, -47.480430609811826, 4283.899289166671, 

parameters:
3.0672293191063167, -23.56960621270274, 15.933420981305717, 
objectives:
-30.095131498023058, -6.497206811836891, 550.0008117365553, 

parameters:
-1.1465376387720863, -42.67049289586721, 18.613525123023177, 
objectives:
-59.96946946176932, -14.15626866063462, 1804.471987410352, 

parameters:
-0.11992967137613597, -90.53572655776684, 3.245732654318151, 
objectives:
-93.7670760860086, -82.79589209186776, 8194.486433814483, 

parameters:
0.9308344098874066, -15.700101537356435, 3.3692002066494466, 
objectives:
-18.202849045375444, -11.187786271626178, 244.99044077528288, 

parameters:
-0.1334443808008735, -100, 12.769444536315644, 
objectives:
-112.75163713354831, -82.67897053771354, 9988.248362866452, 

