Generation 1235 at Fri May 24 19:48:13 2019
parameters:
0.6405078311477178, -0.9430145518999318, 10.741621917892171, 
objectives:
-11.27438618803055, 11.646826323162923, -8.44209519103559, 

parameters:
0.05101637681523949, -100, 19.95971668145522, 
objectives:
-119.95711401075187, -76.24174615510238, 9981.042885989249, 

parameters:
-0.09310337269809921, -0.38187417318528993, 20, 
objectives:
-20.37320593517753, 23.999207555614866, -18.84550387784629, 

parameters:
1.9973066371654076, -100, 0, 
objectives:
-96.01076619713501, -99.99999274579665, 10004.989233802866, 

parameters:
1.5685079209633246, -86.29727970841914, 0, 
objectives:
-83.83706261029445, -86.11109429414775, 7450.680702171254, 

parameters:
0.756782986680365, -90.26248041928062, 17.80444390275604, 
objectives:
-107.4942038331078, -70.91244797431719, 8131.08364802719, 

parameters:
0.8263066795754286, -97.7640253351226, 15.08302850916677, 
objectives:
-112.16427111557839, -81.30344081554658, 9544.404403946037, 

parameters:
0.6813113084527729, -66.93646830598486, 15.713470076162999, 
objectives:
-82.18575328312224, -49.48405836460733, 4466.241504300979, 

parameters:
3.0231373275925613, -19.804322083022683, 15.786601894475139, 
objectives:
-26.45156467601433, -2.9709101974342946, 386.5639305751082, 

parameters:
2.8486015009450982, -71.18387012470791, 15.30375403711191, 
objectives:
-78.37309365063315, -55.15999158018973, 5060.954142405359, 

parameters:
0.37417475364324937, -79.45249787649009, 20, 
objectives:
-99.31249113022609, -56.80919014479909, 6293.839425559925, 

parameters:
1.6610529316920073, -80.58498347731631, 14.984706202136271, 
objectives:
-92.81059283756997, -65.48539216006546, 6482.71395267909, 

parameters:
2.206593454740176, -55.64028466615336, 10.650087568732124, 
objectives:
-61.4213175603833, -44.947516241879754, 3091.060244836351, 

parameters:
0.44970689206442316, -57.82627720198419, 19.03110486547614, 
objectives:
-76.65514577869008, -36.3917636159955, 3326.0494664640105, 

parameters:
-1.0903936203202238, -53.27034337108343, 18.68244784893088, 
objectives:
-70.76383297277927, -25.037362793636607, 2821.235993271436, 

parameters:
1.5644030325019371, -1.0116478695034712, 18.786150677665116, 
objectives:
-17.350441699067332, 17.964247526255154, -14.315362417692947, 

parameters:
2.9829888955632806, -63.34344030863572, 0.17174511630646322, 
objectives:
-54.616962673888345, -62.20542802352854, 4022.117907768444, 

parameters:
0.4844240053740742, -78.05641651784123, 13.445057568236574, 
objectives:
-91.26680746909514, -62.31438835411829, 6080.593768655463, 

parameters:
1.8150556545097865, -91.16331077549985, 0, 
objectives:
-87.8688837465319, -91.12910636457104, 8315.043658579336, 

parameters:
-0.19674999503378154, -56.162636160740206, 11.074196673757347, 
objectives:
-67.19812227395175, -40.26272894630194, 3144.206214410472, 

parameters:
2.1958826565692697, -29.592840516213013, 19.39908965635739, 
objectives:
-44.170029531148685, -10.155380844710987, 862.1590208030827, 

parameters:
1.566590915846067, -93.99244826077424, 0, 
objectives:
-91.53824116316282, -93.80460482654709, 8838.034537151934, 

parameters:
1.9345878220812605, -25.948543770094386, 16.445839580896944, 
objectives:
-38.65175330964621, -9.498425436177367, 661.6237142489523, 

parameters:
-0.6417331643996815, -94.77660212698854, 20, 
objectives:
-114.3647806726981, -67.79784801509938, 8964.016132191779, 

parameters:
1.2883193182369952, -38.76308410309852, 10.921525565344528, 
objectives:
-48.02484300270041, -27.335069144959338, 1494.3149302842874, 

parameters:
1.2042125126126413, -43.21173262308753, 10.783818389785887, 
objectives:
-52.545423237340565, -31.794636508219355, 1858.9201456749538, 

parameters:
-1.9718250398691015, -36.031149603335635, 4.158515100929387, 
objectives:
-36.30157071641024, -16.09724035507506, 1298.973320624879, 

parameters:
-0.6829467116528991, -21.13657569116665, 16.590058689166078, 
objectives:
-37.26021816937522, 2.651686055568531, 431.6311894702084, 

parameters:
-0.7284974982479675, -31.94740623482719, 3.1501607964519183, 
objectives:
-34.56685842632557, -21.352546840429856, 1019.017312941577, 

parameters:
3.897207440781947, -87.5809162893459, 16.21054443795168, 
objectives:
-88.60323489081141, -67.77097577803583, 7670.394579479947, 

parameters:
3.188089438356137, -49.692218477887096, 11.591599832241, 
objectives:
-51.11990404317015, -36.689062132112696, 2468.8888916887804, 

parameters:
3.2508278982504786, -23.480937057743688, 20, 
objectives:
-32.91305503370006, -1.9163666267019792, 542.9222871337644, 

parameters:
-0.37350776713209133, -46.82210978891797, 10.264779736917584, 
objectives:
-56.94738147372755, -30.923790931364024, 2183.184693400678, 

parameters:
-3.3919586301779194, -48.77585151988961, 20, 
objectives:
-57.27046817105115, 0.2973663496605319, 2371.5890748391566, 

parameters:
0.3871915782590798, -39.908772744715634, 15.533174614825054, 
objectives:
-55.29203004126593, -21.774447124652145, 1578.326884692807, 

parameters:
3.699729846700391, -70.9112407254019, 0, 
objectives:
-57.223239786836196, -68.02215917363776, 5043.092062154462, 

parameters:
0.21762670444417798, -25.215207326140398, 8.006443563504565, 
objectives:
-33.174289507157724, -14.031909197925312, 628.847598319227, 

