Generation 1242 at Fri May 24 19:48:13 2019
parameters:
0.05101637681523949, -100, 19.95971668145522, 
objectives:
-119.95711401075187, -76.24174615510238, 9981.042885989249, 

parameters:
2.0996828971354633, 0.7886174107812352, 10.585348876698356, 
objectives:
-5.388063197393949, 11.38390296746091, -4.554763187587885, 

parameters:
-0.09310337269809921, -0.38187417318528993, 20, 
objectives:
-20.37320593517753, 23.999207555614866, -18.84550387784629, 

parameters:
1.9973066371654076, -100, 0, 
objectives:
-96.01076619713501, -99.99999274579665, 10004.989233802866, 

parameters:
2.1958826565692697, -29.592840516213013, 19.39908965635739, 
objectives:
-44.170029531148685, -10.155380844710987, 862.1590208030827, 

parameters:
1.8150556545097865, -91.16331077549985, 0, 
objectives:
-87.8688837465319, -91.12910636457104, 8315.043658579336, 

parameters:
-0.6961777702118077, -46.33856433326612, 6.637042072479796, 
objectives:
-52.49094291800883, -32.43214769220201, 2142.1101658835005, 

parameters:
1.3158615859297373, -22.452631595743988, 2.227620911011432, 
objectives:
-22.948760793429894, -19.75696531512598, 504.62453637651527, 

parameters:
1.6610529316920073, -80.58498347731631, 14.984706202136271, 
objectives:
-92.81059283756997, -65.48539216006546, 6482.71395267909, 

parameters:
0.37417475364324937, -79.45249787649009, 20, 
objectives:
-99.31249113022609, -56.80919014479909, 6293.839425559925, 

parameters:
2.8486015009450982, -71.18387012470791, 15.30375403711191, 
objectives:
-78.37309365063315, -55.15999158018973, 5060.954142405359, 

parameters:
2.2113530020477383, -18.32071556661539, 15.178922789781994, 
objectives:
-28.609556256731842, -3.0971226853588067, 326.35977818270703, 

parameters:
1.2883193182369952, -38.76308410309852, 10.921525565344528, 
objectives:
-48.02484300270041, -27.335069144959338, 1494.3149302842874, 

parameters:
3.5561818284303572, -61.172802936499075, 19.059148664818416, 
objectives:
-67.58552240445921, -39.69195238854381, 3736.6990996397894, 

parameters:
0.6813113084527729, -66.93646830598486, 15.713470076162999, 
objectives:
-82.18575328312224, -49.48405836460733, 4466.241504300979, 

parameters:
-0.6417331643996815, -94.77660212698854, 20, 
objectives:
-114.3647806726981, -67.79784801509938, 8964.016132191779, 

parameters:
0.8263066795754286, -97.7640253351226, 15.08302850916677, 
objectives:
-112.16427111557839, -81.30344081554658, 9544.404403946037, 

parameters:
2.435569767123008, -85.79715309827533, 6.610636422997773, 
objectives:
-86.47578943074947, -78.99679565324597, 7361.4728434364215, 

parameters:
-1.0903936203202238, -53.27034337108343, 18.68244784893088, 
objectives:
-70.76383297277927, -25.037362793636607, 2821.235993271436, 

parameters:
0.44970689206442316, -57.82627720198419, 19.03110486547614, 
objectives:
-76.65514577869008, -36.3917636159955, 3326.0494664640105, 

parameters:
3.670053605760782, -14.67328765014955, 15.001121295035722, 
objectives:
-16.20511547602755, 3.1169126910007616, 214.77354263815332, 

parameters:
1.132587159032311, -87.37004289063822, 18.238153189663237, 
objectives:
-104.32544240749657, -68.37948466429934, 7617.568995195103, 

parameters:
3.0940621569325026, -73.55849769802953, 1.0573095081175683, 
objectives:
-65.04258657518528, -71.30421618668015, 5420.36849471386, 

parameters:
0.756782986680365, -90.26248041928062, 17.80444390275604, 
objectives:
-107.4942038331078, -70.91244797431719, 8131.08364802719, 

parameters:
-1.7404424834618861, -6.695372956623675, 11.287850674648947, 
objectives:
-14.954083593033644, 18.583387690111795, 37.569308391877684, 

parameters:
2.206593454740176, -55.64028466615336, 10.650087568732124, 
objectives:
-61.4213175603833, -44.947516241879754, 3091.060244836351, 

parameters:
2.6792342833726988, -34.82247153761269, 5.734800814029778, 
objectives:
-33.37897600644285, -28.62631151187409, 1215.048019519016, 

parameters:
-2.2233055595793974, -50.538054956697806, 11.045755839985286, 
objectives:
-56.64072318542644, -21.65598926713827, 2548.9923305774787, 

parameters:
2.3535691084223527, -85.99563342185012, 1.2779434510360208, 
objectives:
-81.73428932476615, -84.59267885638351, 7400.510311722309, 

parameters:
-0.7284974982479675, -31.94740623482719, 3.1501607964519183, 
objectives:
-34.56685842632557, -21.352546840429856, 1019.017312941577, 

parameters:
-0.7984421499326754, -98.76249322475319, 18.268021294229488, 
objectives:
-116.39300465219355, -72.66319346400388, 9737.39955654198, 

parameters:
1.0676911882878868, -9.713091636161742, 2.332437224162164, 
objectives:
-10.905564386776305, -6.511454691603526, 94.15167638186063, 

parameters:
2.9829888955632806, -63.34344030863572, 0.17174511630646322, 
objectives:
-54.616962673888345, -62.20542802352854, 4022.117907768444, 

parameters:
-0.599980413643119, -57.03390446136838, 2.7580888283081375, 
objectives:
-59.432016792921154, -47.515917481732394, 3251.468145776943, 

parameters:
2.050169431190247, -65.21716389938575, 3.264507768579009, 
objectives:
-64.27847697137783, -61.95013915898079, 4255.217154007352, 

parameters:
0.6405078311477178, -0.9430145518999318, 10.741621917892171, 
objectives:
-11.27438618803055, 11.646826323162923, -8.44209519103559, 

parameters:
-0.21320614108236785, -80.20320249597891, 16.241418921133764, 
objectives:
-96.39916455851744, -59.06350215192044, 6417.35772854846, 

parameters:
-0.4037094032052748, -14.881396940981306, 19.8034158983379, 
objectives:
-34.52183155708285, 10.699837852414051, 202.81554029894622, 

