Generation 1244 at Fri May 24 19:48:13 2019
parameters:
0.05101637681523949, -100, 19.95971668145522, 
objectives:
-119.95711401075187, -76.24174615510238, 9981.042885989249, 

parameters:
2.0996828971354633, 0.7886174107812352, 10.585348876698356, 
objectives:
-5.388063197393949, 11.38390296746091, -4.554763187587885, 

parameters:
-0.09310337269809921, -0.38187417318528993, 20, 
objectives:
-20.37320593517753, 23.999207555614866, -18.84550387784629, 

parameters:
1.9973066371654076, -100, 0, 
objectives:
-96.01076619713501, -99.99999274579665, 10004.989233802866, 

parameters:
1.8150556545097865, -91.16331077549985, 0, 
objectives:
-87.8688837465319, -91.12910636457104, 8315.043658579336, 

parameters:
-0.6961777702118077, -46.33856433326612, 6.637042072479796, 
objectives:
-52.49094291800883, -32.43214769220201, 2142.1101658835005, 

parameters:
0.8263066795754286, -97.7640253351226, 15.08302850916677, 
objectives:
-112.16427111557839, -81.30344081554658, 9544.404403946037, 

parameters:
-1.7404424834618861, -6.695372956623675, 11.287850674648947, 
objectives:
-14.954083593033644, 18.583387690111795, 37.569308391877684, 

parameters:
1.6610529316920073, -80.58498347731631, 14.984706202136271, 
objectives:
-92.81059283756997, -65.48539216006546, 6482.71395267909, 

parameters:
2.1958826565692697, -29.592840516213013, 19.39908965635739, 
objectives:
-44.170029531148685, -10.155380844710987, 862.1590208030827, 

parameters:
-0.6417331643996815, -94.77660212698854, 20, 
objectives:
-114.3647806726981, -67.79784801509938, 8964.016132191779, 

parameters:
-1.0903936203202238, -53.27034337108343, 18.68244784893088, 
objectives:
-70.76383297277927, -25.037362793636607, 2821.235993271436, 

parameters:
3.222284517678988, -35.51936376744575, 15.037389598264777, 
objectives:
-40.173635852836824, -18.987994727023217, 1257.9709303587472, 

parameters:
0.6813113084527729, -66.93646830598486, 15.713470076162999, 
objectives:
-82.18575328312224, -49.48405836460733, 4466.241504300979, 

parameters:
2.435569767123008, -85.79715309827533, 6.610636422997773, 
objectives:
-86.47578943074947, -78.99679565324597, 7361.4728434364215, 

parameters:
2.2113530020477383, -18.32071556661539, 15.178922789781994, 
objectives:
-28.609556256731842, -3.0971226853588067, 326.35977818270703, 

parameters:
2.8486015009450982, -71.18387012470791, 15.30375403711191, 
objectives:
-78.37309365063315, -55.15999158018973, 5060.954142405359, 

parameters:
1.132587159032311, -87.37004289063822, 18.238153189663237, 
objectives:
-104.32544240749657, -68.37948466429934, 7617.568995195103, 

parameters:
-0.7252174184958756, -38.36019616705842, 18.89791108287415, 
objectives:
-56.73216694584275, -12.035475106110948, 1454.132679196419, 

parameters:
-1.9090099811591483, -24.259716687575263, 16.561438253705514, 
objectives:
-37.176835833115526, 7.582080598932096, 576.6167346158775, 

parameters:
0.756782986680365, -90.26248041928062, 17.80444390275604, 
objectives:
-107.4942038331078, -70.91244797431719, 8131.08364802719, 

parameters:
0.44970689206442316, -57.82627720198419, 19.03110486547614, 
objectives:
-76.65514577869008, -36.3917636159955, 3326.0494664640105, 

parameters:
0.37417475364324937, -79.45249787649009, 20, 
objectives:
-99.31249113022609, -56.80919014479909, 6293.839425559925, 

parameters:
3.0940621569325026, -73.55849769802953, 1.0573095081175683, 
objectives:
-65.04258657518528, -71.30421618668015, 5420.36849471386, 

parameters:
3.5561818284303572, -61.172802936499075, 19.059148664818416, 
objectives:
-67.58552240445921, -39.69195238854381, 3736.6990996397894, 

parameters:
1.6369724189532495, -42.47735574244116, 20, 
objectives:
-59.79767704202751, -22.345566717840505, 1788.0054295703128, 

parameters:
2.208920345245826, -10.95344373480901, 13.340728300040254, 
objectives:
-19.414842943208324, 2.43093227588888, 112.51653044322744, 

parameters:
-0.5051773479241933, -76.48573986327268, 13.257668539307485, 
objectives:
-89.48820424972445, -56.9521577794127, 5838.065938045768, 

parameters:
1.260347622378585, -13.7356003305907, 19.674588869014908, 
objectives:
-31.821713070370254, 6.486074178145222, 171.58060370194377, 

parameters:
0.8527872367299101, -60.89052453426818, 0, 
objectives:
-60.163278463138745, -59.574427410058384, 3709.3832241294444, 

parameters:
4.245559757774251, -28.99988556162589, 20, 
objectives:
-30.97510790479373, -3.9573469358907367, 840.01814024423, 

parameters:
0.720734829380759, -64.50663886911741, 20, 
objectives:
-83.98718017483489, -42.87011949235794, 4142.625916885012, 

parameters:
0.46410271415789206, -50.67230369570518, 11.118826780321317, 
objectives:
-61.575739146737774, -37.19449644272672, 2557.7789263787445, 

parameters:
2.206593454740176, -55.64028466615336, 10.650087568732124, 
objectives:
-61.4213175603833, -44.947516241879754, 3091.060244836351, 

parameters:
-0.14508185339091106, -64.61894638386755, 15.290681614878334, 
objectives:
-79.88857925456254, -44.72688861124223, 4161.338598890455, 

parameters:
2.6205312121872706, -74.38499631544461, 15.81913425020162, 
objectives:
-83.33694673159854, -58.18080307994439, 5525.175726432554, 

parameters:
0.16062733971545506, -48.83226598740568, 9.002156797582005, 
objectives:
-57.808621642723615, -36.44681740642143, 2376.613845809419, 

