Generation 1249 at Fri May 24 19:48:13 2019
parameters:
0.05101637681523949, -100, 19.95971668145522, 
objectives:
-119.95711401075187, -76.24174615510238, 9981.042885989249, 

parameters:
2.0996828971354633, 0.7886174107812352, 10.585348876698356, 
objectives:
-5.388063197393949, 11.38390296746091, -4.554763187587885, 

parameters:
-2.4988489059759296, -10.207551959116287, 17.091966302279076, 
objectives:
-21.05527240649826, 27.12405582196361, 94.34639655067679, 

parameters:
-0.09310337269809921, -0.38187417318528993, 20, 
objectives:
-20.37320593517753, 23.999207555614866, -18.84550387784629, 

parameters:
1.9973066371654076, -100, 0, 
objectives:
-96.01076619713501, -99.99999274579665, 10004.989233802866, 

parameters:
0.6813113084527729, -66.93646830598486, 15.713470076162999, 
objectives:
-82.18575328312224, -49.48405836460733, 4466.241504300979, 

parameters:
-0.6961777702118077, -46.33856433326612, 6.637042072479796, 
objectives:
-52.49094291800883, -32.43214769220201, 2142.1101658835005, 

parameters:
3.0940621569325026, -73.55849769802953, 1.0573095081175683, 
objectives:
-65.04258657518528, -71.30421618668015, 5420.36849471386, 

parameters:
3.222284517678988, -35.51936376744575, 15.037389598264777, 
objectives:
-40.173635852836824, -18.987994727023217, 1257.9709303587472, 

parameters:
0.37417475364324937, -79.45249787649009, 20, 
objectives:
-99.31249113022609, -56.80919014479909, 6293.839425559925, 

parameters:
4.525781051482069, -51.87296822643802, 0.69265414131682, 
objectives:
-32.0829282418007, -44.80074416509533, 2711.594872605686, 

parameters:
1.132587159032311, -87.37004289063822, 18.238153189663237, 
objectives:
-104.32544240749657, -68.37948466429934, 7617.568995195103, 

parameters:
1.6610529316920073, -80.58498347731631, 14.984706202136271, 
objectives:
-92.81059283756997, -65.48539216006546, 6482.71395267909, 

parameters:
2.435569767123008, -85.79715309827533, 6.610636422997773, 
objectives:
-86.47578943074947, -78.99679565324597, 7361.4728434364215, 

parameters:
2.8486015009450982, -71.18387012470791, 15.30375403711191, 
objectives:
-78.37309365063315, -55.15999158018973, 5060.954142405359, 

parameters:
2.1958826565692697, -29.592840516213013, 19.39908965635739, 
objectives:
-44.170029531148685, -10.155380844710987, 862.1590208030827, 

parameters:
-0.6417331643996815, -94.77660212698854, 20, 
objectives:
-114.3647806726981, -67.79784801509938, 8964.016132191779, 

parameters:
1.6369724189532495, -42.47735574244116, 20, 
objectives:
-59.79767704202751, -22.345566717840505, 1788.0054295703128, 

parameters:
3.0944134329092776, -11.286349736990182, 12.008894308554801, 
objectives:
-13.719849551775603, 1.9202853336968886, 125.94819057087292, 

parameters:
-1.9090099811591483, -24.259716687575263, 16.561438253705514, 
objectives:
-37.176835833115526, 7.582080598932096, 576.6167346158775, 

parameters:
2.2113530020477383, -18.32071556661539, 15.178922789781994, 
objectives:
-28.609556256731842, -3.0971226853588067, 326.35977818270703, 

parameters:
3.5561818284303572, -61.172802936499075, 19.059148664818416, 
objectives:
-67.58552240445921, -39.69195238854381, 3736.6990996397894, 

parameters:
1.5438280599393899, -61.787872028410355, 0.847699923024132, 
objectives:
-60.25216687277827, -60.73207926648757, 3820.276834954847, 

parameters:
1.36418579045601, -99.10629691176936, 11.589796646358257, 
objectives:
-108.83509068724553, -87.11224055635306, 9813.32929378831, 

parameters:
1.8150556545097865, -91.16331077549985, 0, 
objectives:
-87.8688837465319, -91.12910636457104, 8315.043658579336, 

parameters:
-1.1853706922440659, -12.130106070012104, 15.864744745863751, 
objectives:
-26.58974713784468, 13.881225122859087, 133.6798322019119, 

parameters:
4.532585204662291, -59.7262424131957, 8.461932625711018, 
objectives:
-47.643846401383215, -44.850321968610345, 3580.3064288116293, 

parameters:
1.8818975736800954, -20.327907162510012, 8.744238086990801, 
objectives:
-25.530606771677785, -11.569720892416562, 409.02110999845814, 

parameters:
1.3790580784095257, -48.93765226213572, 11.36207445441375, 
objectives:
-58.3979255329229, -37.1900089377335, 2386.4335356589304, 

parameters:
0.8263066795754286, -97.7640253351226, 15.08302850916677, 
objectives:
-112.16427111557839, -81.30344081554658, 9544.404403946037, 

parameters:
-1.0039886099643023, -91.1093395684939, 19.926979678795128, 
objectives:
-110.02832611835098, -62.1584123209035, 8282.99277005727, 

parameters:
3.6013392875375683, -99.41184222777284, 3.7625533373514997, 
objectives:
-90.20475090116274, -93.08500137661001, 9892.921466446207, 

parameters:
0.44970689206442316, -57.82627720198419, 19.03110486547614, 
objectives:
-76.65514577869008, -36.3917636159955, 3326.0494664640105, 

parameters:
1.333654993395977, -58.29765792967588, 19.309192681030662, 
objectives:
-75.82821496929652, -38.544449580819105, 3382.08636304588, 

parameters:
2.7966336174515694, -23.40189275764738, 1.07630150546046, 
objectives:
-16.65703467284759, -21.69096613173295, 555.3934427252286, 

parameters:
1.4672409908872774, -96.54572053961881, 15.118962585424503, 
objectives:
-109.51188699970344, -81.14292579240355, 9309.10998805409, 

