Generation 1257 at Fri May 24 19:48:13 2019
parameters:
5.810354047172641, -7.125168136133517, 3.38538107862663, 
objectives:
23.249664938735343, 10.779010907298039, 82.14285404304124, 

parameters:
0.05101637681523949, -100, 19.95971668145522, 
objectives:
-119.95711401075187, -76.24174615510238, 9981.042885989249, 

parameters:
-0.09310337269809921, -0.38187417318528993, 20, 
objectives:
-20.37320593517753, 23.999207555614866, -18.84550387784629, 

parameters:
1.9973066371654076, -100, 0, 
objectives:
-96.01076619713501, -99.99999274579665, 10004.989233802866, 

parameters:
2.0996828971354633, 0.7886174107812352, 10.585348876698356, 
objectives:
-5.388063197393949, 11.38390296746091, -4.554763187587885, 

parameters:
2.435569767123008, -85.79715309827533, 6.610636422997773, 
objectives:
-86.47578943074947, -78.99679565324597, 7361.4728434364215, 

parameters:
1.8150556545097865, -91.16331077549985, 0, 
objectives:
-87.8688837465319, -91.12910636457104, 8315.043658579336, 

parameters:
2.8478235400331005, -61.22519353489773, 20, 
objectives:
-73.11509461973107, -40.50638877986347, 3737.634422300849, 

parameters:
0.6813113084527729, -66.93646830598486, 15.713470076162999, 
objectives:
-82.18575328312224, -49.48405836460733, 4466.241504300979, 

parameters:
2.2113530020477383, -18.32071556661539, 15.178922789781994, 
objectives:
-28.609556256731842, -3.0971226853588067, 326.35977818270703, 

parameters:
1.156559445220441, -47.82655756066512, 15.050108130210418, 
objectives:
-61.539035940546924, -32.065057461007854, 2274.6671297237326, 

parameters:
2.3658925453183968, -56.90702970063643, 6.006241443799634, 
objectives:
-57.3158236084429, -50.766910902117225, 3239.0012354413097, 

parameters:
2.1958826565692697, -29.592840516213013, 19.39908965635739, 
objectives:
-44.170029531148685, -10.155380844710987, 862.1590208030827, 

parameters:
-0.9508128943244685, -32.19254582849796, 9.438670769946134, 
objectives:
-40.727171438430425, -14.04657832124028, 1028.825381310009, 

parameters:
1.6610529316920073, -80.58498347731631, 14.984706202136271, 
objectives:
-92.81059283756997, -65.48539216006546, 6482.71395267909, 

parameters:
0.8833533361815151, -23.160191327265277, 20, 
objectives:
-42.37987821072227, -1.9132915554483247, 518.1747754320768, 

parameters:
2.139973725026884, -70.1730681901959, 12.442215258896944, 
objectives:
-78.03579590528742, -57.71126028760106, 4917.396771510793, 

parameters:
3.27587970220347, -77.31352804942065, 13.581139395915564, 
objectives:
-80.16327962202752, -62.10451963901027, 5975.531867875948, 

parameters:
3.0940621569325026, -73.55849769802953, 1.0573095081175683, 
objectives:
-65.04258657518528, -71.30421618668015, 5420.36849471386, 

parameters:
1.3518467330414405, -36.69212912463224, 16.34295087165795, 
objectives:
-51.20759040665537, -19.929075595505235, 1332.7968784166621, 

parameters:
1.3589428941254122, -5.563645778372747, 19.250700699712965, 
objectives:
-22.96762068859176, 14.098009134332521, 14.550179436985871, 

parameters:
0.38501323674378596, -38.844095863223224, 13.522347716095759, 
objectives:
-52.21820838685105, -22.71356590163468, 1496.4896709076477, 

parameters:
0.34321841458479385, -54.91070385220207, 14.397662401309416, 
objectives:
-69.19056737340138, -37.76811622912172, 3001.9055340230398, 

parameters:
1.1960988976505607, -16.156528281294143, 1.9538416572071144, 
objectives:
-16.679717365540373, -13.556429641728386, 261.5102170200112, 

parameters:
0.5365648177896256, -46.18506549291574, 17.480592195868276, 
objectives:
-63.3777558850944, -26.562830764516356, 2116.867584192738, 

parameters:
-0.6417331643996815, -94.77660212698854, 20, 
objectives:
-114.3647806726981, -67.79784801509938, 8964.016132191779, 

parameters:
1.36418579045601, -99.10629691176936, 11.589796646358257, 
objectives:
-108.83509068724553, -87.11224055635306, 9813.32929378831, 

parameters:
-0.11234446670438258, -96.84968169234087, 3.917794546426117, 
objectives:
-100.7548549595679, -88.46988799989812, 9376.955670640518, 

parameters:
-0.8042528063819713, -53.55094433284559, 20, 
objectives:
-72.9041217562723, -25.687110530744427, 2849.3504615161005, 

parameters:
0.37417475364324937, -79.45249787649009, 20, 
objectives:
-99.31249113022609, -56.80919014479909, 6293.839425559925, 

parameters:
-0.5404212506083559, -92.44526677384722, 1.4566583989085293, 
objectives:
-93.60987004464666, -84.53486824439616, 8545.962745616982, 

parameters:
-1.0435263025890547, -95.38842945975345, 11.599058426572483, 
objectives:
-105.89854074213075, -74.52631867862956, 9089.442363515982, 

parameters:
1.602308197864409, -100, 0, 
objectives:
-97.43260843905651, -99.84184123051415, 10003.567391560944, 

parameters:
-1.7742493913424915, -96.06531476528043, 0.7883581962110232, 
objectives:
-93.70571205881225, -81.03199810102025, 9231.904303658876, 

parameters:
-1.4136206456552198, -96.11051344349517, 13.238008034460858, 
objectives:
-107.35019814813334, -71.21969949659075, 9226.991109667626, 

parameters:
0.24858873771257545, -100, 16.28629771720657, 
objectives:
-116.22450135668903, -80.64626087312621, 9984.775498643312, 

