Generation 1261 at Fri May 24 19:48:13 2019
parameters:
0.05101637681523949, -100, 19.95971668145522, 
objectives:
-119.95711401075187, -76.24174615510238, 9981.042885989249, 

parameters:
5.810354047172641, -7.125168136133517, 3.38538107862663, 
objectives:
23.249664938735343, 10.779010907298039, 82.14285404304124, 

parameters:
-0.09310337269809921, -0.38187417318528993, 20, 
objectives:
-20.37320593517753, 23.999207555614866, -18.84550387784629, 

parameters:
1.9973066371654076, -100, 0, 
objectives:
-96.01076619713501, -99.99999274579665, 10004.989233802866, 

parameters:
2.0996828971354633, 0.7886174107812352, 10.585348876698356, 
objectives:
-5.388063197393949, 11.38390296746091, -4.554763187587885, 

parameters:
-1.6269302456964638, -56.0494032410396, 19.965683784535507, 
objectives:
-73.36818500121315, -22.92909644935628, 3125.216821916487, 

parameters:
2.435569767123008, -85.79715309827533, 6.610636422997773, 
objectives:
-86.47578943074947, -78.99679565324597, 7361.4728434364215, 

parameters:
3.0940621569325026, -73.55849769802953, 1.0573095081175683, 
objectives:
-65.04258657518528, -71.30421618668015, 5420.36849471386, 

parameters:
0.8833533361815151, -23.160191327265277, 20, 
objectives:
-42.37987821072227, -1.9132915554483247, 518.1747754320768, 

parameters:
2.8478235400331005, -61.22519353489773, 20, 
objectives:
-73.11509461973107, -40.50638877986347, 3737.634422300849, 

parameters:
2.1958826565692697, -29.592840516213013, 19.39908965635739, 
objectives:
-44.170029531148685, -10.155380844710987, 862.1590208030827, 

parameters:
3.9504205008787636, -32.436392194113665, 13.33564530823901, 
objectives:
-30.166215368589455, -15.296606755626486, 1055.3897153958821, 

parameters:
0.6813113084527729, -66.93646830598486, 15.713470076162999, 
objectives:
-82.18575328312224, -49.48405836460733, 4466.241504300979, 

parameters:
3.27587970220347, -77.31352804942065, 13.581139395915564, 
objectives:
-80.16327962202752, -62.10451963901027, 5975.531867875948, 

parameters:
-0.11234446670438258, -96.84968169234087, 3.917794546426117, 
objectives:
-100.7548549595679, -88.46988799989812, 9376.955670640518, 

parameters:
-0.07763437534146311, -89.12699953169493, 0, 
objectives:
-89.12097243546027, -84.81043493409442, 7944.628072618984, 

parameters:
-0.6417331643996815, -94.77660212698854, 20, 
objectives:
-114.3647806726981, -67.79784801509938, 8964.016132191779, 

parameters:
-2.1076226015286252, -92.67339928228067, 20, 
objectives:
-108.23132625180638, -55.80083584569188, 8573.801007563494, 

parameters:
1.1960988976505607, -16.156528281294143, 1.9538416572071144, 
objectives:
-16.679717365540373, -13.556429641728386, 261.5102170200112, 

parameters:
-0.4390268431891342, -20.125318620139346, 16.59468430160511, 
objectives:
-36.52725835270384, 2.418217623262917, 389.62650982956296, 

parameters:
-1.2253393705066715, -47.94779092288405, 16.93158778572249, 
objectives:
-63.377922135692856, -20.613389082221193, 2284.5605231717936, 

parameters:
3.690086816174121, -82.50017891750723, 9.425250042076224, 
objectives:
-78.30868824868139, -70.21853542922543, 6811.471012089531, 

parameters:
-0.9206014678248793, -71.05650154704111, 11.272483465940986, 
objectives:
-81.48147795042078, -51.25410514723928, 5039.6014357012755, 

parameters:
0.6679596799272334, -43.671185484277345, 7.267812744875848, 
objectives:
-50.4928280951447, -34.62904132510194, 1901.3507989912891, 

parameters:
1.3589428941254122, -5.563645778372747, 19.250700699712965, 
objectives:
-22.96762068859176, 14.098009134332521, 14.550179436985871, 

parameters:
1.156559445220441, -47.82655756066512, 15.050108130210418, 
objectives:
-61.539035940546924, -32.065057461007854, 2274.6671297237326, 

parameters:
1.8150556545097865, -91.16331077549985, 0, 
objectives:
-87.8688837465319, -91.12910636457104, 8315.043658579336, 

parameters:
1.36418579045601, -99.10629691176936, 11.589796646358257, 
objectives:
-108.83509068724553, -87.11224055635306, 9813.32929378831, 

parameters:
3.2903541170469364, -16.973164681749193, 20, 
objectives:
-26.14673446618147, 4.691849065630786, 279.9147495293459, 

parameters:
2.4448062172946186, -95.70782921261252, 0.5848347782743568, 
objectives:
-90.31558655076445, -94.92514186339422, 9166.380815252456, 

parameters:
-1.2198363204671079, -80.28641815746764, 12.546761245134146, 
objectives:
-91.34517875387105, -57.37231098173433, 6435.850179959346, 

parameters:
1.0761639897015645, -62.72438071599936, 12.236426584773605, 
objectives:
-73.80267836804258, -49.63448115730162, 3924.269638553589, 

parameters:
1.6610529316920073, -80.58498347731631, 14.984706202136271, 
objectives:
-92.81059283756997, -65.48539216006546, 6482.71395267909, 

parameters:
0.38501323674378596, -38.844095863223224, 13.522347716095759, 
objectives:
-52.21820838685105, -22.71356590163468, 1496.4896709076477, 

parameters:
-2.176902194986358, -61.49244938677673, 0, 
objectives:
-56.7535462202403, -44.04593744029487, 3787.060234751834, 

parameters:
-1.348621172161163, -45.44358553342979, 12.575120854400929, 
objectives:
-56.19992732182937, -21.65520092438286, 2055.3631243457494, 

parameters:
1.1751068771484534, -40.05965913706145, 5.247521372914106, 
objectives:
-43.92630433725397, -34.13168910001957, 1601.9096449773585, 

parameters:
2.4322766533064972, -46.56341720398061, 2.89420838744546, 
objectives:
-43.54165587320622, -43.482345711541285, 2172.1735830427324, 

