Generation 1265 at Fri May 24 19:48:13 2019
parameters:
0.05101637681523949, -100, 19.95971668145522, 
objectives:
-119.95711401075187, -76.24174615510238, 9981.042885989249, 

parameters:
2.0996828971354633, 0.7886174107812352, 10.585348876698356, 
objectives:
-5.388063197393949, 11.38390296746091, -4.554763187587885, 

parameters:
-0.09310337269809921, -0.38187417318528993, 20, 
objectives:
-20.37320593517753, 23.999207555614866, -18.84550387784629, 

parameters:
1.9973066371654076, -100, 0, 
objectives:
-96.01076619713501, -99.99999274579665, 10004.989233802866, 

parameters:
0.6679596799272334, -43.671185484277345, 7.267812744875848, 
objectives:
-50.4928280951447, -34.62904132510194, 1901.3507989912891, 

parameters:
-1.4626115721792194, -53.07127055051617, 15.477552287507084, 
objectives:
-66.40959022695068, -25.604039363219638, 2804.2214381696504, 

parameters:
2.8478235400331005, -61.22519353489773, 20, 
objectives:
-73.11509461973107, -40.50638877986347, 3737.634422300849, 

parameters:
2.1958826565692697, -29.592840516213013, 19.39908965635739, 
objectives:
-44.170029531148685, -10.155380844710987, 862.1590208030827, 

parameters:
-0.18942641616621747, -6.59031816034439, 9.324258442857271, 
objectives:
-15.878694236060085, 7.527528314319328, 35.14391737884937, 

parameters:
0.6813113084527729, -66.93646830598486, 15.713470076162999, 
objectives:
-82.18575328312224, -49.48405836460733, 4466.241504300979, 

parameters:
-2.1076226015286252, -92.67339928228067, 20, 
objectives:
-108.23132625180638, -55.80083584569188, 8573.801007563494, 

parameters:
0.18350088850391505, -23.218562179052718, 12.819481526315812, 
objectives:
-36.0043711292868, -7.09941163067084, 527.3158207123032, 

parameters:
2.435569767123008, -85.79715309827533, 6.610636422997773, 
objectives:
-86.47578943074947, -78.99679565324597, 7361.4728434364215, 

parameters:
2.4448062172946186, -95.70782921261252, 0.5848347782743568, 
objectives:
-90.31558655076445, -94.92514186339422, 9166.380815252456, 

parameters:
3.9504205008787636, -32.436392194113665, 13.33564530823901, 
objectives:
-30.166215368589455, -15.296606755626486, 1055.3897153958821, 

parameters:
3.08610173400488, -59.94906398802743, 7.94952576866564, 
objectives:
-58.374565844065145, -50.81992124275339, 3596.4647711845696, 

parameters:
-0.4390268431891342, -20.125318620139346, 16.59468430160511, 
objectives:
-36.52725835270384, 2.418217623262917, 389.62650982956296, 

parameters:
-0.6417331643996815, -94.77660212698854, 20, 
objectives:
-114.3647806726981, -67.79784801509938, 8964.016132191779, 

parameters:
-1.2253393705066715, -47.94779092288405, 16.93158778572249, 
objectives:
-63.377922135692856, -20.613389082221193, 2284.5605231717936, 

parameters:
-0.11234446670438258, -96.84968169234087, 3.917794546426117, 
objectives:
-100.7548549595679, -88.46988799989812, 9376.955670640518, 

parameters:
1.3589428941254122, -5.563645778372747, 19.250700699712965, 
objectives:
-22.96762068859176, 14.098009134332521, 14.550179436985871, 

parameters:
-1.6269302456964638, -56.0494032410396, 19.965683784535507, 
objectives:
-73.36818500121315, -22.92909644935628, 3125.216821916487, 

parameters:
-0.07763437534146311, -89.12699953169493, 0, 
objectives:
-89.12097243546027, -84.81043493409442, 7944.628072618984, 

parameters:
0.332742366665129, -76.14041604917558, 8.253747868603492, 
objectives:
-84.28344643520516, -65.10692016465869, 5790.219925755525, 

parameters:
4.8433390487494, -71.3918413704609, 0.15810424926518307, 
objectives:
-48.09201247858534, -63.149160175052565, 5121.094843156927, 

parameters:
1.36418579045601, -99.10629691176936, 11.589796646358257, 
objectives:
-108.83509068724553, -87.11224055635306, 9813.32929378831, 

parameters:
-1.7414439710680067, -81.56600070459702, 9.71963431355068, 
objectives:
-88.25300791377859, -57.847963402405206, 6647.325463733138, 

parameters:
3.0940621569325026, -73.55849769802953, 1.0573095081175683, 
objectives:
-65.04258657518528, -71.30421618668015, 5420.36849471386, 

parameters:
2.639569733179718, -88.28544256612199, 20, 
objectives:
-101.31811418980354, -67.87639312252242, 7782.286697472343, 

parameters:
-1.7292788171573237, -19.66031226711722, 10.660270463628168, 
objectives:
-27.330177503276353, 4.907478692609276, 379.85801320440066, 

parameters:
0.4746994740483542, -36.025350466475714, 14.242320051217149, 
objectives:
-50.04233092703108, -19.456488720790198, 1284.8088957718467, 

parameters:
3.690086816174121, -82.50017891750723, 9.425250042076224, 
objectives:
-78.30868824868139, -70.21853542922543, 6811.471012089531, 

parameters:
2.6291303325108806, -78.3252009626194, 7.866963737804442, 
objectives:
-79.27983839509507, -70.06243224952972, 6134.88246840224, 

parameters:
-0.9206014678248793, -71.05650154704111, 11.272483465940986, 
objectives:
-81.48147795042078, -51.25410514723928, 5039.6014357012755, 

parameters:
3.9747095747691996, -63.06693638786869, 2.43110621584057, 
objectives:
-49.69972639994731, -56.73635226734296, 3991.805675339397, 

