Generation 1268 at Fri May 24 19:48:13 2019
parameters:
0.05101637681523949, -100, 19.95971668145522, 
objectives:
-119.95711401075187, -76.24174615510238, 9981.042885989249, 

parameters:
2.0996828971354633, 0.7886174107812352, 10.585348876698356, 
objectives:
-5.388063197393949, 11.38390296746091, -4.554763187587885, 

parameters:
-0.09310337269809921, -0.38187417318528993, 20, 
objectives:
-20.37320593517753, 23.999207555614866, -18.84550387784629, 

parameters:
1.9973066371654076, -100, 0, 
objectives:
-96.01076619713501, -99.99999274579665, 10004.989233802866, 

parameters:
-2.1076226015286252, -92.67339928228067, 20, 
objectives:
-108.23132625180638, -55.80083584569188, 8573.801007563494, 

parameters:
2.8478235400331005, -61.22519353489773, 20, 
objectives:
-73.11509461973107, -40.50638877986347, 3737.634422300849, 

parameters:
2.3161937851225485, -76.37601503083944, 7.341607547902223, 
objectives:
-78.35286892850135, -68.93442897318708, 5832.318818093349, 

parameters:
2.4448062172946186, -95.70782921261252, 0.5848347782743568, 
objectives:
-90.31558655076445, -94.92514186339422, 9166.380815252456, 

parameters:
-0.18942641616621747, -6.59031816034439, 9.324258442857271, 
objectives:
-15.878694236060085, 7.527528314319328, 35.14391737884937, 

parameters:
4.8433390487494, -71.3918413704609, 0.15810424926518307, 
objectives:
-48.09201247858534, -63.149160175052565, 5121.094843156927, 

parameters:
-0.07763437534146311, -89.12699953169493, 0, 
objectives:
-89.12097243546027, -84.81043493409442, 7944.628072618984, 

parameters:
0.6224638506105129, -22.251102165072407, 16.460667329267455, 
objectives:
-38.32430824902299, -3.892828992930138, 480.03834147653936, 

parameters:
0.6813113084527729, -66.93646830598486, 15.713470076162999, 
objectives:
-82.18575328312224, -49.48405836460733, 4466.241504300979, 

parameters:
2.1958826565692697, -29.592840516213013, 19.39908965635739, 
objectives:
-44.170029531148685, -10.155380844710987, 862.1590208030827, 

parameters:
-0.6417331643996815, -94.77660212698854, 20, 
objectives:
-114.3647806726981, -67.79784801509938, 8964.016132191779, 

parameters:
1.1260439952018175, -17.989694938264464, 18.21923896264485, 
objectives:
-34.94095882177925, 0.9933431227031875, 307.67786008830325, 

parameters:
-2.102852991042104, -86.31289296130538, 16.123761087209953, 
objectives:
-98.01466334658062, -53.35572920799228, 7439.213720964484, 

parameters:
3.9504205008787636, -32.436392194113665, 13.33564530823901, 
objectives:
-30.166215368589455, -15.296606755626486, 1055.3897153958821, 

parameters:
-1.4626115721792194, -53.07127055051617, 15.477552287507084, 
objectives:
-66.40959022695068, -25.604039363219638, 2804.2214381696504, 

parameters:
0.6679596799272334, -43.671185484277345, 7.267812744875848, 
objectives:
-50.4928280951447, -34.62904132510194, 1901.3507989912891, 

parameters:
-1.7414439710680067, -81.56600070459702, 9.71963431355068, 
objectives:
-88.25300791377859, -57.847963402405206, 6647.325463733138, 

parameters:
-1.2253393705066715, -47.94779092288405, 16.93158778572249, 
objectives:
-63.377922135692856, -20.613389082221193, 2284.5605231717936, 

parameters:
2.393745794846888, -58.16768840662116, 9.145593962934875, 
objectives:
-61.58326343920888, -48.86705869272668, 3381.064399537182, 

parameters:
-1.1832542620628292, -35.954147234214844, 13.235799709385926, 
objectives:
-47.78985629491092, -12.58523982788775, 1281.864994278903, 

parameters:
1.5671229682251588, -82.40436614913803, 11.971393640918873, 
objectives:
-91.91988539251807, -70.24558998358096, 6781.964041197825, 

parameters:
-0.5175801895308557, -44.7102952051266, 8.692129236983183, 
objectives:
-53.134535189514985, -29.679955957425193, 1991.5862573451782, 

parameters:
-1.353246928552577, -6.6361709911558755, 19.324649571539325, 
objectives:
-24.129543313058218, 23.93274354423074, 27.545393101956414, 

parameters:
-1.6269302456964638, -56.0494032410396, 19.965683784535507, 
objectives:
-73.36818500121315, -22.92909644935628, 3125.216821916487, 

parameters:
1.3219290807257942, -84.60743007368407, 2.0760493309039156, 
objectives:
-84.93598291011944, -82.07160057121479, 7159.088670836905, 

parameters:
3.1863274923617304, -50.96415807846229, 17.359674236984468, 
objectives:
-58.17114942686656, -32.19711092234455, 2591.138417298089, 

parameters:
1.3589428941254122, -5.563645778372747, 19.250700699712965, 
objectives:
-22.96762068859176, 14.098009134332521, 14.550179436985871, 

parameters:
2.435569767123008, -85.79715309827533, 6.610636422997773, 
objectives:
-86.47578943074947, -78.99679565324597, 7361.4728434364215, 

parameters:
3.08610173400488, -59.94906398802743, 7.94952576866564, 
objectives:
-58.374565844065145, -50.81992124275339, 3596.4647711845696, 

