Generation 1273 at Fri May 24 19:48:13 2019
parameters:
5.242321524171167, -14.526770574258098, 7.289946696445259, 
objectives:
5.665217692084955, 3.275824988290804, 232.21905158347397, 

parameters:
0.05101637681523949, -100, 19.95971668145522, 
objectives:
-119.95711401075187, -76.24174615510238, 9981.042885989249, 

parameters:
-0.09310337269809921, -0.38187417318528993, 20, 
objectives:
-20.37320593517753, 23.999207555614866, -18.84550387784629, 

parameters:
1.9973066371654076, -100, 0, 
objectives:
-96.01076619713501, -99.99999274579665, 10004.989233802866, 

parameters:
0.6224638506105129, -22.251102165072407, 16.460667329267455, 
objectives:
-38.32430824902299, -3.892828992930138, 480.03834147653936, 

parameters:
2.8478235400331005, -61.22519353489773, 20, 
objectives:
-73.11509461973107, -40.50638877986347, 3737.634422300849, 

parameters:
-0.6417331643996815, -94.77660212698854, 20, 
objectives:
-114.3647806726981, -67.79784801509938, 8964.016132191779, 

parameters:
3.9504205008787636, -32.436392194113665, 13.33564530823901, 
objectives:
-30.166215368589455, -15.296606755626486, 1055.3897153958821, 

parameters:
-0.5040254341086469, -89.64249660343081, 9.81480586994233, 
objectives:
-99.20326083514473, -73.55754735882549, 8027.216433064391, 

parameters:
2.393745794846888, -58.16768840662116, 9.145593962934875, 
objectives:
-61.58326343920888, -48.86705869272668, 3381.064399537182, 

parameters:
1.3219290807257942, -84.60743007368407, 2.0760493309039156, 
objectives:
-84.93598291011944, -82.07160057121479, 7159.088670836905, 

parameters:
3.1863274923617304, -50.96415807846229, 17.359674236984468, 
objectives:
-58.17114942686656, -32.19711092234455, 2591.138417298089, 

parameters:
-0.18942641616621747, -6.59031816034439, 9.324258442857271, 
objectives:
-15.878694236060085, 7.527528314319328, 35.14391737884937, 

parameters:
-2.102852991042104, -86.31289296130538, 16.123761087209953, 
objectives:
-98.01466334658062, -53.35572920799228, 7439.213720964484, 

parameters:
-1.4626115721792194, -53.07127055051617, 15.477552287507084, 
objectives:
-66.40959022695068, -25.604039363219638, 2804.2214381696504, 

parameters:
0.17686375792435893, -69.98465396338563, 0, 
objectives:
-69.9533731745185, -66.66082820621594, 4898.883071163694, 

parameters:
-0.45470232478531647, -99.76793374888081, 4.252067226435521, 
objectives:
-103.81324677115117, -89.49030301913885, 9950.5952914988, 

parameters:
1.8573300675522728, -96.70605569167407, 0, 
objectives:
-93.25638071184034, -96.68570098204943, 9356.510882421, 

parameters:
-1.7414439710680067, -81.56600070459702, 9.71963431355068, 
objectives:
-88.25300791377859, -57.847963402405206, 6647.325463733138, 

parameters:
2.0996828971354633, 0.7886174107812352, 10.585348876698356, 
objectives:
-5.388063197393949, 11.38390296746091, -4.554763187587885, 

parameters:
-2.2780519497839005, -4.706192512090766, 7.23029660716556, 
objectives:
-6.746968433342095, 20.82583258012463, 21.107472039607867, 

parameters:
2.1958826565692697, -29.592840516213013, 19.39908965635739, 
objectives:
-44.170029531148685, -10.155380844710987, 862.1590208030827, 

parameters:
2.6392897171661347, -75.9320617475728, 3.9730627040864306, 
objectives:
-72.93927424052033, -71.55030770101202, 5769.670788744262, 

parameters:
-0.45248975663959934, -78.41411599832135, 9.167015557306188, 
objectives:
-87.37638457576377, -63.232394434593004, 6140.811319220753, 

parameters:
2.3161937851225485, -76.37601503083944, 7.341607547902223, 
objectives:
-78.35286892850135, -68.93442897318708, 5832.318818093349, 

parameters:
0.4074845277459229, -100, 7.94028583697885, 
objectives:
-107.77424219662653, -89.52360863365253, 9993.225757803373, 

parameters:
1.4192640205237992, -67.3826758955824, 0.3682568227326726, 
objectives:
-65.73662235836169, -66.67716479499154, 4543.071064386321, 

parameters:
2.780142965681241, -41.31259383447027, 20, 
objectives:
-53.58339892484339, -20.703970787568352, 1695.4596042415378, 

parameters:
2.4448062172946186, -95.70782921261252, 0.5848347782743568, 
objectives:
-90.31558655076445, -94.92514186339422, 9166.380815252456, 

parameters:
-1.591184431309113, -14.428842551464403, 16.60132886992934, 
objectives:
-28.498303526953237, 15.069091938141895, 195.1220363994609, 

parameters:
3.125752340584998, -28.271760122699803, 7.980931463229928, 
objectives:
-26.482363891257137, -19.023510327137274, 802.0818166669214, 

parameters:
0.6341839583631312, -29.50723299466076, 19.340261735313685, 
objectives:
-48.44530543692932, -8.301517799754471, 852.7387265589281, 

parameters:
-1.1446768324279302, -95.64307392873172, 7.475707966956717, 
objectives:
-101.8084968449912, -78.27837358136604, 9142.432167620582, 

parameters:
2.6156939406191353, -52.29521611947879, 6.0245476227042545, 
objectives:
-51.47790895119138, -45.89158946825941, 2736.606936151282, 

parameters:
2.657638313235537, -68.07565984831619, 9.4342539359506, 
objectives:
-70.44687238028936, -58.208917761330305, 4632.924251251677, 

parameters:
2.444463877964678, -41.84405138568795, 19.737258866350153, 
objectives:
-55.60590660136399, -21.909244380522395, 1738.1627811524172, 

parameters:
-0.10251362109483814, -44.43279262908346, 6.215427014710232, 
objectives:
-50.637710601283715, -33.7968020874839, 1969.068142846933, 

parameters:
0.6679596799272334, -43.671185484277345, 7.267812744875848, 
objectives:
-50.4928280951447, -34.62904132510194, 1901.3507989912891, 

parameters:
2.224083551754214, -67.66102754834272, 20, 
objectives:
-82.71447990315907, -47.61081411017594, 4563.961196542775, 

parameters:
-1.353246928552577, -6.6361709911558755, 19.324649571539325, 
objectives:
-24.129543313058218, 23.93274354423074, 27.545393101956414, 

parameters:
2.643819751171173, -16.60244775622271, 19.721223890596274, 
objectives:
-29.33388877013618, 3.533280006371676, 263.909830484191, 

parameters:
0.2053419746870675, -76.1788287822493, 9.66143461109253, 
objectives:
-85.79809806677345, -63.29659674333665, 5794.594685350729, 

