Generation 1274 at Fri May 24 19:48:13 2019
parameters:
5.242321524171167, -14.526770574258098, 7.289946696445259, 
objectives:
5.665217692084955, 3.275824988290804, 232.21905158347397, 

parameters:
0.05101637681523949, -100, 19.95971668145522, 
objectives:
-119.95711401075187, -76.24174615510238, 9981.042885989249, 

parameters:
-0.09310337269809921, -0.38187417318528993, 20, 
objectives:
-20.37320593517753, 23.999207555614866, -18.84550387784629, 

parameters:
1.9973066371654076, -100, 0, 
objectives:
-96.01076619713501, -99.99999274579665, 10004.989233802866, 

parameters:
0.6224638506105129, -22.251102165072407, 16.460667329267455, 
objectives:
-38.32430824902299, -3.892828992930138, 480.03834147653936, 

parameters:
2.1958826565692697, -29.592840516213013, 19.39908965635739, 
objectives:
-44.170029531148685, -10.155380844710987, 862.1590208030827, 

parameters:
-0.6417331643996815, -94.77660212698854, 20, 
objectives:
-114.3647806726981, -67.79784801509938, 8964.016132191779, 

parameters:
3.9504205008787636, -32.436392194113665, 13.33564530823901, 
objectives:
-30.166215368589455, -15.296606755626486, 1055.3897153958821, 

parameters:
-0.5040254341086469, -89.64249660343081, 9.81480586994233, 
objectives:
-99.20326083514473, -73.55754735882549, 8027.216433064391, 

parameters:
1.3219290807257942, -84.60743007368407, 2.0760493309039156, 
objectives:
-84.93598291011944, -82.07160057121479, 7159.088670836905, 

parameters:
2.8478235400331005, -61.22519353489773, 20, 
objectives:
-73.11509461973107, -40.50638877986347, 3737.634422300849, 

parameters:
2.393745794846888, -58.16768840662116, 9.145593962934875, 
objectives:
-61.58326343920888, -48.86705869272668, 3381.064399537182, 

parameters:
3.1863274923617304, -50.96415807846229, 17.359674236984468, 
objectives:
-58.17114942686656, -32.19711092234455, 2591.138417298089, 

parameters:
2.780142965681241, -41.31259383447027, 20, 
objectives:
-53.58339892484339, -20.703970787568352, 1695.4596042415378, 

parameters:
2.0996828971354633, 0.7886174107812352, 10.585348876698356, 
objectives:
-5.388063197393949, 11.38390296746091, -4.554763187587885, 

parameters:
-0.63467652392699, -11.04971567469568, 19.099438666348334, 
objectives:
-29.746340051019967, 14.991243377384661, 104.39959211529111, 

parameters:
-0.45248975663959934, -78.41411599832135, 9.167015557306188, 
objectives:
-87.37638457576377, -63.232394434593004, 6140.811319220753, 

parameters:
-1.7414439710680067, -81.56600070459702, 9.71963431355068, 
objectives:
-88.25300791377859, -57.847963402405206, 6647.325463733138, 

parameters:
-1.4626115721792194, -53.07127055051617, 15.477552287507084, 
objectives:
-66.40959022695068, -25.604039363219638, 2804.2214381696504, 

parameters:
1.9062510509644772, -70.56009798711975, 14.442857512304206, 
objectives:
-81.36916243012077, -56.10845160937027, 4968.918363508939, 

parameters:
-0.45470232478531647, -99.76793374888081, 4.252067226435521, 
objectives:
-103.81324677115117, -89.49030301913885, 9950.5952914988, 

parameters:
1.8573300675522728, -96.70605569167407, 0, 
objectives:
-93.25638071184034, -96.68570098204943, 9356.510882421, 

parameters:
-0.18942641616621747, -6.59031816034439, 9.324258442857271, 
objectives:
-15.878694236060085, 7.527528314319328, 35.14391737884937, 

parameters:
-2.102852991042104, -86.31289296130538, 16.123761087209953, 
objectives:
-98.01466334658062, -53.35572920799228, 7439.213720964484, 

parameters:
1.9571399768925668, -45.85856432896504, 18.235437126582774, 
objectives:
-60.26360456639677, -27.62129022080149, 2089.6028820763927, 

parameters:
0.4074845277459229, -100, 7.94028583697885, 
objectives:
-107.77424219662653, -89.52360863365253, 9993.225757803373, 

parameters:
2.6392897171661347, -75.9320617475728, 3.9730627040864306, 
objectives:
-72.93927424052033, -71.55030770101202, 5769.670788744262, 

parameters:
2.4448062172946186, -95.70782921261252, 0.5848347782743568, 
objectives:
-90.31558655076445, -94.92514186339422, 9166.380815252456, 

parameters:
0.17686375792435893, -69.98465396338563, 0, 
objectives:
-69.9533731745185, -66.66082820621594, 4898.883071163694, 

parameters:
3.603494816374721, -63.99644629588839, 4.135084063850958, 
objectives:
-55.14635546809986, -57.29016660589683, 4105.3952293303155, 

parameters:
0.1287456847120918, -43.23633507250687, 20, 
objectives:
-63.21975962117488, -19.734742360023247, 1850.3972459534195, 

parameters:
1.5151248486682987, -0.09084005073279666, 13.222285649342716, 
objectives:
-11.017522393023377, 13.36654951098886, -9.918430427473444, 

parameters:
1.4192640205237992, -67.3826758955824, 0.3682568227326726, 
objectives:
-65.73662235836169, -66.67716479499154, 4543.071064386321, 

parameters:
2.3161937851225485, -76.37601503083944, 7.341607547902223, 
objectives:
-78.35286892850135, -68.93442897318708, 5832.318818093349, 

parameters:
-1.799722906943674, -62.05319927196305, 20, 
objectives:
-78.81419673018527, -27.615305102410566, 3834.8385424277335, 

parameters:
0.36018492402115987, -85.72774117100401, 11.531240375919001, 
objectives:
-97.12924836743088, -71.50750731167753, 7338.84409908623, 

parameters:
0.42998030361292483, -100, 2.5268419829065722, 
objectives:
-102.34195892141152, -95.00819617005006, 9998.658041078588, 

