Generation 1278 at Fri May 24 19:48:13 2019
parameters:
0.05101637681523949, -100, 19.95971668145522, 
objectives:
-119.95711401075187, -76.24174615510238, 9981.042885989249, 

parameters:
2.0996828971354633, 0.7886174107812352, 10.585348876698356, 
objectives:
-5.388063197393949, 11.38390296746091, -4.554763187587885, 

parameters:
-0.09310337269809921, -0.38187417318528993, 20, 
objectives:
-20.37320593517753, 23.999207555614866, -18.84550387784629, 

parameters:
1.9973066371654076, -100, 0, 
objectives:
-96.01076619713501, -99.99999274579665, 10004.989233802866, 

parameters:
-0.45470232478531647, -99.76793374888081, 4.252067226435521, 
objectives:
-103.81324677115117, -89.49030301913885, 9950.5952914988, 

parameters:
0.6224638506105129, -22.251102165072407, 16.460667329267455, 
objectives:
-38.32430824902299, -3.892828992930138, 480.03834147653936, 

parameters:
-0.6417331643996815, -94.77660212698854, 20, 
objectives:
-114.3647806726981, -67.79784801509938, 8964.016132191779, 

parameters:
-0.18942641616621747, -6.59031816034439, 9.324258442857271, 
objectives:
-15.878694236060085, 7.527528314319328, 35.14391737884937, 

parameters:
-2.032558564240264, -68.81328743650087, 17.100801926536903, 
objectives:
-81.78279504597133, -35.45095693593647, 4723.299020209018, 

parameters:
-0.45248975663959934, -78.41411599832135, 9.167015557306188, 
objectives:
-87.37638457576377, -63.232394434593004, 6140.811319220753, 

parameters:
3.2548252132447475, -88.92751601891628, 2.0036830026415977, 
objectives:
-80.33731185278415, -85.34924670047995, 7917.693309460744, 

parameters:
1.8573300675522728, -96.70605569167407, 0, 
objectives:
-93.25638071184034, -96.68570098204943, 9356.510882421, 

parameters:
1.3219290807257942, -84.60743007368407, 2.0760493309039156, 
objectives:
-84.93598291011944, -82.07160057121479, 7159.088670836905, 

parameters:
1.9571399768925668, -45.85856432896504, 18.235437126582774, 
objectives:
-60.26360456639677, -27.62129022080149, 2089.6028820763927, 

parameters:
2.6392897171661347, -75.9320617475728, 3.9730627040864306, 
objectives:
-72.93927424052033, -71.55030770101202, 5769.670788744262, 

parameters:
-2.102852991042104, -86.31289296130538, 16.123761087209953, 
objectives:
-98.01466334658062, -53.35572920799228, 7439.213720964484, 

parameters:
2.780142965681241, -41.31259383447027, 20, 
objectives:
-53.58339892484339, -20.703970787568352, 1695.4596042415378, 

parameters:
-2.219044538636566, -18.444825582992866, 16.822795771203623, 
objectives:
-30.34346268974372, 16.17830700720979, 329.31295368027725, 

parameters:
2.1958826565692697, -29.592840516213013, 19.39908965635739, 
objectives:
-44.170029531148685, -10.155380844710987, 862.1590208030827, 

parameters:
3.603494816374721, -63.99644629588839, 4.135084063850958, 
objectives:
-55.14635546809986, -57.29016660589683, 4105.3952293303155, 

parameters:
2.393745794846888, -58.16768840662116, 9.145593962934875, 
objectives:
-61.58326343920888, -48.86705869272668, 3381.064399537182, 

parameters:
3.7696580056262703, -55.468727417393836, 9.9403591917055, 
objectives:
-51.1987651297171, -42.396678768811185, 3082.0496835928157, 

parameters:
2.8478235400331005, -61.22519353489773, 20, 
objectives:
-73.11509461973107, -40.50638877986347, 3737.634422300849, 

parameters:
2.1394317484771306, -52.64825718026833, 19.091354921035844, 
objectives:
-67.16244389491226, -33.537461046749094, 2758.324797405032, 

parameters:
3.1863274923617304, -50.96415807846229, 17.359674236984468, 
objectives:
-58.17114942686656, -32.19711092234455, 2591.138417298089, 

parameters:
2.301814816993681, -91.53712562274166, 10.76942405412484, 
objectives:
-97.00819822513485, -80.67660938485989, 8374.574294671194, 

parameters:
0.2327954537777206, -77.57833734425769, 14.121386274231284, 
objectives:
-91.6455298951894, -60.33393916183772, 6005.331232548515, 

parameters:
-1.639606874597225, -15.410112288748518, 12.446789132571205, 
objectives:
-25.16859071809324, 10.283415045438067, 228.71308232249336, 

parameters:
2.8297415398480488, -35.095480231855205, 20, 
objectives:
-47.0880430495136, -14.40700920890579, 1220.7001698868812, 

parameters:
0.768148639056645, -35.44266311124548, 17.727898079343134, 
objectives:
-52.58050885890404, -16.197307256444347, 1240.0445226695826, 

parameters:
2.624770815972031, -19.240138721053, 10.80997727383261, 
objectives:
-23.160694158507127, -8.039822874730033, 367.26238256790884, 

parameters:
-1.3055640070581322, -58.75989813664542, 15.232587897960187, 
objectives:
-72.28798865807991, -32.600556833927016, 3440.197538507511, 

parameters:
3.9504205008787636, -32.436392194113665, 13.33564530823901, 
objectives:
-30.166215368589455, -15.296606755626486, 1055.3897153958821, 

parameters:
0.9546710235219829, -100, 18.691174211401723, 
objectives:
-117.7797774482492, -80.2161131195337, 9983.22022255175, 

parameters:
-0.7169135792442174, -62.080412936733644, 20, 
objectives:
-81.56644785662888, -34.69879353965202, 3835.491635475471, 

parameters:
3.134331718995192, -52.050764553117, 18.547896691884045, 
objectives:
-60.77462592030169, -32.21615941251437, 2701.5582291968362, 

