Generation 128 at Sat May 25 04:36:26 2019
parameters:
0, 0.0, 20.0, 
objectives:
-20.0, 24.0, -19.0, 

parameters:
0, 0.0, 20.0, 
objectives:
-20.0, 24.0, -19.0, 

parameters:
1.9954130956648328, 0.0, 20.0, 
objectives:
-16.01832657764929, 20.00002103969138, -15.018326577649288, 

parameters:
1.4669940083958777, 0.0, 20.0, 
objectives:
-17.847928579330596, 20.284095387085895, -16.847928579330596, 

parameters:
1.2848411064041243, 0.0, 20.0, 
objectives:
-18.349183331294224, 20.511452243089277, -17.349183331294228, 

parameters:
1.5682261005393345, 0.0, 20.0, 
objectives:
-17.540666897587194, 20.18642870025547, -16.540666897587194, 

parameters:
1.6612817672566305, 0.0, 20.0, 
objectives:
-17.240142889780685, 20.114730041192793, -16.240142889780685, 

parameters:
0.45664111202983776, 0.0, 20.0, 
objectives:
-19.791478894804154, 22.381956657076497, -18.791478894804154, 

parameters:
0.5643919192625484, 0.0, 20.0, 
objectives:
-19.681461761471137, 22.06097056147867, -18.681461761471137, 

parameters:
1.9317469799094926, 0.0, 20.0, 
objectives:
-16.268353605610553, 20.004658474751476, -15.268353605610555, 

parameters:
1.2058687929887049, 0.0, 20.0, 
objectives:
-18.545880454095965, 20.630644373949217, -17.545880454095965, 

parameters:
1.748016667100309, 0.0, 20.0, 
objectives:
-16.944437731539526, 20.063495600059237, -15.944437731539526, 

parameters:
0.6408089141496238, 0.0, 20.0, 
objectives:
-19.58936393554638, 21.847400407855126, -18.58936393554638, 

parameters:
0.9900261770861913, 0.0, 20.0, 
objectives:
-19.019848168684103, 21.020047122971132, -18.019848168684103, 

parameters:
1.8621056476935993, 0.0, 20.0, 
objectives:
-16.5325625568276, 20.019014852398, -15.532562556827601, 

parameters:
1.053458607552489, 0.0, 20.0, 
objectives:
-18.89022496217357, 20.895940607616474, -17.89022496217357, 

parameters:
1.8409371446365494, 0.0, 20.0, 
objectives:
-16.61095042949743, 20.025300991956374, -15.610950429497429, 

parameters:
1.1514288589681694, 0.0, 20.0, 
objectives:
-18.67421158273526, 20.720072981392065, -17.67421158273526, 

parameters:
0.780742013692214, 0.0, 20.0, 
objectives:
-19.390441908055827, 21.48659003717532, -18.390441908055827, 

parameters:
0.9310557698181509, 0.0, 20.0, 
objectives:
-19.13313515348833, 21.142641767239066, -18.13313515348833, 

parameters:
1.1036425387736375, 0.0, 20.0, 
objectives:
-18.781973146609282, 20.80345669829617, -17.781973146609282, 

parameters:
0.8362356732911845, 0.0, 20.0, 
objectives:
-19.30070989871524, 21.354347408120024, -18.30070989871524, 

parameters:
0.052760332974670546, 0.0, 20.0, 
objectives:
-19.997216347264402, 23.791742320836917, -18.997216347264402, 

parameters:
0.8853926272354227, 0.0, 20.0, 
objectives:
-19.216079895637154, 21.242349595421153, -18.216079895637154, 

parameters:
1.7739402808021663, 0.0, 20.0, 
objectives:
-16.853135880147533, 20.051102996643802, -15.853135880147532, 

parameters:
1.9772710278564154, 0.0, 20.0, 
objectives:
-16.090399282399634, 20.000516606174703, -15.090399282399634, 

parameters:
0.37100377320556266, 0.0, 20.0, 
objectives:
-19.862356200267236, 22.653628706910514, -18.862356200267236, 

parameters:
0.14618494313412064, 0.0, 20.0, 
objectives:
-19.978629962400873, 23.436630265062643, -18.978629962400873, 

parameters:
0.7061615365116733, 0.0, 20.0, 
objectives:
-19.501335884351473, 21.674017969601834, -18.501335884351473, 

parameters:
0.2550732622111722, 0.0, 20.0, 
objectives:
-19.93493763090495, 23.04476932025036, -18.93493763090495, 

parameters:
0.1839428800155535, 0.0, 20.0, 
objectives:
-19.966165016891583, 23.2980634630462, -18.966165016891583, 

parameters:
0.7227114284648195, 0.0, 20.0, 
objectives:
-19.47768819116634, 21.63146609497438, -18.47768819116634, 

parameters:
0.28202612743642197, 0.0, 20.0, 
objectives:
-19.920461263443215, 22.951434226811095, -18.920461263443215, 

parameters:
0.32828682865640546, 0.0, 20.0, 
objectives:
-19.89222775813072, 22.794624927243657, -18.89222775813072, 

parameters:
0.010494496888708339, 0.0, 20.0, 
objectives:
-19.999889865535053, 23.958132146910113, -18.999889865535053, 

parameters:
0.35334234601680337, 0.0, 20.0, 
objectives:
-19.87514918651134, 22.711481429421447, -18.87514918651134, 

parameters:
1.7696434855722174, 0.0, 20.0, 
objectives:
-16.868361933971812, 20.05306412373932, -15.868361933971814, 

parameters:
0.1608705367205982, 0.0, 20.0, 
objectives:
-19.97412067041523, 23.38239718270238, -18.97412067041523, 

