Generation 1280 at Fri May 24 19:48:13 2019
parameters:
0.05101637681523949, -100, 19.95971668145522, 
objectives:
-119.95711401075187, -76.24174615510238, 9981.042885989249, 

parameters:
2.0996828971354633, 0.7886174107812352, 10.585348876698356, 
objectives:
-5.388063197393949, 11.38390296746091, -4.554763187587885, 

parameters:
-0.09310337269809921, -0.38187417318528993, 20, 
objectives:
-20.37320593517753, 23.999207555614866, -18.84550387784629, 

parameters:
1.9973066371654076, -100, 0, 
objectives:
-96.01076619713501, -99.99999274579665, 10004.989233802866, 

parameters:
-0.6417331643996815, -94.77660212698854, 20, 
objectives:
-114.3647806726981, -67.79784801509938, 8964.016132191779, 

parameters:
2.6392897171661347, -75.9320617475728, 3.9730627040864306, 
objectives:
-72.93927424052033, -71.55030770101202, 5769.670788744262, 

parameters:
1.8573300675522728, -96.70605569167407, 0, 
objectives:
-93.25638071184034, -96.68570098204943, 9356.510882421, 

parameters:
1.3219290807257942, -84.60743007368407, 2.0760493309039156, 
objectives:
-84.93598291011944, -82.07160057121479, 7159.088670836905, 

parameters:
0.6224638506105129, -22.251102165072407, 16.460667329267455, 
objectives:
-38.32430824902299, -3.892828992930138, 480.03834147653936, 

parameters:
0.08903561490971967, -84.93205545799952, 18.78311377540713, 
objectives:
-103.70724189268431, -62.49715680150892, 7195.678857886022, 

parameters:
-2.219044538636566, -18.444825582992866, 16.822795771203623, 
objectives:
-30.34346268974372, 16.17830700720979, 329.31295368027725, 

parameters:
3.603494816374721, -63.99644629588839, 4.135084063850958, 
objectives:
-55.14635546809986, -57.29016660589683, 4105.3952293303155, 

parameters:
2.301814816993681, -91.53712562274166, 10.76942405412484, 
objectives:
-97.00819822513485, -80.67660938485989, 8374.574294671194, 

parameters:
0.6263729992068012, -61.32158488159549, 15.991516111424255, 
objectives:
-76.92075785888443, -43.44321763286312, 3745.7375994134322, 

parameters:
3.2548252132447475, -88.92751601891628, 2.0036830026415977, 
objectives:
-80.33731185278415, -85.34924670047995, 7917.693309460744, 

parameters:
-2.032558564240264, -68.81328743650087, 17.100801926536903, 
objectives:
-81.78279504597133, -35.45095693593647, 4723.299020209018, 

parameters:
3.072107278310543, -6.801264421721632, 11.98717409979444, 
objectives:
-9.35059539206746, 6.335323694279249, 44.70786676383065, 

parameters:
2.1394317484771306, -52.64825718026833, 19.091354921035844, 
objectives:
-67.16244389491226, -33.537461046749094, 2758.324797405032, 

parameters:
-0.4686626875512785, -79.01110270131805, 3.198390255591075, 
objectives:
-81.98984824220635, -69.71841698081907, 6240.77560453734, 

parameters:
2.393745794846888, -58.16768840662116, 9.145593962934875, 
objectives:
-61.58326343920888, -48.86705869272668, 3381.064399537182, 

parameters:
2.8297415398480488, -35.095480231855205, 20, 
objectives:
-47.0880430495136, -14.40700920890579, 1220.7001698868812, 

parameters:
2.1958826565692697, -29.592840516213013, 19.39908965635739, 
objectives:
-44.170029531148685, -10.155380844710987, 862.1590208030827, 

parameters:
0.5672937643271814, -23.800874111485903, 12.312906376021026, 
objectives:
-35.79195827246242, -9.435320577729101, 555.4905243098233, 

parameters:
0.7741162994583091, -100, 5.0586763863233255, 
objectives:
-104.4594203412363, -93.43853276642288, 9996.540579658764, 

parameters:
-1.639606874597225, -15.410112288748518, 12.446789132571205, 
objectives:
-25.16859071809324, 10.283415045438067, 228.71308232249336, 

parameters:
3.1863274923617304, -50.96415807846229, 17.359674236984468, 
objectives:
-58.17114942686656, -32.19711092234455, 2591.138417298089, 

parameters:
-0.45470232478531647, -99.76793374888081, 4.252067226435521, 
objectives:
-103.81324677115117, -89.49030301913885, 9950.5952914988, 

parameters:
1.9571399768925668, -45.85856432896504, 18.235437126582774, 
objectives:
-60.26360456639677, -27.62129022080149, 2089.6028820763927, 

parameters:
5.909396154581099, -37.99557438002029, 2.936573841114165, 
objectives:
-6.011185309356567, -19.775622245452638, 1476.6480615383177, 

parameters:
-1.8255730158933288, -51.27725013268203, 14.123529188091439, 
objectives:
-62.068062484415606, -22.51871204465941, 2619.5655688179054, 

parameters:
2.780142965681241, -41.31259383447027, 20, 
objectives:
-53.58339892484339, -20.703970787568352, 1695.4596042415378, 

parameters:
5.4746027408323, -42.96020610950853, 3.054182976273266, 
objectives:
-16.043113915853265, -27.83315892663593, 1873.4964011651095, 

parameters:
3.242321882032756, -66.65992768555729, 18.150656923743863, 
objectives:
-74.29793342259272, -46.96590710323602, 4436.907953306692, 

parameters:
-0.18942641616621747, -6.59031816034439, 9.324258442857271, 
objectives:
-15.878694236060085, 7.527528314319328, 35.14391737884937, 

parameters:
-0.6278263266552093, -40.722735467528054, 20, 
objectives:
-60.32856957108668, -13.817264264465841, 1639.7353498547086, 

parameters:
-0.23977905507907682, -67.01925054315606, 14.483547147915159, 
objectives:
-81.4453036958166, -47.51909317966998, 4478.1538902136635, 

