Generation 1285 at Fri May 24 19:48:13 2019
parameters:
0.05101637681523949, -100, 19.95971668145522, 
objectives:
-119.95711401075187, -76.24174615510238, 9981.042885989249, 

parameters:
5.708729006721841, -17.291585510249107, 3.09963526259685, 
objectives:
12.198366099341376, -0.437279402352285, 329.48888106784733, 

parameters:
-1.1197290330331362, -4.931281632174647, 19.930188776980646, 
objectives:
-23.607677301737972, 24.731616384355867, 6.641142866259727, 

parameters:
-0.09310337269809921, -0.38187417318528993, 20, 
objectives:
-20.37320593517753, 23.999207555614866, -18.84550387784629, 

parameters:
1.9973066371654076, -100, 0, 
objectives:
-96.01076619713501, -99.99999274579665, 10004.989233802866, 

parameters:
2.6392897171661347, -75.9320617475728, 3.9730627040864306, 
objectives:
-72.93927424052033, -71.55030770101202, 5769.670788744262, 

parameters:
-0.2458615937596038, -47.48019548723448, 9.486085902875423, 
objectives:
-56.90583346682389, -32.95021528603463, 2245.9433255264125, 

parameters:
0.6224638506105129, -22.251102165072407, 16.460667329267455, 
objectives:
-38.32430824902299, -3.892828992930138, 480.03834147653936, 

parameters:
2.8248534070248996, -43.05563209689116, 18.655868883184517, 
objectives:
-53.73170420889549, -23.71938007062606, 1844.1113831508399, 

parameters:
2.1958826565692697, -29.592840516213013, 19.39908965635739, 
objectives:
-44.170029531148685, -10.155380844710987, 862.1590208030827, 

parameters:
3.0215317241721356, -69.55311756423976, 15.422485908262592, 
objectives:
-75.84594951232371, -53.08710459248706, 4832.343330956874, 

parameters:
4.360775998189505, -57.56034121642858, 9.045262404797045, 
objectives:
-47.58923631483995, -42.94181549800389, 3324.163985853276, 

parameters:
-0.6417331643996815, -94.77660212698854, 20, 
objectives:
-114.3647806726981, -67.79784801509938, 8964.016132191779, 

parameters:
-2.25439012657451, -54.57495236677873, 19.188215829012833, 
objectives:
-68.68089335299493, -17.286901188671223, 2965.3194848499516, 

parameters:
-1.8459303980365338, -79.55677593869878, 15.66646470489618, 
objectives:
-91.81578160919965, -49.09913060726115, 6318.02159208982, 

parameters:
2.0996828971354633, 0.7886174107812352, 10.585348876698356, 
objectives:
-5.388063197393949, 11.38390296746091, -4.554763187587885, 

parameters:
-2.032558564240264, -68.81328743650087, 17.100801926536903, 
objectives:
-81.78279504597133, -35.45095693593647, 4723.299020209018, 

parameters:
1.1398540049947907, -91.58471565941556, 0, 
objectives:
-90.2854485067129, -90.84486452669206, 8390.059409568701, 

parameters:
3.072107278310543, -6.801264421721632, 11.98717409979444, 
objectives:
-9.35059539206746, 6.335323694279249, 44.70786676383065, 

parameters:
-0.1110357231068404, -61.41584558711496, 0.0, 
objectives:
-61.4035166553091, -56.95937376288174, 3772.9184181121536, 

parameters:
3.2548252132447475, -88.92751601891628, 2.0036830026415977, 
objectives:
-80.33731185278415, -85.34924670047995, 7917.693309460744, 

parameters:
3.603494816374721, -63.99644629588839, 4.135084063850958, 
objectives:
-55.14635546809986, -57.29016660589683, 4105.3952293303155, 

parameters:
0.038316303912573346, -85.48470592917529, 0, 
objectives:
-85.48323779002978, -81.63650300568007, 7308.636415936723, 

parameters:
1.3739428952122512, -89.77947448925242, 20, 
objectives:
-107.8917554099482, -69.3875269907972, 8043.241758645631, 

parameters:
1.3219290807257942, -84.60743007368407, 2.0760493309039156, 
objectives:
-84.93598291011944, -82.07160057121479, 7159.088670836905, 

parameters:
2.8297415398480488, -35.095480231855205, 20, 
objectives:
-47.0880430495136, -14.40700920890579, 1220.7001698868812, 

parameters:
1.8573300675522728, -96.70605569167407, 0, 
objectives:
-93.25638071184034, -96.68570098204943, 9356.510882421, 

parameters:
-0.5332532667707437, -98.3421113121491, 2.626008258302302, 
objectives:
-100.68376052392973, -89.29873094024215, 9669.829208119343, 

parameters:
-2.219044538636566, -18.444825582992866, 16.822795771203623, 
objectives:
-30.34346268974372, 16.17830700720979, 329.31295368027725, 

parameters:
-0.534281556220086, -18.08308929466049, 11.56718783715366, 
objectives:
-29.364820350497194, -0.09331845130952843, 316.7163873828281, 

parameters:
0.08903561490971967, -84.93205545799952, 18.78311377540713, 
objectives:
-103.70724189268431, -62.49715680150892, 7195.678857886022, 

parameters:
1.2040858762702202, -38.19510166247741, 17.004492340688742, 
objectives:
-53.74977120573273, -20.55713002943613, 1444.3111214637295, 

parameters:
2.100561164941993, -2.163740877306428, 18.084087700894532, 
objectives:
-15.835471370538498, 15.930459371482595, -7.989955909105278, 

parameters:
2.5985297445495115, -61.63474184787134, 14.293944115270683, 
objectives:
-69.17632912983348, -46.982559877490154, 3792.2998153717804, 

parameters:
2.3105533065501116, -95.3453537418061, 7.709766689457389, 
objectives:
-97.71646384885383, -87.53914369613949, 9089.36537004309, 

parameters:
0.9275029393337761, -100, 5.035324333927874, 
objectives:
-104.17506263145508, -93.81442572093444, 9996.824937368545, 

parameters:
2.348924341390302, -1.7769913649121891, 10.765213671967107, 
objectives:
-7.024759475303432, 9.109970503069574, -1.0900697994187567, 

