Generation 1287 at Fri May 24 19:48:13 2019
parameters:
0.05101637681523949, -100, 19.95971668145522, 
objectives:
-119.95711401075187, -76.24174615510238, 9981.042885989249, 

parameters:
5.708729006721841, -17.291585510249107, 3.09963526259685, 
objectives:
12.198366099341376, -0.437279402352285, 329.48888106784733, 

parameters:
-1.1197290330331362, -4.931281632174647, 19.930188776980646, 
objectives:
-23.607677301737972, 24.731616384355867, 6.641142866259727, 

parameters:
-0.09310337269809921, -0.38187417318528993, 20, 
objectives:
-20.37320593517753, 23.999207555614866, -18.84550387784629, 

parameters:
1.9973066371654076, -100, 0, 
objectives:
-96.01076619713501, -99.99999274579665, 10004.989233802866, 

parameters:
-0.6417331643996815, -94.77660212698854, 20, 
objectives:
-114.3647806726981, -67.79784801509938, 8964.016132191779, 

parameters:
-2.25439012657451, -54.57495236677873, 19.188215829012833, 
objectives:
-68.68089335299493, -17.286901188671223, 2965.3194848499516, 

parameters:
2.0996828971354633, 0.7886174107812352, 10.585348876698356, 
objectives:
-5.388063197393949, 11.38390296746091, -4.554763187587885, 

parameters:
1.3219290807257942, -84.60743007368407, 2.0760493309039156, 
objectives:
-84.93598291011944, -82.07160057121479, 7159.088670836905, 

parameters:
-1.8459303980365338, -79.55677593869878, 15.66646470489618, 
objectives:
-91.81578160919965, -49.09913060726115, 6318.02159208982, 

parameters:
-2.219044538636566, -18.444825582992866, 16.822795771203623, 
objectives:
-30.34346268974372, 16.17830700720979, 329.31295368027725, 

parameters:
3.072107278310543, -6.801264421721632, 11.98717409979444, 
objectives:
-9.35059539206746, 6.335323694279249, 44.70786676383065, 

parameters:
-0.2458615937596038, -47.48019548723448, 9.486085902875423, 
objectives:
-56.90583346682389, -32.95021528603463, 2245.9433255264125, 

parameters:
0.6245090101098905, -74.00614713700226, 14.113171166622168, 
objectives:
-87.72930679991599, -58.001000507111215, 5464.186654400714, 

parameters:
-0.1110357231068404, -61.41584558711496, 0.0, 
objectives:
-61.4035166553091, -56.95937376288174, 3772.9184181121536, 

parameters:
2.6392897171661347, -75.9320617475728, 3.9730627040864306, 
objectives:
-72.93927424052033, -71.55030770101202, 5769.670788744262, 

parameters:
3.0215317241721356, -69.55311756423976, 15.422485908262592, 
objectives:
-75.84594951232371, -53.08710459248706, 4832.343330956874, 

parameters:
-2.032558564240264, -68.81328743650087, 17.100801926536903, 
objectives:
-81.78279504597133, -35.45095693593647, 4723.299020209018, 

parameters:
3.2548252132447475, -88.92751601891628, 2.0036830026415977, 
objectives:
-80.33731185278415, -85.34924670047995, 7917.693309460744, 

parameters:
2.1958826565692697, -29.592840516213013, 19.39908965635739, 
objectives:
-44.170029531148685, -10.155380844710987, 862.1590208030827, 

parameters:
1.8573300675522728, -96.70605569167407, 0, 
objectives:
-93.25638071184034, -96.68570098204943, 9356.510882421, 

parameters:
-0.5332532667707437, -98.3421113121491, 2.626008258302302, 
objectives:
-100.68376052392973, -89.29873094024215, 9669.829208119343, 

parameters:
4.360775998189505, -57.56034121642858, 9.045262404797045, 
objectives:
-47.58923631483995, -42.94181549800389, 3324.163985853276, 

parameters:
1.3739428952122512, -89.77947448925242, 20, 
objectives:
-107.8917554099482, -69.3875269907972, 8043.241758645631, 

parameters:
0.6224638506105129, -22.251102165072407, 16.460667329267455, 
objectives:
-38.32430824902299, -3.892828992930138, 480.03834147653936, 

parameters:
2.1332910624466423, -41.194879888162156, 1.7088296981367197, 
objectives:
-38.35277882918415, -39.46828368269728, 1700.8602300590849, 

parameters:
-0.45678651823643657, -42.539039429548424, 10.441391085174503, 
objectives:
-52.77177659148036, -26.061848348185606, 1800.3371384267436, 

parameters:
1.1398540049947907, -91.58471565941556, 0, 
objectives:
-90.2854485067129, -90.84486452669206, 8390.059409568701, 

parameters:
-2.6843469093578465, -57.55083195427015, 12.852304965880712, 
objectives:
-63.19741859037184, -22.755421021179032, 3307.4516719925405, 

parameters:
-1.5143741947978446, -36.28357316660034, 19.60756889704359, 
objectives:
-53.597812861774315, -4.325178288495753, 1300.1834420408663, 

parameters:
2.8297415398480488, -35.095480231855205, 20, 
objectives:
-47.0880430495136, -14.40700920890579, 1220.7001698868812, 

parameters:
-0.9168822347925182, -100, 11.00292892192093, 
objectives:
-110.1622558894428, -80.48886910643088, 9990.837744110559, 

parameters:
-1.0088446987717075, -100, 0, 
objectives:
-98.98223237376023, -90.9468535786734, 10002.01776762624, 

parameters:
0.02620651413385232, -43.223380895807466, 16.52779507517068, 
objectives:
-59.7504891895951, -22.79972509578915, 1852.7335477702663, 

parameters:
2.2665913321654063, -35.45045209637551, 12.438892377394057, 
objectives:
-42.75190820672221, -22.94048878059573, 1250.433097727068, 

