Generation 1290 at Fri May 24 19:48:13 2019
parameters:
4.597185402535386, -20.001846554761457, 3.452407452389334, 
objectives:
-2.320140381866352, -9.804067087229228, 418.7555717731179, 

parameters:
0.05101637681523949, -100, 19.95971668145522, 
objectives:
-119.95711401075187, -76.24174615510238, 9981.042885989249, 

parameters:
-1.1197290330331362, -4.931281632174647, 19.930188776980646, 
objectives:
-23.607677301737972, 24.731616384355867, 6.641142866259727, 

parameters:
-0.09310337269809921, -0.38187417318528993, 20, 
objectives:
-20.37320593517753, 23.999207555614866, -18.84550387784629, 

parameters:
1.9973066371654076, -100, 0, 
objectives:
-96.01076619713501, -99.99999274579665, 10004.989233802866, 

parameters:
1.3219290807257942, -84.60743007368407, 2.0760493309039156, 
objectives:
-84.93598291011944, -82.07160057121479, 7159.088670836905, 

parameters:
-1.8459303980365338, -79.55677593869878, 15.66646470489618, 
objectives:
-91.81578160919965, -49.09913060726115, 6318.02159208982, 

parameters:
0.8519013729041773, -75.6475448877721, 15.338882995528763, 
objectives:
-90.26069193414484, -58.990531434704025, 5708.937900501122, 

parameters:
-0.6417331643996815, -94.77660212698854, 20, 
objectives:
-114.3647806726981, -67.79784801509938, 8964.016132191779, 

parameters:
-2.6843469093578465, -57.55083195427015, 12.852304965880712, 
objectives:
-63.19741859037184, -22.755421021179032, 3307.4516719925405, 

parameters:
-2.219044538636566, -18.444825582992866, 16.822795771203623, 
objectives:
-30.34346268974372, 16.17830700720979, 329.31295368027725, 

parameters:
-3.822803663945619, -66.06200468069382, 20, 
objectives:
-71.44817682761777, -12.156962171835296, 4359.802290285088, 

parameters:
-0.45678651823643657, -42.539039429548424, 10.441391085174503, 
objectives:
-52.77177659148036, -26.061848348185606, 1800.3371384267436, 

parameters:
-1.0965090503061887, -51.669565504382305, 10.674791035832273, 
objectives:
-61.1420244428112, -31.4064061699219, 2661.2715404732253, 

parameters:
1.3739428952122512, -89.77947448925242, 20, 
objectives:
-107.8917554099482, -69.3875269907972, 8043.241758645631, 

parameters:
3.1116256483377382, -14.186446634235963, 10.33367988179362, 
objectives:
-14.837912340636333, -2.6170551704000466, 201.60380239962453, 

parameters:
0.15246077614336606, -29.83937859691943, 9.136727558921333, 
objectives:
-38.95286186757853, -17.289249854309325, 882.2750317796344, 

parameters:
0.6224638506105129, -22.251102165072407, 16.460667329267455, 
objectives:
-38.32430824902299, -3.892828992930138, 480.03834147653936, 

parameters:
-0.1110357231068404, -61.41584558711496, 0.0, 
objectives:
-61.4035166553091, -56.95937376288174, 3772.9184181121536, 

parameters:
4.360775998189505, -57.56034121642858, 9.045262404797045, 
objectives:
-47.58923631483995, -42.94181549800389, 3324.163985853276, 

parameters:
-0.004470284004421288, -37.15166882380681, 20, 
objectives:
-57.15164884036773, -13.133767704350042, 1361.2465163772579, 

parameters:
1.8573300675522728, -96.70605569167407, 0, 
objectives:
-93.25638071184034, -96.68570098204943, 9356.510882421, 

parameters:
-0.2458615937596038, -47.48019548723448, 9.486085902875423, 
objectives:
-56.90583346682389, -32.95021528603463, 2245.9433255264125, 

parameters:
3.072107278310543, -6.801264421721632, 11.98717409979444, 
objectives:
-9.35059539206746, 6.335323694279249, 44.70786676383065, 

parameters:
2.3872329989185355, -11.358771503150802, 20, 
objectives:
-25.659890112025217, 8.79117789230064, 115.7205714519163, 

parameters:
3.2548252132447475, -88.92751601891628, 2.0036830026415977, 
objectives:
-80.33731185278415, -85.34924670047995, 7917.693309460744, 

parameters:
-2.032558564240264, -68.81328743650087, 17.100801926536903, 
objectives:
-81.78279504597133, -35.45095693593647, 4723.299020209018, 

parameters:
2.1958826565692697, -29.592840516213013, 19.39908965635739, 
objectives:
-44.170029531148685, -10.155380844710987, 862.1590208030827, 

parameters:
-0.8288832352865761, -69.80424850321138, 9.126584633742192, 
objectives:
-78.24378571921444, -52.67508351058375, 4865.193571882086, 

parameters:
-0.088812671760371, -71.89695319261796, 1.7622533639818307, 
objectives:
-73.65131886593457, -65.77156145092943, 5168.417512708182, 

parameters:
1.345776347959676, -13.197737720326373, 18.253753308303065, 
objectives:
-29.640377049901755, 5.48402417486567, 158.7376416049502, 

parameters:
-0.5332532667707437, -98.3421113121491, 2.626008258302302, 
objectives:
-100.68376052392973, -89.29873094024215, 9669.829208119343, 

parameters:
-0.8593499235855133, -72.51061364921267, 19.94981410995871, 
objectives:
-91.72194546800495, -44.38491755374548, 5239.577759966595, 

parameters:
2.1332910624466423, -41.194879888162156, 1.7088296981367197, 
objectives:
-38.35277882918415, -39.46828368269728, 1700.8602300590849, 

parameters:
1.1398540049947907, -91.58471565941556, 0, 
objectives:
-90.2854485067129, -90.84486452669206, 8390.059409568701, 

parameters:
3.996002954620742, -100, 18.201611013496002, 
objectives:
-102.23357140015831, -77.81436119164927, 9998.766428599842, 

parameters:
-0.6171800538444754, -91.7416064200896, 7.9598742125256, 
objectives:
-99.32056941375173, -76.93210077332262, 8409.943385544962, 

parameters:
2.586302870904364, -86.4349098704497, 19.957529341034924, 
objectives:
-99.70347667143648, -66.13362947298407, 7458.725077511776, 

parameters:
4.078831722395273, -97.17561079493431, 19.45433135166504, 
objectives:
-99.99307392698137, -73.39973811323239, 9441.281870236508, 

parameters:
-0.8010458996784676, -71.5804595948843, 10.170827094705354, 
objectives:
-81.10961215619798, -53.563774368073396, 5115.23304325355, 

