Generation 1295 at Fri May 24 19:48:13 2019
parameters:
0.05101637681523949, -100, 19.95971668145522, 
objectives:
-119.95711401075187, -76.24174615510238, 9981.042885989249, 

parameters:
4.597185402535386, -20.001846554761457, 3.452407452389334, 
objectives:
-2.320140381866352, -9.804067087229228, 418.7555717731179, 

parameters:
-1.1197290330331362, -4.931281632174647, 19.930188776980646, 
objectives:
-23.607677301737972, 24.731616384355867, 6.641142866259727, 

parameters:
-0.09310337269809921, -0.38187417318528993, 20, 
objectives:
-20.37320593517753, 23.999207555614866, -18.84550387784629, 

parameters:
1.9973066371654076, -100, 0, 
objectives:
-96.01076619713501, -99.99999274579665, 10004.989233802866, 

parameters:
-2.6843469093578465, -57.55083195427015, 12.852304965880712, 
objectives:
-63.19741859037184, -22.755421021179032, 3307.4516719925405, 

parameters:
1.0287269529645418, -61.823522310617385, 13.617066493971203, 
objectives:
-74.38230966083287, -47.26308448474864, 3810.5891235411896, 

parameters:
2.843536370810554, -53.1506768281868, 9.361942059384843, 
objectives:
-54.426919795449194, -43.07718115992172, 2824.718204327091, 

parameters:
-0.2458615937596038, -47.48019548723448, 9.486085902875423, 
objectives:
-56.90583346682389, -32.95021528603463, 2245.9433255264125, 

parameters:
0.00928583065406896, -67.39601181814625, 15.79908438410181, 
objectives:
-83.19500997559712, -47.633984530009776, 4527.423410834258, 

parameters:
0.8519013729041773, -75.6475448877721, 15.338882995528763, 
objectives:
-90.26069193414484, -58.990531434704025, 5708.937900501122, 

parameters:
3.2548252132447475, -88.92751601891628, 2.0036830026415977, 
objectives:
-80.33731185278415, -85.34924670047995, 7917.693309460744, 

parameters:
-1.8459303980365338, -79.55677593869878, 15.66646470489618, 
objectives:
-91.81578160919965, -49.09913060726115, 6318.02159208982, 

parameters:
1.3219290807257942, -84.60743007368407, 2.0760493309039156, 
objectives:
-84.93598291011944, -82.07160057121479, 7159.088670836905, 

parameters:
1.3739428952122512, -89.77947448925242, 20, 
objectives:
-107.8917554099482, -69.3875269907972, 8043.241758645631, 

parameters:
4.1024891957925576, -10.056408560921124, 17.3545131536161, 
objectives:
-10.58050411294256, 11.71856541111941, 101.60725759214624, 

parameters:
0.15246077614336606, -29.83937859691943, 9.136727558921333, 
objectives:
-38.95286186757853, -17.289249854309325, 882.2750317796344, 

parameters:
-0.45678651823643657, -42.539039429548424, 10.441391085174503, 
objectives:
-52.77177659148036, -26.061848348185606, 1800.3371384267436, 

parameters:
4.978825903531862, -24.54228657232082, 2.705352891618355, 
objectives:
-2.458932086259311, -12.963529917150048, 625.4071846839804, 

parameters:
2.5246510669947755, -94.08418137799886, 19.865737109024487, 
objectives:
-107.5760554769455, -73.94318552687562, 8839.341311469241, 

parameters:
-0.6417331643996815, -94.77660212698854, 20, 
objectives:
-114.3647806726981, -67.79784801509938, 8964.016132191779, 

parameters:
-0.1110357231068404, -61.41584558711496, 0.0, 
objectives:
-61.4035166553091, -56.95937376288174, 3772.9184181121536, 

parameters:
0.864777165886855, -72.31311957205851, 20, 
objectives:
-91.56528002541921, -51.024388688966624, 5210.935101789471, 

parameters:
2.063209013546024, -73.87986012249178, 20.0, 
objectives:
-89.62302868891422, -53.87586474309832, 5443.490563152528, 

parameters:
2.640425344355634, -100, 6.430596564037075, 
objectives:
-99.4587505649215, -93.15925881426989, 10001.541249435078, 

parameters:
3.072107278310543, -6.801264421721632, 11.98717409979444, 
objectives:
-9.35059539206746, 6.335323694279249, 44.70786676383065, 

parameters:
1.0383954912760687, -92.86384226273893, 4.94196881522056, 
objectives:
-96.72754588165702, -86.99719021632018, 8620.829496179937, 

parameters:
2.1958826565692697, -29.592840516213013, 19.39908965635739, 
objectives:
-44.170029531148685, -10.155380844710987, 862.1590208030827, 

parameters:
1.0893853808306257, -14.371851690559943, 15.798083908564191, 
objectives:
-28.983175091156646, 2.2554512026492333, 192.93879761485397, 

parameters:
3.1116256483377382, -14.186446634235963, 10.33367988179362, 
objectives:
-14.837912340636333, -2.6170551704000466, 201.60380239962453, 

parameters:
3.1866380374114183, -18.36833695676019, 11.208233591455013, 
objectives:
-19.421908566737905, -5.751993533473552, 337.34223094710444, 

parameters:
1.8573300675522728, -96.70605569167407, 0, 
objectives:
-93.25638071184034, -96.68570098204943, 9356.510882421, 

parameters:
-0.3854929057607252, -13.408935705125206, 17.297050784614182, 
objectives:
-30.55738170934754, 9.578691482923725, 163.65111073995928, 

parameters:
1.9808968735085424, -36.71202502053136, 3.8346087584426725, 
objectives:
-36.62268135549811, -32.877051332646936, 1348.8621247731535, 

parameters:
1.204259309629904, -85.35965487244023, 9.279371732981335, 
objectives:
-93.18878612059127, -75.44707989314823, 7279.441548693958, 

parameters:
2.0417804560996418, -100, 18.26342801811083, 
objectives:
-114.09456058720036, -81.73482637537728, 9986.9054394128, 

parameters:
-0.5136306429919251, -94.7600608913368, 0, 
objectives:
-94.4962444539165, -88.44172188194881, 8980.732956567279, 

parameters:
-0.6114462355439279, -97.50082416574915, 2.2895830599503375, 
objectives:
-99.41654072673865, -88.39158966466226, 9505.494996439345, 

parameters:
1.8369412797583922, -37.92906168339571, 9.349874062092308, 
objectives:
-43.90458248020762, -28.55259947505657, 1433.6381993860246, 

parameters:
-0.5671030611282832, -35.10503272331883, 2.7159462042838998, 
objectives:
-37.49937304566166, -25.799068392580725, 1230.968982182943, 

parameters:
2.7641681010945613, -45.483960617497054, 17.580776464519673, 
objectives:
-55.424111790908015, -27.319231266246916, 2059.850522280612, 

parameters:
0.5577483661617585, -15.157297362906874, 9.81380565807512, 
objectives:
-24.66001978102588, -3.2634019295226775, 221.24094092946467, 

parameters:
-0.8641163803956833, -37.65168112017915, 0.4902240795907494, 
objectives:
-37.39520808090176, -28.95829440013753, 1418.9055642149324, 

