Generation 1298 at Fri May 24 19:48:13 2019
parameters:
0.05101637681523949, -100, 19.95971668145522, 
objectives:
-119.95711401075187, -76.24174615510238, 9981.042885989249, 

parameters:
-2.494699555250503, -3.758192020264727, 3.215811919554794, 
objectives:
-0.750478068852463, 19.65994399125914, 18.13172121259373, 

parameters:
-1.1197290330331362, -4.931281632174647, 19.930188776980646, 
objectives:
-23.607677301737972, 24.731616384355867, 6.641142866259727, 

parameters:
-0.09310337269809921, -0.38187417318528993, 20, 
objectives:
-20.37320593517753, 23.999207555614866, -18.84550387784629, 

parameters:
1.9973066371654076, -100, 0, 
objectives:
-96.01076619713501, -99.99999274579665, 10004.989233802866, 

parameters:
-0.6417331643996815, -94.77660212698854, 20, 
objectives:
-114.3647806726981, -67.79784801509938, 8964.016132191779, 

parameters:
2.514741774931153, -29.14432779206908, 15.983853990305999, 
objectives:
-38.80425558779119, -12.895514706903807, 840.7319146558482, 

parameters:
4.1024891957925576, -10.056408560921124, 17.3545131536161, 
objectives:
-10.58050411294256, 11.71856541111941, 101.60725759214624, 

parameters:
-2.6843469093578465, -57.55083195427015, 12.852304965880712, 
objectives:
-63.19741859037184, -22.755421021179032, 3307.4516719925405, 

parameters:
3.2548252132447475, -88.92751601891628, 2.0036830026415977, 
objectives:
-80.33731185278415, -85.34924670047995, 7917.693309460744, 

parameters:
-0.2458615937596038, -47.48019548723448, 9.486085902875423, 
objectives:
-56.90583346682389, -32.95021528603463, 2245.9433255264125, 

parameters:
2.9105633335232026, -41.639572405815265, 0, 
objectives:
-33.16819348736557, -40.81044682145838, 1743.3253690575818, 

parameters:
0.04535239572289784, -67.70195041191624, 4.459840578394244, 
objectives:
-72.15973415051269, -59.42146257661579, 4580.096305838969, 

parameters:
4.597185402535386, -20.001846554761457, 3.452407452389334, 
objectives:
-2.320140381866352, -9.804067087229228, 418.7555717731179, 

parameters:
1.0893853808306257, -14.371851690559943, 15.798083908564191, 
objectives:
-28.983175091156646, 2.2554512026492333, 192.93879761485397, 

parameters:
1.0383954912760687, -92.86384226273893, 4.94196881522056, 
objectives:
-96.72754588165702, -86.99719021632018, 8620.829496179937, 

parameters:
3.1116256483377382, -14.186446634235963, 10.33367988179362, 
objectives:
-14.837912340636333, -2.6170551704000466, 201.60380239962453, 

parameters:
1.0287269529645418, -61.823522310617385, 13.617066493971203, 
objectives:
-74.38230966083287, -47.26308448474864, 3810.5891235411896, 

parameters:
2.5246510669947755, -94.08418137799886, 19.865737109024487, 
objectives:
-107.5760554769455, -73.94318552687562, 8839.341311469241, 

parameters:
-1.4838325603468783, -32.35605631270894, 20, 
objectives:
-50.15429724556336, -0.2189670041758518, 1030.1161391783373, 

parameters:
-0.45678651823643657, -42.539039429548424, 10.441391085174503, 
objectives:
-52.77177659148036, -26.061848348185606, 1800.3371384267436, 

parameters:
1.3219290807257942, -84.60743007368407, 2.0760493309039156, 
objectives:
-84.93598291011944, -82.07160057121479, 7159.088670836905, 

parameters:
4.691327274807399, -60.873240396643986, 9.209435918896924, 
objectives:
-48.07412471618909, -44.42056197762484, 3719.3505120680643, 

parameters:
2.155304984944952, -81.52809456607694, 10.02621150671093, 
objectives:
-86.90896649465932, -71.47776342101727, 6642.449331646602, 

parameters:
0.8519013729041773, -75.6475448877721, 15.338882995528763, 
objectives:
-90.26069193414484, -58.990531434704025, 5708.937900501122, 

parameters:
2.640425344355634, -100, 6.430596564037075, 
objectives:
-99.4587505649215, -93.15925881426989, 10001.541249435078, 

parameters:
-0.4258303184619536, -80.9333522271623, 19.763132535473705, 
objectives:
-100.51515330251459, -55.28556695771938, 6531.625701650564, 

parameters:
0.864777165886855, -72.31311957205851, 20, 
objectives:
-91.56528002541921, -51.024388688966624, 5210.935101789471, 

parameters:
0.00928583065406896, -67.39601181814625, 15.79908438410181, 
objectives:
-83.19500997559712, -47.633984530009776, 4527.423410834258, 

parameters:
1.512849334495737, -84.96812915871092, 10.362382380784526, 
objectives:
-93.04179843061125, -74.36843100702515, 7212.509303459481, 

parameters:
-1.8459303980365338, -79.55677593869878, 15.66646470489618, 
objectives:
-91.81578160919965, -49.09913060726115, 6318.02159208982, 

parameters:
0.6806883336272912, -73.0684853338747, 16.880643130569883, 
objectives:
-89.48579185690829, -54.4472589302777, 5323.586242463629, 

parameters:
1.4552348609946926, -52.064416307233095, 8.791836352677175, 
objectives:
-58.73854415925603, -42.97581089788045, 2705.0293175608563, 

parameters:
2.843536370810554, -53.1506768281868, 9.361942059384843, 
objectives:
-54.426919795449194, -43.07718115992172, 2824.718204327091, 

parameters:
-1.4722356945093664, -59.35154755494713, 5.100257101625441, 
objectives:
-62.284326716385095, -42.194869735096745, 3520.6734180057124, 

