Generation 1303 at Fri May 24 19:48:13 2019
parameters:
0.05101637681523949, -100, 19.95971668145522, 
objectives:
-119.95711401075187, -76.24174615510238, 9981.042885989249, 

parameters:
1.750298120023846, 1.7374170551490913, 0, 
objectives:
4.8009605641081015, 1.7997680840127168, 7.082161532481951, 

parameters:
-1.1197290330331362, -4.931281632174647, 19.930188776980646, 
objectives:
-23.607677301737972, 24.731616384355867, 6.641142866259727, 

parameters:
-0.09310337269809921, -0.38187417318528993, 20, 
objectives:
-20.37320593517753, 23.999207555614866, -18.84550387784629, 

parameters:
1.9973066371654076, -100, 0, 
objectives:
-96.01076619713501, -99.99999274579665, 10004.989233802866, 

parameters:
1.1829704855975027, -65.04676233727808, 15.88412063574454, 
objectives:
-79.53146380322784, -48.495104474128766, 4217.596589096389, 

parameters:
1.3219290807257942, -84.60743007368407, 2.0760493309039156, 
objectives:
-84.93598291011944, -82.07160057121479, 7159.088670836905, 

parameters:
-0.2458615937596038, -47.48019548723448, 9.486085902875423, 
objectives:
-56.90583346682389, -32.95021528603463, 2245.9433255264125, 

parameters:
-0.693111522907526, -90.69417392702762, 18.289408670625896, 
objectives:
-108.50317901446633, -65.15191558158443, 8208.6241792185, 

parameters:
-0.6417331643996815, -94.77660212698854, 20, 
objectives:
-114.3647806726981, -67.79784801509938, 8964.016132191779, 

parameters:
1.0383954912760687, -92.86384226273893, 4.94196881522056, 
objectives:
-96.72754588165702, -86.99719021632018, 8620.829496179937, 

parameters:
-0.13618690199001504, -29.748013825456134, 18.04806756109068, 
objectives:
-47.77753451427317, -7.136651784131757, 867.9148058707123, 

parameters:
-0.4258303184619536, -80.9333522271623, 19.763132535473705, 
objectives:
-100.51515330251459, -55.28556695771938, 6531.625701650564, 

parameters:
3.7071573579911896, -76.57398329691942, 11.466722713658971, 
objectives:
-74.29769033367018, -62.192874338317, 5866.851210920144, 

parameters:
4.597185402535386, -20.001846554761457, 3.452407452389334, 
objectives:
-2.320140381866352, -9.804067087229228, 418.7555717731179, 

parameters:
2.699155908364287, -55.10534645132429, 13.329373825264954, 
objectives:
-61.149277658931396, -41.287153641858644, 3031.555276312871, 

parameters:
2.5924075484893754, -35.75533607940146, 12.138726962072191, 
objectives:
-41.17348614400896, -23.265662413822078, 1274.0259080863402, 

parameters:
-1.8137780997559458, -60.02021036369858, 9.263457092254894, 
objectives:
-65.99387646079919, -36.211849877265614, 3597.4519860055298, 

parameters:
-1.01643231060882, -11.152210886821461, 18.124540115964777, 
objectives:
-28.243616360736652, 16.071193113628183, 108.28040219022392, 

parameters:
2.155304984944952, -81.52809456607694, 10.02621150671093, 
objectives:
-86.90896649465932, -71.47776342101727, 6642.449331646602, 

parameters:
3.89649361864543, -3.6443123828529416, 14.512461041110193, 
objectives:
-2.974110903818577, 14.464836703820088, 14.95121422284965, 

parameters:
0.8519013729041773, -75.6475448877721, 15.338882995528763, 
objectives:
-90.26069193414484, -58.990531434704025, 5708.937900501122, 

parameters:
0.864777165886855, -72.31311957205851, 20, 
objectives:
-91.56528002541921, -51.024388688966624, 5210.935101789471, 

parameters:
0.03219755515761463, -9.027440733629696, 8.404811561027232, 
objectives:
-17.4312156120988, 3.249617289325206, 74.09091132072756, 

parameters:
3.1116256483377382, -14.186446634235963, 10.33367988179362, 
objectives:
-14.837912340636333, -2.6170551704000466, 201.60380239962453, 

parameters:
-2.219856774218889, -98.77724452487173, 12.11221307002973, 
objectives:
-105.96169349685597, -68.85784025992096, 9750.759586954318, 

parameters:
5.924485439916207, -71.4685740639482, 7.168869459002268, 
objectives:
-43.53791579517133, -48.898118636831626, 5136.687737002826, 

parameters:
-0.05652965882517269, -7.334962557300102, 1.457085088308761, 
objectives:
-8.788852043281972, -1.6485632313637608, 53.347786231012584, 

parameters:
2.994617690305469, -35.75444665398537, 19.28750076403922, 
objectives:
-46.07421230693413, -15.477681540077565, 1269.0606898797369, 

parameters:
2.3411214745440683, -38.59912315176747, 2.600384459283401, 
objectives:
-35.71865785247948, -35.88237483208895, 1493.7727733845998, 

parameters:
-1.3536153481655167, -56.07329225933498, 15.199409292924225, 
objectives:
-69.44042704146995, -29.627147062959438, 3131.8469700186606, 

parameters:
2.9105633335232026, -41.639572405815265, 0, 
objectives:
-33.16819348736557, -40.81044682145838, 1743.3253690575818, 

parameters:
-1.4769555131891055, -56.641807493539176, 6.925649324057263, 
objectives:
-61.386059229656745, -37.6269385287858, 3204.550104399033, 

parameters:
-2.3752697091049573, -56.368052627029044, 20, 
objectives:
-70.7261464360375, -17.225067599617667, 3163.9992631545074, 

parameters:
-0.7582390648459263, -99.00202008890074, 6.206183598002907, 
objectives:
-104.63327720744522, -85.18795375205569, 9796.768724564561, 

parameters:
-0.7136256005250488, -42.827922359258146, 1.6248576230825977, 
objectives:
-43.94351848461601, -33.83930083635062, 1834.115337485286, 

