Generation 1309 at Fri May 24 19:48:13 2019
parameters:
0.05101637681523949, -100, 19.95971668145522, 
objectives:
-119.95711401075187, -76.24174615510238, 9981.042885989249, 

parameters:
3.0983916787498664, -1.7650047396044388, 1.8322087227791217, 
objectives:
6.0028175325628546, 1.2736682631216327, 11.883064002993427, 

parameters:
-1.1197290330331362, -4.931281632174647, 19.930188776980646, 
objectives:
-23.607677301737972, 24.731616384355867, 6.641142866259727, 

parameters:
-0.09310337269809921, -0.38187417318528993, 20, 
objectives:
-20.37320593517753, 23.999207555614866, -18.84550387784629, 

parameters:
1.9973066371654076, -100, 0, 
objectives:
-96.01076619713501, -99.99999274579665, 10004.989233802866, 

parameters:
-0.36808565024361306, -12.823877760645018, 19.66218704985099, 
objectives:
-32.35057776458074, 12.446138936095686, 145.92514081603017, 

parameters:
2.994617690305469, -35.75444665398537, 19.28750076403922, 
objectives:
-46.07421230693413, -15.477681540077565, 1269.0606898797369, 

parameters:
1.3219290807257942, -84.60743007368407, 2.0760493309039156, 
objectives:
-84.93598291011944, -82.07160057121479, 7159.088670836905, 

parameters:
-0.693111522907526, -90.69417392702762, 18.289408670625896, 
objectives:
-108.50317901446633, -65.15191558158443, 8208.6241792185, 

parameters:
-1.8137780997559458, -60.02021036369858, 9.263457092254894, 
objectives:
-65.99387646079919, -36.211849877265614, 3597.4519860055298, 

parameters:
3.772660491884423, -30.7347402352856, 0, 
objectives:
-16.501773048259984, -27.592415015797673, 959.857224517509, 

parameters:
0.8519013729041773, -75.6475448877721, 15.338882995528763, 
objectives:
-90.26069193414484, -58.990531434704025, 5708.937900501122, 

parameters:
4.597185402535386, -20.001846554761457, 3.452407452389334, 
objectives:
-2.320140381866352, -9.804067087229228, 418.7555717731179, 

parameters:
2.699155908364287, -55.10534645132429, 13.329373825264954, 
objectives:
-61.149277658931396, -41.287153641858644, 3031.555276312871, 

parameters:
0.8379756913714558, -88.33843321825476, 13.605868492581097, 
objectives:
-101.2420984515064, -73.38226423183002, 7791.775118222805, 

parameters:
1.0383954912760687, -92.86384226273893, 4.94196881522056, 
objectives:
-96.72754588165702, -86.99719021632018, 8620.829496179937, 

parameters:
4.145226578554699, -68.1187300014042, 2.5257421967937654, 
objectives:
-53.46156881064167, -60.99099073127294, 4655.818538194968, 

parameters:
-0.2458615937596038, -47.48019548723448, 9.486085902875423, 
objectives:
-56.90583346682389, -32.95021528603463, 2245.9433255264125, 

parameters:
-2.3961417298766414, -43.82302410796317, 0.27906685696379074, 
objectives:
-38.36059577527073, -24.217895141836596, 1926.9198702998137, 

parameters:
0.3539076673525283, -25.60318339100707, 16.022712526998085, 
objectives:
-41.50064528099425, -6.870850896408193, 640.6255378635532, 

parameters:
-1.1813411968864775, -71.16122946921658, 8.53779000103539, 
objectives:
-78.3034524467908, -52.50250765717411, 5057.778356592924, 

parameters:
-0.017272142507019694, -63.93338516736311, 16.67049891741236, 
objectives:
-80.6035857578687, -43.193499353015895, 4071.8075383679, 

parameters:
-0.14441457121734566, -95.45411343400718, 18.423705771586068, 
objectives:
-113.85696363721337, -72.43189380917184, 9094.084921269105, 

parameters:
0.0678797819230943, -2.9900504298745822, 7.057951414414768, 
objectives:
-10.043394179495424, 7.8009895216417355, 2.8870578235723325, 

parameters:
4.685792125545952, -50.22113364108829, 0.17182795239953583, 
objectives:
-28.436313749659377, -42.835826347044105, 2544.9470840874787, 

parameters:
3.7071573579911896, -76.57398329691942, 11.466722713658971, 
objectives:
-74.29769033367018, -62.192874338317, 5866.851210920144, 

parameters:
-0.33224463912489005, -42.54509689284516, 18.396163316885186, 
objectives:
-60.830873709503116, -18.70956851923318, 1792.7994928049247, 

parameters:
-0.4258303184619536, -80.9333522271623, 19.763132535473705, 
objectives:
-100.51515330251459, -55.28556695771938, 6531.625701650564, 

parameters:
-0.5377176125483889, -100.0, 0, 
objectives:
-99.71085976915526, -93.55998931896171, 10001.289140230845, 

parameters:
2.4520122092900496, -64.91977825788753, 13.706541371692541, 
objectives:
-72.6139557550726, -51.00892184884772, 4207.883431556101, 

parameters:
2.769952766760152, -81.45584273458915, 11.116272387614702, 
objectives:
-84.89947679212163, -69.74674308393284, 6632.610681544587, 

parameters:
-0.6417331643996815, -94.77660212698854, 20, 
objectives:
-114.3647806726981, -67.79784801509938, 8964.016132191779, 

parameters:
4.329530930714375, -24.304532821769868, 0.4898122500097758, 
objectives:
-6.049506991767163, -18.38800621460511, 609.9653415144916, 

parameters:
3.105717975313935, -65.07774598784553, 12.25928737466742, 
objectives:
-67.69154922032486, -51.59584637224576, 4233.499219626066, 

