Generation 1317 at Fri May 24 19:48:14 2019
parameters:
0.05101637681523949, -100, 19.95971668145522, 
objectives:
-119.95711401075187, -76.24174615510238, 9981.042885989249, 

parameters:
3.0983916787498664, -1.7650047396044388, 1.8322087227791217, 
objectives:
6.0028175325628546, 1.2736682631216327, 11.883064002993427, 

parameters:
-1.1197290330331362, -4.931281632174647, 19.930188776980646, 
objectives:
-23.607677301737972, 24.731616384355867, 6.641142866259727, 

parameters:
-0.09310337269809921, -0.38187417318528993, 20, 
objectives:
-20.37320593517753, 23.999207555614866, -18.84550387784629, 

parameters:
1.9973066371654076, -100, 0, 
objectives:
-96.01076619713501, -99.99999274579665, 10004.989233802866, 

parameters:
-0.693111522907526, -90.69417392702762, 18.289408670625896, 
objectives:
-108.50317901446633, -65.15191558158443, 8208.6241792185, 

parameters:
1.3219290807257942, -84.60743007368407, 2.0760493309039156, 
objectives:
-84.93598291011944, -82.07160057121479, 7159.088670836905, 

parameters:
-0.2458615937596038, -47.48019548723448, 9.486085902875423, 
objectives:
-56.90583346682389, -32.95021528603463, 2245.9433255264125, 

parameters:
-0.4258303184619536, -80.9333522271623, 19.763132535473705, 
objectives:
-100.51515330251459, -55.28556695771938, 6531.625701650564, 

parameters:
-0.17598654416741155, -19.189718952247013, 0, 
objectives:
-19.158747688519025, -14.454801511849379, 369.27628472995616, 

parameters:
-0.2631303708787076, -32.80866528411889, 6.201994168391433, 
objectives:
-38.94142186043156, -21.48491204013386, 1071.2757611490354, 

parameters:
-0.09337314866035296, -27.65844297562372, 19.750273791328645, 
objectives:
-47.39999822206162, -3.525958044762916, 746.2479125893913, 

parameters:
-2.032892010699001, -1.9772543767327053, 3.178014149463811, 
objectives:
-1.022618599032688, 17.464977742690937, 5.864170648008656, 

parameters:
-0.14441457121734566, -95.45411343400718, 18.423705771586068, 
objectives:
-113.85696363721337, -72.43189380917184, 9094.084921269105, 

parameters:
1.0383954912760687, -92.86384226273893, 4.94196881522056, 
objectives:
-96.72754588165702, -86.99719021632018, 8620.829496179937, 

parameters:
-0.36808565024361306, -12.823877760645018, 19.66218704985099, 
objectives:
-32.35057776458074, 12.446138936095686, 145.92514081603017, 

parameters:
1.2179823290919773, -97.50706861212316, 0.9681062789178261, 
objectives:
-96.99169393706067, -95.92741069559293, 9509.143804004356, 

parameters:
-1.8137780997559458, -60.02021036369858, 9.263457092254894, 
objectives:
-65.99387646079919, -36.211849877265614, 3597.4519860055298, 

parameters:
-0.043893722487942544, -6.716401670031903, 2.7069089726411297, 
objectives:
-9.421383983799185, 0.16800885143484567, 43.405069079440054, 

parameters:
-1.1813411968864775, -71.16122946921658, 8.53779000103539, 
objectives:
-78.3034524467908, -52.50250765717411, 5057.778356592924, 

parameters:
2.699155908364287, -55.10534645132429, 13.329373825264954, 
objectives:
-61.149277658931396, -41.287153641858644, 3031.555276312871, 

parameters:
0.8519013729041773, -75.6475448877721, 15.338882995528763, 
objectives:
-90.26069193414484, -58.990531434704025, 5708.937900501122, 

parameters:
3.0261490627775025, -15.244336453214038, 18.508917841334377, 
objectives:
-24.595676144399256, 4.317563287159485, 224.03845420760513, 

parameters:
3.3732217362062777, -41.6722096721782, 3.9937885772690573, 
objectives:
-34.28737336783276, -35.79268315811976, 1744.9578952663278, 

parameters:
4.145226578554699, -68.1187300014042, 2.5257421967937654, 
objectives:
-53.46156881064167, -60.99099073127294, 4655.818538194968, 

parameters:
2.9773253173805143, -50.10915562716309, 3.341480846382751, 
objectives:
-44.58617042803086, -45.81251000478742, 2517.450462866383, 

parameters:
-0.017272142507019694, -63.93338516736311, 16.67049891741236, 
objectives:
-80.6035857578687, -43.193499353015895, 4071.8075383679, 

parameters:
2.994617690305469, -35.75444665398537, 19.28750076403922, 
objectives:
-46.07421230693413, -15.477681540077565, 1269.0606898797369, 

parameters:
-1.5867365391329715, -52.07341016128273, 18.736592844941338, 
objectives:
-68.29227016160439, -20.472138315189827, 2696.421185824862, 

parameters:
0.8426012716819546, -83.89778125887445, 9.36932241557062, 
objectives:
-92.55712677140502, -73.1888870269916, 7031.178354649413, 

parameters:
2.562212949820589, -54.3171056015407, 3.3791396580951805, 
objectives:
-51.131310059407554, -50.62188254249955, 2954.5337564710576, 

parameters:
2.4520122092900496, -64.91977825788753, 13.706541371692541, 
objectives:
-72.6139557550726, -51.00892184884772, 4207.883431556101, 

parameters:
-1.8695795252056238, -98.67383978347472, 5.165114525371682, 
objectives:
-100.34362670777831, -78.53507955621247, 9735.856870690535, 

parameters:
0.06892514781068265, -75.29158348053747, 20, 
objectives:
-95.28683280453674, -51.56253339577947, 5649.827293682743, 

parameters:
0.0015808077204464421, -65.41418647351968, 1.8360857941974134, 
objectives:
-67.25026976876404, -59.584421411251, 4278.179708697161, 

parameters:
-0.3878397520270481, -100, 15.900461662658731, 
objectives:
-115.75004198940633, -78.39775965598068, 9985.249958010594, 

