Generation 1318 at Fri May 24 19:48:14 2019
parameters:
0.05101637681523949, -100, 19.95971668145522, 
objectives:
-119.95711401075187, -76.24174615510238, 9981.042885989249, 

parameters:
3.0983916787498664, -1.7650047396044388, 1.8322087227791217, 
objectives:
6.0028175325628546, 1.2736682631216327, 11.883064002993427, 

parameters:
-1.1197290330331362, -4.931281632174647, 19.930188776980646, 
objectives:
-23.607677301737972, 24.731616384355867, 6.641142866259727, 

parameters:
-0.09310337269809921, -0.38187417318528993, 20, 
objectives:
-20.37320593517753, 23.999207555614866, -18.84550387784629, 

parameters:
1.9973066371654076, -100, 0, 
objectives:
-96.01076619713501, -99.99999274579665, 10004.989233802866, 

parameters:
-0.693111522907526, -90.69417392702762, 18.289408670625896, 
objectives:
-108.50317901446633, -65.15191558158443, 8208.6241792185, 

parameters:
-0.4258303184619536, -80.9333522271623, 19.763132535473705, 
objectives:
-100.51515330251459, -55.28556695771938, 6531.625701650564, 

parameters:
1.3219290807257942, -84.60743007368407, 2.0760493309039156, 
objectives:
-84.93598291011944, -82.07160057121479, 7159.088670836905, 

parameters:
-0.14441457121734566, -95.45411343400718, 18.423705771586068, 
objectives:
-113.85696363721337, -72.43189380917184, 9094.084921269105, 

parameters:
0.8519013729041773, -75.6475448877721, 15.338882995528763, 
objectives:
-90.26069193414484, -58.990531434704025, 5708.937900501122, 

parameters:
-0.09337314866035296, -27.65844297562372, 19.750273791328645, 
objectives:
-47.39999822206162, -3.525958044762916, 746.2479125893913, 

parameters:
-0.17598654416741155, -19.189718952247013, 0, 
objectives:
-19.158747688519025, -14.454801511849379, 369.27628472995616, 

parameters:
1.2179823290919773, -97.50706861212316, 0.9681062789178261, 
objectives:
-96.99169393706067, -95.92741069559293, 9509.143804004356, 

parameters:
-2.032892010699001, -1.9772543767327053, 3.178014149463811, 
objectives:
-1.022618599032688, 17.464977742690937, 5.864170648008656, 

parameters:
-0.2458615937596038, -47.48019548723448, 9.486085902875423, 
objectives:
-56.90583346682389, -32.95021528603463, 2245.9433255264125, 

parameters:
4.145226578554699, -68.1187300014042, 2.5257421967937654, 
objectives:
-53.46156881064167, -60.99099073127294, 4655.818538194968, 

parameters:
-1.5867365391329715, -52.07341016128273, 18.736592844941338, 
objectives:
-68.29227016160439, -20.472138315189827, 2696.421185824862, 

parameters:
1.0383954912760687, -92.86384226273893, 4.94196881522056, 
objectives:
-96.72754588165702, -86.99719021632018, 8620.829496179937, 

parameters:
-1.1813411968864775, -71.16122946921658, 8.53779000103539, 
objectives:
-78.3034524467908, -52.50250765717411, 5057.778356592924, 

parameters:
2.699155908364287, -55.10534645132429, 13.329373825264954, 
objectives:
-61.149277658931396, -41.287153641858644, 3031.555276312871, 

parameters:
-0.043893722487942544, -6.716401670031903, 2.7069089726411297, 
objectives:
-9.421383983799185, 0.16800885143484567, 43.405069079440054, 

parameters:
3.3732217362062777, -41.6722096721782, 3.9937885772690573, 
objectives:
-34.28737336783276, -35.79268315811976, 1744.9578952663278, 

parameters:
2.9773253173805143, -50.10915562716309, 3.341480846382751, 
objectives:
-44.58617042803086, -45.81251000478742, 2517.450462866383, 

parameters:
-0.017272142507019694, -63.93338516736311, 16.67049891741236, 
objectives:
-80.6035857578687, -43.193499353015895, 4071.8075383679, 

parameters:
0.9685403453098907, -32.38666618374685, 7.897151308174012, 
objectives:
-39.34574709142785, -23.425605856319393, 1042.9370655897706, 

parameters:
-1.8137780997559458, -60.02021036369858, 9.263457092254894, 
objectives:
-65.99387646079919, -36.211849877265614, 3597.4519860055298, 

parameters:
2.7315023877368345, -60.8305861402557, 8.659879822800459, 
objectives:
-62.029360668844134, -51.63561057419055, 3700.16143563848, 

parameters:
0.8426012716819546, -83.89778125887445, 9.36932241557062, 
objectives:
-92.55712677140502, -73.1888870269916, 7031.178354649413, 

parameters:
1.8518913687585241, -29.95246594735517, 3.800426877598153, 
objectives:
-30.323391183271003, -26.130102903108792, 897.7792910915551, 

parameters:
-0.36808565024361306, -12.823877760645018, 19.66218704985099, 
objectives:
-32.35057776458074, 12.446138936095686, 145.92514081603017, 

parameters:
0.5380575303854382, -72.83315723241734, 9.944612470777148, 
objectives:
-82.48826379719, -60.75126897717746, 5296.013685877253, 

parameters:
2.994617690305469, -35.75444665398537, 19.28750076403922, 
objectives:
-46.07421230693413, -15.477681540077565, 1269.0606898797369, 

parameters:
3.4850783581897655, -29.249728660379372, 11.07521970766508, 
objectives:
-28.17917720532178, -15.969051222750684, 857.617178160876, 

parameters:
2.2714930405506353, -7.916150827345922, 16.899321631173763, 
objectives:
-19.655791825249715, 9.05687927489527, 51.92580292338572, 

parameters:
3.417165331711309, -17.084966150159065, 19.725174111243835, 
objectives:
-25.13312135715324, 4.648565538489194, 284.84791314508686, 

parameters:
3.0261490627775025, -15.244336453214038, 18.508917841334377, 
objectives:
-24.595676144399256, 4.317563287159485, 224.03845420760513, 

