Generation 1319 at Fri May 24 19:48:14 2019
parameters:
3.0983916787498664, -1.7650047396044388, 1.8322087227791217, 
objectives:
6.0028175325628546, 1.2736682631216327, 11.883064002993427, 

parameters:
0.05101637681523949, -100, 19.95971668145522, 
objectives:
-119.95711401075187, -76.24174615510238, 9981.042885989249, 

parameters:
-1.1197290330331362, -4.931281632174647, 19.930188776980646, 
objectives:
-23.607677301737972, 24.731616384355867, 6.641142866259727, 

parameters:
-0.09310337269809921, -0.38187417318528993, 20, 
objectives:
-20.37320593517753, 23.999207555614866, -18.84550387784629, 

parameters:
1.9973066371654076, -100, 0, 
objectives:
-96.01076619713501, -99.99999274579665, 10004.989233802866, 

parameters:
-0.693111522907526, -90.69417392702762, 18.289408670625896, 
objectives:
-108.50317901446633, -65.15191558158443, 8208.6241792185, 

parameters:
1.3219290807257942, -84.60743007368407, 2.0760493309039156, 
objectives:
-84.93598291011944, -82.07160057121479, 7159.088670836905, 

parameters:
-1.1813411968864775, -71.16122946921658, 8.53779000103539, 
objectives:
-78.3034524467908, -52.50250765717411, 5057.778356592924, 

parameters:
-0.14441457121734566, -95.45411343400718, 18.423705771586068, 
objectives:
-113.85696363721337, -72.43189380917184, 9094.084921269105, 

parameters:
-0.4258303184619536, -80.9333522271623, 19.763132535473705, 
objectives:
-100.51515330251459, -55.28556695771938, 6531.625701650564, 

parameters:
-2.032892010699001, -1.9772543767327053, 3.178014149463811, 
objectives:
-1.022618599032688, 17.464977742690937, 5.864170648008656, 

parameters:
-0.17598654416741155, -19.189718952247013, 0, 
objectives:
-19.158747688519025, -14.454801511849379, 369.27628472995616, 

parameters:
0.8519013729041773, -75.6475448877721, 15.338882995528763, 
objectives:
-90.26069193414484, -58.990531434704025, 5708.937900501122, 

parameters:
-1.3482234346939257, -38.2215412862462, 20, 
objectives:
-56.403834856388315, -7.01094111761261, 1443.7039247260807, 

parameters:
-0.2458615937596038, -47.48019548723448, 9.486085902875423, 
objectives:
-56.90583346682389, -32.95021528603463, 2245.9433255264125, 

parameters:
-0.09337314866035296, -27.65844297562372, 19.750273791328645, 
objectives:
-47.39999822206162, -3.525958044762916, 746.2479125893913, 

parameters:
-0.043893722487942544, -6.716401670031903, 2.7069089726411297, 
objectives:
-9.421383983799185, 0.16800885143484567, 43.405069079440054, 

parameters:
2.699155908364287, -55.10534645132429, 13.329373825264954, 
objectives:
-61.149277658931396, -41.287153641858644, 3031.555276312871, 

parameters:
-0.36808565024361306, -12.823877760645018, 19.66218704985099, 
objectives:
-32.35057776458074, 12.446138936095686, 145.92514081603017, 

parameters:
2.5519866758584486, -64.42274119211685, 12.41323745404571, 
objectives:
-70.3233426524035, -51.704814447745875, 4145.388981246182, 

parameters:
2.9773253173805143, -50.10915562716309, 3.341480846382751, 
objectives:
-44.58617042803086, -45.81251000478742, 2517.450462866383, 

parameters:
0.9685403453098907, -32.38666618374685, 7.897151308174012, 
objectives:
-39.34574709142785, -23.425605856319393, 1042.9370655897706, 

parameters:
-1.5867365391329715, -52.07341016128273, 18.736592844941338, 
objectives:
-68.29227016160439, -20.472138315189827, 2696.421185824862, 

parameters:
-1.8137780997559458, -60.02021036369858, 9.263457092254894, 
objectives:
-65.99387646079919, -36.211849877265614, 3597.4519860055298, 

parameters:
2.173298866492053, -77.73748341979974, 20, 
objectives:
-93.0142554567041, -57.70745092267231, 6028.839556406735, 

parameters:
-0.017272142507019694, -63.93338516736311, 16.67049891741236, 
objectives:
-80.6035857578687, -43.193499353015895, 4071.8075383679, 

parameters:
3.3732217362062777, -41.6722096721782, 3.9937885772690573, 
objectives:
-34.28737336783276, -35.79268315811976, 1744.9578952663278, 

parameters:
2.1100770267563105, -99.12356849310464, 3.5296558077984606, 
objectives:
-98.20079924205835, -95.58179573348667, 9827.404600058255, 

parameters:
1.1666071868641072, -92.02429876022602, 1.6901760594657678, 
objectives:
-92.3535024912488, -89.63957911977369, 8469.142358580311, 

parameters:
1.8518913687585241, -29.95246594735517, 3.800426877598153, 
objectives:
-30.323391183271003, -26.130102903108792, 897.7792910915551, 

parameters:
1.0383954912760687, -92.86384226273893, 4.94196881522056, 
objectives:
-96.72754588165702, -86.99719021632018, 8620.829496179937, 

parameters:
3.089824074337135, -27.935576336831367, 16.888496196330465, 
objectives:
-35.2770597228085, -9.859363627496109, 774.0549418849555, 

parameters:
2.7315023877368345, -60.8305861402557, 8.659879822800459, 
objectives:
-62.029360668844134, -51.63561057419055, 3700.16143563848, 

parameters:
0.8426012716819546, -83.89778125887445, 9.36932241557062, 
objectives:
-92.55712677140502, -73.1888870269916, 7031.178354649413, 

parameters:
1.2179823290919773, -97.50706861212316, 0.9681062789178261, 
objectives:
-96.99169393706067, -95.92741069559293, 9509.143804004356, 

parameters:
1.169589611347226, -64.07278553396353, 0, 
objectives:
-62.70484567499217, -63.38320412038107, 4107.689785940257, 

parameters:
-0.9680158321604567, -96.5287424998043, 0, 
objectives:
-95.59168784849099, -87.71962451984916, 9319.735183244837, 

parameters:
2.256736447042865, -17.480510556722514, 17.797764724070714, 
objectives:
-30.185415889381574, 0.38316777058839335, 293.8633439910282, 

