Generation 1322 at Fri May 24 19:48:14 2019
parameters:
3.0983916787498664, -1.7650047396044388, 1.8322087227791217, 
objectives:
6.0028175325628546, 1.2736682631216327, 11.883064002993427, 

parameters:
0.05101637681523949, -100, 19.95971668145522, 
objectives:
-119.95711401075187, -76.24174615510238, 9981.042885989249, 

parameters:
-1.1197290330331362, -4.931281632174647, 19.930188776980646, 
objectives:
-23.607677301737972, 24.731616384355867, 6.641142866259727, 

parameters:
-0.09310337269809921, -0.38187417318528993, 20, 
objectives:
-20.37320593517753, 23.999207555614866, -18.84550387784629, 

parameters:
1.9973066371654076, -100, 0, 
objectives:
-96.01076619713501, -99.99999274579665, 10004.989233802866, 

parameters:
1.624769386168448, -7.763596319886041, 11.48986469232062, 
objectives:
-16.613585453976466, 3.8670663859909817, 52.42343868405766, 

parameters:
-2.032892010699001, -1.9772543767327053, 3.178014149463811, 
objectives:
-1.022618599032688, 17.464977742690937, 5.864170648008656, 

parameters:
1.3219290807257942, -84.60743007368407, 2.0760493309039156, 
objectives:
-84.93598291011944, -82.07160057121479, 7159.088670836905, 

parameters:
3.1744433999793555, -68.15911574504806, 4.156229886134809, 
objectives:
-62.238254731510374, -62.62356855915817, 4652.585920160396, 

parameters:
-1.1813411968864775, -71.16122946921658, 8.53779000103539, 
objectives:
-78.3034524467908, -52.50250765717411, 5057.778356592924, 

parameters:
3.580241505052517, -59.71692280979886, 20, 
objectives:
-66.89879357529814, -37.219759595508215, 3559.928999105976, 

parameters:
-0.4258303184619536, -80.9333522271623, 19.763132535473705, 
objectives:
-100.51515330251459, -55.28556695771938, 6531.625701650564, 

parameters:
-0.14441457121734566, -95.45411343400718, 18.423705771586068, 
objectives:
-113.85696363721337, -72.43189380917184, 9094.084921269105, 

parameters:
2.1100770267563105, -99.12356849310464, 3.5296558077984606, 
objectives:
-98.20079924205835, -95.58179573348667, 9827.404600058255, 

parameters:
-0.693111522907526, -90.69417392702762, 18.289408670625896, 
objectives:
-108.50317901446633, -65.15191558158443, 8208.6241792185, 

parameters:
0.8519013729041773, -75.6475448877721, 15.338882995528763, 
objectives:
-90.26069193414484, -58.990531434704025, 5708.937900501122, 

parameters:
-1.5867365391329715, -52.07341016128273, 18.736592844941338, 
objectives:
-68.29227016160439, -20.472138315189827, 2696.421185824862, 

parameters:
-1.3482234346939257, -38.2215412862462, 20, 
objectives:
-56.403834856388315, -7.01094111761261, 1443.7039247260807, 

parameters:
2.9773253173805143, -50.10915562716309, 3.341480846382751, 
objectives:
-44.58617042803086, -45.81251000478742, 2517.450462866383, 

parameters:
1.1666071868641072, -92.02429876022602, 1.6901760594657678, 
objectives:
-92.3535024912488, -89.63957911977369, 8469.142358580311, 

parameters:
0.9685403453098907, -32.38666618374685, 7.897151308174012, 
objectives:
-39.34574709142785, -23.425605856319393, 1042.9370655897706, 

parameters:
2.743455581118608, -95.89693279750043, 17.96450499903037, 
objectives:
-106.33488927095996, -77.37970159737365, 9186.783763494854, 

parameters:
-0.09337314866035296, -27.65844297562372, 19.750273791328645, 
objectives:
-47.39999822206162, -3.525958044762916, 746.2479125893913, 

parameters:
3.3840635153862157, -62.6122018169353, 20, 
objectives:
-71.16031594076719, -40.69657000231205, 3912.7397022408036, 

parameters:
3.2779640646572012, -83.50754538854508, 1.9207265017800208, 
objectives:
-74.68322348114114, -79.9536267362099, 6983.334458727321, 

parameters:
2.5519866758584486, -64.42274119211685, 12.41323745404571, 
objectives:
-70.3233426524035, -51.704814447745875, 4145.388981246182, 

parameters:
2.173298866492053, -77.73748341979974, 20, 
objectives:
-93.0142554567041, -57.70745092267231, 6028.839556406735, 

parameters:
-0.2458615937596038, -47.48019548723448, 9.486085902875423, 
objectives:
-56.90583346682389, -32.95021528603463, 2245.9433255264125, 

parameters:
-0.6364396655053177, -86.67973633983603, 6.2822061849367845, 
objectives:
-92.55688707694429, -73.44671604504946, 7508.499541206382, 

parameters:
0.1727072633442437, -43.749260683870304, 8.19555714763569, 
objectives:
-51.914990032694135, -32.21470479079973, 1906.832081036416, 

parameters:
0.42851977358132687, -20.383129303953755, 4.105828874905896, 
objectives:
-24.305328982509458, -13.807750327022976, 412.54976054314255, 

parameters:
3.3732217362062777, -41.6722096721782, 3.9937885772690573, 
objectives:
-34.28737336783276, -35.79268315811976, 1744.9578952663278, 

parameters:
-0.17598654416741155, -19.189718952247013, 0, 
objectives:
-19.158747688519025, -14.454801511849379, 369.27628472995616, 

parameters:
2.0320490877611768, -93.3208081288442, 19.94723344179235, 
objectives:
-109.13881807556552, -73.37254754302553, 8693.955219873835, 

parameters:
1.8518913687585241, -29.95246594735517, 3.800426877598153, 
objectives:
-30.323391183271003, -26.130102903108792, 897.7792910915551, 

parameters:
-0.5190088375662164, -7.832521339630829, 19.96247932125609, 
objectives:
-27.525630487415086, 18.475363505361962, 42.65528138798806, 

parameters:
2.9873220489255976, -43.615303137653854, 16.219619794444665, 
objectives:
-50.91082990810149, -26.420878514914552, 1895.9991410189905, 

parameters:
-1.5842902619877224, -41.151390001212135, 6.177325138488332, 
objectives:
-44.81873950547134, -22.12692818054379, 1690.7695495276027, 

