Generation 1324 at Fri May 24 19:48:14 2019
parameters:
3.0983916787498664, -1.7650047396044388, 1.8322087227791217, 
objectives:
6.0028175325628546, 1.2736682631216327, 11.883064002993427, 

parameters:
0.05101637681523949, -100, 19.95971668145522, 
objectives:
-119.95711401075187, -76.24174615510238, 9981.042885989249, 

parameters:
-1.1197290330331362, -4.931281632174647, 19.930188776980646, 
objectives:
-23.607677301737972, 24.731616384355867, 6.641142866259727, 

parameters:
-0.09310337269809921, -0.38187417318528993, 20, 
objectives:
-20.37320593517753, 23.999207555614866, -18.84550387784629, 

parameters:
1.9973066371654076, -100, 0, 
objectives:
-96.01076619713501, -99.99999274579665, 10004.989233802866, 

parameters:
3.580241505052517, -59.71692280979886, 20, 
objectives:
-66.89879357529814, -37.219759595508215, 3559.928999105976, 

parameters:
-0.4258303184619536, -80.9333522271623, 19.763132535473705, 
objectives:
-100.51515330251459, -55.28556695771938, 6531.625701650564, 

parameters:
0.8519013729041773, -75.6475448877721, 15.338882995528763, 
objectives:
-90.26069193414484, -58.990531434704025, 5708.937900501122, 

parameters:
-1.1813411968864775, -71.16122946921658, 8.53779000103539, 
objectives:
-78.3034524467908, -52.50250765717411, 5057.778356592924, 

parameters:
2.5519866758584486, -64.42274119211685, 12.41323745404571, 
objectives:
-70.3233426524035, -51.704814447745875, 4145.388981246182, 

parameters:
-0.693111522907526, -90.69417392702762, 18.289408670625896, 
objectives:
-108.50317901446633, -65.15191558158443, 8208.6241792185, 

parameters:
2.9773253173805143, -50.10915562716309, 3.341480846382751, 
objectives:
-44.58617042803086, -45.81251000478742, 2517.450462866383, 

parameters:
0.1727072633442437, -43.749260683870304, 8.19555714763569, 
objectives:
-51.914990032694135, -32.21470479079973, 1906.832081036416, 

parameters:
0.9685403453098907, -32.38666618374685, 7.897151308174012, 
objectives:
-39.34574709142785, -23.425605856319393, 1042.9370655897706, 

parameters:
3.1744433999793555, -68.15911574504806, 4.156229886134809, 
objectives:
-62.238254731510374, -62.62356855915817, 4652.585920160396, 

parameters:
-0.14441457121734566, -95.45411343400718, 18.423705771586068, 
objectives:
-113.85696363721337, -72.43189380917184, 9094.084921269105, 

parameters:
2.1100770267563105, -99.12356849310464, 3.5296558077984606, 
objectives:
-98.20079924205835, -95.58179573348667, 9827.404600058255, 

parameters:
-1.3482234346939257, -38.2215412862462, 20, 
objectives:
-56.403834856388315, -7.01094111761261, 1443.7039247260807, 

parameters:
2.7975740069257315, -35.99513437977878, 19.913761034711666, 
objectives:
-48.082475090263955, -15.445249048543548, 1284.5623583078475, 

parameters:
-1.5867365391329715, -52.07341016128273, 18.736592844941338, 
objectives:
-68.29227016160439, -20.472138315189827, 2696.421185824862, 

parameters:
2.743455581118608, -95.89693279750043, 17.96450499903037, 
objectives:
-106.33488927095996, -77.37970159737365, 9186.783763494854, 

parameters:
1.624769386168448, -7.763596319886041, 11.48986469232062, 
objectives:
-16.613585453976466, 3.8670663859909817, 52.42343868405766, 

parameters:
1.3219290807257942, -84.60743007368407, 2.0760493309039156, 
objectives:
-84.93598291011944, -82.07160057121479, 7159.088670836905, 

parameters:
-0.09337314866035296, -27.65844297562372, 19.750273791328645, 
objectives:
-47.39999822206162, -3.525958044762916, 746.2479125893913, 

parameters:
1.3502660775593773, -10.216017263547563, 18.844544606984286, 
objectives:
-27.237343390324263, 9.0506815134068, 88.34568260232514, 

parameters:
-0.6364396655053177, -86.67973633983603, 6.2822061849367845, 
objectives:
-92.55688707694429, -73.44671604504946, 7508.499541206382, 

parameters:
3.2056967517824875, 1.706983131039122, 19.71378717415491, 
objectives:
-7.730312378726996, 22.874474962452872, -5.523504100113994, 

parameters:
-2.032892010699001, -1.9772543767327053, 3.178014149463811, 
objectives:
-1.022618599032688, 17.464977742690937, 5.864170648008656, 

parameters:
0.5029943517394939, -84.57783249736289, 1.6373929538615803, 
objectives:
-85.96222213334264, -80.69941363257746, 7153.0253603159945, 

parameters:
1.3143514127776665, -93.40024165080808, 3.2689975747096534, 
objectives:
-94.9417195892471, -89.66113009093844, 8723.063662490906, 

parameters:
-1.8895049953254053, -19.094657021517463, 20, 
objectives:
-35.5244278941578, 16.033592087143816, 349.1761558967458, 

parameters:
-2.210365877229653, -17.29848816697353, 20, 
objectives:
-32.41277085575231, 20.428692653166294, 285.12341017414445, 

parameters:
1.1666071868641072, -92.02429876022602, 1.6901760594657678, 
objectives:
-92.3535024912488, -89.63957911977369, 8469.142358580311, 

parameters:
-0.2458615937596038, -47.48019548723448, 9.486085902875423, 
objectives:
-56.90583346682389, -32.95021528603463, 2245.9433255264125, 

parameters:
3.019955115155846, -51.86482276336735, 16.13526741539403, 
objectives:
-58.879961281205425, -34.68924691104074, 2683.94470175767, 

parameters:
-0.8225746511952696, -9.707083222326013, 14.837463080915462, 
objectives:
-23.867917246452457, 13.097307520159548, 81.06663066103673, 

