Generation 1330 at Fri May 24 19:48:14 2019
parameters:
0.05101637681523949, -100, 19.95971668145522, 
objectives:
-119.95711401075187, -76.24174615510238, 9981.042885989249, 

parameters:
3.0983916787498664, -1.7650047396044388, 1.8322087227791217, 
objectives:
6.0028175325628546, 1.2736682631216327, 11.883064002993427, 

parameters:
-1.1197290330331362, -4.931281632174647, 19.930188776980646, 
objectives:
-23.607677301737972, 24.731616384355867, 6.641142866259727, 

parameters:
-0.09310337269809921, -0.38187417318528993, 20, 
objectives:
-20.37320593517753, 23.999207555614866, -18.84550387784629, 

parameters:
1.9973066371654076, -100, 0, 
objectives:
-96.01076619713501, -99.99999274579665, 10004.989233802866, 

parameters:
-0.14441457121734566, -95.45411343400718, 18.423705771586068, 
objectives:
-113.85696363721337, -72.43189380917184, 9094.084921269105, 

parameters:
0.1727072633442437, -43.749260683870304, 8.19555714763569, 
objectives:
-51.914990032694135, -32.21470479079973, 1906.832081036416, 

parameters:
5.082436339521671, -27.00592167761858, 3.4167675452855866, 
objectives:
-4.5915300776137284, -14.087740345129237, 752.734197257674, 

parameters:
3.2983394896249467, -91.24673048964347, 2.1006444353654192, 
objectives:
-82.46833153618954, -87.46040062395848, 8335.744224003083, 

parameters:
-0.693111522907526, -90.69417392702762, 18.289408670625896, 
objectives:
-108.50317901446633, -65.15191558158443, 8208.6241792185, 

parameters:
3.580241505052517, -59.71692280979886, 20, 
objectives:
-66.89879357529814, -37.219759595508215, 3559.928999105976, 

parameters:
-0.4258303184619536, -80.9333522271623, 19.763132535473705, 
objectives:
-100.51515330251459, -55.28556695771938, 6531.625701650564, 

parameters:
-2.032892010699001, -1.9772543767327053, 3.178014149463811, 
objectives:
-1.022618599032688, 17.464977742690937, 5.864170648008656, 

parameters:
1.3219290807257942, -84.60743007368407, 2.0760493309039156, 
objectives:
-84.93598291011944, -82.07160057121479, 7159.088670836905, 

parameters:
1.8159502625293618, -9.30730992780429, 4.805971169913336, 
objectives:
-10.81560574173717, -4.467464452027944, 86.11772227827143, 

parameters:
1.6213749841815375, -49.29017337896419, 9.516362500125506, 
objectives:
-56.17767903976002, -39.63045397623516, 2423.633686067554, 

parameters:
2.7975740069257315, -35.99513437977878, 19.913761034711666, 
objectives:
-48.082475090263955, -15.445249048543548, 1284.5623583078475, 

parameters:
3.1744433999793555, -68.15911574504806, 4.156229886134809, 
objectives:
-62.238254731510374, -62.62356855915817, 4652.585920160396, 

parameters:
-1.1813411968864775, -71.16122946921658, 8.53779000103539, 
objectives:
-78.3034524467908, -52.50250765717411, 5057.778356592924, 

parameters:
0.36750368202993255, -32.597751325082214, 1.9776157695058771, 
objectives:
-34.44030813828253, -27.95509132739051, 1061.770834638699, 

parameters:
-1.8047870914588358, -31.289607609147637, 16.665523352041294, 
objectives:
-44.69787451569249, -0.14767944577455694, 966.6312774278848, 

parameters:
0.06705498100163682, -79.02417043576709, 7.246882786870053, 
objectives:
-86.26655685216002, -68.04101120242646, 6238.577126644773, 

parameters:
-0.6364396655053177, -86.67973633983603, 6.2822061849367845, 
objectives:
-92.55688707694429, -73.44671604504946, 7508.499541206382, 

parameters:
-1.5867365391329715, -52.07341016128273, 18.736592844941338, 
objectives:
-68.29227016160439, -20.472138315189827, 2696.421185824862, 

parameters:
-0.44569191383941864, -54.51088296263494, 20, 
objectives:
-74.3122416805731, -28.52947402521542, 2952.635002648146, 

parameters:
0.8519013729041773, -75.6475448877721, 15.338882995528763, 
objectives:
-90.26069193414484, -58.990531434704025, 5708.937900501122, 

parameters:
1.3502660775593773, -10.216017263547563, 18.844544606984286, 
objectives:
-27.237343390324263, 9.0506815134068, 88.34568260232514, 

parameters:
2.5519866758584486, -64.42274119211685, 12.41323745404571, 
objectives:
-70.3233426524035, -51.704814447745875, 4145.388981246182, 

parameters:
3.5240898379465535, -67.03143483896706, 17.20026696423765, 
objectives:
-71.81249261728655, -47.50831804059745, 4489.432198792368, 

parameters:
0.4679279437331232, -14.40553002919936, 18.795636386561558, 
objectives:
-32.98220985523461, 6.737351142956014, 189.94261559612926, 

parameters:
-2.318388020574293, -75.0884477905658, 14.512531281712409, 
objectives:
-84.22605605833581, -41.92744141261382, 5630.137383328754, 

parameters:
0.4700343149653694, -98.63645514946596, 1.4521836536761887, 
objectives:
-99.86770654589718, -94.84347649840629, 9728.919033056178, 

parameters:
1.277437274254297, -98.27557774139721, 0, 
objectives:
-96.64373175174296, -97.75348084876015, 9660.721026395062, 

parameters:
3.079703117654052, -9.728180661856154, 14.421580007509968, 
objectives:
-14.665189376478034, 5.859158167925694, 90.70049027509016, 

