Generation 1339 at Fri May 24 19:48:14 2019
parameters:
0.05101637681523949, -100, 19.95971668145522, 
objectives:
-119.95711401075187, -76.24174615510238, 9981.042885989249, 

parameters:
3.0983916787498664, -1.7650047396044388, 1.8322087227791217, 
objectives:
6.0028175325628546, 1.2736682631216327, 11.883064002993427, 

parameters:
-1.1197290330331362, -4.931281632174647, 19.930188776980646, 
objectives:
-23.607677301737972, 24.731616384355867, 6.641142866259727, 

parameters:
-0.09310337269809921, -0.38187417318528993, 20, 
objectives:
-20.37320593517753, 23.999207555614866, -18.84550387784629, 

parameters:
1.9973066371654076, -100, 0, 
objectives:
-96.01076619713501, -99.99999274579665, 10004.989233802866, 

parameters:
-0.44569191383941864, -54.51088296263494, 20, 
objectives:
-74.3122416805731, -28.52947402521542, 2952.635002648146, 

parameters:
-0.14441457121734566, -95.45411343400718, 18.423705771586068, 
objectives:
-113.85696363721337, -72.43189380917184, 9094.084921269105, 

parameters:
-0.4258303184619536, -80.9333522271623, 19.763132535473705, 
objectives:
-100.51515330251459, -55.28556695771938, 6531.625701650564, 

parameters:
3.473230754152495, -90.55538697442388, 1.7256694655000115, 
objectives:
-80.21772456833318, -86.65930865394314, 8211.615772493747, 

parameters:
-1.6435605296470452, -85.28238383147992, 6.026959240353426, 
objectives:
-88.60805185721966, -65.97989125792463, 7270.7593239541275, 

parameters:
-0.03643155869253345, -60.23077383726431, 8.621432071665183, 
objectives:
-68.85087865046071, -47.462288272360226, 3620.126012222486, 

parameters:
2.0469499382040865, -6.301183109872913, 6.4771670917926745, 
objectives:
-8.588346152151875, 0.17818827861712894, 38.41774554186872, 

parameters:
2.857827419331066, -99.04142617152183, 16.336604364661937, 
objectives:
-107.21085297750331, -81.9689539255037, 9802.034671283029, 

parameters:
-1.248823267503191, -9.540624801370047, 15.551494224355993, 
objectives:
-23.532559472268694, 16.565722046456056, 78.0315869296186, 

parameters:
0.8990391885447074, -26.506040952635157, 15.246240910975668, 
objectives:
-40.9440104010717, -10.047685333299192, 689.1322375343356, 

parameters:
0.8519013729041773, -75.6475448877721, 15.338882995528763, 
objectives:
-90.26069193414484, -58.990531434704025, 5708.937900501122, 

parameters:
2.9317361896253273, -68.94858739280994, 20, 
objectives:
-80.3535103072511, -48.08045506575242, 4743.502780549508, 

parameters:
4.762286278479716, -66.66321780318799, 3.3849524916647793, 
objectives:
-47.36879969665658, -55.648039827245896, 4464.279025981811, 

parameters:
2.3590167937617137, -86.19358779566677, 15.246758664586315, 
objectives:
-95.87538622700329, -70.81793607287752, 7420.652778657979, 

parameters:
0.7683073634198543, -47.02396120380971, 2.8575569887350234, 
objectives:
-49.29122198785957, -42.649337464068935, 2209.9856665133516, 

parameters:
2.7975740069257315, -35.99513437977878, 19.913761034711666, 
objectives:
-48.082475090263955, -15.445249048543548, 1284.5623583078475, 

parameters:
-1.8876934821369837, -59.09193537206479, 5.808835486825523, 
objectives:
-61.33738417638786, -38.16893927418888, 3490.611377211959, 

parameters:
0.9359885397344132, -100, 3.045230443374475, 
objectives:
-102.16915589686032, -95.82264916904901, 9998.830844103139, 

parameters:
0.7470648471992747, -8.906109119204771, 9.447684016350202, 
objectives:
-17.7956872496341, 2.1114213942692075, 71.42920151275305, 

parameters:
1.774007655233633, -73.8419263177928, 1.7571698624035794, 
objectives:
-72.45199301936886, -72.03368391549621, 5455.020015620765, 

parameters:
0.4541947329764402, -99.49172886971074, 9.853991149913112, 
objectives:
-109.13942716416031, -87.24822379623984, 9889.956415189585, 

parameters:
-1.6850470899367247, -39.17834515753866, 20, 
objectives:
-56.33896146223444, -5.5987731024875345, 1518.782112978537, 

parameters:
1.0394998097520711, -23.105125612005985, 11.262394375163026, 
objectives:
-33.28696013269442, -10.920170621376652, 524.6649950258865, 

parameters:
-0.47900003445676453, -22.58634281315746, 8.852903418406127, 
objectives:
-31.209805198554008, -7.587998223914694, 502.5194192880732, 

parameters:
-0.1928626729037055, -42.75312057749288, 18.490994742936653, 
objectives:
-61.20691930982997, -19.453479132341844, 1810.375520381308, 

parameters:
-1.766941740822843, -9.050426459086639, 18.609382994743342, 
objectives:
-24.53772633836792, 23.748806614410135, 67.42291921205424, 

parameters:
3.1744433999793555, -68.15911574504806, 4.156229886134809, 
objectives:
-62.238254731510374, -62.62356855915817, 4652.585920160396, 

parameters:
5.504266467458075, -40.92745526262488, 6.19006652593818, 
objectives:
-16.82057244377966, -22.457505261735605, 1700.1634770930063, 

parameters:
3.764957497936155, -15.611824150188674, 13.110436635231995, 
objectives:
-14.547355824154998, 0.6136874545643725, 245.79352162244803, 

parameters:
1.6213749841815375, -49.29017337896419, 9.516362500125506, 
objectives:
-56.17767903976002, -39.63045397623516, 2423.633686067554, 

parameters:
-2.3197058830386377, -49.217686493401615, 10.363341249695003, 
objectives:
-54.19999235929255, -20.194486327747995, 2418.3983578968764, 

parameters:
0.6269042526863049, -68.86139123342083, 5.348968023266686, 
objectives:
-73.81735031465135, -61.62703127886319, 4737.935243521017, 

