Generation 1341 at Fri May 24 19:48:14 2019
parameters:
0.05101637681523949, -100, 19.95971668145522, 
objectives:
-119.95711401075187, -76.24174615510238, 9981.042885989249, 

parameters:
3.0983916787498664, -1.7650047396044388, 1.8322087227791217, 
objectives:
6.0028175325628546, 1.2736682631216327, 11.883064002993427, 

parameters:
-1.1197290330331362, -4.931281632174647, 19.930188776980646, 
objectives:
-23.607677301737972, 24.731616384355867, 6.641142866259727, 

parameters:
-0.09310337269809921, -0.38187417318528993, 20, 
objectives:
-20.37320593517753, 23.999207555614866, -18.84550387784629, 

parameters:
1.9973066371654076, -100, 0, 
objectives:
-96.01076619713501, -99.99999274579665, 10004.989233802866, 

parameters:
-0.14441457121734566, -95.45411343400718, 18.423705771586068, 
objectives:
-113.85696363721337, -72.43189380917184, 9094.084921269105, 

parameters:
-1.6435605296470452, -85.28238383147992, 6.026959240353426, 
objectives:
-88.60805185721966, -65.97989125792463, 7270.7593239541275, 

parameters:
3.4363003227623774, -48.16311726712637, 19.929991113428706, 
objectives:
-56.28494847233825, -26.17016753653035, 2312.5640336817546, 

parameters:
3.473230754152495, -90.55538697442388, 1.7256694655000115, 
objectives:
-80.21772456833318, -86.65930865394314, 8211.615772493747, 

parameters:
0.8519013729041773, -75.6475448877721, 15.338882995528763, 
objectives:
-90.26069193414484, -58.990531434704025, 5708.937900501122, 

parameters:
-0.44569191383941864, -54.51088296263494, 20, 
objectives:
-74.3122416805731, -28.52947402521542, 2952.635002648146, 

parameters:
-0.1928626729037055, -42.75312057749288, 18.490994742936653, 
objectives:
-61.20691930982997, -19.453479132341844, 1810.375520381308, 

parameters:
2.0469499382040865, -6.301183109872913, 6.4771670917926745, 
objectives:
-8.588346152151875, 0.17818827861712894, 38.41774554186872, 

parameters:
2.9317361896253273, -68.94858739280994, 20, 
objectives:
-80.3535103072511, -48.08045506575242, 4743.502780549508, 

parameters:
2.857827419331066, -99.04142617152183, 16.336604364661937, 
objectives:
-107.21085297750331, -81.9689539255037, 9802.034671283029, 

parameters:
-0.4258303184619536, -80.9333522271623, 19.763132535473705, 
objectives:
-100.51515330251459, -55.28556695771938, 6531.625701650564, 

parameters:
-1.248823267503191, -9.540624801370047, 15.551494224355993, 
objectives:
-23.532559472268694, 16.565722046456056, 78.0315869296186, 

parameters:
2.3590167937617137, -86.19358779566677, 15.246758664586315, 
objectives:
-95.87538622700329, -70.81793607287752, 7420.652778657979, 

parameters:
4.762286278479716, -66.66321780318799, 3.3849524916647793, 
objectives:
-47.36879969665658, -55.648039827245896, 4464.279025981811, 

parameters:
-1.4232343210053657, -17.20463376355424, 0, 
objectives:
-15.179037831066637, -5.486100547045174, 299.0250188705182, 

parameters:
3.541761850589012, -60.99106837847165, 3.733394477576632, 
objectives:
-52.18038584976058, -54.88064429696337, 3729.721104476116, 

parameters:
1.0394998097520711, -23.105125612005985, 11.262394375163026, 
objectives:
-33.28696013269442, -10.920170621376652, 524.6649950258865, 

parameters:
2.463107389192827, -60.172539647862564, 19.955642441347667, 
objectives:
-74.06128407851392, -40.00242875258991, 3607.845783242941, 

parameters:
0.7470648471992747, -8.906109119204771, 9.447684016350202, 
objectives:
-17.7956872496341, 2.1114213942692075, 71.42920151275305, 

parameters:
0.04195166763066738, -55.65984696347135, 9.527770602795625, 
objectives:
-65.18585762384998, -42.2981230887814, 3089.4925533366722, 

parameters:
0.9359885397344132, -100, 3.045230443374475, 
objectives:
-102.16915589686032, -95.82264916904901, 9998.830844103139, 

parameters:
0.8990391885447074, -26.506040952635157, 15.246240910975668, 
objectives:
-40.9440104010717, -10.047685333299192, 689.1322375343356, 

parameters:
1.774007655233633, -73.8419263177928, 1.7571698624035794, 
objectives:
-72.45199301936886, -72.03368391549621, 5455.020015620765, 

parameters:
0.4541947329764402, -99.49172886971074, 9.853991149913112, 
objectives:
-109.13942716416031, -87.24822379623984, 9889.956415189585, 

parameters:
2.7975740069257315, -35.99513437977878, 19.913761034711666, 
objectives:
-48.082475090263955, -15.445249048543548, 1284.5623583078475, 

parameters:
0.6071541497186428, -24.701326189318152, 13.901515135411707, 
objectives:
-38.23420516320929, -8.859791491260449, 597.6226365372037, 

parameters:
0.06036859937620487, -36.507132314247905, 14.073598571248269, 
objectives:
-50.57708651770553, -18.67136377271381, 1319.700755606546, 

parameters:
-0.03643155869253345, -60.23077383726431, 8.621432071665183, 
objectives:
-68.85087865046071, -47.462288272360226, 3620.126012222486, 

parameters:
0.49488740557331434, -21.304965241179463, 2.35375171149057, 
objectives:
-23.413803408474948, -16.685849607787063, 452.79270576056956, 

parameters:
1.8787302435085624, -60.729023297239976, 16.531694594500973, 
objectives:
-73.73109056386721, -44.182622348899514, 3676.0122033700886, 

