Generation 135 at Fri May 24 19:55:16 2019
parameters:
0, 0.0, 20.0, 
objectives:
-20.0, 24.0, -19.0, 

parameters:
0, 0.0, 20.0, 
objectives:
-20.0, 24.0, -19.0, 

parameters:
1.9979647189482492, 0.0, 20.0, 
objectives:
-16.008136981838042, 20.000004142368958, -15.008136981838044, 

parameters:
1.0444726315688824, 0.0, 20.0, 
objectives:
-18.909076921903573, 20.913032551820898, -17.909076921903573, 

parameters:
0.8440632107215635, 0.0, 20.0, 
objectives:
-19.287557296306407, 21.33618986080734, -18.287557296306407, 

parameters:
0.255713401146073, 0.0, 20.0, 
objectives:
-19.93461065647431, 23.0425357389414, -18.93461065647431, 

parameters:
1.8453618305906876, 0.0, 20.0, 
objectives:
-16.594639714198987, 20.023912963438264, -15.594639714198987, 

parameters:
1.5730839663109548, 0.0, 20.0, 
objectives:
-17.525406834935396, 20.182257299820787, -16.525406834935396, 

parameters:
1.6448576226210596, 0.0, 20.0, 
objectives:
-17.294443401305397, 20.126126108210364, -16.294443401305397, 

parameters:
0.6582367570017608, 0.0, 20.0, 
objectives:
-19.566724371731805, 21.800328600261153, -18.566724371731805, 

parameters:
1.3073289751620214, 0.0, 20.0, 
objectives:
-18.29089095070182, 20.479793148650096, -17.29089095070182, 

parameters:
1.1147036790331362, 0.0, 20.0, 
objectives:
-18.75743570794999, 20.783749575917465, -17.75743570794999, 

parameters:
0.720054273106282, 0.0, 20.0, 
objectives:
-19.481521843781383, 21.63826106379349, -18.481521843781383, 

parameters:
1.394548602729333, 0.0, 20.0, 
objectives:
-18.055234194625665, 20.366571394457004, -17.055234194625665, 

parameters:
1.5026616838120845, 0.0, 20.0, 
objectives:
-17.742007864003032, 20.24734540074863, -16.742007864003032, 

parameters:
1.2751838160240285, 0.0, 20.0, 
objectives:
-18.373906235350397, 20.52535850055349, -17.373906235350397, 

parameters:
1.7606830379374547, 0.0, 20.0, 
objectives:
-16.899995239919335, 20.057272608330845, -15.899995239919335, 

parameters:
1.206835246836729, 0.0, 20.0, 
objectives:
-18.54354868699253, 20.62911032566055, -17.54354868699253, 

parameters:
1.9156366666653366, 0.0, 20.0, 
objectives:
-16.330336161327317, 20.007117172011334, -15.330336161327319, 

parameters:
1.9264388497293854, 0.0, 20.0, 
objectives:
-16.28883335825332, 20.005411242829137, -15.288833358253322, 

parameters:
0.4761521796494995, 0.0, 20.0, 
objectives:
-19.77327910181503, 22.32211217958697, -18.77327910181503, 

parameters:
1.693846073249962, 0.0, 20.0, 
objectives:
-17.130885480135685, 20.09373022686447, -16.130885480135685, 

parameters:
0.5619603979697604, 0.0, 20.0, 
objectives:
-19.68420051111367, 22.06795789700729, -18.68420051111367, 

parameters:
1.9949822762858849, 0.0, 20.0, 
objectives:
-16.020045717305187, 20.000025177551272, -15.02004571730519, 

parameters:
0.3381057786662428, 0.0, 20.0, 
objectives:
-19.885684482432495, 22.761892402902536, -18.885684482432495, 

parameters:
1.4085799734014404, 0.0, 20.0, 
objectives:
-18.0159024585324, 20.349777647861842, -17.0159024585324, 

parameters:
1.7229699558653842, 0.0, 20.0, 
objectives:
-17.031374531185236, 20.076745645353228, -16.031374531185236, 

parameters:
1.4730219904000788, 0.0, 20.0, 
objectives:
-17.83020621579779, 20.277705822601895, -16.83020621579779, 

parameters:
0.4098757076389574, 0.0, 20.0, 
objectives:
-19.832001904287463, 22.528495265156707, -18.832001904287463, 

parameters:
0.5491399517894222, 0.0, 20.0, 
objectives:
-19.69844531334871, 22.1049948794936, -18.69844531334871, 

parameters:
0.7839002804807893, 0.0, 20.0, 
objectives:
-19.38550035026214, 21.478898527814703, -18.38550035026214, 

parameters:
1.1645777586785035, 0.0, 20.0, 
objectives:
-18.643758643991355, 20.69793032129463, -17.643758643991355, 

parameters:
0.29514933196764853, 0.0, 20.0, 
objectives:
-19.91288687183905, 22.906515800290354, -18.91288687183905, 

parameters:
0.7931635529319496, 0.0, 20.0, 
objectives:
-19.370891578300366, 21.456454209971835, -18.370891578300366, 

parameters:
0.4307066348447707, 0.0, 20.0, 
objectives:
-19.814491794700693, 22.462681665920222, -18.814491794700693, 

parameters:
1.759608581974403, 0.0, 20.0, 
objectives:
-16.90377763824203, 20.05778803386036, -15.903777638242032, 

parameters:
1.1752883130695642, 0.0, 20.0, 
objectives:
-18.618697381162097, 20.680149366559647, -17.6186973811621, 

parameters:
1.477753585052066, 0.0, 20.0, 
objectives:
-17.816244341865765, 20.27274131792597, -16.816244341865765, 

parameters:
0, 0.0, 20.0, 
objectives:
-20.0, 24.0, -19.0, 

