Generation 1350 at Fri May 24 19:48:14 2019
parameters:
3.0983916787498664, -1.7650047396044388, 1.8322087227791217, 
objectives:
6.0028175325628546, 1.2736682631216327, 11.883064002993427, 

parameters:
0.05101637681523949, -100, 19.95971668145522, 
objectives:
-119.95711401075187, -76.24174615510238, 9981.042885989249, 

parameters:
-1.1197290330331362, -4.931281632174647, 19.930188776980646, 
objectives:
-23.607677301737972, 24.731616384355867, 6.641142866259727, 

parameters:
-0.09310337269809921, -0.38187417318528993, 20, 
objectives:
-20.37320593517753, 23.999207555614866, -18.84550387784629, 

parameters:
1.9973066371654076, -100, 0, 
objectives:
-96.01076619713501, -99.99999274579665, 10004.989233802866, 

parameters:
3.585732153029327, -0.9237334703312357, 11.94537003521803, 
objectives:
-0.011628432280931023, 13.53618302603782, 2.765388562260492, 

parameters:
2.914249638366889, -22.668036599332048, 0.5007085923309135, 
objectives:
-14.675894236941417, -21.331475605747148, 522.8320256310478, 

parameters:
3.0838391540404313, -40.19399717407357, 14.91018595030393, 
objectives:
-45.594119196384696, -24.109103911938565, 1611.1572868071232, 

parameters:
5.041676514088248, -49.16807081242076, 9.250579335844714, 
objectives:
-33.00014807555644, -30.665695460220007, 2434.6671101520865, 

parameters:
0.8990391885447074, -26.506040952635157, 15.246240910975668, 
objectives:
-40.9440104010717, -10.047685333299192, 689.1322375343356, 

parameters:
3.1418569728028443, -89.067406545892, 6.531799684817524, 
objectives:
-85.72794099315968, -81.231769514736, 7937.342374363938, 

parameters:
0.2175046064363174, -96.39259989418025, 18.44494376589217, 
objectives:
-114.79023540625141, -74.77036630021234, 9274.135678847448, 

parameters:
3.3668455203802097, -69.69393246626126, 2.552149058857748, 
objectives:
-60.910432767014726, -65.27351673082006, 4867.0277223110315, 

parameters:
0.7779134099510123, -94.92806629082139, 8.166827275036106, 
objectives:
-102.48974429247588, -85.26774338220773, 9004.776091712927, 

parameters:
0.8519013729041773, -75.6475448877721, 15.338882995528763, 
objectives:
-90.26069193414484, -58.990531434704025, 5708.937900501122, 

parameters:
2.475292341441236, -83.02065626942233, 11.325159667232702, 
objectives:
-88.2187437610574, -71.46959379235695, 6888.231279913938, 

parameters:
3.461077769285476, -90.89341089445595, 19.96148485574471, 
objectives:
-98.87583642515854, -68.79717779081102, 8254.629718497701, 

parameters:
4.046356578564558, -63.716516703613664, 1.7628817316356398, 
objectives:
-49.106396874356626, -57.76605972534358, 4075.404620671136, 

parameters:
2.857827419331066, -99.04142617152183, 16.336604364661937, 
objectives:
-107.21085297750331, -81.9689539255037, 9802.034671283029, 

parameters:
2.7975740069257315, -35.99513437977878, 19.913761034711666, 
objectives:
-48.082475090263955, -15.445249048543548, 1284.5623583078475, 

parameters:
0.350019760596898, -9.234036515743844, 14.795343741493003, 
objectives:
-23.906866424428536, 8.283742016169878, 71.59460046540602, 

parameters:
0.8940765971530018, -50.492305677283646, 5.81877138058643, 
objectives:
-55.511704096293386, -43.45046772373253, 2545.4535341892406, 

parameters:
1.774007655233633, -73.8419263177928, 1.7571698624035794, 
objectives:
-72.45199301936886, -72.03368391549621, 5455.020015620765, 

parameters:
-0.2601991381114124, -100, 5.927186667868355, 
objectives:
-105.85948307639444, -88.96431318821207, 9995.140516923606, 

parameters:
2.463107389192827, -60.172539647862564, 19.955642441347667, 
objectives:
-74.06128407851392, -40.00242875258991, 3607.845783242941, 

parameters:
-2.250693361165725, -67.7581456311219, 13.193874393740579, 
objectives:
-75.88639941886701, -36.49587718672296, 4584.03804558058, 

parameters:
2.9317361896253273, -68.94858739280994, 20, 
objectives:
-80.3535103072511, -48.08045506575242, 4743.502780549508, 

parameters:
-3.030056139902512, -57.54359307389453, 17.515915744995322, 
objectives:
-65.87826860792894, -14.726212558328246, 3303.9304283199276, 

parameters:
-0.17551413451038123, -21.537300323245443, 14.957758225192025, 
objectives:
-36.46425333702454, -1.846680348598964, 449.92835219988916, 

parameters:
0.04195166763066738, -55.65984696347135, 9.527770602795625, 
objectives:
-65.18585762384998, -42.2981230887814, 3089.4925533366722, 

parameters:
-0.4258303184619536, -80.9333522271623, 19.763132535473705, 
objectives:
-100.51515330251459, -55.28556695771938, 6531.625701650564, 

parameters:
-0.9351229037330875, -19.149545363543382, 19.46715890110548, 
objectives:
-37.74224941956266, 8.932559997580649, 349.1123835743865, 

parameters:
-1.5439444710599473, -66.80273594310296, 1.22563417191457, 
objectives:
-65.64460558530094, -53.01755935723202, 4464.763659841741, 

parameters:
1.0434714963969767, -79.74802756019822, 7.302911673117741, 
objectives:
-85.96210646952301, -71.53016910887544, 6354.533820832811, 

parameters:
-0.73323616136026, -52.01492084073108, 13.81666445706008, 
objectives:
-65.29395002946484, -30.727676469903635, 2693.2729608787868, 

parameters:
2.0361659866121813, -74.90978547946533, 9.336754671837555, 
objectives:
-80.10056822626652, -65.57172282904014, 5607.285177832713, 

