Generation 1353 at Fri May 24 19:48:14 2019
parameters:
3.0983916787498664, -1.7650047396044388, 1.8322087227791217, 
objectives:
6.0028175325628546, 1.2736682631216327, 11.883064002993427, 

parameters:
0.05101637681523949, -100, 19.95971668145522, 
objectives:
-119.95711401075187, -76.24174615510238, 9981.042885989249, 

parameters:
-1.6958343764164487, -6.895106025355425, 20, 
objectives:
-24.019251793119658, 26.764085712546134, 31.418341333128446, 

parameters:
-0.09310337269809921, -0.38187417318528993, 20, 
objectives:
-20.37320593517753, 23.999207555614866, -18.84550387784629, 

parameters:
1.9973066371654076, -100, 0, 
objectives:
-96.01076619713501, -99.99999274579665, 10004.989233802866, 

parameters:
3.0838391540404313, -40.19399717407357, 14.91018595030393, 
objectives:
-45.594119196384696, -24.109103911938565, 1611.1572868071232, 

parameters:
3.800209085340258, -92.39023289537013, 0, 
objectives:
-77.9486438030675, -89.14948014442852, 8551.396723553036, 

parameters:
2.463107389192827, -60.172539647862564, 19.955642441347667, 
objectives:
-74.06128407851392, -40.00242875258991, 3607.845783242941, 

parameters:
2.857827419331066, -99.04142617152183, 16.336604364661937, 
objectives:
-107.21085297750331, -81.9689539255037, 9802.034671283029, 

parameters:
0.8940765971530018, -50.492305677283646, 5.81877138058643, 
objectives:
-55.511704096293386, -43.45046772373253, 2545.4535341892406, 

parameters:
2.475292341441236, -83.02065626942233, 11.325159667232702, 
objectives:
-88.2187437610574, -71.46959379235695, 6888.231279913938, 

parameters:
3.561256275231141, -30.531588642222516, 12.518731328623087, 
objectives:
-30.367773712972422, -15.575336156650813, 933.341719947141, 

parameters:
2.914249638366889, -22.668036599332048, 0.5007085923309135, 
objectives:
-14.675894236941417, -21.331475605747148, 522.8320256310478, 

parameters:
3.2518417941577624, -47.66694705624089, 0, 
objectives:
-37.092472002009714, -46.09983917864077, 2283.7123167167038, 

parameters:
2.5021200532500076, -7.971468300777994, 2.623535053177552, 
objectives:
-4.334398593079726, -5.0958086997246514, 68.18137657800668, 

parameters:
0.974882714643178, -67.0869632034543, 15.58833294861455, 
objectives:
-81.7248998447588, -50.44776480610241, 4487.0226952203275, 

parameters:
0.8990391885447074, -26.506040952635157, 15.246240910975668, 
objectives:
-40.9440104010717, -10.047685333299192, 689.1322375343356, 

parameters:
3.9353194163354197, -80.95342582432234, 4.7800848658087345, 
objectives:
-70.24677178154452, -72.42787971526873, 6565.163806736837, 

parameters:
0.2175046064363174, -96.39259989418025, 18.44494376589217, 
objectives:
-114.79023540625141, -74.77036630021234, 9274.135678847448, 

parameters:
0.7963532504640158, -96.21654355737866, 7.018893412667006, 
objectives:
-102.60125847052106, -87.7488846470431, 9252.238539215801, 

parameters:
0.8519013729041773, -75.6475448877721, 15.338882995528763, 
objectives:
-90.26069193414484, -58.990531434704025, 5708.937900501122, 

parameters:
3.1418569728028443, -89.067406545892, 6.531799684817524, 
objectives:
-85.72794099315968, -81.231769514736, 7937.342374363938, 

parameters:
0.35213374808929077, -89.14846243535123, 14.122745967161697, 
objectives:
-103.14721022596952, -72.3102532840033, 7934.449606796612, 

parameters:
4.046356578564558, -63.716516703613664, 1.7628817316356398, 
objectives:
-49.106396874356626, -57.76605972534358, 4075.404620671136, 

parameters:
0.350019760596898, -9.234036515743844, 14.795343741493003, 
objectives:
-23.906866424428536, 8.283742016169878, 71.59460046540602, 

parameters:
0.04195166763066738, -55.65984696347135, 9.527770602795625, 
objectives:
-65.18585762384998, -42.2981230887814, 3089.4925533366722, 

parameters:
-0.17551413451038123, -21.537300323245443, 14.957758225192025, 
objectives:
-36.46425333702454, -1.846680348598964, 449.92835219988916, 

parameters:
0.718951367238257, -1.8651934699236632, 15.70170922179214, 
objectives:
-17.050011623262044, 15.477601351369207, -10.705871473092504, 

parameters:
2.7286693730646405, -82.37462368435794, 16.335897463492845, 
objectives:
-91.2648846003498, -65.50776716562268, 6777.688366223592, 

parameters:
0.8981781617596538, -70.30017063988122, 11.884526544803228, 
objectives:
-81.3779731744225, -57.20163273185465, 4932.036189461875, 

parameters:
0.9739474541531112, -65.41980227749939, 2.344854757684301, 
objectives:
-66.81608339173236, -62.02216369297621, 4279.354248912881, 

parameters:
3.585732153029327, -0.9237334703312357, 11.94537003521803, 
objectives:
-0.011628432280931023, 13.53618302603782, 2.765388562260492, 

parameters:
3.820852201120176, -71.87679719262236, 4.288946374205266, 
objectives:
-61.56683202402274, -64.27234808009291, 5177.583939837966, 

parameters:
-3.030056139902512, -57.54359307389453, 17.515915744995322, 
objectives:
-65.87826860792894, -14.726212558328246, 3303.9304283199276, 

parameters:
3.3668455203802097, -69.69393246626126, 2.552149058857748, 
objectives:
-60.910432767014726, -65.27351673082006, 4867.0277223110315, 

parameters:
2.7975740069257315, -35.99513437977878, 19.913761034711666, 
objectives:
-48.082475090263955, -15.445249048543548, 1284.5623583078475, 

parameters:
1.774007655233633, -73.8419263177928, 1.7571698624035794, 
objectives:
-72.45199301936886, -72.03368391549621, 5455.020015620765, 

parameters:
-1.2395426123791045, -99.38035276967751, 0.2622175171460548, 
objectives:
-98.10610439891995, -88.62349891511143, 9878.728764996307, 

parameters:
2.5467258835450775, -8.462713073331328, 20, 
objectives:
-21.976900347412872, 11.836196118406818, 59.10332528745141, 

parameters:
-0.952023853021254, -28.610793161888715, 19.321049002200105, 
objectives:
-47.02549274736739, -0.5752993308821601, 801.1627857668994, 

parameters:
3.378642371322014, -89.08129200507184, 12.604162317234051, 
objectives:
-90.27023004901346, -74.5764748998334, 7935.287647248935, 

