Generation 1357 at Fri May 24 19:48:14 2019
parameters:
3.0983916787498664, -1.7650047396044388, 1.8322087227791217, 
objectives:
6.0028175325628546, 1.2736682631216327, 11.883064002993427, 

parameters:
0.05101637681523949, -100, 19.95971668145522, 
objectives:
-119.95711401075187, -76.24174615510238, 9981.042885989249, 

parameters:
-1.6958343764164487, -6.895106025355425, 20, 
objectives:
-24.019251793119658, 26.764085712546134, 31.418341333128446, 

parameters:
-0.09310337269809921, -0.38187417318528993, 20, 
objectives:
-20.37320593517753, 23.999207555614866, -18.84550387784629, 

parameters:
1.9973066371654076, -100, 0, 
objectives:
-96.01076619713501, -99.99999274579665, 10004.989233802866, 

parameters:
3.2518417941577624, -47.66694705624089, 0, 
objectives:
-37.092472002009714, -46.09983917864077, 2283.7123167167038, 

parameters:
2.857827419331066, -99.04142617152183, 16.336604364661937, 
objectives:
-107.21085297750331, -81.9689539255037, 9802.034671283029, 

parameters:
0.35213374808929077, -89.14846243535123, 14.122745967161697, 
objectives:
-103.14721022596952, -72.3102532840033, 7934.449606796612, 

parameters:
3.2510316791566414, -85.35402604540143, 11.605063960622275, 
objectives:
-86.38988302714365, -72.18388182252566, 7285.273905177323, 

parameters:
2.6186361438359635, -57.24394211624629, 3.439572854553449, 
objectives:
-53.82625971699565, -53.42165858323261, 3281.2865914074064, 

parameters:
0.9934891623463596, -7.576911254738469, 20, 
objectives:
-26.589890539038798, 13.436152811575763, 39.396604877882154, 

parameters:
0.4424000025740371, -93.89674749650885, 0.10882921561113522, 
objectives:
-93.80985894984248, -91.36180052891635, 8817.686078969808, 

parameters:
2.914249638366889, -22.668036599332048, 0.5007085923309135, 
objectives:
-14.675894236941417, -21.331475605747148, 522.8320256310478, 

parameters:
2.7286693730646405, -82.37462368435794, 16.335897463492845, 
objectives:
-91.2648846003498, -65.50776716562268, 6777.688366223592, 

parameters:
0.04195166763066738, -55.65984696347135, 9.527770602795625, 
objectives:
-65.18585762384998, -42.2981230887814, 3089.4925533366722, 

parameters:
3.2812986193224853, -38.12238034922511, 3.743072436921135, 
objectives:
-31.098532156978596, -32.73758176042627, 1461.339731683231, 

parameters:
0.2175046064363174, -96.39259989418025, 18.44494376589217, 
objectives:
-114.79023540625141, -74.77036630021234, 9274.135678847448, 

parameters:
3.561256275231141, -30.531588642222516, 12.518731328623087, 
objectives:
-30.367773712972422, -15.575336156650813, 933.341719947141, 

parameters:
2.5021200532500076, -7.971468300777994, 2.623535053177552, 
objectives:
-4.334398593079726, -5.0958086997246514, 68.18137657800668, 

parameters:
0.974882714643178, -67.0869632034543, 15.58833294861455, 
objectives:
-81.7248998447588, -50.44776480610241, 4487.0226952203275, 

parameters:
1.8521048514171041, -41.93605436802867, 3.421569687436048, 
objectives:
-41.92733167482194, -38.492611705618266, 1759.6413786514636, 

parameters:
-0.0478285273399659, -55.061665482536945, 16.543269482393182, 
objectives:
-71.60264739690261, -34.32479432275639, 3016.2460237964347, 

parameters:
3.0838391540404313, -40.19399717407357, 14.91018595030393, 
objectives:
-45.594119196384696, -24.109103911938565, 1611.1572868071232, 

parameters:
1.0714881136950403, -77.86897580132496, 1.0171890996505217, 
objectives:
-77.73807812318573, -75.98965237866484, 6064.708290025472, 

parameters:
4.046356578564558, -63.716516703613664, 1.7628817316356398, 
objectives:
-49.106396874356626, -57.76605972534358, 4075.404620671136, 

parameters:
2.5654228892291817, -10.934667273003381, 3.207942068703188, 
objectives:
-7.561214741125567, -7.407022160635917, 123.940400903169, 

parameters:
2.463107389192827, -60.172539647862564, 19.955642441347667, 
objectives:
-74.06128407851392, -40.00242875258991, 3607.845783242941, 

parameters:
0.8519013729041773, -75.6475448877721, 15.338882995528763, 
objectives:
-90.26069193414484, -58.990531434704025, 5708.937900501122, 

parameters:
0.8981781617596538, -70.30017063988122, 11.884526544803228, 
objectives:
-81.3779731744225, -57.20163273185465, 4932.036189461875, 

parameters:
-1.1714549592867975, -73.00417480725251, 0, 
objectives:
-71.63186808561488, -62.94604824846769, 5331.98184600952, 

parameters:
-1.6296313281378785, -95.59637466148838, 4.812758444674044, 
objectives:
-97.753434840514, -77.6093926386144, 9137.509788240633, 

parameters:
1.8232776628955025, -21.413424488164843, 11.240548236738942, 
objectives:
-29.3296312888901, -10.141645466994227, 451.6185415096125, 

parameters:
-1.5795948916735925, -93.52341800130023, 0, 
objectives:
-91.02829797949892, -80.70991841280456, 8750.12483466773, 

