Generation 1362 at Fri May 24 19:48:14 2019
parameters:
0.05101637681523949, -100, 19.95971668145522, 
objectives:
-119.95711401075187, -76.24174615510238, 9981.042885989249, 

parameters:
3.0983916787498664, -1.7650047396044388, 1.8322087227791217, 
objectives:
6.0028175325628546, 1.2736682631216327, 11.883064002993427, 

parameters:
-1.6958343764164487, -6.895106025355425, 20, 
objectives:
-24.019251793119658, 26.764085712546134, 31.418341333128446, 

parameters:
-0.09310337269809921, -0.38187417318528993, 20, 
objectives:
-20.37320593517753, 23.999207555614866, -18.84550387784629, 

parameters:
1.9973066371654076, -100, 0, 
objectives:
-96.01076619713501, -99.99999274579665, 10004.989233802866, 

parameters:
0.4424000025740371, -93.89674749650885, 0.10882921561113522, 
objectives:
-93.80985894984248, -91.36180052891635, 8817.686078969808, 

parameters:
0.35213374808929077, -89.14846243535123, 14.122745967161697, 
objectives:
-103.14721022596952, -72.3102532840033, 7934.449606796612, 

parameters:
2.857827419331066, -99.04142617152183, 16.336604364661937, 
objectives:
-107.21085297750331, -81.9689539255037, 9802.034671283029, 

parameters:
0.2175046064363174, -96.39259989418025, 18.44494376589217, 
objectives:
-114.79023540625141, -74.77036630021234, 9274.135678847448, 

parameters:
2.7286693730646405, -82.37462368435794, 16.335897463492845, 
objectives:
-91.2648846003498, -65.50776716562268, 6777.688366223592, 

parameters:
0.09578385189692096, 2.596879119061885, 6.5811385304900085, 
objectives:
-3.975084865143912, 12.80405678824842, 1.1718171748138353, 

parameters:
0.8981781617596538, -70.30017063988122, 11.884526544803228, 
objectives:
-81.3779731744225, -57.20163273185465, 4932.036189461875, 

parameters:
-0.38597917027447215, -43.445792515707296, 0.7717589860162736, 
objectives:
-44.0685715818378, -36.981136928707365, 1887.9141082517576, 

parameters:
4.046356578564558, -63.716516703613664, 1.7628817316356398, 
objectives:
-49.106396874356626, -57.76605972534358, 4075.404620671136, 

parameters:
2.5690313632156796, -47.544152111577155, 16.313197803946885, 
objectives:
-57.257427770338225, -30.907157615307177, 2251.7331243500253, 

parameters:
2.463107389192827, -60.172539647862564, 19.955642441347667, 
objectives:
-74.06128407851392, -40.00242875258991, 3607.845783242941, 

parameters:
3.523573255270852, -34.3444605654301, 8.909886186460152, 
objectives:
-30.83877826663022, -23.113298914793322, 1184.047653829183, 

parameters:
0.8519013729041773, -75.6475448877721, 15.338882995528763, 
objectives:
-90.26069193414484, -58.990531434704025, 5708.937900501122, 

parameters:
3.2510316791566414, -85.35402604540143, 11.605063960622275, 
objectives:
-86.38988302714365, -72.18388182252566, 7285.273905177323, 

parameters:
0.04195166763066738, -55.65984696347135, 9.527770602795625, 
objectives:
-65.18585762384998, -42.2981230887814, 3089.4925533366722, 

parameters:
3.2518417941577624, -47.66694705624089, 0, 
objectives:
-37.092472002009714, -46.09983917864077, 2283.7123167167038, 

parameters:
2.914249638366889, -22.668036599332048, 0.5007085923309135, 
objectives:
-14.675894236941417, -21.331475605747148, 522.8320256310478, 

parameters:
3.4417910835663257, -24.204444073964808, 16.992830157578073, 
objectives:
-29.35134836862622, -5.132852387735376, 581.7082086350288, 

parameters:
1.0714881136950403, -77.86897580132496, 1.0171890996505217, 
objectives:
-77.73807812318573, -75.98965237866484, 6064.708290025472, 

parameters:
2.6186361438359635, -57.24394211624629, 3.439572854553449, 
objectives:
-53.82625971699565, -53.42165858323261, 3281.2865914074064, 

parameters:
0.974882714643178, -67.0869632034543, 15.58833294861455, 
objectives:
-81.7248998447588, -50.44776480610241, 4487.0226952203275, 

parameters:
-2.757937212628519, -51.78579873460931, 18.52219165305082, 
objectives:
-62.70177271885896, -10.625640562243241, 2671.852976597213, 

parameters:
-2.0047547420119165, -41.853567179913945, 16.983751870484756, 
objectives:
-54.818277474779435, -8.831754765762252, 1739.756375388704, 

parameters:
-1.1936746521429178, -20.79627148497182, 13.00206856331914, 
objectives:
-32.373480873122446, 2.4053548620875063, 421.9076982885015, 

parameters:
3.4316118579361703, -11.124972536407213, 8.43974462369053, 
objectives:
-7.788757216569609, -0.6357154009332309, 128.10122925565236, 

parameters:
2.405397407120348, -4.229984071684527, 11.425150554897035, 
objectives:
-9.86919794040027, 7.35951354091241, 13.253551377989064, 

parameters:
2.114599922455762, -30.421471849883314, 15.178258030736949, 
objectives:
-41.12819704857035, -15.2300806769195, 915.7592243145558, 

parameters:
3.474931942926289, -85.17855555781411, 3.1043102003983, 
objectives:
-76.20771375024293, -79.89882112115149, 7265.357168723195, 

parameters:
2.0064419572424006, -76.15199404374142, 12.43475412396553, 
objectives:
-84.56093883992425, -63.717198420962774, 5791.717252041846, 

parameters:
1.8990792631063385, -52.009469400602114, 9.989702769300127, 
objectives:
-58.39267012234173, -42.00958163616683, 2699.6017066104278, 

parameters:
3.561256275231141, -30.531588642222516, 12.518731328623087, 
objectives:
-30.367773712972422, -15.575336156650813, 933.341719947141, 

parameters:
-0.5413694270220248, -60.022082947150444, 4.942791078030492, 
objectives:
-64.67179316866678, -48.6207333045177, 3599.000731093092, 

parameters:
-0.09519998477559088, -6.235120314823936, 14.190413840624641, 
objectives:
-20.416471118347303, 12.345156502004341, 25.695374536806767, 

