Generation 1368 at Fri May 24 19:48:14 2019
parameters:
4.998445575281062, -15.966781205408214, 2.2517020543714725, 
objectives:
6.7659749092671415, -4.724403283114162, 278.6708581760523, 

parameters:
0.05101637681523949, -100, 19.95971668145522, 
objectives:
-119.95711401075187, -76.24174615510238, 9981.042885989249, 

parameters:
-1.2902762038832112, -3.9535907555049477, 20, 
objectives:
-22.288778073197676, 26.87232674233517, -1.7043074556785456, 

parameters:
-0.09310337269809921, -0.38187417318528993, 20, 
objectives:
-20.37320593517753, 23.999207555614866, -18.84550387784629, 

parameters:
1.9973066371654076, -100, 0, 
objectives:
-96.01076619713501, -99.99999274579665, 10004.989233802866, 

parameters:
4.40826874788748, -38.980670673385234, 8.430873860067924, 
objectives:
-27.978711179851715, -24.75003845126578, 1531.4946456404489, 

parameters:
2.463107389192827, -60.172539647862564, 19.955642441347667, 
objectives:
-74.06128407851392, -40.00242875258991, 3607.845783242941, 

parameters:
1.400720412005, -50.22217818345112, 16.37956035867968, 
objectives:
-64.63972086952334, -33.48348180018398, 2508.8496388042417, 

parameters:
2.5690313632156796, -47.544152111577155, 16.313197803946885, 
objectives:
-57.257427770338225, -30.907157615307177, 2251.7331243500253, 

parameters:
0.6626622121567554, -33.39128736328939, 16.18121456305757, 
objectives:
-49.133380718926475, -15.421600441438361, 1100.2359784221326, 

parameters:
1.9401112100020876, -28.141306237033103, 11.375713318201372, 
objectives:
-35.75298804805871, -16.762006251664317, 785.3214349154525, 

parameters:
0.974882714643178, -67.0869632034543, 15.58833294861455, 
objectives:
-81.7248998447588, -50.44776480610241, 4487.0226952203275, 

parameters:
-0.38597917027447215, -43.445792515707296, 0.7717589860162736, 
objectives:
-44.0685715818378, -36.981136928707365, 1887.9141082517576, 

parameters:
0.8519013729041773, -75.6475448877721, 15.338882995528763, 
objectives:
-90.26069193414484, -58.990531434704025, 5708.937900501122, 

parameters:
0.09578385189692096, 2.596879119061885, 6.5811385304900085, 
objectives:
-3.975084865143912, 12.80405678824842, 1.1718171748138353, 

parameters:
2.7286693730646405, -82.37462368435794, 16.335897463492845, 
objectives:
-91.2648846003498, -65.50776716562268, 6777.688366223592, 

parameters:
0.4424000025740371, -93.89674749650885, 0.10882921561113522, 
objectives:
-93.80985894984248, -91.36180052891635, 8817.686078969808, 

parameters:
3.0983916787498664, -1.7650047396044388, 1.8322087227791217, 
objectives:
6.0028175325628546, 1.2736682631216327, 11.883064002993427, 

parameters:
0.6464823433302924, -27.852279457435316, 20, 
objectives:
-47.43434003719749, -6.020269410518658, 757.1674103953112, 

parameters:
1.2929844378192592, -62.07355474520529, 5.888675206522847, 
objectives:
-66.29042119528535, -55.685008533516694, 3849.9093322559183, 

parameters:
-0.26129757670469234, -91.17720409876252, 0, 
objectives:
-91.10892767517078, -86.06373736835201, 8314.350823690987, 

parameters:
4.359986989940635, -12.78822355948787, 3.9531836020337594, 
objectives:
2.2680793909299726, -3.2655013647650493, 179.59496475785843, 

parameters:
0.8981781617596538, -70.30017063988122, 11.884526544803228, 
objectives:
-81.3779731744225, -57.20163273185465, 4932.036189461875, 

parameters:
0.2175046064363174, -96.39259989418025, 18.44494376589217, 
objectives:
-114.79023540625141, -74.77036630021234, 9274.135678847448, 

parameters:
2.857827419331066, -99.04142617152183, 16.336604364661937, 
objectives:
-107.21085297750331, -81.9689539255037, 9802.034671283029, 

parameters:
3.680164783070104, -0.08176163413654658, 20, 
objectives:
-6.538148803587122, 22.741192064132463, -5.449702204633898, 

parameters:
0.9557146843557001, -87.07165486616623, 16.288725442284278, 
objectives:
-102.44698975055739, -69.69239760341164, 7567.097746248378, 

parameters:
3.8920324920200158, -86.44037563604802, 1.9655853631170022, 
objectives:
-73.25804408022549, -80.89500332207155, 7486.120871656907, 

parameters:
1.7646034625818738, -65.66513731058404, 9.0679258031014, 
objectives:
-71.6192377335295, -56.54179997765419, 4306.956157594911, 

parameters:
1.6816335042678365, -96.54497589416992, 4.372742101605225, 
objectives:
-98.08982675309902, -92.07087656695992, 9320.387519546923, 

parameters:
3.1183010361004513, -89.21642319014957, 6.971352887286228, 
objectives:
-86.46397472569065, -80.99447309552, 7963.322615308317, 

parameters:
1.7639859258280293, -79.06400752403816, 9.759063850956782, 
objectives:
-85.71142502847557, -69.24924102987413, 6245.469868256726, 

parameters:
1.5488268515675756, -99.1549257050736, 16.737505275617956, 
objectives:
-113.49356636455482, -82.2138632195892, 9818.360650919183, 

parameters:
1.0714881136950403, -77.86897580132496, 1.0171890996505217, 
objectives:
-77.73807812318573, -75.98965237866484, 6064.708290025472, 

parameters:
4.114055509774542, -1.7660033605380492, 19.260748453680662, 
objectives:
-4.101299076712442, 21.963975791550713, 1.7834721532572892, 

parameters:
0.37596765030064394, -100, 1.4047947808089138, 
objectives:
-101.26344310673633, -95.95772414632107, 9999.736556893264, 

parameters:
-0.9603886531514716, -78.62403906504585, 2.691652714356646, 
objectives:
-80.3933454143004, -67.16848537298122, 6180.970212552602, 

