Generation 137 at Sat May 25 04:36:26 2019
parameters:
0, 0.0, 20.0, 
objectives:
-20.0, 24.0, -19.0, 

parameters:
0, 0.0, 20.0, 
objectives:
-20.0, 24.0, -19.0, 

parameters:
1.9954130956648328, 0.0, 20.0, 
objectives:
-16.01832657764929, 20.00002103969138, -15.018326577649288, 

parameters:
0.9900261770861913, 0.0, 20.0, 
objectives:
-19.019848168684103, 21.020047122971132, -18.019848168684103, 

parameters:
1.3150712495861174, 0.0, 20.0, 
objectives:
-18.270587608512006, 20.469127393143523, -17.27058760851201, 

parameters:
0.6408089141496238, 0.0, 20.0, 
objectives:
-19.58936393554638, 21.847400407855126, -18.58936393554638, 

parameters:
1.9317469799094926, 0.0, 20.0, 
objectives:
-16.268353605610553, 20.004658474751476, -15.268353605610555, 

parameters:
1.1333183177245765, 0.0, 20.0, 
objectives:
-18.715589590709936, 20.75113713839176, -17.715589590709936, 

parameters:
0.858799702951704, 0.0, 20.0, 
objectives:
-19.262463070210064, 21.30233811798312, -18.262463070210064, 

parameters:
1.6612817672566305, 0.0, 20.0, 
objectives:
-17.240142889780685, 20.114730041192793, -16.240142889780685, 

parameters:
0.7004063633859379, 0.0, 20.0, 
objectives:
-19.509430926128484, 21.688943620327763, -18.509430926128484, 

parameters:
0.7944402380089166, 0.0, 20.0, 
objectives:
-19.368864708232337, 21.453374339731997, -18.368864708232337, 

parameters:
0.5089103175372329, 0.0, 20.0, 
objectives:
-19.741010288704153, 22.223348441146914, -18.741010288704153, 

parameters:
1.5682261005393345, 0.0, 20.0, 
objectives:
-17.540666897587194, 20.18642870025547, -16.540666897587194, 

parameters:
0.2550732622111722, 0.0, 20.0, 
objectives:
-19.93493763090495, 23.04476932025036, -18.93493763090495, 

parameters:
1.8806255439345234, 0.0, 20.0, 
objectives:
-16.46324756350098, 20.014250260760928, -15.463247563500978, 

parameters:
1.8049397073970503, 0.0, 20.0, 
objectives:
-16.74219265266145, 20.038048517750347, -15.742192652661451, 

parameters:
1.481532301927968, 0.0, 20.0, 
objectives:
-17.805062038344015, 20.26880875394411, -16.805062038344015, 

parameters:
1.4137808909673737, 0.0, 20.0, 
objectives:
-18.0012235923355, 20.343652843795006, -17.0012235923355, 

parameters:
1.6273152654649585, 0.0, 20.0, 
objectives:
-17.351845026784712, 20.138893911355453, -16.351845026784712, 

parameters:
1.2554583828606847, 0.0, 20.0, 
objectives:
-18.423824248904836, 20.554342219652426, -17.423824248904836, 

parameters:
1.7409150677540892, 0.0, 20.0, 
objectives:
-16.969214726866774, 20.067125002116867, -15.969214726866774, 

parameters:
1.5192062249662612, 0.0, 20.0, 
objectives:
-17.69201244602376, 20.231162654111195, -16.69201244602376, 

parameters:
1.8409371446365494, 0.0, 20.0, 
objectives:
-16.61095042949743, 20.025300991956374, -15.610950429497429, 

parameters:
0.16682416639635392, 0.0, 20.0, 
objectives:
-19.97216969750616, 23.36053363690842, -18.97216969750616, 

parameters:
1.1931494152221318, 0.0, 20.0, 
objectives:
-18.576394472955084, 20.651007866156387, -17.576394472955084, 

parameters:
0.07345576029654255, 0.0, 20.0, 
objectives:
-19.994604251279256, 23.71157270753457, -18.994604251279256, 

parameters:
1.053644415054644, 0.0, 20.0, 
objectives:
-18.889833446624156, 20.895588893157267, -17.889833446624156, 

parameters:
1.748016667100309, 0.0, 20.0, 
objectives:
-16.944437731539526, 20.063495600059237, -15.944437731539526, 

parameters:
1.417550686769152, 0.0, 20.0, 
objectives:
-17.990550050440305, 20.339247202483087, -16.990550050440305, 

parameters:
0.41512339923481273, 0.0, 20.0, 
objectives:
-19.827672563407734, 22.511833839653015, -18.827672563407734, 

parameters:
0.33528945298218, 0.0, 20.0, 
objectives:
-19.887580982718912, 22.77126120535237, -18.88758098271891, 

parameters:
1.215571948125974, 0.0, 20.0, 
objectives:
-18.522384838929224, 20.61532736856688, -17.522384838929224, 

parameters:
0.1259834762930322, 0.0, 20.0, 
objectives:
-19.984128163701122, 23.51193793112675, -18.984128163701122, 

parameters:
1.053458607552489, 0.0, 20.0, 
objectives:
-18.89022496217357, 20.895940607616474, -17.89022496217357, 

parameters:
0.3262775009659469, 0.0, 20.0, 
objectives:
-19.893542992363418, 22.801347003772797, -18.893542992363418, 

parameters:
0.8441762113707351, 0.0, 20.0, 
objectives:
-19.28736652415575, 21.33592863036131, -18.28736652415575, 

parameters:
0.4323433717588024, 0.0, 20.0, 
objectives:
-19.81307920889623, 22.457547304068562, -18.81307920889623, 

parameters:
0.4815765947768229, 0.0, 20.0, 
objectives:
-19.76808398336316, 22.30560963752955, -18.76808398336316, 

parameters:
0.4868720044896477, 0.0, 20.0, 
objectives:
-19.762955651244233, 22.289556330797176, -18.762955651244233, 

parameters:
0, 0.0, 20.0, 
objectives:
-20.0, 24.0, -19.0, 

parameters:
0, 0.0, 20.0, 
objectives:
-20.0, 24.0, -19.0, 

parameters:
0, 0.0, 20.0, 
objectives:
-20.0, 24.0, -19.0, 

