Generation 1371 at Fri May 24 19:48:14 2019
parameters:
4.998445575281062, -15.966781205408214, 2.2517020543714725, 
objectives:
6.7659749092671415, -4.724403283114162, 278.6708581760523, 

parameters:
0.05101637681523949, -100, 19.95971668145522, 
objectives:
-119.95711401075187, -76.24174615510238, 9981.042885989249, 

parameters:
-0.09310337269809921, -0.38187417318528993, 20, 
objectives:
-20.37320593517753, 23.999207555614866, -18.84550387784629, 

parameters:
1.9973066371654076, -100, 0, 
objectives:
-96.01076619713501, -99.99999274579665, 10004.989233802866, 

parameters:
0.974882714643178, -67.0869632034543, 15.58833294861455, 
objectives:
-81.7248998447588, -50.44776480610241, 4487.0226952203275, 

parameters:
2.7286693730646405, -82.37462368435794, 16.335897463492845, 
objectives:
-91.2648846003498, -65.50776716562268, 6777.688366223592, 

parameters:
2.463107389192827, -60.172539647862564, 19.955642441347667, 
objectives:
-74.06128407851392, -40.00242875258991, 3607.845783242941, 

parameters:
0.09578385189692096, 2.596879119061885, 6.5811385304900085, 
objectives:
-3.975084865143912, 12.80405678824842, 1.1718171748138353, 

parameters:
0.7308799237647148, -95.99979190989161, 16.566754969593916, 
objectives:
-112.03236141652322, -77.82237117239424, 9200.92747723586, 

parameters:
0.4424000025740371, -93.89674749650885, 0.10882921561113522, 
objectives:
-93.80985894984248, -91.36180052891635, 8817.686078969808, 

parameters:
1.1623387234686724, -45.432305922738045, 16.545213563049746, 
objectives:
-60.626488177713014, -28.185415945488206, 2049.9002392022835, 

parameters:
-0.256808995228643, -23.05454527515663, 20, 
objectives:
-42.988594415126286, 2.0386415657882857, 512.5780087042773, 

parameters:
1.400720412005, -50.22217818345112, 16.37956035867968, 
objectives:
-64.63972086952334, -33.48348180018398, 2508.8496388042417, 

parameters:
0.2636055169382103, -56.64784720065854, 19.642228205059748, 
objectives:
-76.22058753715802, -33.990553194791374, 3190.405852132658, 

parameters:
0.6626622121567554, -33.39128736328939, 16.18121456305757, 
objectives:
-49.133380718926475, -15.421600441438361, 1100.2359784221326, 

parameters:
2.857827419331066, -99.04142617152183, 16.336604364661937, 
objectives:
-107.21085297750331, -81.9689539255037, 9802.034671283029, 

parameters:
0.18268283386182038, -37.97991858988236, 17.254454619143836, 
objectives:
-55.20100019123841, -17.422822288398017, 1426.2531344927356, 

parameters:
0.9557146843557001, -87.07165486616623, 16.288725442284278, 
objectives:
-102.44698975055739, -69.69239760341164, 7567.097746248378, 

parameters:
0.8981781617596538, -70.30017063988122, 11.884526544803228, 
objectives:
-81.3779731744225, -57.20163273185465, 4932.036189461875, 

parameters:
0.8519013729041773, -75.6475448877721, 15.338882995528763, 
objectives:
-90.26069193414484, -58.990531434704025, 5708.937900501122, 

parameters:
-0.26129757670469234, -91.17720409876252, 0, 
objectives:
-91.10892767517078, -86.06373736835201, 8314.350823690987, 

parameters:
4.094792325418728, -6.088650636562665, 19.591377796183036, 
objectives:
-8.912704244437585, 17.890882046253573, 35.24761296624003, 

parameters:
3.1443174914305994, -69.46303270787173, 8.503068953487102, 
objectives:
-68.07936917444242, -59.65050123319061, 4827.496576508287, 

parameters:
0.6464823433302924, -27.852279457435316, 20, 
objectives:
-47.43434003719749, -6.020269410518658, 757.1674103953112, 

parameters:
3.197562573246759, -75.66050171120501, 0, 
objectives:
-65.43609530137658, -74.22634559436362, 5735.735925601086, 

parameters:
4.530901243275462, -30.50617090839263, 1.9031537992732739, 
objectives:
-11.880258631350774, -22.197556005906076, 950.2523757691026, 

parameters:
4.40826874788748, -38.980670673385234, 8.430873860067924, 
objectives:
-27.978711179851715, -24.75003845126578, 1531.4946456404489, 

parameters:
-0.38597917027447215, -43.445792515707296, 0.7717589860162736, 
objectives:
-44.0685715818378, -36.981136928707365, 1887.9141082517576, 

parameters:
1.784147231876242, -86.43478247295889, 12.18030276973779, 
objectives:
-95.43190389768502, -74.2078872857144, 7462.974499722995, 

parameters:
1.9997302070058918, -21.164890900765208, 20, 
objectives:
-37.16596999995338, -1.1648908279769472, 432.9515277421057, 

parameters:
1.9401112100020876, -28.141306237033103, 11.375713318201372, 
objectives:
-35.75298804805871, -16.762006251664317, 785.3214349154525, 

parameters:
-0.45268264179685724, -18.94566612284013, 9.29054898638208, 
objectives:
-28.031293535038024, -3.63946499508644, 350.8526374259343, 

parameters:
0.6477412924746903, 2.1521379541356964, 17.647960081482054, 
objectives:
-15.076253345369576, 21.62870164769577, -11.596693525873892, 

parameters:
-1.836571737532014, -89.68121036526462, 16.73915287091929, 
objectives:
-103.04736748908255, -58.22277479711591, 8030.353335455028, 

parameters:
-1.7180595243929093, -86.92460073949601, 20, 
objectives:
-103.97287221013883, -53.10063411256719, 7539.8379422501475, 

parameters:
3.8920324920200158, -86.44037563604802, 1.9655853631170022, 
objectives:
-73.25804408022549, -80.89500332207155, 7486.120871656907, 

parameters:
-0.22373491802140633, -2.7670049028063106, 20.0, 
objectives:
-22.716947589264265, 22.177992082821362, -11.293626554303794, 

