Generation 1375 at Fri May 24 19:48:14 2019
parameters:
1.3336210857320712, 1.2965383455716832, 1.7263685473177457, 
objectives:
1.3487149985631257, 3.4669677502703324, 2.7331883345292, 

parameters:
0.05101637681523949, -100, 19.95971668145522, 
objectives:
-119.95711401075187, -76.24174615510238, 9981.042885989249, 

parameters:
-0.09310337269809921, -0.38187417318528993, 20, 
objectives:
-20.37320593517753, 23.999207555614866, -18.84550387784629, 

parameters:
1.9973066371654076, -100, 0, 
objectives:
-96.01076619713501, -99.99999274579665, 10004.989233802866, 

parameters:
1.1636963489611127, -6.265007910964066, 19.14975082535397, 
objectives:
-24.060569543732612, 13.584146711130877, 22.454762491673783, 

parameters:
0.4424000025740371, -93.89674749650885, 0.10882921561113522, 
objectives:
-93.80985894984248, -91.36180052891635, 8817.686078969808, 

parameters:
0.9557146843557001, -87.07165486616623, 16.288725442284278, 
objectives:
-102.44698975055739, -69.69239760341164, 7567.097746248378, 

parameters:
3.197562573246759, -75.66050171120501, 0, 
objectives:
-65.43609530137658, -74.22634559436362, 5735.735925601086, 

parameters:
1.1623387234686724, -45.432305922738045, 16.545213563049746, 
objectives:
-60.626488177713014, -28.185415945488206, 2049.9002392022835, 

parameters:
0.7308799237647148, -95.99979190989161, 16.566754969593916, 
objectives:
-112.03236141652322, -77.82237117239424, 9200.92747723586, 

parameters:
2.7286693730646405, -82.37462368435794, 16.335897463492845, 
objectives:
-91.2648846003498, -65.50776716562268, 6777.688366223592, 

parameters:
2.598674638270054, -11.842151069139057, 3.3191967986433255, 
objectives:
-8.408237992194387, -8.16454294798795, 144.67045502125598, 

parameters:
3.011250124330461, -38.7887343335716, 2.532323222745357, 
objectives:
-32.25343024503673, -35.23378429686787, 1512.1012152889307, 

parameters:
2.857827419331066, -99.04142617152183, 16.336604364661937, 
objectives:
-107.21085297750331, -81.9689539255037, 9802.034671283029, 

parameters:
0.974882714643178, -67.0869632034543, 15.58833294861455, 
objectives:
-81.7248998447588, -50.44776480610241, 4487.0226952203275, 

parameters:
2.463107389192827, -60.172539647862564, 19.955642441347667, 
objectives:
-74.06128407851392, -40.00242875258991, 3607.845783242941, 

parameters:
3.3665787112085894, -82.62796733177439, 8.360431441615251, 
objectives:
-79.65454655462675, -72.39999851623061, 6831.354406157923, 

parameters:
1.9181024741440789, -61.38166398495544, 14.90300538400535, 
objectives:
-72.60555226764315, -46.471951396208766, 3757.484785279288, 

parameters:
0.19992708630752176, -33.95426373813015, 6.844319260823085, 
objectives:
-40.758612159113824, -23.869681982697738, 1147.0876775775166, 

parameters:
4.530901243275462, -30.50617090839263, 1.9031537992732739, 
objectives:
-11.880258631350774, -22.197556005906076, 950.2523757691026, 

parameters:
3.2617069534609007, -51.98784986909821, 8.008090811205081, 
objectives:
-49.357208430048104, -42.387854621481544, 2706.367175450945, 

parameters:
-0.40755155259575204, -55.99839162339494, 16.94079623637991, 
objectives:
-72.77308959175164, -33.261290908608814, 3120.0451664387515, 

parameters:
-1.9051639368982496, -88.81276507054797, 19.958288150788505, 
objectives:
-105.14140359487884, -53.60417154570882, 7872.3786009520145, 

parameters:
-0.8258095233309994, -42.07985698125182, 17.434740000694465, 
objectives:
-58.83263561312211, -16.659917518409184, 1754.9615849307374, 

parameters:
-0.26129757670469234, -91.17720409876252, 0, 
objectives:
-91.10892767517078, -86.06373736835201, 8314.350823690987, 

parameters:
0.6464823433302924, -27.852279457435316, 20, 
objectives:
-47.43434003719749, -6.020269410518658, 757.1674103953112, 

parameters:
1.9997302070058918, -21.164890900765208, 20, 
objectives:
-37.16596999995338, -1.1648908279769472, 432.9515277421057, 

parameters:
4.444823925762877, -67.81320568409545, 1.7721594744381002, 
objectives:
-49.828905427499436, -60.06388218167474, 4617.615165410031, 

parameters:
0.8336047748489106, -73.72646693015494, 16.53522411780934, 
objectives:
-89.56679412731337, -55.83076499109035, 5420.751598806071, 

parameters:
-0.13772635905131114, -33.57033944706177, 14.295829454487361, 
objectives:
-47.8472003515716, -14.704636006391635, 1113.6908296864415, 

parameters:
2.1081388219123465, -24.219378806658, 4.114854957261803, 
objectives:
-23.88998447146583, -20.092829844591606, 587.9077041155867, 

parameters:
3.1443174914305994, -69.46303270787173, 8.503068953487102, 
objectives:
-68.07936917444242, -59.65050123319061, 4827.496576508287, 

parameters:
-0.5400166493826735, -69.22994161589477, 17.663992370556166, 
objectives:
-86.60231600484045, -45.11426466619742, 4776.412441751253, 

parameters:
2.76285804084469, -22.26633524745898, 20, 
objectives:
-34.63295069359882, -1.6843828569775816, 484.42306990609427, 

parameters:
-0.5666292002911795, -34.13920850552865, 20, 
objectives:
-53.81813985490603, -7.551623053741309, 1146.8066260345825, 

parameters:
0.9314591874204634, -73.07601292606249, 14.697110160965007, 
objectives:
-86.90550686919751, -57.23712329694935, 5327.274171226917, 

parameters:
0.8981781617596538, -70.30017063988122, 11.884526544803228, 
objectives:
-81.3779731744225, -57.20163273185465, 4932.036189461875, 

parameters:
1.4472060843425802, -100, 13.66727326870994, 
objectives:
-111.57286781815175, -86.02714561810221, 9989.427132181849, 

