Generation 138 at Sat May 25 04:36:26 2019
parameters:
0, 0.0, 20.0, 
objectives:
-20.0, 24.0, -19.0, 

parameters:
0, 0.0, 20.0, 
objectives:
-20.0, 24.0, -19.0, 

parameters:
1.9954130956648328, 0.0, 20.0, 
objectives:
-16.01832657764929, 20.00002103969138, -15.018326577649288, 

parameters:
0.5089103175372329, 0.0, 20.0, 
objectives:
-19.741010288704153, 22.223348441146914, -18.741010288704153, 

parameters:
0.2550732622111722, 0.0, 20.0, 
objectives:
-19.93493763090495, 23.04476932025036, -18.93493763090495, 

parameters:
1.3150712495861174, 0.0, 20.0, 
objectives:
-18.270587608512006, 20.469127393143523, -17.27058760851201, 

parameters:
0.858799702951704, 0.0, 20.0, 
objectives:
-19.262463070210064, 21.30233811798312, -18.262463070210064, 

parameters:
1.9317469799094926, 0.0, 20.0, 
objectives:
-16.268353605610553, 20.004658474751476, -15.268353605610555, 

parameters:
0.7944402380089166, 0.0, 20.0, 
objectives:
-19.368864708232337, 21.453374339731997, -18.368864708232337, 

parameters:
1.053644415054644, 0.0, 20.0, 
objectives:
-18.889833446624156, 20.895588893157267, -17.889833446624156, 

parameters:
1.1333183177245765, 0.0, 20.0, 
objectives:
-18.715589590709936, 20.75113713839176, -17.715589590709936, 

parameters:
1.6612817672566305, 0.0, 20.0, 
objectives:
-17.240142889780685, 20.114730041192793, -16.240142889780685, 

parameters:
0.7004063633859379, 0.0, 20.0, 
objectives:
-19.509430926128484, 21.688943620327763, -18.509430926128484, 

parameters:
1.2554583828606847, 0.0, 20.0, 
objectives:
-18.423824248904836, 20.554342219652426, -17.423824248904836, 

parameters:
1.1931494152221318, 0.0, 20.0, 
objectives:
-18.576394472955084, 20.651007866156387, -17.576394472955084, 

parameters:
1.5682261005393345, 0.0, 20.0, 
objectives:
-17.540666897587194, 20.18642870025547, -16.540666897587194, 

parameters:
1.8806255439345234, 0.0, 20.0, 
objectives:
-16.46324756350098, 20.014250260760928, -15.463247563500978, 

parameters:
1.8049397073970503, 0.0, 20.0, 
objectives:
-16.74219265266145, 20.038048517750347, -15.742192652661451, 

parameters:
1.481532301927968, 0.0, 20.0, 
objectives:
-17.805062038344015, 20.26880875394411, -16.805062038344015, 

parameters:
0.9659670594792652, 0.0, 20.0, 
objectives:
-19.06690764000098, 21.06922412208196, -18.06690764000098, 

parameters:
1.4137808909673737, 0.0, 20.0, 
objectives:
-18.0012235923355, 20.343652843795006, -17.0012235923355, 

parameters:
0.5990379337447509, 0.0, 20.0, 
objectives:
-19.64115355393482, 21.962694711086176, -18.64115355393482, 

parameters:
1.6273152654649585, 0.0, 20.0, 
objectives:
-17.351845026784712, 20.138893911355453, -16.351845026784712, 

parameters:
1.7409150677540892, 0.0, 20.0, 
objectives:
-16.969214726866774, 20.067125002116867, -15.969214726866774, 

parameters:
1.8409371446365494, 0.0, 20.0, 
objectives:
-16.61095042949743, 20.025300991956374, -15.610950429497429, 

parameters:
0.6408089141496238, 0.0, 20.0, 
objectives:
-19.58936393554638, 21.847400407855126, -18.58936393554638, 

parameters:
0.07345576029654255, 0.0, 20.0, 
objectives:
-19.994604251279256, 23.71157270753457, -18.994604251279256, 

parameters:
1.748016667100309, 0.0, 20.0, 
objectives:
-16.944437731539526, 20.063495600059237, -15.944437731539526, 

parameters:
1.417550686769152, 0.0, 20.0, 
objectives:
-17.990550050440305, 20.339247202483087, -16.990550050440305, 

parameters:
0.16682416639635392, 0.0, 20.0, 
objectives:
-19.97216969750616, 23.36053363690842, -18.97216969750616, 

parameters:
0.9900261770861913, 0.0, 20.0, 
objectives:
-19.019848168684103, 21.020047122971132, -18.019848168684103, 

parameters:
0.1524229057250694, 0.0, 20.0, 
objectives:
-19.976767257810327, 23.413541119289395, -18.976767257810327, 

parameters:
1.5258772883606866, 0.0, 20.0, 
objectives:
-17.671698500865038, 20.224792345692215, -16.671698500865038, 

parameters:
1.5192062249662612, 0.0, 20.0, 
objectives:
-17.69201244602376, 20.231162654111195, -16.69201244602376, 

parameters:
0.035421604906517225, 0.0, 20.0, 
objectives:
-19.998745309905846, 23.859568270468085, -18.998745309905846, 

parameters:
0.9796161942964834, 0.0, 20.0, 
objectives:
-19.040352111872075, 21.041183110941994, -18.040352111872075, 

parameters:
0.012994182630038405, 0.0, 20.0, 
objectives:
-19.999831151217776, 23.94819211826207, -18.999831151217776, 

parameters:
0, 0.0, 20.0, 
objectives:
-20.0, 24.0, -19.0, 

parameters:
0, 0.0, 20.0, 
objectives:
-20.0, 24.0, -19.0, 

