Generation 1382 at Fri May 24 19:48:14 2019
parameters:
1.3336210857320712, 1.2965383455716832, 1.7263685473177457, 
objectives:
1.3487149985631257, 3.4669677502703324, 2.7331883345292, 

parameters:
0.05101637681523949, -100, 19.95971668145522, 
objectives:
-119.95711401075187, -76.24174615510238, 9981.042885989249, 

parameters:
-3.2641803818190525, -17.774017966990584, 17.15365640413554, 
objectives:
-24.272800806073747, 27.09123352947354, 310.41693185182095, 

parameters:
-0.09310337269809921, -0.38187417318528993, 20, 
objectives:
-20.37320593517753, 23.999207555614866, -18.84550387784629, 

parameters:
1.9973066371654076, -100, 0, 
objectives:
-96.01076619713501, -99.99999274579665, 10004.989233802866, 

parameters:
0.974882714643178, -67.0869632034543, 15.58833294861455, 
objectives:
-81.7248998447588, -50.44776480610241, 4487.0226952203275, 

parameters:
2.9508777019625585, -11.062444612909943, 0, 
objectives:
-2.3547654009701127, -10.158276208820347, 132.08536002564003, 

parameters:
2.463107389192827, -60.172539647862564, 19.955642441347667, 
objectives:
-74.06128407851392, -40.00242875258991, 3607.845783242941, 

parameters:
0.7308799237647148, -95.99979190989161, 16.566754969593916, 
objectives:
-112.03236141652322, -77.82237117239424, 9200.92747723586, 

parameters:
0.4424000025740371, -93.89674749650885, 0.10882921561113522, 
objectives:
-93.80985894984248, -91.36180052891635, 8817.686078969808, 

parameters:
3.83801339825437, -65.12947235338, 0.017179094663363752, 
objectives:
-50.4163046028633, -61.734000006554055, 4257.561336780206, 

parameters:
0.8336047748489106, -73.72646693015494, 16.53522411780934, 
objectives:
-89.56679412731337, -55.83076499109035, 5420.751598806071, 

parameters:
2.3551419573798946, 8.44077477978512, 13.059132122547965, 
objectives:
0.9283362966483573, 21.626032712224706, 64.73424039991977, 

parameters:
-0.40755155259575204, -55.99839162339494, 16.94079623637991, 
objectives:
-72.77308959175164, -33.261290908608814, 3120.0451664387515, 

parameters:
1.4265154338029473, -78.7298401725882, 10.792550994836901, 
objectives:
-87.48744488454709, -67.60840463008508, 6190.630128889323, 

parameters:
0.6735366316930165, -51.05063737197097, 19.548487709800096, 
objectives:
-70.1454734875387, -29.742644594710566, 2588.0727399689113, 

parameters:
0.6464823433302924, -27.852279457435316, 20, 
objectives:
-47.43434003719749, -6.020269410518658, 757.1674103953112, 

parameters:
3.1526738385294024, -84.95792722737141, 3.326166390266537, 
objectives:
-78.34474128549023, -80.30310385907477, 7225.462584713218, 

parameters:
2.857827419331066, -99.04142617152183, 16.336604364661937, 
objectives:
-107.21085297750331, -81.9689539255037, 9802.034671283029, 

parameters:
2.7286693730646405, -82.37462368435794, 16.335897463492845, 
objectives:
-91.2648846003498, -65.50776716562268, 6777.688366223592, 

parameters:
-0.8258095233309994, -42.07985698125182, 17.434740000694465, 
objectives:
-58.83263561312211, -16.659917518409184, 1754.9615849307374, 

parameters:
0.43614376303804403, -38.19758129334941, 15.929370452738318, 
objectives:
-53.93673036405074, -19.82256451072628, 1444.3160675913352, 

parameters:
-0.08620389936589179, -18.535006309826485, 17.075716720283733, 
objectives:
-35.60329191784433, 2.8929571201867006, 327.4781732972898, 

parameters:
-0.7035828476647654, -33.079084448861195, 1.8059339641209937, 
objectives:
-34.38998958945413, -23.96379027055308, 1093.9149228342976, 

parameters:
3.197562573246759, -75.66050171120501, 0, 
objectives:
-65.43609530137658, -74.22634559436362, 5735.735925601086, 

parameters:
-1.5178058616382384, -46.42526893893752, 20, 
objectives:
-64.12153430531413, -14.050310858761172, 2138.6093306863, 

parameters:
-1.466829699793116, -73.97516333156969, 19.03336031294581, 
objectives:
-90.85693427632035, -42.92289485125625, 5456.443018987662, 

parameters:
0.9557146843557001, -87.07165486616623, 16.288725442284278, 
objectives:
-102.44698975055739, -69.69239760341164, 7567.097746248378, 

parameters:
0.15918384876804992, -23.173293743728163, 5.433210187042172, 
objectives:
-28.581164433061723, -14.351479454049581, 532.5936722437773, 

parameters:
1.4063696048405596, -87.54382778474994, 14.945806452657838, 
objectives:
-100.51175877198838, -72.24562428603495, 7651.953852218716, 

parameters:
2.6458663306371095, -47.91200693083421, 16.28362591395583, 
objectives:
-57.19502420519096, -31.211237699827734, 2287.2773908659487, 

parameters:
-0.26129757670469234, -91.17720409876252, 0, 
objectives:
-91.10892767517078, -86.06373736835201, 8314.350823690987, 

parameters:
2.80657195640054, -90.05651184199662, 15.653439287859523, 
objectives:
-97.8331049834022, -73.7525142332853, 8103.398732006273, 

parameters:
3.788599336763984, -37.40050943010198, 19.623027919402457, 
objectives:
-42.670052414975935, -14.578393923226958, 1394.528562646273, 

parameters:
-0.06240106932312289, -91.92710257464256, 14.022159374667432, 
objectives:
-105.94536805585733, -73.65144502922996, 8437.573922287638, 

parameters:
2.023060648097054, -26.389607893948824, 18.06436464173487, 
objectives:
-40.36119814980482, -8.3247114587233, 683.4398145405102, 

parameters:
0.19992708630752176, -33.95426373813015, 6.844319260823085, 
objectives:
-40.758612159113824, -23.869681982697738, 1147.0876775775166, 

