Generation 1384 at Fri May 24 19:48:14 2019
parameters:
0.05101637681523949, -100, 19.95971668145522, 
objectives:
-119.95711401075187, -76.24174615510238, 9981.042885989249, 

parameters:
1.3336210857320712, 1.2965383455716832, 1.7263685473177457, 
objectives:
1.3487149985631257, 3.4669677502703324, 2.7331883345292, 

parameters:
-3.2641803818190525, -17.774017966990584, 17.15365640413554, 
objectives:
-24.272800806073747, 27.09123352947354, 310.41693185182095, 

parameters:
-0.09310337269809921, -0.38187417318528993, 20, 
objectives:
-20.37320593517753, 23.999207555614866, -18.84550387784629, 

parameters:
1.9973066371654076, -100, 0, 
objectives:
-96.01076619713501, -99.99999274579665, 10004.989233802866, 

parameters:
2.463107389192827, -60.172539647862564, 19.955642441347667, 
objectives:
-74.06128407851392, -40.00242875258991, 3607.845783242941, 

parameters:
-1.224713783730604, -22.533408365644892, 17.948151538588515, 
objectives:
-38.98163605217367, 5.813522159925771, 492.30626488638643, 

parameters:
0.4424000025740371, -93.89674749650885, 0.10882921561113522, 
objectives:
-93.80985894984248, -91.36180052891635, 8817.686078969808, 

parameters:
1.61733670693543, 0.47357014844161327, 19.73421939064228, 
objectives:
-16.644871218599928, 20.354220734942913, -15.894172681546529, 

parameters:
0.6464823433302924, -27.852279457435316, 20, 
objectives:
-47.43434003719749, -6.020269410518658, 757.1674103953112, 

parameters:
0.974882714643178, -67.0869632034543, 15.58833294861455, 
objectives:
-81.7248998447588, -50.44776480610241, 4487.0226952203275, 

parameters:
-0.40755155259575204, -55.99839162339494, 16.94079623637991, 
objectives:
-72.77308959175164, -33.261290908608814, 3120.0451664387515, 

parameters:
3.83801339825437, -65.12947235338, 0.017179094663363752, 
objectives:
-50.4163046028633, -61.734000006554055, 4257.561336780206, 

parameters:
1.8807404406143293, -90.98283674630726, 17.184394154346215, 
objectives:
-104.6300462956913, -73.78421974945618, 8265.229372855814, 

parameters:
0.6735366316930165, -51.05063737197097, 19.548487709800096, 
objectives:
-70.1454734875387, -29.742644594710566, 2588.0727399689113, 

parameters:
-0.050751366954151333, -87.62622099205583, 16.009684565813355, 
objectives:
-103.63332985662147, -67.41095525717816, 7663.347496484042, 

parameters:
1.4265154338029473, -78.7298401725882, 10.792550994836901, 
objectives:
-87.48744488454709, -67.60840463008508, 6190.630128889323, 

parameters:
1.034401513306569, -70.55911364686861, 16.014893660938146, 
objectives:
-85.50402081707583, -53.61183954842582, 4964.643611461513, 

parameters:
2.7286693730646405, -82.37462368435794, 16.335897463492845, 
objectives:
-91.2648846003498, -65.50776716562268, 6777.688366223592, 

parameters:
-0.7035828476647654, -33.079084448861195, 1.8059339641209937, 
objectives:
-34.38998958945413, -23.96379027055308, 1093.9149228342976, 

parameters:
5.053829865726961, -32.24381004391796, 0, 
objectives:
-6.702613732204171, -22.917933195112013, 1066.2044824599784, 

parameters:
3.1526738385294024, -84.95792722737141, 3.326166390266537, 
objectives:
-78.34474128549023, -80.30310385907477, 7225.462584713218, 

parameters:
-1.5178058616382384, -46.42526893893752, 20, 
objectives:
-64.12153430531413, -14.050310858761172, 2138.6093306863, 

parameters:
0.8336047748489106, -73.72646693015494, 16.53522411780934, 
objectives:
-89.56679412731337, -55.83076499109035, 5420.751598806071, 

parameters:
2.857827419331066, -99.04142617152183, 16.336604364661937, 
objectives:
-107.21085297750331, -81.9689539255037, 9802.034671283029, 

parameters:
0.7308799237647148, -95.99979190989161, 16.566754969593916, 
objectives:
-112.03236141652322, -77.82237117239424, 9200.92747723586, 

parameters:
2.9508777019625585, -11.062444612909943, 0, 
objectives:
-2.3547654009701127, -10.158276208820347, 132.08536002564003, 

parameters:
0.43614376303804403, -38.19758129334941, 15.929370452738318, 
objectives:
-53.93673036405074, -19.82256451072628, 1444.3160675913352, 

parameters:
3.197562573246759, -75.66050171120501, 0, 
objectives:
-65.43609530137658, -74.22634559436362, 5735.735925601086, 

parameters:
-0.8258095233309994, -42.07985698125182, 17.434740000694465, 
objectives:
-58.83263561312211, -16.659917518409184, 1754.9615849307374, 

parameters:
1.9677570814164804, -100, 16.231414814594853, 
objectives:
-112.35934688313016, -83.76754557960636, 9988.64065311687, 

parameters:
-0.08620389936589179, -18.535006309826485, 17.075716720283733, 
objectives:
-35.60329191784433, 2.8929571201867006, 327.4781732972898, 

parameters:
-2.1590272072357153, -50.49236456558954, 14.15286167621076, 
objectives:
-59.98382776021625, -19.041995578851868, 2540.9874162297756, 

parameters:
0.9163008351778426, -100, 19.961676247420414, 
objectives:
-119.12206902687281, -78.86391987274334, 9981.877930973127, 

parameters:
2.8481588368541413, -40.652735038499145, 16.74598307854532, 
objectives:
-49.286709357094125, -23.187378547420057, 1645.0108917918212, 

