Generation 1385 at Fri May 24 19:48:14 2019
parameters:
1.3336210857320712, 1.2965383455716832, 1.7263685473177457, 
objectives:
1.3487149985631257, 3.4669677502703324, 2.7331883345292, 

parameters:
0.05101637681523949, -100, 19.95971668145522, 
objectives:
-119.95711401075187, -76.24174615510238, 9981.042885989249, 

parameters:
-3.2641803818190525, -17.774017966990584, 17.15365640413554, 
objectives:
-24.272800806073747, 27.09123352947354, 310.41693185182095, 

parameters:
-0.09310337269809921, -0.38187417318528993, 20, 
objectives:
-20.37320593517753, 23.999207555614866, -18.84550387784629, 

parameters:
1.9973066371654076, -100, 0, 
objectives:
-96.01076619713501, -99.99999274579665, 10004.989233802866, 

parameters:
2.463107389192827, -60.172539647862564, 19.955642441347667, 
objectives:
-74.06128407851392, -40.00242875258991, 3607.845783242941, 

parameters:
-1.224713783730604, -22.533408365644892, 17.948151538588515, 
objectives:
-38.98163605217367, 5.813522159925771, 492.30626488638643, 

parameters:
1.61733670693543, 0.47357014844161327, 19.73421939064228, 
objectives:
-16.644871218599928, 20.354220734942913, -15.894172681546529, 

parameters:
0.974882714643178, -67.0869632034543, 15.58833294861455, 
objectives:
-81.7248998447588, -50.44776480610241, 4487.0226952203275, 

parameters:
0.4424000025740371, -93.89674749650885, 0.10882921561113522, 
objectives:
-93.80985894984248, -91.36180052891635, 8817.686078969808, 

parameters:
3.83801339825437, -65.12947235338, 0.017179094663363752, 
objectives:
-50.4163046028633, -61.734000006554055, 4257.561336780206, 

parameters:
1.8807404406143293, -90.98283674630726, 17.184394154346215, 
objectives:
-104.6300462956913, -73.78421974945618, 8265.229372855814, 

parameters:
-0.7035828476647654, -33.079084448861195, 1.8059339641209937, 
objectives:
-34.38998958945413, -23.96379027055308, 1093.9149228342976, 

parameters:
2.857827419331066, -99.04142617152183, 16.336604364661937, 
objectives:
-107.21085297750331, -81.9689539255037, 9802.034671283029, 

parameters:
0.6464823433302924, -27.852279457435316, 20, 
objectives:
-47.43434003719749, -6.020269410518658, 757.1674103953112, 

parameters:
-0.40755155259575204, -55.99839162339494, 16.94079623637991, 
objectives:
-72.77308959175164, -33.261290908608814, 3120.0451664387515, 

parameters:
1.4265154338029473, -78.7298401725882, 10.792550994836901, 
objectives:
-87.48744488454709, -67.60840463008508, 6190.630128889323, 

parameters:
2.7286693730646405, -82.37462368435794, 16.335897463492845, 
objectives:
-91.2648846003498, -65.50776716562268, 6777.688366223592, 

parameters:
5.053829865726961, -32.24381004391796, 0, 
objectives:
-6.702613732204171, -22.917933195112013, 1066.2044824599784, 

parameters:
0.7308799237647148, -95.99979190989161, 16.566754969593916, 
objectives:
-112.03236141652322, -77.82237117239424, 9200.92747723586, 

parameters:
0.43614376303804403, -38.19758129334941, 15.929370452738318, 
objectives:
-53.93673036405074, -19.82256451072628, 1444.3160675913352, 

parameters:
3.1526738385294024, -84.95792722737141, 3.326166390266537, 
objectives:
-78.34474128549023, -80.30310385907477, 7225.462584713218, 

parameters:
2.9508777019625585, -11.062444612909943, 0, 
objectives:
-2.3547654009701127, -10.158276208820347, 132.08536002564003, 

parameters:
-0.8258095233309994, -42.07985698125182, 17.434740000694465, 
objectives:
-58.83263561312211, -16.659917518409184, 1754.9615849307374, 

parameters:
-0.050751366954151333, -87.62622099205583, 16.009684565813355, 
objectives:
-103.63332985662147, -67.41095525717816, 7663.347496484042, 

parameters:
-0.08601285498650912, -97.50040929296037, 0, 
objectives:
-97.49301108173744, -93.14895966179141, 9507.337210506015, 

parameters:
3.197562573246759, -75.66050171120501, 0, 
objectives:
-65.43609530137658, -74.22634559436362, 5735.735925601086, 

parameters:
-1.5178058616382384, -46.42526893893752, 20, 
objectives:
-64.12153430531413, -14.050310858761172, 2138.6093306863, 

parameters:
1.034401513306569, -70.55911364686861, 16.014893660938146, 
objectives:
-85.50402081707583, -53.61183954842582, 4964.643611461513, 

parameters:
1.4505407334831784, -71.63730770192869, 15.42940579999137, 
objectives:
-84.96264508242615, -55.90599641637611, 5119.578517400314, 

parameters:
0.6735366316930165, -51.05063737197097, 19.548487709800096, 
objectives:
-70.1454734875387, -29.742644594710566, 2588.0727399689113, 

parameters:
0.8336047748489106, -73.72646693015494, 16.53522411780934, 
objectives:
-89.56679412731337, -55.83076499109035, 5420.751598806071, 

parameters:
0.4577289835412476, -100, 1.655173218173445, 
objectives:
-101.44565739579974, -95.96622689361784, 9999.554342604199, 

parameters:
0.21627728675512659, -51.779116500183775, 16.491837981658914, 
objectives:
-68.22417861707653, -32.1056118007792, 2665.6318434227105, 

parameters:
-0.026425235136745773, -46.0353412246649, 14.30511877703628, 
objectives:
-60.33976170864915, -27.623823214029603, 2105.9482211873474, 

parameters:
1.9015267795132715, -32.85720227671142, 17.942004027374466, 
objectives:
-47.18340221087977, -14.905501274183926, 1066.2695415185617, 

parameters:
0.09822081855980103, -100, 16.47522048775364, 
objectives:
-116.46557315855509, -79.90801545728701, 9984.534426841445, 

parameters:
-0.7408181059070611, -45.80796473256322, 6.511520930065785, 
objectives:
-51.77067419658928, -31.784359912829466, 2093.40692347573, 

