Generation 1389 at Fri May 24 19:48:14 2019
parameters:
1.3336210857320712, 1.2965383455716832, 1.7263685473177457, 
objectives:
1.3487149985631257, 3.4669677502703324, 2.7331883345292, 

parameters:
0.05101637681523949, -100, 19.95971668145522, 
objectives:
-119.95711401075187, -76.24174615510238, 9981.042885989249, 

parameters:
-1.5582037790626562, -5.510557330278103, 20, 
objectives:
-23.082558313192962, 27.150256803057662, 13.79424110736688, 

parameters:
-0.09310337269809921, -0.38187417318528993, 20, 
objectives:
-20.37320593517753, 23.999207555614866, -18.84550387784629, 

parameters:
1.9973066371654076, -100, 0, 
objectives:
-96.01076619713501, -99.99999274579665, 10004.989233802866, 

parameters:
-0.7035828476647654, -33.079084448861195, 1.8059339641209937, 
objectives:
-34.38998958945413, -23.96379027055308, 1093.9149228342976, 

parameters:
-0.40755155259575204, -55.99839162339494, 16.94079623637991, 
objectives:
-72.77308959175164, -33.261290908608814, 3120.0451664387515, 

parameters:
0.43614376303804403, -38.19758129334941, 15.929370452738318, 
objectives:
-53.93673036405074, -19.82256451072628, 1444.3160675913352, 

parameters:
3.1526738385294024, -84.95792722737141, 3.326166390266537, 
objectives:
-78.34474128549023, -80.30310385907477, 7225.462584713218, 

parameters:
1.8807404406143293, -90.98283674630726, 17.184394154346215, 
objectives:
-104.6300462956913, -73.78421974945618, 8265.229372855814, 

parameters:
2.2724614438439903, -1.8860614383326606, 12.33957400801741, 
objectives:
-9.061554432592558, 10.527747808066302, -2.618265245094433, 

parameters:
0.6464823433302924, -27.852279457435316, 20, 
objectives:
-47.43434003719749, -6.020269410518658, 757.1674103953112, 

parameters:
0.7308799237647148, -95.99979190989161, 16.566754969593916, 
objectives:
-112.03236141652322, -77.82237117239424, 9200.92747723586, 

parameters:
3.2396189839889478, -50.24549242431757, 3.339202091605268, 
objectives:
-43.08956335450125, -45.36963510724651, 2532.7654380319705, 

parameters:
1.4265154338029473, -78.7298401725882, 10.792550994836901, 
objectives:
-87.48744488454709, -67.60840463008508, 6190.630128889323, 

parameters:
2.4252135903980148, -93.54719223430287, 3.0008818180634607, 
objectives:
-90.6664130933151, -90.36550381878024, 8754.957954062602, 

parameters:
-0.08601285498650912, -97.50040929296037, 0, 
objectives:
-97.49301108173744, -93.14895966179141, 9507.337210506015, 

parameters:
2.857827419331066, -99.04142617152183, 16.336604364661937, 
objectives:
-107.21085297750331, -81.9689539255037, 9802.034671283029, 

parameters:
1.61733670693543, 0.47357014844161327, 19.73421939064228, 
objectives:
-16.644871218599928, 20.354220734942913, -15.894172681546529, 

parameters:
2.463107389192827, -60.172539647862564, 19.955642441347667, 
objectives:
-74.06128407851392, -40.00242875258991, 3607.845783242941, 

parameters:
-1.5178058616382384, -46.42526893893752, 20, 
objectives:
-64.12153430531413, -14.050310858761172, 2138.6093306863, 

parameters:
-1.224713783730604, -22.533408365644892, 17.948151538588515, 
objectives:
-38.98163605217367, 5.813522159925771, 492.30626488638643, 

parameters:
2.7286693730646405, -82.37462368435794, 16.335897463492845, 
objectives:
-91.2648846003498, -65.50776716562268, 6777.688366223592, 

parameters:
2.9508777019625585, -11.062444612909943, 0, 
objectives:
-2.3547654009701127, -10.158276208820347, 132.08536002564003, 

parameters:
-3.2641803818190525, -17.774017966990584, 17.15365640413554, 
objectives:
-24.272800806073747, 27.09123352947354, 310.41693185182095, 

parameters:
3.83801339825437, -65.12947235338, 0.017179094663363752, 
objectives:
-50.4163046028633, -61.734000006554055, 4257.561336780206, 

parameters:
3.7170784978713556, -59.405823822315824, 15.020677632643649, 
objectives:
-60.609828895621895, -41.436787621820024, 3528.84789893472, 

parameters:
1.7467745183624377, -43.894215639996816, 2.170022966242687, 
objectives:
-43.01301738823918, -41.660069529203554, 1928.5833649022989, 

parameters:
-2.1988764084511097, -70.82492382626518, 2.453761679496375, 
objectives:
-68.4436280461187, -50.74059905332151, 5019.551130776411, 

parameters:
-0.5781176346461564, -77.01711041435976, 17.293565024072027, 
objectives:
-93.97645543894292, -53.076854852214254, 5915.675951553099, 

parameters:
-0.3761837901194576, -74.75160715702569, 9.612255227371499, 
objectives:
-84.22234814044856, -59.49310252522772, 5579.332031574871, 

parameters:
0.974882714643178, -67.0869632034543, 15.58833294861455, 
objectives:
-81.7248998447588, -50.44776480610241, 4487.0226952203275, 

parameters:
1.4505407334831784, -71.63730770192869, 15.42940579999137, 
objectives:
-84.96264508242615, -55.90599641637611, 5119.578517400314, 

parameters:
2.3728074924476656, -67.07510590021074, 5.215825366328547, 
objectives:
-66.66071587032351, -61.720295107457076, 4500.484221554374, 

parameters:
2.3622455034982544, -100, 8.859894280778244, 
objectives:
-103.27969046198052, -91.00888391441704, 9997.72030953802, 

parameters:
3.197562573246759, -75.66050171120501, 0, 
objectives:
-65.43609530137658, -74.22634559436362, 5735.735925601086, 

parameters:
1.5777417004494443, -75.0576692445329, 12.3981632179204, 
objectives:
-84.96656358911619, -62.481203955073184, 5624.744818077117, 

parameters:
-2.201398686572974, -11.063169692852005, 15.24630370072861, 
objectives:
-21.463317216335398, 21.83488493141371, 112.99357612935572, 

