Generation 1391 at Fri May 24 19:48:14 2019
parameters:
1.3336210857320712, 1.2965383455716832, 1.7263685473177457, 
objectives:
1.3487149985631257, 3.4669677502703324, 2.7331883345292, 

parameters:
0.05101637681523949, -100, 19.95971668145522, 
objectives:
-119.95711401075187, -76.24174615510238, 9981.042885989249, 

parameters:
-1.5582037790626562, -5.510557330278103, 20, 
objectives:
-23.082558313192962, 27.150256803057662, 13.79424110736688, 

parameters:
-0.09310337269809921, -0.38187417318528993, 20, 
objectives:
-20.37320593517753, 23.999207555614866, -18.84550387784629, 

parameters:
1.9973066371654076, -100, 0, 
objectives:
-96.01076619713501, -99.99999274579665, 10004.989233802866, 

parameters:
2.2724614438439903, -1.8860614383326606, 12.33957400801741, 
objectives:
-9.061554432592558, 10.527747808066302, -2.618265245094433, 

parameters:
1.8807404406143293, -90.98283674630726, 17.184394154346215, 
objectives:
-104.6300462956913, -73.78421974945618, 8265.229372855814, 

parameters:
0.7308799237647148, -95.99979190989161, 16.566754969593916, 
objectives:
-112.03236141652322, -77.82237117239424, 9200.92747723586, 

parameters:
0.43614376303804403, -38.19758129334941, 15.929370452738318, 
objectives:
-53.93673036405074, -19.82256451072628, 1444.3160675913352, 

parameters:
1.4265154338029473, -78.7298401725882, 10.792550994836901, 
objectives:
-87.48744488454709, -67.60840463008508, 6190.630128889323, 

parameters:
-1.5812898741636028, -69.9989771653155, 5.2433764935754805, 
objectives:
-72.74187599275864, -51.92996350895326, 4898.113905362917, 

parameters:
3.1526738385294024, -84.95792722737141, 3.326166390266537, 
objectives:
-78.34474128549023, -80.30310385907477, 7225.462584713218, 

parameters:
2.4252135903980148, -93.54719223430287, 3.0008818180634607, 
objectives:
-90.6664130933151, -90.36550381878024, 8754.957954062602, 

parameters:
-0.7035828476647654, -33.079084448861195, 1.8059339641209937, 
objectives:
-34.38998958945413, -23.96379027055308, 1093.9149228342976, 

parameters:
1.61733670693543, 0.47357014844161327, 19.73421939064228, 
objectives:
-16.644871218599928, 20.354220734942913, -15.894172681546529, 

parameters:
2.857827419331066, -99.04142617152183, 16.336604364661937, 
objectives:
-107.21085297750331, -81.9689539255037, 9802.034671283029, 

parameters:
0.6464823433302924, -27.852279457435316, 20, 
objectives:
-47.43434003719749, -6.020269410518658, 757.1674103953112, 

parameters:
1.1171296473185477, -88.91759800671116, 0.3554796122605828, 
objectives:
-88.02509897005368, -87.78265833480671, 7908.231734319742, 

parameters:
3.83801339825437, -65.12947235338, 0.017179094663363752, 
objectives:
-50.4163046028633, -61.734000006554055, 4257.561336780206, 

parameters:
2.463107389192827, -60.172539647862564, 19.955642441347667, 
objectives:
-74.06128407851392, -40.00242875258991, 3607.845783242941, 

parameters:
-1.5178058616382384, -46.42526893893752, 20, 
objectives:
-64.12153430531413, -14.050310858761172, 2138.6093306863, 

parameters:
-0.5781176346461564, -77.01711041435976, 17.293565024072027, 
objectives:
-93.97645543894292, -53.076854852214254, 5915.675951553099, 

parameters:
3.6853841687451894, -64.58241749726089, 8.2269765703349, 
objectives:
-59.22733759635812, -53.51492113066908, 4177.243729691412, 

parameters:
2.7286693730646405, -82.37462368435794, 16.335897463492845, 
objectives:
-91.2648846003498, -65.50776716562268, 6777.688366223592, 

parameters:
-3.2641803818190525, -17.774017966990584, 17.15365640413554, 
objectives:
-24.272800806073747, 27.09123352947354, 310.41693185182095, 

parameters:
3.2396189839889478, -50.24549242431757, 3.339202091605268, 
objectives:
-43.08956335450125, -45.36963510724651, 2532.7654380319705, 

parameters:
2.7083492422958018, -67.98709823121115, 17.334546357757176, 
objectives:
-77.98648897072408, -50.15079322439294, 4613.246135160842, 

parameters:
5.005556672727474, -23.702950250201532, 1.5075334224361177, 
objectives:
-0.15488606875111, -13.16204591478877, 586.3779147449793, 

parameters:
2.6034516920191186, -48.94000221391221, 20, 
objectives:
-62.162041501234995, -28.57584826931147, 2382.901777410409, 

parameters:
-0.40755155259575204, -55.99839162339494, 16.94079623637991, 
objectives:
-72.77308959175164, -33.261290908608814, 3120.0451664387515, 

parameters:
3.7507393840349756, -56.48971272755692, 17.265229518131274, 
objectives:
-59.686896318737126, -36.15939481861447, 3188.890460450726, 

parameters:
4.283624884718069, -43.56838038164703, 12.743773252951785, 
objectives:
-37.962711481622925, -25.609664514591636, 1904.80943797991, 

parameters:
-1.2018842979735098, -30.253090923047303, 10.09963453306985, 
objectives:
-38.90819959040188, -9.90139333236814, 907.5944017308125, 

parameters:
-1.224713783730604, -22.533408365644892, 17.948151538588515, 
objectives:
-38.98163605217367, 5.813522159925771, 492.30626488638643, 

parameters:
2.1616296776311485, -44.33516870183522, 0.7804683062673703, 
objectives:
-40.44299414488685, -43.5285762428767, 1970.499358377138, 

parameters:
1.7467745183624377, -43.894215639996816, 2.170022966242687, 
objectives:
-43.01301738823918, -41.660069529203554, 1928.5833649022989, 

