Generation 1397 at Fri May 24 19:48:14 2019
parameters:
4.097311456805485, -6.378525899476429, 1.967196214046278, 
objectives:
8.442239060546783, -0.012614338582603857, 56.5063576103148, 

parameters:
0.05101637681523949, -100, 19.95971668145522, 
objectives:
-119.95711401075187, -76.24174615510238, 9981.042885989249, 

parameters:
-1.5582037790626562, -5.510557330278103, 20, 
objectives:
-23.082558313192962, 27.150256803057662, 13.79424110736688, 

parameters:
-0.09310337269809921, -0.38187417318528993, 20, 
objectives:
-20.37320593517753, 23.999207555614866, -18.84550387784629, 

parameters:
1.9973066371654076, -100, 0, 
objectives:
-96.01076619713501, -99.99999274579665, 10004.989233802866, 

parameters:
-1.2521411542808178, -76.1119980373072, 7.46529124267246, 
objectives:
-82.00943180973597, -58.07028470726778, 5788.138811458626, 

parameters:
2.7083492422958018, -67.98709823121115, 17.334546357757176, 
objectives:
-77.98648897072408, -50.15079322439294, 4613.246135160842, 

parameters:
3.2396189839889478, -50.24549242431757, 3.339202091605268, 
objectives:
-43.08956335450125, -45.36963510724651, 2532.7654380319705, 

parameters:
1.4265154338029473, -78.7298401725882, 10.792550994836901, 
objectives:
-87.48744488454709, -67.60840463008508, 6190.630128889323, 

parameters:
-1.5178058616382384, -46.42526893893752, 20, 
objectives:
-64.12153430531413, -14.050310858761172, 2138.6093306863, 

parameters:
2.052325565422721, -94.85559680787519, 2.395832666702209, 
objectives:
-93.0393892480897, -92.45702617637617, 9000.400453337968, 

parameters:
1.8807404406143293, -90.98283674630726, 17.184394154346215, 
objectives:
-104.6300462956913, -73.78421974945618, 8265.229372855814, 

parameters:
1.3336210857320712, 1.2965383455716832, 1.7263685473177457, 
objectives:
1.3487149985631257, 3.4669677502703324, 2.7331883345292, 

parameters:
2.2724614438439903, -1.8860614383326606, 12.33957400801741, 
objectives:
-9.061554432592558, 10.527747808066302, -2.618265245094433, 

parameters:
-1.4830736128297661, -54.511602100471855, 6.844577852209268, 
objectives:
-59.15667261160919, -35.53522245587158, 2967.8696930490305, 

parameters:
0.7308799237647148, -95.99979190989161, 16.566754969593916, 
objectives:
-112.03236141652322, -77.82237117239424, 9200.92747723586, 

parameters:
3.5325558569087394, -84.80795517544225, 19.968921313976768, 
objectives:
-92.29792560723877, -62.4903064069202, 7185.899290608026, 

parameters:
1.5173269197341912, -0.7223317842262857, 17.356258672358948, 
objectives:
-15.776309475235184, 16.866900190545945, -13.532214484505369, 

parameters:
1.1171296473185477, -88.91759800671116, 0.3554796122605828, 
objectives:
-88.02509897005368, -87.78265833480671, 7908.231734319742, 

parameters:
0.6464823433302924, -27.852279457435316, 20, 
objectives:
-47.43434003719749, -6.020269410518658, 757.1674103953112, 

parameters:
2.857827419331066, -99.04142617152183, 16.336604364661937, 
objectives:
-107.21085297750331, -81.9689539255037, 9802.034671283029, 

parameters:
-1.9460319391616, -58.491781671219826, 17.179429899745678, 
objectives:
-71.88417126272844, -25.74118370659069, 3408.896133482139, 

parameters:
2.463107389192827, -60.172539647862564, 19.955642441347667, 
objectives:
-74.06128407851392, -40.00242875258991, 3607.845783242941, 

parameters:
3.83801339825437, -65.12947235338, 0.017179094663363752, 
objectives:
-50.4163046028633, -61.734000006554055, 4257.561336780206, 

parameters:
0.19345368211078984, -40.46265672556804, 6.4916015465386305, 
objectives:
-46.91683394498445, -30.707445580350345, 1631.7724120717398, 

parameters:
-1.3171277309107925, -61.59256757636146, 17.035266609082406, 
objectives:
-76.89300872590965, -33.55396458410167, 3779.3439394991046, 

parameters:
1.9641633264272107, -18.0075052092736, 17.051253889194957, 
objectives:
-31.200821525586953, -0.9549670529058787, 312.07692754570246, 

parameters:
1.7890895418531532, -25.950285803257998, 11.537545478509566, 
objectives:
-34.28698989299924, -14.36825710339272, 666.0806291810325, 

parameters:
0.00027569945565009135, -12.500384792933852, 16.889820437224042, 
objectives:
-29.390205154147704, 8.38833292247778, 140.36979961019807, 

parameters:
0.22336801236816503, -86.74884987759376, 13.465166393996245, 
objectives:
-100.1641230026407, -70.12726226412087, 7512.947681960251, 

parameters:
2.7864158195789237, -43.90440152588157, 20, 
objectives:
-56.14028840628188, -23.285951684597578, 1916.3605864654314, 

parameters:
0.43614376303804403, -38.19758129334941, 15.929370452738318, 
objectives:
-53.93673036405074, -19.82256451072628, 1444.3160675913352, 

parameters:
3.2438920426060225, -34.17904698159638, 5.866176509893432, 
objectives:
-29.52238790740714, -26.765603058044366, 1173.863911644362, 

parameters:
2.159419463637525, -36.46908880258596, 20, 
objectives:
-51.80599638264938, -16.44367423719948, 1315.6575305108372, 

parameters:
2.7226318844475568, -99.94130161745625, 17.665351332978922, 
objectives:
-110.1939285722247, -81.75375344405711, 9979.011142036596, 

parameters:
2.787159415971365, -26.697174748762063, 4.176355388824094, 
objectives:
-23.105272527548316, -21.90119941378559, 717.3310417871525, 

parameters:
1.0918959701240305, -85.66162917628408, 14.926876334365248, 
objectives:
-99.39626870107622, -69.91009991284186, 7325.1800736104115, 

parameters:
3.320746063351217, -35.353094755978994, 9.450503392247498, 
objectives:
-33.776243730963884, -24.158221199873758, 1252.4181598502444, 

