Generation 140 at Sat May 25 04:36:26 2019
parameters:
0, 0.0, 20.0, 
objectives:
-20.0, 24.0, -19.0, 

parameters:
0, 0.0, 20.0, 
objectives:
-20.0, 24.0, -19.0, 

parameters:
1.9954130956648328, 0.0, 20.0, 
objectives:
-16.01832657764929, 20.00002103969138, -15.018326577649288, 

parameters:
0.858799702951704, 0.0, 20.0, 
objectives:
-19.262463070210064, 21.30233811798312, -18.262463070210064, 

parameters:
0.16682416639635392, 0.0, 20.0, 
objectives:
-19.97216969750616, 23.36053363690842, -18.97216969750616, 

parameters:
0.3370052221415697, 0.0, 20.0, 
objectives:
-19.88642748024931, 22.76555163118441, -18.88642748024931, 

parameters:
0.9659670594792652, 0.0, 20.0, 
objectives:
-19.06690764000098, 21.06922412208196, -18.06690764000098, 

parameters:
0.5089103175372329, 0.0, 20.0, 
objectives:
-19.741010288704153, 22.223348441146914, -18.741010288704153, 

parameters:
1.9317469799094926, 0.0, 20.0, 
objectives:
-16.268353605610553, 20.004658474751476, -15.268353605610555, 

parameters:
1.4553703354101113, 0.0, 20.0, 
objectives:
-17.88189718680826, 20.296621471551294, -16.88189718680826, 

parameters:
0.7397319748783658, 0.0, 20.0, 
objectives:
-19.452796605342552, 21.588275495143982, -18.452796605342552, 

parameters:
0.41034194138617786, 0.0, 20.0, 
objectives:
-19.831619491139424, 22.527012743315865, -18.831619491139424, 

parameters:
1.0234590754119097, 0.0, 20.0, 
objectives:
-18.952531520957, 20.953632177395363, -17.952531520957, 

parameters:
1.8049397073970503, 0.0, 20.0, 
objectives:
-16.74219265266145, 20.038048517750347, -15.742192652661451, 

parameters:
1.4137808909673737, 0.0, 20.0, 
objectives:
-18.0012235923355, 20.343652843795006, -17.0012235923355, 

parameters:
1.8806255439345234, 0.0, 20.0, 
objectives:
-16.46324756350098, 20.014250260760928, -15.463247563500978, 

parameters:
1.5430849873699206, 0.0, 20.0, 
objectives:
-17.61888872175357, 20.208771328766744, -16.61888872175357, 

parameters:
1.7409150677540892, 0.0, 20.0, 
objectives:
-16.969214726866774, 20.067125002116867, -15.969214726866774, 

parameters:
0.07345576029654255, 0.0, 20.0, 
objectives:
-19.994604251279256, 23.71157270753457, -18.994604251279256, 

parameters:
0.5990379337447509, 0.0, 20.0, 
objectives:
-19.64115355393482, 21.962694711086176, -18.64115355393482, 

parameters:
1.0986659483065153, 0.0, 20.0, 
objectives:
-18.792933134031745, 20.812403072742192, -17.792933134031745, 

parameters:
1.1931494152221318, 0.0, 20.0, 
objectives:
-18.576394472955084, 20.651007866156387, -17.576394472955084, 

parameters:
1.3475737602336912, 0.0, 20.0, 
objectives:
-18.18404496072963, 20.425659998335604, -17.18404496072963, 

parameters:
1.3150712495861174, 0.0, 20.0, 
objectives:
-18.270587608512006, 20.469127393143523, -17.27058760851201, 

parameters:
1.1333183177245765, 0.0, 20.0, 
objectives:
-18.715589590709936, 20.75113713839176, -17.715589590709936, 

parameters:
1.7115954761132732, 0.0, 20.0, 
objectives:
-17.070440926148578, 20.08317716939833, -16.070440926148578, 

parameters:
1.8409371446365494, 0.0, 20.0, 
objectives:
-16.61095042949743, 20.025300991956374, -15.610950429497429, 

parameters:
1.6612817672566305, 0.0, 20.0, 
objectives:
-17.240142889780685, 20.114730041192793, -16.240142889780685, 

parameters:
0.6408089141496238, 0.0, 20.0, 
objectives:
-19.58936393554638, 21.847400407855126, -18.58936393554638, 

parameters:
0.7004063633859379, 0.0, 20.0, 
objectives:
-19.509430926128484, 21.688943620327763, -18.509430926128484, 

parameters:
1.5682261005393345, 0.0, 20.0, 
objectives:
-17.540666897587194, 20.18642870025547, -16.540666897587194, 

parameters:
1.2554583828606847, 0.0, 20.0, 
objectives:
-18.423824248904836, 20.554342219652426, -17.423824248904836, 

parameters:
1.6273152654649585, 0.0, 20.0, 
objectives:
-17.351845026784712, 20.138893911355453, -16.351845026784712, 

parameters:
1.2383598284211437, 0.0, 20.0, 
objectives:
-18.466464935352757, 20.58009575096267, -17.466464935352754, 

parameters:
0.002683129465185248, 0.0, 20.0, 
objectives:
-19.999992800816273, 23.989274681322986, -18.999992800816273, 

parameters:
1.6347419588806074, 0.0, 20.0, 
objectives:
-17.327618727875194, 20.133413436602375, -16.327618727875194, 

parameters:
1.5558715215918397, 0.0, 20.0, 
objectives:
-17.579263808299494, 20.197250105333147, -16.579263808299494, 

parameters:
0, 0.0, 20.0, 
objectives:
-20.0, 24.0, -19.0, 

parameters:
0, 0.0, 20.0, 
objectives:
-20.0, 24.0, -19.0, 

