Generation 1408 at Fri May 24 19:48:14 2019
parameters:
0.05101637681523949, -100, 19.95971668145522, 
objectives:
-119.95711401075187, -76.24174615510238, 9981.042885989249, 

parameters:
1.3336210857320712, 1.2965383455716832, 1.7263685473177457, 
objectives:
1.3487149985631257, 3.4669677502703324, 2.7331883345292, 

parameters:
-1.5582037790626562, -5.510557330278103, 20, 
objectives:
-23.082558313192962, 27.150256803057662, 13.79424110736688, 

parameters:
-0.09310337269809921, -0.38187417318528993, 20, 
objectives:
-20.37320593517753, 23.999207555614866, -18.84550387784629, 

parameters:
1.9973066371654076, -100, 0, 
objectives:
-96.01076619713501, -99.99999274579665, 10004.989233802866, 

parameters:
1.1171296473185477, -88.91759800671116, 0.3554796122605828, 
objectives:
-88.02509897005368, -87.78265833480671, 7908.231734319742, 

parameters:
0.7308799237647148, -95.99979190989161, 16.566754969593916, 
objectives:
-112.03236141652322, -77.82237117239424, 9200.92747723586, 

parameters:
1.594882384193304, -75.38011629077675, 9.24588777469733, 
objectives:
-82.08235424606397, -65.97010823344252, 5676.459694055739, 

parameters:
0.31450166553785786, -52.31859582054932, 16.938142237746252, 
objectives:
-69.15782676066948, -32.53954894732841, 2721.3962376938807, 

parameters:
0.22336801236816503, -86.74884987759376, 13.465166393996245, 
objectives:
-100.1641230026407, -70.12726226412087, 7512.947681960251, 

parameters:
-0.8121290417075656, -45.33891858532144, 8.243085068887696, 
objectives:
-52.92245007382428, -29.187763769218634, 2049.0340069979025, 

parameters:
1.670684503353781, -81.5634680178716, 13.47540454495554, 
objectives:
-92.24768585308067, -67.97961477658471, 6642.915097267154, 

parameters:
1.007295292701349, -30.194031347595036, 20, 
objectives:
-49.17938754089674, -9.208568711702135, 893.69417282625, 

parameters:
-1.9460319391616, -58.491781671219826, 17.179429899745678, 
objectives:
-71.88417126272844, -25.74118370659069, 3408.896133482139, 

parameters:
3.39212293023982, -39.202679621783595, 0, 
objectives:
-27.696181647924814, -37.26467336888409, 1549.3565875020656, 

parameters:
4.828987713299366, -9.608266975050281, 20, 
objectives:
-6.28914463985404, 18.394904506948492, 96.63791659903812, 

parameters:
1.4997231521113714, -61.93956815271309, 11.83213344254174, 
objectives:
-71.52253206227597, -49.85715778563797, 3827.9271390350273, 

parameters:
1.9895371357451292, -13.457803989327822, 20, 
objectives:
-29.499545974818886, 6.542305482200595, 166.07074622967679, 

parameters:
-0.7357077082864618, -41.315392680955114, 16.697537865871745, 
objectives:
-57.47166471479474, -17.133758149905404, 1691.8054003476798, 

parameters:
2.3325212573707215, -98.87951558807579, 15.802949645221645, 
objectives:
-109.24180981721115, -82.96599555625075, 9767.796308703388, 

parameters:
3.2989750014786106, -96.46030910377323, 0, 
objectives:
-85.57707304339243, -94.77297304930687, 9316.474468455857, 

parameters:
1.7919473786829863, -69.97424935627728, 9.313666856796656, 
objectives:
-76.07684080510512, -60.61729660624374, 4891.292981525644, 

parameters:
0.3231366672353684, -66.67589264402903, 12.830082814164975, 
objectives:
-79.40155815248204, -51.03393919309355, 4433.948994369632, 

parameters:
-1.4830736128297661, -54.511602100471855, 6.844577852209268, 
objectives:
-59.15667261160919, -35.53522245587158, 2967.8696930490305, 

parameters:
1.42380408878822, -70.51672707802267, 16.92439511100728, 
objectives:
-85.41390410577989, -53.26033023891822, 4958.711620768578, 

parameters:
2.7991449674637967, -55.31025983345566, 10.711560531039503, 
objectives:
-58.186607815617265, -43.960066623393445, 3057.3484948622167, 

parameters:
0.16469747196679235, 4.68085402960361, 15.212927850347425, 
objectives:
-10.504948563471562, 23.262117249356116, 7.724591853381183, 

parameters:
2.0817138647924853, -18.486339577027053, 3.492536849458184, 
objectives:
-17.64534381161597, -14.987125571869544, 343.5857467225679, 

parameters:
2.265404084353824, -25.79612016964551, 13.091594553044667, 
objectives:
-33.75565905728319, -12.634086288609149, 658.4802769191541, 

parameters:
2.873278463580094, -83.19048625657048, 0.6949317949560423, 
objectives:
-75.62968892225335, -81.73293918666162, 6929.21780093896, 

parameters:
2.624313607094931, -6.639726380298306, 5.486796060763392, 
objectives:
-5.23950053267809, -0.7631628395310308, 46.48619225284947, 

parameters:
-1.4666678526283974, -25.41222853872387, 8.939155354418482, 
objectives:
-32.200269303208756, -4.4552871838582035, 639.993318539847, 

parameters:
1.8896449797674533, -29.17375440938857, 14.718682924833507, 
objectives:
-40.32167918466174, -14.442893254064538, 840.960021564046, 

parameters:
1.060252204257683, -85.33023588709813, 0.6570301041980944, 
objectives:
-84.86313125466295, -83.79007986329748, 7282.716261180244, 

parameters:
1.053890794513161, -23.0295582757798, 19.82677389834482, 
objectives:
-41.74564636736504, -2.3076617487280444, 512.6444662859525, 

parameters:
0.2530004485126849, -29.78730828769943, 12.217543157705103, 
objectives:
-41.940842218456915, -14.51775769709745, 876.1302010956898, 

parameters:
2.795228726728961, -84.62531755748753, 0.9200717800847567, 
objectives:
-77.73208570284149, -83.07285704958781, 7169.337603560254, 

