Generation 1414 at Fri May 24 19:48:14 2019
parameters:
0.05101637681523949, -100, 19.95971668145522, 
objectives:
-119.95711401075187, -76.24174615510238, 9981.042885989249, 

parameters:
1.3336210857320712, 1.2965383455716832, 1.7263685473177457, 
objectives:
1.3487149985631257, 3.4669677502703324, 2.7331883345292, 

parameters:
-1.5582037790626562, -5.510557330278103, 20, 
objectives:
-23.082558313192962, 27.150256803057662, 13.79424110736688, 

parameters:
-0.09310337269809921, -0.38187417318528993, 20, 
objectives:
-20.37320593517753, 23.999207555614866, -18.84550387784629, 

parameters:
1.9973066371654076, -100, 0, 
objectives:
-96.01076619713501, -99.99999274579665, 10004.989233802866, 

parameters:
4.828987713299366, -9.608266975050281, 20, 
objectives:
-6.28914463985404, 18.394904506948492, 96.63791659903812, 

parameters:
0.650256485144632, -98.1795946911134, 13.009268523442119, 
objectives:
-110.76602971808286, -83.34851861177715, 9627.646378684332, 

parameters:
0.22336801236816503, -86.74884987759376, 13.465166393996245, 
objectives:
-100.1641230026407, -70.12726226412087, 7512.947681960251, 

parameters:
1.1254834871912704, -40.20186644783614, 0, 
objectives:
-38.935153367895914, -39.437087316661, 1618.4567789695934, 

parameters:
3.3269017481197203, -28.798005795655364, 19.638709037009857, 
objectives:
-37.368439591023176, -7.398628509482336, 821.7547040112321, 

parameters:
2.0817138647924853, -18.486339577027053, 3.492536849458184, 
objectives:
-17.64534381161597, -14.987125571869544, 343.5857467225679, 

parameters:
2.926787297842835, -79.87826034201693, 11.991124508850202, 
objectives:
-83.30330096405298, -67.0282011377239, 6378.111434644999, 

parameters:
-0.8121290417075656, -45.33891858532144, 8.243085068887696, 
objectives:
-52.92245007382428, -29.187763769218634, 2049.0340069979025, 

parameters:
1.9895371357451292, -13.457803989327822, 20, 
objectives:
-29.499545974818886, 6.542305482200595, 166.07074622967679, 

parameters:
0.3231366672353684, -66.67589264402903, 12.830082814164975, 
objectives:
-79.40155815248204, -51.03393919309355, 4433.948994369632, 

parameters:
1.7156489711210763, -33.812761872080415, 13.588976103572591, 
objectives:
-44.458286583544194, -20.14293026088332, 1133.6573407065512, 

parameters:
-1.9460319391616, -58.491781671219826, 17.179429899745678, 
objectives:
-71.88417126272844, -25.74118370659069, 3408.896133482139, 

parameters:
1.1171296473185477, -88.91759800671116, 0.3554796122605828, 
objectives:
-88.02509897005368, -87.78265833480671, 7908.231734319742, 

parameters:
-1.4381774362544046, -51.178081897198, 13.79313237038222, 
objectives:
-62.90285992942893, -25.563885443646864, 2608.4712886440743, 

parameters:
5.498544399317269, -65.5682695974442, 0, 
objectives:
-35.3342790861809, -53.32845668344997, 4330.431968514388, 

parameters:
1.629504318779206, -84.31715820090251, 0, 
objectives:
-81.66187387598242, -84.17989115109926, 7113.038451400942, 

parameters:
1.9960476194127743, -92.75613363334594, 2.9644017774200195, 
objectives:
-91.73632931180256, -89.79171623461362, 8605.720130928672, 

parameters:
4.060194124508076, -57.50228448053563, 20, 
objectives:
-61.017108151845726, -33.25788464987803, 3303.997896809138, 

parameters:
2.265404084353824, -25.79612016964551, 13.091594553044667, 
objectives:
-33.75565905728319, -12.634086288609149, 658.4802769191541, 

parameters:
-0.7357077082864618, -41.315392680955114, 16.697537865871745, 
objectives:
-57.47166471479474, -17.133758149905404, 1691.8054003476798, 

parameters:
1.7919473786829863, -69.97424935627728, 9.313666856796656, 
objectives:
-76.07684080510512, -60.61729660624374, 4891.292981525644, 

parameters:
2.0027999851230662, -95.6749334424058, 0, 
objectives:
-91.66372566199685, -95.67492560248911, 9158.70409698919, 

parameters:
3.370073578802489, -35.77400874092613, 2.743981289422685, 
objectives:
-27.160594103806197, -31.15292584017078, 1289.3931160329792, 

parameters:
3.4151365884620617, -69.64828752675672, 11.078607883398842, 
objectives:
-69.06373749230328, -56.56706807935383, 4852.468505444229, 

parameters:
-0.4441393833922246, -74.48492278524229, 11.826105679434669, 
objectives:
-86.11376867279694, -56.6849997803587, 5537.374876435952, 

parameters:
1.6587031962412035, -93.76273211698533, 0, 
objectives:
-91.01143582376454, -93.64624860872937, 8795.201230334775, 

parameters:
0.31450166553785786, -52.31859582054932, 16.938142237746252, 
objectives:
-69.15782676066948, -32.53954894732841, 2721.3962376938807, 

parameters:
1.480901932378884, -77.6427846864662, 13.969345911648205, 
objectives:
-89.4190600647909, -63.40397597101001, 6017.625738490626, 

parameters:
2.545225517737919, -73.05207698142212, 13.562224270417685, 
objectives:
-80.13612831569554, -59.192581845811844, 5330.52189996535, 

parameters:
0.24613446663902727, -40.56543733031885, 7.884049566418647, 
objectives:
-48.38890472106982, -29.60534345478864, 1638.731238409275, 

parameters:
2.449255221097265, -77.24560227716745, 18.039621306877898, 
objectives:
-89.28637244597314, -59.0041507166064, 5955.842300993531, 

