Generation 1418 at Fri May 24 19:48:14 2019
parameters:
0.05101637681523949, -100, 19.95971668145522, 
objectives:
-119.95711401075187, -76.24174615510238, 9981.042885989249, 

parameters:
1.3336210857320712, 1.2965383455716832, 1.7263685473177457, 
objectives:
1.3487149985631257, 3.4669677502703324, 2.7331883345292, 

parameters:
-1.5582037790626562, -5.510557330278103, 20, 
objectives:
-23.082558313192962, 27.150256803057662, 13.79424110736688, 

parameters:
-0.09310337269809921, -0.38187417318528993, 20, 
objectives:
-20.37320593517753, 23.999207555614866, -18.84550387784629, 

parameters:
1.9973066371654076, -100, 0, 
objectives:
-96.01076619713501, -99.99999274579665, 10004.989233802866, 

parameters:
0.650256485144632, -98.1795946911134, 13.009268523442119, 
objectives:
-110.76602971808286, -83.34851861177715, 9627.646378684332, 

parameters:
2.1097893694193885, -52.291418904974826, 1.7364655304823722, 
objectives:
-49.576673252142136, -50.54289966885495, 2738.107236748391, 

parameters:
0.22336801236816503, -86.74884987759376, 13.465166393996245, 
objectives:
-100.1641230026407, -70.12726226412087, 7512.947681960251, 

parameters:
2.926787297842835, -79.87826034201693, 11.991124508850202, 
objectives:
-83.30330096405298, -67.0282011377239, 6378.111434644999, 

parameters:
1.9895371357451292, -13.457803989327822, 20, 
objectives:
-29.499545974818886, 6.542305482200595, 166.07074622967679, 

parameters:
0.6287462973014786, -9.642508169525541, 0.9863890145348981, 
objectives:
-10.23357527769012, -6.775782437826239, 93.38689669120222, 

parameters:
1.9960476194127743, -92.75613363334594, 2.9644017774200195, 
objectives:
-91.73632931180256, -89.79171623461362, 8605.720130928672, 

parameters:
1.679966250250141, -65.59976121407792, 10.929510152111904, 
objectives:
-73.7069847642103, -54.567829460987056, 4296.221447793909, 

parameters:
-1.162952912648933, -59.26603108695074, 19.51859482830653, 
objectives:
-77.43216643821863, -29.743165131009842, 3495.296305448144, 

parameters:
2.0027999851230662, -95.6749334424058, 0, 
objectives:
-91.66372566199685, -95.67492560248911, 9158.70409698919, 

parameters:
-0.4441393833922246, -74.48492278524229, 11.826105679434669, 
objectives:
-86.11376867279694, -56.6849997803587, 5537.374876435952, 

parameters:
1.1171296473185477, -88.91759800671116, 0.3554796122605828, 
objectives:
-88.02509897005368, -87.78265833480671, 7908.231734319742, 

parameters:
1.629504318779206, -84.31715820090251, 0, 
objectives:
-81.66187387598242, -84.17989115109926, 7113.038451400942, 

parameters:
1.1254834871912704, -40.20186644783614, 0, 
objectives:
-38.935153367895914, -39.437087316661, 1618.4567789695934, 

parameters:
1.7156489711210763, -33.812761872080415, 13.588976103572591, 
objectives:
-44.458286583544194, -20.14293026088332, 1133.6573407065512, 

parameters:
1.7919473786829863, -69.97424935627728, 9.313666856796656, 
objectives:
-76.07684080510512, -60.61729660624374, 4891.292981525644, 

parameters:
2.0817138647924853, -18.486339577027053, 3.492536849458184, 
objectives:
-17.64534381161597, -14.987125571869544, 343.5857467225679, 

parameters:
-1.7510307643365337, -28.101319012555646, 12.799783842592312, 
objectives:
-37.83499411749497, -1.231303374964213, 780.9504551404821, 

parameters:
1.770462253505216, -47.29039806016052, 11.53976427544918, 
objectives:
-55.695625744522935, -35.69794620764544, 2228.9765210040714, 

parameters:
0.75928049673779, -0.5585654191619769, 19.02325020919811, 
objectives:
-19.005308755633703, 20.00406967581136, -17.13474800898813, 

parameters:
-1.9460319391616, -58.491781671219826, 17.179429899745678, 
objectives:
-71.88417126272844, -25.74118370659069, 3408.896133482139, 

parameters:
-2.1442683656386485, -44.9120042394656, 19.598896677958198, 
objectives:
-59.91301409354516, -8.138147275074168, 2003.0871149516968, 

parameters:
-0.3910135955727432, -47.7807892772922, 19.98872745515464, 
objectives:
-67.61662510052412, -22.075115807923865, 2264.167988137769, 

parameters:
2.265404084353824, -25.79612016964551, 13.091594553044667, 
objectives:
-33.75565905728319, -12.634086288609149, 658.4802769191541, 

parameters:
-1.4381774362544046, -51.178081897198, 13.79313237038222, 
objectives:
-62.90285992942893, -25.563885443646864, 2608.4712886440743, 

parameters:
5.432870389505146, -69.13213798390365, 0.0, 
objectives:
-39.61605731474185, -57.347538872762435, 4809.768582894655, 

parameters:
-0.8911009893361586, -24.952073493378172, 20, 
objectives:
-44.1580125201823, 3.406391437162341, 604.4000325921414, 

parameters:
2.1916631794243653, -41.702121147478294, 20, 
objectives:
-56.89873365543377, -21.66538637313124, 1724.8702956910008, 

