Generation 1425 at Fri May 24 19:48:14 2019
parameters:
0.05101637681523949, -100, 19.95971668145522, 
objectives:
-119.95711401075187, -76.24174615510238, 9981.042885989249, 

parameters:
2.67114229915326, 0.5122602339130609, 0, 
objectives:
7.647261416238825, 0.9626922196257849, 8.397411729574427, 

parameters:
-1.5582037790626562, -5.510557330278103, 20, 
objectives:
-23.082558313192962, 27.150256803057662, 13.79424110736688, 

parameters:
-0.09310337269809921, -0.38187417318528993, 20, 
objectives:
-20.37320593517753, 23.999207555614866, -18.84550387784629, 

parameters:
1.9973066371654076, -100, 0, 
objectives:
-96.01076619713501, -99.99999274579665, 10004.989233802866, 

parameters:
1.770462253505216, -47.29039806016052, 11.53976427544918, 
objectives:
-55.695625744522935, -35.69794620764544, 2228.9765210040714, 

parameters:
2.1097893694193885, -52.291418904974826, 1.7364655304823722, 
objectives:
-49.576673252142136, -50.54289966885495, 2738.107236748391, 

parameters:
-1.9460319391616, -58.491781671219826, 17.179429899745678, 
objectives:
-71.88417126272844, -25.74118370659069, 3408.896133482139, 

parameters:
3.8369445128561925, -3.789151617615527, 16.70281392085224, 
objectives:
-5.769822343730523, 16.288027446549187, 13.376999255163373, 

parameters:
0.650256485144632, -98.1795946911134, 13.009268523442119, 
objectives:
-110.76602971808286, -83.34851861177715, 9627.646378684332, 

parameters:
0.22336801236816503, -86.74884987759376, 13.465166393996245, 
objectives:
-100.1641230026407, -70.12726226412087, 7512.947681960251, 

parameters:
2.0027999851230662, -95.6749334424058, 0, 
objectives:
-91.66372566199685, -95.67492560248911, 9158.70409698919, 

parameters:
-2.2223294069663324, -78.66854063862483, 18.02358409280682, 
objectives:
-91.75337673836432, -42.81689092488535, 6176.654450111228, 

parameters:
3.9372169291751, -74.6506115989656, 8.488343750020409, 
objectives:
-67.637278201603, -62.40945841826259, 5580.72714549698, 

parameters:
3.87430222864566, -80.06631817949675, 3.746774747486698, 
objectives:
-68.80287516809472, -72.80653458770396, 6422.878749831813, 

parameters:
2.265404084353824, -25.79612016964551, 13.091594553044667, 
objectives:
-33.75565905728319, -12.634086288609149, 658.4802769191541, 

parameters:
1.1254834871912704, -40.20186644783614, 0, 
objectives:
-38.935153367895914, -39.437087316661, 1618.4567789695934, 

parameters:
-1.8884919052265436, -93.2490315676071, 12.0006537736007, 
objectives:
-101.68328366510163, -66.12800849699404, 8687.947636199091, 

parameters:
1.708352253824127, -93.8031501696734, 16.53389848359387, 
objectives:
-107.4185812301213, -77.18419327823005, 8786.41555069385, 

parameters:
0.15721478338697348, -63.44798633164887, 0, 
objectives:
-63.423269843533454, -60.05212897708135, 4026.671686029217, 

parameters:
3.6785967609468537, -24.755438858263577, 0.649270716669631, 
objectives:
-11.872635445284525, -21.288481055732678, 626.7145564782053, 

parameters:
1.679966250250141, -65.59976121407792, 10.929510152111904, 
objectives:
-73.7069847642103, -54.567829460987056, 4296.221447793909, 

parameters:
1.1171296473185477, -88.91759800671116, 0.3554796122605828, 
objectives:
-88.02509897005368, -87.78265833480671, 7908.231734319742, 

parameters:
-1.5026117712041889, -21.188068451481403, 6.996848140146356, 
objectives:
-25.927074456666368, -1.9229310915569018, 445.19523869947653, 

parameters:
1.7919473786829863, -69.97424935627728, 9.313666856796656, 
objectives:
-76.07684080510512, -60.61729660624374, 4891.292981525644, 

parameters:
1.7156489711210763, -33.812761872080415, 13.588976103572591, 
objectives:
-44.458286583544194, -20.14293026088332, 1133.6573407065512, 

parameters:
-0.2386150704519725, -70.98621484064043, 11.682007720716221, 
objectives:
-82.61128540950986, -54.292809686269514, 5028.41762683269, 

parameters:
2.4532962001148353, -33.864382110199045, 18.26412406066445, 
objectives:
-46.10984392536561, -15.394780604496049, 1135.5509138904024, 

parameters:
-1.1405228666889244, -43.423742955443565, 20, 
objectives:
-62.122950546003246, -13.560859079247543, 1867.922244669875, 

parameters:
1.3928586276135868, -88.51688627971612, 0, 
objectives:
-86.57683112319852, -88.14826563365285, 7838.179211812713, 

parameters:
-0.5770218435590544, -16.92286811428002, 19.839274507569293, 
objectives:
-36.429188413905024, 9.55744797546978, 267.8771449136904, 

parameters:
1.9802997842205006, -23.207505484866807, 18.069907325128067, 
objectives:
-37.35582557461112, -5.137210061236981, 525.4399907403787, 

parameters:
1.2123120998800505, -16.498556340725692, 20, 
objectives:
-35.02885571321011, 4.121895887269684, 254.6720619556155, 

parameters:
2.926787297842835, -79.87826034201693, 11.991124508850202, 
objectives:
-83.30330096405298, -67.0282011377239, 6378.111434644999, 

parameters:
2.9979648926891462, -70.41775070676685, 1.4314923477258217, 
objectives:
-62.86144955669603, -67.99032443200097, 4967.215915750435, 

