Generation 1429 at Fri May 24 19:48:14 2019
parameters:
2.67114229915326, 0.5122602339130609, 0, 
objectives:
7.647261416238825, 0.9626922196257849, 8.397411729574427, 

parameters:
0.05101637681523949, -100, 19.95971668145522, 
objectives:
-119.95711401075187, -76.24174615510238, 9981.042885989249, 

parameters:
-1.5582037790626562, -5.510557330278103, 20, 
objectives:
-23.082558313192962, 27.150256803057662, 13.79424110736688, 

parameters:
-0.09310337269809921, -0.38187417318528993, 20, 
objectives:
-20.37320593517753, 23.999207555614866, -18.84550387784629, 

parameters:
1.9973066371654076, -100, 0, 
objectives:
-96.01076619713501, -99.99999274579665, 10004.989233802866, 

parameters:
1.679966250250141, -65.59976121407792, 10.929510152111904, 
objectives:
-73.7069847642103, -54.567829460987056, 4296.221447793909, 

parameters:
0.650256485144632, -98.1795946911134, 13.009268523442119, 
objectives:
-110.76602971808286, -83.34851861177715, 9627.646378684332, 

parameters:
3.993051932390771, -86.8200350357073, 9.093892179866534, 
objectives:
-79.96946348080417, -73.75388685063419, 7545.5690551563475, 

parameters:
3.9630450543334916, -62.777996895024735, 0.0, 
objectives:
-47.07227079234759, -58.924451009681555, 3957.7826202544124, 

parameters:
3.1998373095210475, -73.75270592834096, 19.731748454133374, 
objectives:
-83.24549557507143, -52.58134790488888, 5430.968842105609, 

parameters:
-1.8884919052265436, -93.2490315676071, 12.0006537736007, 
objectives:
-101.68328366510163, -66.12800849699404, 8687.947636199091, 

parameters:
-2.2223294069663324, -78.66854063862483, 18.02358409280682, 
objectives:
-91.75337673836432, -42.81689092488535, 6176.654450111228, 

parameters:
3.9372169291751, -74.6506115989656, 8.488343750020409, 
objectives:
-67.637278201603, -62.40945841826259, 5580.72714549698, 

parameters:
2.0027999851230662, -95.6749334424058, 0, 
objectives:
-91.66372566199685, -95.67492560248911, 9158.70409698919, 

parameters:
3.553326046781146, -80.96399944974013, 13.518523065898364, 
objectives:
-81.85639652090516, -65.03265457623303, 6555.276809826355, 

parameters:
0.22336801236816503, -86.74884987759376, 13.465166393996245, 
objectives:
-100.1641230026407, -70.12726226412087, 7512.947681960251, 

parameters:
1.9921873140533055, -4.689126081180628, 13.446010808884933, 
objectives:
-14.166326595790638, 8.756945765766007, 13.510702890598386, 

parameters:
1.606429992370937, -7.84645640190152, 0.0, 
objectives:
-5.265839081512631, -7.691559050996379, 65.14749538733024, 

parameters:
1.770462253505216, -47.29039806016052, 11.53976427544918, 
objectives:
-55.695625744522935, -35.69794620764544, 2228.9765210040714, 

parameters:
3.6589996875871313, -15.643796070243965, 0.5983660807398219, 
objectives:
-2.853883437221062, -12.293150026089943, 258.51826812040343, 

parameters:
1.708352253824127, -93.8031501696734, 16.53389848359387, 
objectives:
-107.4185812301213, -77.18419327823005, 8786.41555069385, 

parameters:
1.7507304796159147, -46.04046722625516, 20, 
objectives:
-62.97541001399899, -25.978331932462645, 2103.7896796241316, 

parameters:
1.7156489711210763, -33.812761872080415, 13.588976103572591, 
objectives:
-44.458286583544194, -20.14293026088332, 1133.6573407065512, 

parameters:
-1.5026117712041889, -21.188068451481403, 6.996848140146356, 
objectives:
-25.927074456666368, -1.9229310915569018, 445.19523869947653, 

parameters:
0.7454721398391213, -53.96438314449417, 0.0, 
objectives:
-53.408654433217855, -52.39054299257434, 2913.710376877043, 

parameters:
1.1254834871912704, -40.20186644783614, 0, 
objectives:
-38.935153367895914, -39.437087316661, 1618.4567789695934, 

parameters:
2.265404084353824, -25.79612016964551, 13.091594553044667, 
objectives:
-33.75565905728319, -12.634086288609149, 658.4802769191541, 

parameters:
2.1097893694193885, -52.291418904974826, 1.7364655304823722, 
objectives:
-49.576673252142136, -50.54289966885495, 2738.107236748391, 

parameters:
-1.5692734263602963, -53.52243748430607, 11.797259612360675, 
objectives:
-62.85707800998616, -28.98546507982362, 2856.3166737357715, 

parameters:
3.1022891119283686, -3.612760093918822, 18.27330681774651, 
objectives:
-12.261869177676026, 15.875588010103518, 5.40292641245513, 

parameters:
-0.9588322549769317, -99.56576823002486, 0.0, 
objectives:
-98.64640893684071, -90.81107991693298, 9915.261562528212, 

parameters:
0.8517892145423951, -37.206164586563844, 18.089065859162584, 
objectives:
-54.56968557971568, -17.798710719560088, 1367.9351622493257, 

parameters:
-2.61530218659648, -23.141286902848137, 19.102763208695983, 
objectives:
-35.40424458432779, 17.2624905794501, 524.256201838451, 

parameters:
3.7463449896962526, -50.612182369938594, 9.92684933971724, 
objectives:
-46.50393092783362, -37.63561220718415, 2566.701255690028, 

parameters:
-2.1924227969369827, -30.685764311887535, 12.563096862250315, 
objectives:
-38.442143453608864, -0.5462585413603058, 934.8597522629894, 

parameters:
0.27880724840355464, -98.68374325468136, 0, 
objectives:
-98.606009772919, -95.72123876653322, 9739.558916237633, 

