Generation 1431 at Fri May 24 19:48:14 2019
parameters:
2.67114229915326, 0.5122602339130609, 0, 
objectives:
7.647261416238825, 0.9626922196257849, 8.397411729574427, 

parameters:
0.05101637681523949, -100, 19.95971668145522, 
objectives:
-119.95711401075187, -76.24174615510238, 9981.042885989249, 

parameters:
-1.5582037790626562, -5.510557330278103, 20, 
objectives:
-23.082558313192962, 27.150256803057662, 13.79424110736688, 

parameters:
-0.09310337269809921, -0.38187417318528993, 20, 
objectives:
-20.37320593517753, 23.999207555614866, -18.84550387784629, 

parameters:
1.9973066371654076, -100, 0, 
objectives:
-96.01076619713501, -99.99999274579665, 10004.989233802866, 

parameters:
1.7507304796159147, -46.04046722625516, 20, 
objectives:
-62.97541001399899, -25.978331932462645, 2103.7896796241316, 

parameters:
3.632030012353919, -79.85684190273597, 0, 
objectives:
-66.66519989209635, -77.19331994151203, 6391.306840689207, 

parameters:
-1.8884919052265436, -93.2490315676071, 12.0006537736007, 
objectives:
-101.68328366510163, -66.12800849699404, 8687.947636199091, 

parameters:
1.7156489711210763, -33.812761872080415, 13.588976103572591, 
objectives:
-44.458286583544194, -20.14293026088332, 1133.6573407065512, 

parameters:
2.265404084353824, -25.79612016964551, 13.091594553044667, 
objectives:
-33.75565905728319, -12.634086288609149, 658.4802769191541, 

parameters:
3.993051932390771, -86.8200350357073, 9.093892179866534, 
objectives:
-79.96946348080417, -73.75388685063419, 7545.5690551563475, 

parameters:
2.1097893694193885, -52.291418904974826, 1.7364655304823722, 
objectives:
-49.576673252142136, -50.54289966885495, 2738.107236748391, 

parameters:
1.770462253505216, -47.29039806016052, 11.53976427544918, 
objectives:
-55.695625744522935, -35.69794620764544, 2228.9765210040714, 

parameters:
-1.5026117712041889, -21.188068451481403, 6.996848140146356, 
objectives:
-25.927074456666368, -1.9229310915569018, 445.19523869947653, 

parameters:
2.0027999851230662, -95.6749334424058, 0, 
objectives:
-91.66372566199685, -95.67492560248911, 9158.70409698919, 

parameters:
1.606429992370937, -7.84645640190152, 0.0, 
objectives:
-5.265839081512631, -7.691559050996379, 65.14749538733024, 

parameters:
3.6589996875871313, -15.643796070243965, 0.5983660807398219, 
objectives:
-2.853883437221062, -12.293150026089943, 258.51826812040343, 

parameters:
0.650256485144632, -98.1795946911134, 13.009268523442119, 
objectives:
-110.76602971808286, -83.34851861177715, 9627.646378684332, 

parameters:
1.1254834871912704, -40.20186644783614, 0, 
objectives:
-38.935153367895914, -39.437087316661, 1618.4567789695934, 

parameters:
-1.558604820538112, -58.28958429795275, 0.770936122926932, 
objectives:
-56.63127143427504, -44.85497990626873, 3400.3339504918176, 

parameters:
1.9921873140533055, -4.689126081180628, 13.446010808884933, 
objectives:
-14.166326595790638, 8.756945765766007, 13.510702890598386, 

parameters:
0.10751397021268427, -98.26826933692647, 0.2410513496952066, 
objectives:
-98.49776143283079, -94.44571461429109, 9657.423266378819, 

parameters:
3.9630450543334916, -62.777996895024735, 0.0, 
objectives:
-47.07227079234759, -58.924451009681555, 3957.7826202544124, 

parameters:
2.3930280710289544, -73.63312876555679, 19.91912063015697, 
objectives:
-87.8256660469812, -53.55953707078308, 5408.645114523643, 

parameters:
-0.43756037109051843, -83.59162672552524, 5.794688740225215, 
objectives:
-89.19485638740159, -71.85523742258908, 6982.95682895767, 

parameters:
3.1022891119283686, -3.612760093918822, 18.27330681774651, 
objectives:
-12.261869177676026, 15.875588010103518, 5.40292641245513, 

parameters:
1.4142911403543872, -68.69246051370607, 5.364394987754861, 
objectives:
-72.05663607177601, -62.985010657683844, 4716.289955868997, 

parameters:
1.5969155671226933, -73.05367264391342, 16.245970555168412, 
objectives:
-86.74950387056303, -56.64522502871698, 5324.143255537414, 

parameters:
-2.9381023791897136, -30.42942668945847, 20, 
objectives:
-41.79698109885821, 13.955428417900634, 915.5824542397277, 

parameters:
3.553326046781146, -80.96399944974013, 13.518523065898364, 
objectives:
-81.85639652090516, -65.03265457623303, 6555.276809826355, 

parameters:
0.22336801236816503, -86.74884987759376, 13.465166393996245, 
objectives:
-100.1641230026407, -70.12726226412087, 7512.947681960251, 

parameters:
1.708352253824127, -93.8031501696734, 16.53389848359387, 
objectives:
-107.4185812301213, -77.18419327823005, 8786.41555069385, 

parameters:
-0.3682498639668481, -100, 11.779288413739394, 
objectives:
-111.6436804514278, -82.61210416808161, 9989.356319548571, 

parameters:
1.679966250250141, -65.59976121407792, 10.929510152111904, 
objectives:
-73.7069847642103, -54.567829460987056, 4296.221447793909, 

parameters:
1.4404604763050075, -69.07195296472324, 19.946215519835835, 
objectives:
-86.94324210076222, -48.81265296631058, 4754.0633972249, 

parameters:
3.2178018119458356, -57.010533204867116, 0, 
objectives:
-46.656284703905214, -55.52749195168855, 3261.555144804218, 

parameters:
-0.03845790677030192, -40.954590494505474, 0, 
objectives:
-40.95311148391232, -36.79927985683111, 1678.2799615832314, 

parameters:
-0.3773220562631616, -65.88998496011712, 15.20069246419042, 
objectives:
-80.94830549016488, -45.03763233673139, 4327.431797514413, 

