Generation 1436 at Fri May 24 19:48:14 2019
parameters:
2.67114229915326, 0.5122602339130609, 0, 
objectives:
7.647261416238825, 0.9626922196257849, 8.397411729574427, 

parameters:
0.05101637681523949, -100, 19.95971668145522, 
objectives:
-119.95711401075187, -76.24174615510238, 9981.042885989249, 

parameters:
-1.5582037790626562, -5.510557330278103, 20, 
objectives:
-23.082558313192962, 27.150256803057662, 13.79424110736688, 

parameters:
-0.09310337269809921, -0.38187417318528993, 20, 
objectives:
-20.37320593517753, 23.999207555614866, -18.84550387784629, 

parameters:
1.9973066371654076, -100, 0, 
objectives:
-96.01076619713501, -99.99999274579665, 10004.989233802866, 

parameters:
-1.8884919052265436, -93.2490315676071, 12.0006537736007, 
objectives:
-101.68328366510163, -66.12800849699404, 8687.947636199091, 

parameters:
3.1022891119283686, -3.612760093918822, 18.27330681774651, 
objectives:
-12.261869177676026, 15.875588010103518, 5.40292641245513, 

parameters:
0.650256485144632, -98.1795946911134, 13.009268523442119, 
objectives:
-110.76602971808286, -83.34851861177715, 9627.646378684332, 

parameters:
2.0027999851230662, -95.6749334424058, 0, 
objectives:
-91.66372566199685, -95.67492560248911, 9158.70409698919, 

parameters:
-1.3395694517781616, -62.05700947324401, 18.454184525249186, 
objectives:
-78.71674768235594, -32.450100824744936, 3835.4126865531844, 

parameters:
-1.558604820538112, -58.28958429795275, 0.770936122926932, 
objectives:
-56.63127143427504, -44.85497990626873, 3400.3339504918176, 

parameters:
2.1097893694193885, -52.291418904974826, 1.7364655304823722, 
objectives:
-49.576673252142136, -50.54289966885495, 2738.107236748391, 

parameters:
2.3930280710289544, -73.63312876555679, 19.91912063015697, 
objectives:
-87.8256660469812, -53.55953707078308, 5408.645114523643, 

parameters:
3.632030012353919, -79.85684190273597, 0, 
objectives:
-66.66519989209635, -77.19331994151203, 6391.306840689207, 

parameters:
-1.5026117712041889, -21.188068451481403, 6.996848140146356, 
objectives:
-25.927074456666368, -1.9229310915569018, 445.19523869947653, 

parameters:
1.606429992370937, -7.84645640190152, 0.0, 
objectives:
-5.265839081512631, -7.691559050996379, 65.14749538733024, 

parameters:
2.265404084353824, -25.79612016964551, 13.091594553044667, 
objectives:
-33.75565905728319, -12.634086288609149, 658.4802769191541, 

parameters:
0.6758518154419564, -89.1540400009194, 5.345334425973043, 
objectives:
-94.04259875045625, -82.05533716027799, 7944.554289735998, 

parameters:
1.7156489711210763, -33.812761872080415, 13.588976103572591, 
objectives:
-44.458286583544194, -20.14293026088332, 1133.6573407065512, 

parameters:
4.9936034315298405, -27.079071752619157, 0.0, 
objectives:
-2.1429965212325577, -18.11741024735192, 759.2122022148833, 

parameters:
0.03304400372709959, -70.27552685293544, 11.251333984672556, 
objectives:
-81.52576893142569, -55.15527697698897, 4928.39943237916, 

parameters:
-2.417247414488931, -97.37842606509908, 4.548920936599907, 
objectives:
-96.08426193884557, -73.31743040769003, 9484.852027042221, 

parameters:
1.770462253505216, -47.29039806016052, 11.53976427544918, 
objectives:
-55.695625744522935, -35.69794620764544, 2228.9765210040714, 

parameters:
1.3557820188605803, -83.72675689829865, 4.860587067680852, 
objectives:
-86.74919908331383, -78.45115302339444, 7008.147378521785, 

parameters:
1.1254834871912704, -40.20186644783614, 0, 
objectives:
-38.935153367895914, -39.437087316661, 1618.4567789695934, 

parameters:
1.7507304796159147, -46.04046722625516, 20, 
objectives:
-62.97541001399899, -25.978331932462645, 2103.7896796241316, 

parameters:
2.6132332282559387, -84.90805398828854, 2.894903254884689, 
objectives:
-80.97396933791228, -81.63709574116665, 7214.311716728498, 

parameters:
-0.2584104712455475, -38.964193729649764, 11.119108465409104, 
objectives:
-50.01652622340952, -22.74466740760912, 1508.1560605079185, 

parameters:
-0.745345740527525, -42.47720750194307, 18.23155727239403, 
objectives:
-60.15322450141457, -16.708726994516415, 1787.6371401636573, 

parameters:
1.4142911403543872, -68.69246051370607, 5.364394987754861, 
objectives:
-72.05663607177601, -62.985010657683844, 4716.289955868997, 

parameters:
-2.310865604484479, -66.87484142679482, 9.070044767536217, 
objectives:
-70.60478635234162, -39.221234399331266, 4469.514470933405, 

parameters:
0.2054379089499201, -65.42930587745448, 0, 
objectives:
-65.38710114302077, -62.20885277882044, 4282.036272339933, 

parameters:
-1.2097325637457943, -65.29246078605084, 0, 
objectives:
-63.82900791026387, -54.990077655280686, 4265.568888373774, 

