Generation 1439 at Fri May 24 19:48:14 2019
parameters:
0.05101637681523949, -100, 19.95971668145522, 
objectives:
-119.95711401075187, -76.24174615510238, 9981.042885989249, 

parameters:
2.67114229915326, 0.5122602339130609, 0, 
objectives:
7.647261416238825, 0.9626922196257849, 8.397411729574427, 

parameters:
-2.8094231257025517, -14.247920590113647, 18.688492104346746, 
objectives:
-25.0435543952281, 27.5711223162756, 193.20760733707, 

parameters:
-0.09310337269809921, -0.38187417318528993, 20, 
objectives:
-20.37320593517753, 23.999207555614866, -18.84550387784629, 

parameters:
1.9973066371654076, -100, 0, 
objectives:
-96.01076619713501, -99.99999274579665, 10004.989233802866, 

parameters:
0.650256485144632, -98.1795946911134, 13.009268523442119, 
objectives:
-110.76602971808286, -83.34851861177715, 9627.646378684332, 

parameters:
2.3930280710289544, -73.63312876555679, 19.91912063015697, 
objectives:
-87.8256660469812, -53.55953707078308, 5408.645114523643, 

parameters:
-1.8884919052265436, -93.2490315676071, 12.0006537736007, 
objectives:
-101.68328366510163, -66.12800849699404, 8687.947636199091, 

parameters:
3.632030012353919, -79.85684190273597, 0, 
objectives:
-66.66519989209635, -77.19331994151203, 6391.306840689207, 

parameters:
1.4142911403543872, -68.69246051370607, 5.364394987754861, 
objectives:
-72.05663607177601, -62.985010657683844, 4716.289955868997, 

parameters:
2.6132332282559387, -84.90805398828854, 2.894903254884689, 
objectives:
-80.97396933791228, -81.63709574116665, 7214.311716728498, 

parameters:
-1.3395694517781616, -62.05700947324401, 18.454184525249186, 
objectives:
-78.71674768235594, -32.450100824744936, 3835.4126865531844, 

parameters:
3.641263539879612, -82.08768326042645, 7.436180292623334, 
objectives:
-76.26506338619318, -71.95775696046496, 6745.210362938329, 

parameters:
0.866610421445299, -3.970703765402778, 12.896822570674294, 
objectives:
-16.116512713519473, 10.21069074204792, 4.620679444467102, 

parameters:
0.6758518154419564, -89.1540400009194, 5.345334425973043, 
objectives:
-94.04259875045625, -82.05533716027799, 7944.554289735998, 

parameters:
4.9936034315298405, -27.079071752619157, 0.0, 
objectives:
-2.1429965212325577, -18.11741024735192, 759.2122022148833, 

parameters:
1.7507304796159147, -46.04046722625516, 20, 
objectives:
-62.97541001399899, -25.978331932462645, 2103.7896796241316, 

parameters:
-2.317480622345271, -40.14353414751801, 1.191820075078732, 
objectives:
-35.964637787650915, -20.31107514811237, 1616.6822302128116, 

parameters:
1.606429992370937, -7.84645640190152, 0.0, 
objectives:
-5.265839081512631, -7.691559050996379, 65.14749538733024, 

parameters:
-0.745345740527525, -42.47720750194307, 18.23155727239403, 
objectives:
-60.15322450141457, -16.708726994516415, 1787.6371401636573, 

parameters:
2.1097893694193885, -52.291418904974826, 1.7364655304823722, 
objectives:
-49.576673252142136, -50.54289966885495, 2738.107236748391, 

parameters:
2.0027999851230662, -95.6749334424058, 0, 
objectives:
-91.66372566199685, -95.67492560248911, 9158.70409698919, 

parameters:
-1.558604820538112, -58.28958429795275, 0.770936122926932, 
objectives:
-56.63127143427504, -44.85497990626873, 3400.3339504918176, 

parameters:
-0.9000035425073672, -70.42501572306546, 20, 
objectives:
-89.61500934653965, -42.014995176510176, 4941.4928459705425, 

parameters:
2.6995027156784213, -59.628147054425696, 0, 
objectives:
-52.340832142470525, -59.138843005184206, 3563.803236056171, 

parameters:
1.7156489711210763, -33.812761872080415, 13.588976103572591, 
objectives:
-44.458286583544194, -20.14293026088332, 1133.6573407065512, 

parameters:
0.19384651989603352, -100, 1.5489597129485124, 
objectives:
-101.51138323967271, -95.18884989335982, 9999.488616760327, 

parameters:
1.770462253505216, -47.29039806016052, 11.53976427544918, 
objectives:
-55.695625744522935, -35.69794620764544, 2228.9765210040714, 

parameters:
-2.0433287969178693, -29.440125886310696, 14.676318337570052, 
objectives:
-39.94125165156692, 1.5847002112446589, 857.2198864365649, 

parameters:
-0.9711155456836593, -13.572054774856538, 0, 
objectives:
-12.628989371788066, -4.744527189053429, 186.1437362147746, 

parameters:
-2.824246345208997, -29.80350087731746, 8.045252806891783, 
objectives:
-29.872386265782865, 1.515104728836688, 889.1797791557972, 

parameters:
-0.8684039092466747, -14.783719914559896, 3.947037279887114, 
objectives:
-17.976631844852104, -2.6089416480911773, 216.36546258186263, 

parameters:
2.6921061252376384, -55.34246902723649, 3.629022193629953, 
objectives:
-51.72405583132443, -51.23443594501508, 3067.407291226542, 

parameters:
3.435042419811737, -49.08479158775711, 4.865501867974912, 
objectives:
-42.150777029825946, -42.15994297312307, 2417.250779771482, 

parameters:
1.195588149895724, -8.656571776058051, 6.722053272704146, 
objectives:
-13.949194024591117, -1.2874400787657212, 70.64361266551178, 

