Generation 144 at Sat May 25 04:36:26 2019
parameters:
0, 0.0, 20.0, 
objectives:
-20.0, 24.0, -19.0, 

parameters:
0, 0.0, 20.0, 
objectives:
-20.0, 24.0, -19.0, 

parameters:
1.9954130956648328, 0.0, 20.0, 
objectives:
-16.01832657764929, 20.00002103969138, -15.018326577649288, 

parameters:
1.6612817672566305, 0.0, 20.0, 
objectives:
-17.240142889780685, 20.114730041192793, -16.240142889780685, 

parameters:
0.8104481873346372, 0.0, 20.0, 
objectives:
-19.343173735646, 21.415033515015452, -18.343173735646, 

parameters:
1.5430849873699206, 0.0, 20.0, 
objectives:
-17.61888872175357, 20.208771328766744, -16.61888872175357, 

parameters:
1.9317469799094926, 0.0, 20.0, 
objectives:
-16.268353605610553, 20.004658474751476, -15.268353605610555, 

parameters:
1.8576992729927253, 0.0, 20.0, 
objectives:
-16.548953411122298, 20.0202494969068, -15.5489534111223, 

parameters:
1.1333183177245765, 0.0, 20.0, 
objectives:
-18.715589590709936, 20.75113713839176, -17.715589590709936, 

parameters:
0.9409328267082788, 0.0, 20.0, 
objectives:
-19.114645415622768, 21.121623277544117, -18.114645415622768, 

parameters:
1.8049397073970503, 0.0, 20.0, 
objectives:
-16.74219265266145, 20.038048517750347, -15.742192652661451, 

parameters:
0.3370052221415697, 0.0, 20.0, 
objectives:
-19.88642748024931, 22.76555163118441, -18.88642748024931, 

parameters:
0.23839349905786245, 0.0, 20.0, 
objectives:
-19.943168539606948, 23.1032574641616, -18.943168539606948, 

parameters:
0.41034194138617786, 0.0, 20.0, 
objectives:
-19.831619491139424, 22.527012743315865, -18.831619491139424, 

parameters:
1.3475737602336912, 0.0, 20.0, 
objectives:
-18.18404496072963, 20.425659998335604, -17.18404496072963, 

parameters:
1.4137808909673737, 0.0, 20.0, 
objectives:
-18.0012235923355, 20.343652843795006, -17.0012235923355, 

parameters:
0.6408089141496238, 0.0, 20.0, 
objectives:
-19.58936393554638, 21.847400407855126, -18.58936393554638, 

parameters:
1.7409150677540892, 0.0, 20.0, 
objectives:
-16.969214726866774, 20.067125002116867, -15.969214726866774, 

parameters:
1.0772520590168528, 0.0, 20.0, 
objectives:
-18.83952800134395, 20.851463762588637, -17.83952800134395, 

parameters:
0.5138871884311147, 0.0, 20.0, 
objectives:
-19.735919957566363, 22.208531288709178, -18.735919957566363, 

parameters:
1.2227174873169417, 0.0, 20.0, 
objectives:
-18.504961946209345, 20.604168104522888, -17.504961946209345, 

parameters:
1.498185936363991, 0.0, 20.0, 
objectives:
-17.755438900081153, 20.251817354462883, -16.755438900081153, 

parameters:
0.045252125422232545, 0.0, 20.0, 
objectives:
-19.99795224514477, 23.8210392531663, -18.99795224514477, 

parameters:
1.7115954761132732, 0.0, 20.0, 
objectives:
-17.070440926148578, 20.08317716939833, -16.070440926148578, 

parameters:
1.4553703354101113, 0.0, 20.0, 
objectives:
-17.88189718680826, 20.296621471551294, -16.88189718680826, 

parameters:
0.7332531893988734, 0.0, 20.0, 
objectives:
-19.46233976023638, 21.604647482168126, -18.46233976023638, 

parameters:
1.234793419659625, 0.0, 20.0, 
objectives:
-18.47528521076529, 20.58554111059621, -17.47528521076529, 

parameters:
0.14684778527270054, 0.0, 20.0, 
objectives:
-19.978435727960502, 23.434173130948693, -18.978435727960502, 

parameters:
0.9665704616094084, 0.0, 20.0, 
objectives:
-19.065741542744174, 21.067976610818192, -18.065741542744174, 

parameters:
0.49384681948503784, 0.0, 20.0, 
objectives:
-19.75611531888451, 22.268497403175335, -18.75611531888451, 

parameters:
1.3034292600237105, 0.0, 20.0, 
objectives:
-18.301072164114043, 20.485210795791115, -17.301072164114043, 

parameters:
0.7093087664699879, 0.0, 20.0, 
objectives:
-19.496881073808826, 21.665883860311226, -18.496881073808822, 

parameters:
0.6542193633682701, 0.0, 20.0, 
objectives:
-19.571997024594015, 21.811125521932905, -18.571997024594015, 

parameters:
1.0234590754119097, 0.0, 20.0, 
objectives:
-18.952531520957, 20.953632177395363, -17.952531520957, 

parameters:
1.020495348816452, 0.0, 20.0, 
objectives:
-18.95858924304399, 20.959429361690205, -17.95858924304399, 

parameters:
0.16678168745101263, 0.0, 20.0, 
objectives:
-19.972183868730994, 23.360689381464958, -18.972183868730994, 

parameters:
1.3041217512397982, 0.0, 20.0, 
objectives:
-18.29926645794324, 20.484246537097565, -17.29926645794324, 

parameters:
0.16206695626532017, 0.0, 20.0, 
objectives:
-19.973734301686896, 23.377997873251825, -18.973734301686896, 

parameters:
0.5043757417340372, 0.0, 20.0, 
objectives:
-19.74560511115024, 22.23689192191361, -18.74560511115024, 

parameters:
0.5089103175372329, 0.0, 20.0, 
objectives:
-19.741010288704153, 22.223348441146914, -18.741010288704153, 

parameters:
0.5114172674771135, 0.0, 20.0, 
objectives:
-19.738452378526244, 22.215878551565304, -18.738452378526244, 

parameters:
0, 0.0, 20.0, 
objectives:
-20.0, 24.0, -19.0, 

