Generation 1443 at Fri May 24 19:48:14 2019
parameters:
2.67114229915326, 0.5122602339130609, 0, 
objectives:
7.647261416238825, 0.9626922196257849, 8.397411729574427, 

parameters:
0.05101637681523949, -100, 19.95971668145522, 
objectives:
-119.95711401075187, -76.24174615510238, 9981.042885989249, 

parameters:
-2.8094231257025517, -14.247920590113647, 18.688492104346746, 
objectives:
-25.0435543952281, 27.5711223162756, 193.20760733707, 

parameters:
-0.09310337269809921, -0.38187417318528993, 20, 
objectives:
-20.37320593517753, 23.999207555614866, -18.84550387784629, 

parameters:
1.9973066371654076, -100, 0, 
objectives:
-96.01076619713501, -99.99999274579665, 10004.989233802866, 

parameters:
0.650256485144632, -98.1795946911134, 13.009268523442119, 
objectives:
-110.76602971808286, -83.34851861177715, 9627.646378684332, 

parameters:
2.0027999851230662, -95.6749334424058, 0, 
objectives:
-91.66372566199685, -95.67492560248911, 9158.70409698919, 

parameters:
-1.8884919052265436, -93.2490315676071, 12.0006537736007, 
objectives:
-101.68328366510163, -66.12800849699404, 8687.947636199091, 

parameters:
2.6132332282559387, -84.90805398828854, 2.894903254884689, 
objectives:
-80.97396933791228, -81.63709574116665, 7214.311716728498, 

parameters:
3.641263539879612, -82.08768326042645, 7.436180292623334, 
objectives:
-76.26506338619318, -71.95775696046496, 6745.210362938329, 

parameters:
2.3930280710289544, -73.63312876555679, 19.91912063015697, 
objectives:
-87.8256660469812, -53.55953707078308, 5408.645114523643, 

parameters:
1.7507304796159147, -46.04046722625516, 20, 
objectives:
-62.97541001399899, -25.978331932462645, 2103.7896796241316, 

parameters:
-2.354244517159461, -32.31714116320765, 9.958950965719598, 
objectives:
-36.73362488235186, -3.3987448822748227, 1040.981129243546, 

parameters:
-1.4918079333120142, -89.88534542610527, 2.3851254881092765, 
objectives:
-90.0449800043219, -75.30749729485527, 8080.215687792048, 

parameters:
2.1097893694193885, -52.291418904974826, 1.7364655304823722, 
objectives:
-49.576673252142136, -50.54289966885495, 2738.107236748391, 

parameters:
0.15359388035019728, -77.25898555847174, 7.587995774939727, 
objectives:
-84.82339025333043, -66.26177422485176, 5962.386444829286, 

parameters:
-1.3395694517781616, -62.05700947324401, 18.454184525249186, 
objectives:
-78.71674768235594, -32.450100824744936, 3835.4126865531844, 

parameters:
4.9936034315298405, -27.079071752619157, 0.0, 
objectives:
-2.1429965212325577, -18.11741024735192, 759.2122022148833, 

parameters:
-0.1591882044460915, -67.79322317422384, 3.3640330227995783, 
objectives:
-71.13191531258865, -59.76709644920513, 4593.582416211755, 

parameters:
-1.558604820538112, -58.28958429795275, 0.770936122926932, 
objectives:
-56.63127143427504, -44.85497990626873, 3400.3339504918176, 

parameters:
1.8919550852863627, -36.9130908892139, 12.483456063453415, 
objectives:
-45.81705290792639, -24.417961122165003, 1354.6723169766535, 

parameters:
-1.010056796305324, -18.09752397908255, 14.575873749336916, 
objectives:
-31.653182996656888, 5.538791687238238, 314.96471515589354, 

parameters:
2.921576521006628, -3.303238580247932, 19.13629589495347, 
objectives:
-13.90392510710421, 16.682360598776217, 1.3106985911820956, 

parameters:
3.632030012353919, -79.85684190273597, 0, 
objectives:
-66.66519989209635, -77.19331994151203, 6391.306840689207, 

parameters:
-2.0489046733915712, -57.33886274755876, 1.9874268495063294, 
objectives:
-55.12827923641927, -38.95780684384032, 3290.9557646945204, 

parameters:
1.7156489711210763, -33.812761872080415, 13.588976103572591, 
objectives:
-44.458286583544194, -20.14293026088332, 1133.6573407065512, 

parameters:
0.1335381185149802, -70.8202095809069, 20, 
objectives:
-90.80237715181039, -47.3365296258703, 4996.5199175126745, 

parameters:
0.4767341114302712, -36.04923630775384, 18.633483083301655, 
objectives:
-54.455443978054284, -15.09541425717206, 1282.1412307019773, 

parameters:
-0.2313140557528196, -66.51652465159296, 0.9069507567266177, 
objectives:
-67.36996921593075, -60.630811479466246, 4424.594607161636, 

parameters:
0.8729761498686939, -49.808235336938644, 18.813339864644416, 
objectives:
-67.85948784334349, -29.72471271352944, 2463.8090548734585, 

parameters:
1.606429992370937, -7.84645640190152, 0.0, 
objectives:
-5.265839081512631, -7.691559050996379, 65.14749538733024, 

parameters:
1.770462253505216, -47.29039806016052, 11.53976427544918, 
objectives:
-55.695625744522935, -35.69794620764544, 2228.9765210040714, 

parameters:
4.377432575378625, -19.574204310806326, 18.958745644016716, 
objectives:
-19.371034002837096, 5.036726983681833, 384.3526447091582, 

parameters:
3.94961326268678, -20.471683712226366, 0, 
objectives:
-4.8722387874350535, -16.670691838182172, 435.6892789382256, 

parameters:
0.8620434162725947, 2.943553535013926, 11.523822671160818, 
objectives:
-7.837150284607967, 15.762321392623292, -1.1161964061289122, 

parameters:
2.035306988688286, 0.059533557295381456, 10.908173088054049, 
objectives:
-6.706164992555288, 10.968953228799665, -5.762154305406427, 

parameters:
0.8200999311137129, -100, 0, 
objectives:
-99.32743610298728, -98.60783582744213, 10001.672563897013, 

parameters:
1.1055733663094478, -6.31660580588417, 18.671326101850678, 
objectives:
-23.765639439442044, 13.15471929902152, 23.450475273371733, 

