Generation 1447 at Fri May 24 19:48:14 2019
parameters:
0.05101637681523949, -100, 19.95971668145522, 
objectives:
-119.95711401075187, -76.24174615510238, 9981.042885989249, 

parameters:
2.67114229915326, 0.5122602339130609, 0, 
objectives:
7.647261416238825, 0.9626922196257849, 8.397411729574427, 

parameters:
-0.09310337269809921, -0.38187417318528993, 20, 
objectives:
-20.37320593517753, 23.999207555614866, -18.84550387784629, 

parameters:
1.9973066371654076, -100, 0, 
objectives:
-96.01076619713501, -99.99999274579665, 10004.989233802866, 

parameters:
0.650256485144632, -98.1795946911134, 13.009268523442119, 
objectives:
-110.76602971808286, -83.34851861177715, 9627.646378684332, 

parameters:
-1.8884919052265436, -93.2490315676071, 12.0006537736007, 
objectives:
-101.68328366510163, -66.12800849699404, 8687.947636199091, 

parameters:
4.373150757478859, -51.54596498515777, 4.342067007121571, 
objectives:
-36.763584444641424, -41.57205346031371, 2672.7688867916268, 

parameters:
1.4605962054337145, -21.33041125535408, 10.49940032680376, 
objectives:
-29.696470306830477, -10.540054474957811, 447.6203852710596, 

parameters:
2.221486732642351, -87.12850071686496, 0, 
objectives:
-82.19349741355897, -87.07944434412838, 7597.310640472045, 

parameters:
3.641263539879612, -82.08768326042645, 7.436180292623334, 
objectives:
-76.26506338619318, -71.95775696046496, 6745.210362938329, 

parameters:
-0.1591882044460915, -67.79322317422384, 3.3640330227995783, 
objectives:
-71.13191531258865, -59.76709644920513, 4593.582416211755, 

parameters:
4.9936034315298405, -27.079071752619157, 0.0, 
objectives:
-2.1429965212325577, -18.11741024735192, 759.2122022148833, 

parameters:
2.1097893694193885, -52.291418904974826, 1.7364655304823722, 
objectives:
-49.576673252142136, -50.54289966885495, 2738.107236748391, 

parameters:
3.9816809784968568, -13.008941100279038, 1.797835808293152, 
objectives:
1.047006505951496, -7.284045791449627, 184.28849615675975, 

parameters:
0.4767341114302712, -36.04923630775384, 18.633483083301655, 
objectives:
-54.455443978054284, -15.09541425717206, 1282.1412307019773, 

parameters:
0.9774433908611424, -90.46621275152472, 1.6412519110162163, 
objectives:
-91.1520690802028, -87.77933882161496, 8184.449793275457, 

parameters:
0.15359388035019728, -77.25898555847174, 7.587995774939727, 
objectives:
-84.82339025333043, -66.26177422485176, 5962.386444829286, 

parameters:
-0.034272476666763696, -5.43527908310277, 6.787313630354306, 
objectives:
-12.221418110800203, 5.490299056575463, 23.756119683517063, 

parameters:
3.632030012353919, -79.85684190273597, 0, 
objectives:
-66.66519989209635, -77.19331994151203, 6391.306840689207, 

parameters:
1.7507304796159147, -46.04046722625516, 20, 
objectives:
-62.97541001399899, -25.978331932462645, 2103.7896796241316, 

parameters:
-1.3395694517781616, -62.05700947324401, 18.454184525249186, 
objectives:
-78.71674768235594, -32.450100824744936, 3835.4126865531844, 

parameters:
1.7156489711210763, -33.812761872080415, 13.588976103572591, 
objectives:
-44.458286583544194, -20.14293026088332, 1133.6573407065512, 

parameters:
-0.20728330903621295, -23.874093140732896, 17.941110720567657, 
objectives:
-41.77223749109555, -1.0608828138153825, 553.074178942027, 

parameters:
2.487536205366281, -42.66969312503867, 10.982123493458564, 
objectives:
-47.46398024548916, -31.449878080037152, 1816.908424264522, 

parameters:
-0.5547032307589564, -66.8567699598666, 2.5346097733663027, 
objectives:
-69.08368405901847, -57.79565158925004, 4468.600775367368, 

parameters:
-0.7540729158684938, -6.831322348471848, 11.273962319403083, 
objectives:
-17.53665870542852, 12.027557596851622, 36.96162867177425, 

parameters:
1.079769631152044, -96.35899803765437, 4.629291608964678, 
objectives:
-99.82238719026083, -90.88288249693964, 9282.593113668074, 

parameters:
2.921576521006628, -3.303238580247932, 19.13629589495347, 
objectives:
-13.90392510710421, 16.682360598776217, 1.3106985911820956, 

parameters:
1.8534762830791403, -72.8107243281963, 20, 
objectives:
-89.37534999625943, -52.789255128576, 5285.836951528534, 

parameters:
1.4439105952484987, -56.80476486416625, 3.1031922744692455, 
objectives:
-57.82307933156462, -53.39233716362013, 3226.7629968058186, 

parameters:
1.686219390948949, -59.165773004122144, 5.137340638008105, 
objectives:
-61.459777807718005, -53.92997409549759, 3499.294690371713, 

parameters:
0.43858047091600794, -58.09514203975773, 18.144635114716205, 
objectives:
-76.04742432500503, -37.512475979236655, 3358.093246334379, 

parameters:
3.300504852813922, -47.52899461586847, 10.849709173695544, 
objectives:
-47.48537150611577, -34.987972569980364, 2260.048952305007, 

parameters:
2.3930280710289544, -73.63312876555679, 19.91912063015697, 
objectives:
-87.8256660469812, -53.55953707078308, 5408.645114523643, 

parameters:
-0.9863322677166244, -100, 0, 
objectives:
-99.02714865766099, -91.08181958679448, 10001.97285134234, 

