Generation 1451 at Fri May 24 19:48:15 2019
parameters:
0.05101637681523949, -100, 19.95971668145522, 
objectives:
-119.95711401075187, -76.24174615510238, 9981.042885989249, 

parameters:
2.67114229915326, 0.5122602339130609, 0, 
objectives:
7.647261416238825, 0.9626922196257849, 8.397411729574427, 

parameters:
-0.09310337269809921, -0.38187417318528993, 20, 
objectives:
-20.37320593517753, 23.999207555614866, -18.84550387784629, 

parameters:
1.9973066371654076, -100, 0, 
objectives:
-96.01076619713501, -99.99999274579665, 10004.989233802866, 

parameters:
0.9774433908611424, -90.46621275152472, 1.6412519110162163, 
objectives:
-91.1520690802028, -87.77933882161496, 8184.449793275457, 

parameters:
-1.142951023643943, -95.93656939351044, 15.661577284418453, 
objectives:
-110.29180963548016, -70.39685097206747, 9190.470106753874, 

parameters:
0.5467374497852274, -100, 3.245934400943267, 
objectives:
-102.94701256194561, -94.64209355919999, 9998.052987438054, 

parameters:
-0.7540729158684938, -6.831322348471848, 11.273962319403083, 
objectives:
-17.53665870542852, 12.027557596851622, 36.96162867177425, 

parameters:
0.650256485144632, -98.1795946911134, 13.009268523442119, 
objectives:
-110.76602971808286, -83.34851861177715, 9627.646378684332, 

parameters:
-0.1591882044460915, -67.79322317422384, 3.3640330227995783, 
objectives:
-71.13191531258865, -59.76709644920513, 4593.582416211755, 

parameters:
1.4605962054337145, -21.33041125535408, 10.49940032680376, 
objectives:
-29.696470306830477, -10.540054474957811, 447.6203852710596, 

parameters:
0.15359388035019728, -77.25898555847174, 7.587995774939727, 
objectives:
-84.82339025333043, -66.26177422485176, 5962.386444829286, 

parameters:
0.4767341114302712, -36.04923630775384, 18.633483083301655, 
objectives:
-54.455443978054284, -15.09541425717206, 1282.1412307019773, 

parameters:
1.4439105952484987, -56.80476486416625, 3.1031922744692455, 
objectives:
-57.82307933156462, -53.39233716362013, 3226.7629968058186, 

parameters:
1.7507304796159147, -46.04046722625516, 20, 
objectives:
-62.97541001399899, -25.978331932462645, 2103.7896796241316, 

parameters:
4.373150757478859, -51.54596498515777, 4.342067007121571, 
objectives:
-36.763584444641424, -41.57205346031371, 2672.7688867916268, 

parameters:
2.487536205366281, -42.66969312503867, 10.982123493458564, 
objectives:
-47.46398024548916, -31.449878080037152, 1816.908424264522, 

parameters:
-0.034272476666763696, -5.43527908310277, 6.787313630354306, 
objectives:
-12.221418110800203, 5.490299056575463, 23.756119683517063, 

parameters:
3.9816809784968568, -13.008941100279038, 1.797835808293152, 
objectives:
1.047006505951496, -7.284045791449627, 184.28849615675975, 

parameters:
2.9534722662330295, -53.72944895474099, 16.608333296597834, 
objectives:
-61.614783823931155, -36.21200629566761, 2879.9683501109275, 

parameters:
2.1097893694193885, -52.291418904974826, 1.7364655304823722, 
objectives:
-49.576673252142136, -50.54289966885495, 2738.107236748391, 

parameters:
5.077049896660526, -31.271500023234566, 0.5148156418037177, 
objectives:
-6.009880011857625, -21.288448314892296, 1004.1683337145364, 

parameters:
4.561428336936073, -63.83165888615793, 15.433283119812549, 
objectives:
-58.45831353296709, -41.83746064108629, 4080.8540215120156, 

parameters:
-1.3395694517781616, -62.05700947324401, 18.454184525249186, 
objectives:
-78.71674768235594, -32.450100824744936, 3835.4126865531844, 

parameters:
3.556789402816176, -83.24024283978206, 3.3488606687946803, 
objectives:
-73.93835265259129, -77.46778892626662, 6939.239918213078, 

parameters:
3.2687079687495104, -19.19766829477169, 16.526306459814734, 
objectives:
-25.039522969619874, -1.0617419249884499, 363.708613281234, 

parameters:
3.8607526854183423, -72.4189200646434, 0.9981539821235701, 
objectives:
-58.51166274880203, -67.95836552622826, 5259.407240645051, 

parameters:
3.632030012353919, -79.85684190273597, 0, 
objectives:
-66.66519989209635, -77.19331994151203, 6391.306840689207, 

parameters:
3.6435422748266246, -86.52532692821885, 2.134261354449073, 
objectives:
-75.38418797421915, -81.6898343646275, 7498.773338989153, 

parameters:
2.221486732642351, -87.12850071686496, 0, 
objectives:
-82.19349741355897, -87.07944434412838, 7597.310640472045, 

parameters:
1.7156489711210763, -33.812761872080415, 13.588976103572591, 
objectives:
-44.458286583544194, -20.14293026088332, 1133.6573407065512, 

parameters:
0.7968133169738933, -81.10433183775523, 7.5960680464865105, 
objectives:
-88.06548842213479, -72.06060559705735, 6571.951486264336, 

parameters:
4.9936034315298405, -27.079071752619157, 0.0, 
objectives:
-2.1429965212325577, -18.11741024735192, 759.2122022148833, 

parameters:
-1.7548960403424751, -29.256437580868074, 11.026406248403248, 
objectives:
-37.20318371686162, -4.130787058685227, 848.9923937872361, 

parameters:
-1.158150850337305, -89.1898471132459, 0, 
objectives:
-87.84853372110888, -79.21593031975966, 7957.170141476316, 

parameters:
-0.5172688822277323, -73.55900444873062, 5.085037481311826, 
objectives:
-78.37647483352131, -62.13732434198673, 5407.1096651035805, 

parameters:
4.298898860752086, -67.44044463769058, 0, 
objectives:
-48.95991322271499, -62.15550866572334, 4567.694104344383, 

parameters:
4.363603212386385, -29.099761419914913, 4.850231694037388, 
objectives:
-14.908960118803519, -18.66290958027428, 861.9869159970799, 

parameters:
1.2821892318195003, -45.80005752848202, 12.939456378146694, 
objectives:
-57.095504680434836, -32.345348851419445, 2087.34982246031, 

