Generation 1453 at Fri May 24 19:48:15 2019
parameters:
0.05101637681523949, -100, 19.95971668145522, 
objectives:
-119.95711401075187, -76.24174615510238, 9981.042885989249, 

parameters:
2.67114229915326, 0.5122602339130609, 0, 
objectives:
7.647261416238825, 0.9626922196257849, 8.397411729574427, 

parameters:
-0.09310337269809921, -0.38187417318528993, 20, 
objectives:
-20.37320593517753, 23.999207555614866, -18.84550387784629, 

parameters:
1.9973066371654076, -100, 0, 
objectives:
-96.01076619713501, -99.99999274579665, 10004.989233802866, 

parameters:
0.9774433908611424, -90.46621275152472, 1.6412519110162163, 
objectives:
-91.1520690802028, -87.77933882161496, 8184.449793275457, 

parameters:
-1.142951023643943, -95.93656939351044, 15.661577284418453, 
objectives:
-110.29180963548016, -70.39685097206747, 9190.470106753874, 

parameters:
0.5467374497852274, -100, 3.245934400943267, 
objectives:
-102.94701256194561, -94.64209355919999, 9998.052987438054, 

parameters:
0.15359388035019728, -77.25898555847174, 7.587995774939727, 
objectives:
-84.82339025333043, -66.26177422485176, 5962.386444829286, 

parameters:
1.4439105952484987, -56.80476486416625, 3.1031922744692455, 
objectives:
-57.82307933156462, -53.39233716362013, 3226.7629968058186, 

parameters:
5.077049896660526, -31.271500023234566, 0.5148156418037177, 
objectives:
-6.009880011857625, -21.288448314892296, 1004.1683337145364, 

parameters:
0.650256485144632, -98.1795946911134, 13.009268523442119, 
objectives:
-110.76602971808286, -83.34851861177715, 9627.646378684332, 

parameters:
0.3094658701614481, -43.33080488283168, 0, 
objectives:
-43.235035758036894, -40.472899238682686, 1878.6544209188244, 

parameters:
3.8607526854183423, -72.4189200646434, 0.9981539821235701, 
objectives:
-58.51166274880203, -67.95836552622826, 5259.407240645051, 

parameters:
-1.3395694517781616, -62.05700947324401, 18.454184525249186, 
objectives:
-78.71674768235594, -32.450100824744936, 3835.4126865531844, 

parameters:
3.9816809784968568, -13.008941100279038, 1.797835808293152, 
objectives:
1.047006505951496, -7.284045791449627, 184.28849615675975, 

parameters:
1.7507304796159147, -46.04046722625516, 20, 
objectives:
-62.97541001399899, -25.978331932462645, 2103.7896796241316, 

parameters:
3.556789402816176, -83.24024283978206, 3.3488606687946803, 
objectives:
-73.93835265259129, -77.46778892626662, 6939.239918213078, 

parameters:
3.632030012353919, -79.85684190273597, 0, 
objectives:
-66.66519989209635, -77.19331994151203, 6391.306840689207, 

parameters:
-0.034272476666763696, -5.43527908310277, 6.787313630354306, 
objectives:
-12.221418110800203, 5.490299056575463, 23.756119683517063, 

parameters:
-0.1591882044460915, -67.79322317422384, 3.3640330227995783, 
objectives:
-71.13191531258865, -59.76709644920513, 4593.582416211755, 

parameters:
3.7771495455431805, -66.24022130580204, 0.9483596609134792, 
objectives:
-52.921722277318466, -62.13360113766422, 4402.085417670114, 

parameters:
0.4767341114302712, -36.04923630775384, 18.633483083301655, 
objectives:
-54.455443978054284, -15.09541425717206, 1282.1412307019773, 

parameters:
2.221486732642351, -87.12850071686496, 0, 
objectives:
-82.19349741355897, -87.07944434412838, 7597.310640472045, 

parameters:
3.6435422748266246, -86.52532692821885, 2.134261354449073, 
objectives:
-75.38418797421915, -81.6898343646275, 7498.773338989153, 

parameters:
-0.7540729158684938, -6.831322348471848, 11.273962319403083, 
objectives:
-17.53665870542852, 12.027557596851622, 36.96162867177425, 

parameters:
1.7130565554277455, -51.3198483676305, 3.297471216277847, 
objectives:
-51.68275682181437, -47.94004061096966, 2634.3639280224033, 

parameters:
2.0994054051217934, -68.84674549735729, 20, 
objectives:
-84.43924244230269, -48.83686406278986, 4725.281868632941, 

parameters:
3.8646718892175875, -29.588265392764153, 19.153681981078602, 
objectives:
-33.80625856253412, -6.957582157247263, 872.2474557828749, 

parameters:
2.9534722662330295, -53.72944895474099, 16.608333296597834, 
objectives:
-61.614783823931155, -36.21200629566761, 2879.9683501109275, 

parameters:
2.463252221168715, -17.377725457967045, 4.23214478139484, 
objectives:
-15.542258734269277, -12.930978056154458, 304.8208088161737, 

parameters:
4.04738626159656, -42.23003359862099, 4.882157080389971, 
objectives:
-30.730855128450386, -33.15608601405668, 1795.8749162108284, 

parameters:
1.2583105341771446, -25.33428223645766, 5.543179815543845, 
objectives:
-29.294116651580335, -19.240999157201223, 638.8660220213716, 

parameters:
-0.5255467049450082, -23.34520540879162, 15.095777762012974, 
objectives:
-38.16478383172604, -1.871041487920058, 531.1790371557391, 

parameters:
3.7469555268050674, -51.07882437429207, 18.411478866110095, 
objectives:
-55.45062752054712, -29.6154918955472, 2605.6744963135184, 

parameters:
-2.3432953227447717, -22.44702032418148, 20, 
objectives:
-36.955987354583954, 16.41719393639513, 490.35975440381395, 

parameters:
-0.26366236553085454, -6.536382678398563, 20, 
objectives:
-26.46686483540124, 18.587784626722183, 23.7938163614661, 

parameters:
2.487536205366281, -42.66969312503867, 10.982123493458564, 
objectives:
-47.46398024548916, -31.449878080037152, 1816.908424264522, 

parameters:
3.2687079687495104, -19.19766829477169, 16.526306459814734, 
objectives:
-25.039522969619874, -1.0617419249884499, 363.708613281234, 

parameters:
-0.15927579650682366, -54.51458241946789, 20, 
objectives:
-74.48921364011501, -29.852110454087715, 2952.865065148311, 

