Generation 1456 at Fri May 24 19:48:15 2019
parameters:
2.67114229915326, 0.5122602339130609, 0, 
objectives:
7.647261416238825, 0.9626922196257849, 8.397411729574427, 

parameters:
0.05101637681523949, -100, 19.95971668145522, 
objectives:
-119.95711401075187, -76.24174615510238, 9981.042885989249, 

parameters:
-0.09310337269809921, -0.38187417318528993, 20, 
objectives:
-20.37320593517753, 23.999207555614866, -18.84550387784629, 

parameters:
1.9973066371654076, -100, 0, 
objectives:
-96.01076619713501, -99.99999274579665, 10004.989233802866, 

parameters:
-0.1591882044460915, -67.79322317422384, 3.3640330227995783, 
objectives:
-71.13191531258865, -59.76709644920513, 4593.582416211755, 

parameters:
0.9774433908611424, -90.46621275152472, 1.6412519110162163, 
objectives:
-91.1520690802028, -87.77933882161496, 8184.449793275457, 

parameters:
-2.28663879277131, -4.09627080083618, 4.635138922022928, 
objectives:
-3.5026927542524744, 18.91414026087862, 18.373012520366785, 

parameters:
5.077049896660526, -31.271500023234566, 0.5148156418037177, 
objectives:
-6.009880011857625, -21.288448314892296, 1004.1683337145364, 

parameters:
1.7130565554277455, -51.3198483676305, 3.297471216277847, 
objectives:
-51.68275682181437, -47.94004061096966, 2634.3639280224033, 

parameters:
-1.3395694517781616, -62.05700947324401, 18.454184525249186, 
objectives:
-78.71674768235594, -32.450100824744936, 3835.4126865531844, 

parameters:
0.6928452317871107, -95.73463170213891, 1.8701867429376402, 
objectives:
-97.12478392986641, -92.15579137113959, 9164.729554916454, 

parameters:
1.4439105952484987, -56.80476486416625, 3.1031922744692455, 
objectives:
-57.82307933156462, -53.39233716362013, 3226.7629968058186, 

parameters:
3.9816809784968568, -13.008941100279038, 1.797835808293152, 
objectives:
1.047006505951496, -7.284045791449627, 184.28849615675975, 

parameters:
2.3060411721043392, -80.24619515380235, 1.3275349588708272, 
objectives:
-76.25590422523283, -78.82499899590852, 6444.442127590701, 

parameters:
-0.9023163964245656, -41.084848195032606, 4.733265302583341, 
objectives:
-45.003938618359335, -27.928142427494386, 1685.0456607855474, 

parameters:
0.650256485144632, -98.1795946911134, 13.009268523442119, 
objectives:
-110.76602971808286, -83.34851861177715, 9627.646378684332, 

parameters:
1.2738456805547096, -87.71263829595169, 13.655204622765208, 
objectives:
-99.745160100849, -73.53013357753743, 7682.474395031554, 

parameters:
1.7507304796159147, -46.04046722625516, 20, 
objectives:
-62.97541001399899, -25.978331932462645, 2103.7896796241316, 

parameters:
2.6892945239011787, -24.280246215069127, 12.593013364613348, 
objectives:
-29.64095454339761, -11.212105909775627, 585.1696479360501, 

parameters:
0.6564940023544472, -76.30897031683566, 18.909265934301448, 
objectives:
-94.78725187600973, -55.59469601682464, 5805.580669256531, 

parameters:
-1.1489885489039853, -59.131943258930846, 2.891663826310884, 
objectives:
-60.703432399729245, -46.324150551491535, 3496.0152244366186, 

parameters:
-1.142951023643943, -95.93656939351044, 15.661577284418453, 
objectives:
-110.29180963548016, -70.39685097206747, 9190.470106753874, 

parameters:
3.4377248832562164, -26.015948021509367, 8.218392139329014, 
objectives:
-22.416387787879415, -15.730503042246253, 681.429111691507, 

parameters:
-1.4810281366546423, -84.14566889546434, 5.546369495462496, 
objectives:
-87.49859404936412, -66.48174251182054, 7078.140668711216, 

parameters:
0.3094658701614481, -43.33080488283168, 0, 
objectives:
-43.235035758036894, -40.472899238682686, 1878.6544209188244, 

parameters:
2.106884641750221, -24.80378913579939, 19.122994391970153, 
objectives:
-39.487820634126585, -5.669370417187167, 601.5439239948728, 

parameters:
4.135955072262176, -70.85237796851372, 0.3504655764741136, 
objectives:
-54.09671918521662, -65.9396083213171, 5037.815122576426, 

parameters:
0.5467374497852274, -100, 3.245934400943267, 
objectives:
-102.94701256194561, -94.64209355919999, 9998.052987438054, 

parameters:
3.632030012353919, -79.85684190273597, 0, 
objectives:
-66.66519989209635, -77.19331994151203, 6391.306840689207, 

parameters:
3.8607526854183423, -72.4189200646434, 0.9981539821235701, 
objectives:
-58.51166274880203, -67.95836552622826, 5259.407240645051, 

parameters:
2.366875330680218, -85.4426969768684, 1.697468265906021, 
objectives:
-81.53806641179183, -83.61063120270066, 7305.359097246034, 

parameters:
3.787953468198443, -42.4036217907549, 1.9197801394151681, 
objectives:
-29.97481045293345, -37.28706404689689, 1811.495952311205, 

parameters:
0.4767341114302712, -36.04923630775384, 18.633483083301655, 
objectives:
-54.455443978054284, -15.09541425717206, 1282.1412307019773, 

parameters:
0.15359388035019728, -77.25898555847174, 7.587995774939727, 
objectives:
-84.82339025333043, -66.26177422485176, 5962.386444829286, 

parameters:
-1.1628817838299708, -98.50908618492065, 3.8668459219695457, 
objectives:
-101.02363806372661, -84.63841908446764, 9702.525509109317, 

parameters:
-0.9410331406541392, -35.115777257569235, 0, 
objectives:
-34.230233885759844, -26.466101323143285, 1235.0033557750262, 

parameters:
3.8646718892175875, -29.588265392764153, 19.153681981078602, 
objectives:
-33.80625856253412, -6.957582157247263, 872.2474557828749, 

