Generation 1458 at Fri May 24 19:48:15 2019
parameters:
2.67114229915326, 0.5122602339130609, 0, 
objectives:
7.647261416238825, 0.9626922196257849, 8.397411729574427, 

parameters:
0.05101637681523949, -100, 19.95971668145522, 
objectives:
-119.95711401075187, -76.24174615510238, 9981.042885989249, 

parameters:
-0.09310337269809921, -0.38187417318528993, 20, 
objectives:
-20.37320593517753, 23.999207555614866, -18.84550387784629, 

parameters:
1.9973066371654076, -100, 0, 
objectives:
-96.01076619713501, -99.99999274579665, 10004.989233802866, 

parameters:
0.9774433908611424, -90.46621275152472, 1.6412519110162163, 
objectives:
-91.1520690802028, -87.77933882161496, 8184.449793275457, 

parameters:
5.077049896660526, -31.271500023234566, 0.5148156418037177, 
objectives:
-6.009880011857625, -21.288448314892296, 1004.1683337145364, 

parameters:
-1.3395694517781616, -62.05700947324401, 18.454184525249186, 
objectives:
-78.71674768235594, -32.450100824744936, 3835.4126865531844, 

parameters:
4.761984435196631, -19.61886897644645, 1.0724320330133317, 
objectives:
1.9851947515951913, -10.917878923164668, 407.5040836430146, 

parameters:
1.7130565554277455, -51.3198483676305, 3.297471216277847, 
objectives:
-51.68275682181437, -47.94004061096966, 2634.3639280224033, 

parameters:
3.632030012353919, -79.85684190273597, 0, 
objectives:
-66.66519989209635, -77.19331994151203, 6391.306840689207, 

parameters:
-0.9023163964245656, -41.084848195032606, 4.733265302583341, 
objectives:
-45.003938618359335, -27.928142427494386, 1685.0456607855474, 

parameters:
0.650256485144632, -98.1795946911134, 13.009268523442119, 
objectives:
-110.76602971808286, -83.34851861177715, 9627.646378684332, 

parameters:
2.106884641750221, -24.80378913579939, 19.122994391970153, 
objectives:
-39.487820634126585, -5.669370417187167, 601.5439239948728, 

parameters:
0.2504329634182555, -95.58648946180392, 1.1457976022503389, 
objectives:
-96.66957039488781, -91.37970704406015, 9136.69388669847, 

parameters:
1.4439105952484987, -56.80476486416625, 3.1031922744692455, 
objectives:
-57.82307933156462, -53.39233716362013, 3226.7629968058186, 

parameters:
3.617864267647694, -42.76812413880838, 5.9039332678237795, 
objectives:
-35.583115547510175, -34.24670608245339, 1837.2974509438225, 

parameters:
0.8140258914917644, -88.34879543372833, 1.332951162656021, 
objectives:
-89.01910844436539, -85.6093096850204, 7805.839341580138, 

parameters:
0.3094658701614481, -43.33080488283168, 0, 
objectives:
-43.235035758036894, -40.472899238682686, 1878.6544209188244, 

parameters:
0.6564940023544472, -76.30897031683566, 18.909265934301448, 
objectives:
-94.78725187600973, -55.59469601682464, 5805.580669256531, 

parameters:
1.2738456805547096, -87.71263829595169, 13.655204622765208, 
objectives:
-99.745160100849, -73.53013357753743, 7682.474395031554, 

parameters:
-0.844143836776758, -82.33693242306266, 7.658539337842429, 
objectives:
-89.28289294373691, -66.58923892094502, 6773.424480319313, 

parameters:
1.7507304796159147, -46.04046722625516, 20, 
objectives:
-62.97541001399899, -25.978331932462645, 2103.7896796241316, 

parameters:
3.714878475482716, -9.14533047853, 15.137866981441961, 
objectives:
-10.482875372367172, 8.933344688585887, 83.29952466769257, 

parameters:
1.873551956856216, -64.02437646906988, 3.567289630460364, 
objectives:
-64.08146916449049, -60.44109773099463, 4100.063689557768, 

parameters:
2.2717768968922174, -73.25752599409873, 9.552658823376301, 
objectives:
-77.6492145482218, -63.63100448903806, 5363.273426221928, 

parameters:
-1.1489885489039853, -59.131943258930846, 2.891663826310884, 
objectives:
-60.703432399729245, -46.324150551491535, 3496.0152244366186, 

parameters:
0.5467374497852274, -100, 3.245934400943267, 
objectives:
-102.94701256194561, -94.64209355919999, 9998.052987438054, 

parameters:
4.135955072262176, -70.85237796851372, 0.3504655764741136, 
objectives:
-54.09671918521662, -65.9396083213171, 5037.815122576426, 

parameters:
-1.142951023643943, -95.93656939351044, 15.661577284418453, 
objectives:
-110.29180963548016, -70.39685097206747, 9190.470106753874, 

parameters:
1.3542295417844996, -66.93010280865361, 0.957567518609441, 
objectives:
-66.0537326754212, -65.55551580534032, 4481.515032110175, 

parameters:
3.7592523872025505, -1.4640708293665554, 15.754981118389367, 
objectives:
-3.087073437067847, 17.385879250900683, 1.5205007857007828, 

parameters:
1.664368587357183, -73.11945554127297, 0.7741811453672702, 
objectives:
-71.1235138920589, -72.23262595075309, 5349.450720301409, 

parameters:
-1.1972704765848579, -11.511829719426295, 4.868579736193007, 
objectives:
-14.94695286151757, 3.5792885172078766, 130.08710034697523, 

parameters:
2.900976631838869, -58.12743849127435, 0.9396332754358395, 
objectives:
-50.651406348235, -56.3760463247188, 3387.275137699922, 

parameters:
2.5816025731868164, -12.546765089763857, 3.286006554215965, 
objectives:
-9.168099798095032, -8.922496982410365, 161.79997950938588, 

parameters:
0.5551033390687012, -12.82044193949469, 16.139423926220623, 
objectives:
-28.651726148670093, 5.406708347496348, 149.53244731477898, 

parameters:
0.8924265697101198, -24.545811345779597, 4.655497939211907, 
objectives:
-28.404884102666934, -18.6635945030836, 599.637781865715, 

parameters:
0.865348033803421, -97.50239969394136, 2.4725649541528405, 
objectives:
-99.22613742848675, -93.74239965539475, 9505.99420834255, 

parameters:
3.8607526854183423, -72.4189200646434, 0.9981539821235701, 
objectives:
-58.51166274880203, -67.95836552622826, 5259.407240645051, 

parameters:
-2.28663879277131, -4.09627080083618, 4.635138922022928, 
objectives:
-3.5026927542524744, 18.91414026087862, 18.373012520366785, 

parameters:
1.0843046558348632, -24.143155957293462, 5.541875043974238, 
objectives:
-28.50931441460254, -17.762782949993518, 579.5258211208858, 

