Generation 146 at Fri May 24 19:55:16 2019
parameters:
0, 0.0, 20.0, 
objectives:
-20.0, 24.0, -19.0, 

parameters:
0, 0.0, 20.0, 
objectives:
-20.0, 24.0, -19.0, 

parameters:
1.9979647189482492, 0.0, 20.0, 
objectives:
-16.008136981838042, 20.000004142368958, -15.008136981838044, 

parameters:
0.9328520159945058, 0.0, 20.0, 
objectives:
-19.129787116254985, 21.13880481976699, -18.129787116254985, 

parameters:
0.790835838382675, 0.0, 20.0, 
objectives:
-19.37457867672957, 21.462077969739727, -18.37457867672957, 

parameters:
1.2751838160240285, 0.0, 20.0, 
objectives:
-18.373906235350397, 20.52535850055349, -17.373906235350397, 

parameters:
1.1614813588442292, 0.0, 20.0, 
objectives:
-18.65096105305736, 20.70311351156572, -17.65096105305736, 

parameters:
1.0650123238095113, 0.0, 20.0, 
objectives:
-18.865748750133864, 20.87420195462809, -17.865748750133864, 

parameters:
1.8453618305906876, 0.0, 20.0, 
objectives:
-16.594639714198987, 20.023912963438264, -15.594639714198987, 

parameters:
1.9458640538964267, 0.0, 20.0, 
objectives:
-16.213613083753764, 20.002930700660528, -15.213613083753764, 

parameters:
1.5730839663109548, 0.0, 20.0, 
objectives:
-17.525406834935396, 20.182257299820787, -16.525406834935396, 

parameters:
1.514233886037172, 0.0, 20.0, 
objectives:
-17.707095738376765, 20.23596871747455, -16.707095738376765, 

parameters:
1.4540392667145257, 0.0, 20.0, 
objectives:
-17.885769810852285, 20.298073122289612, -16.885769810852285, 

parameters:
1.6332890225112875, 0.0, 20.0, 
objectives:
-17.33236696894412, 20.13447694101073, -16.33236696894412, 

parameters:
1.3457249383005363, 0.0, 20.0, 
objectives:
-18.189024390436018, 20.428075856361836, -17.189024390436018, 

parameters:
0.720054273106282, 0.0, 20.0, 
objectives:
-19.481521843781383, 21.63826106379349, -18.481521843781383, 

parameters:
1.8870511710000888, 0.0, 20.0, 
objectives:
-16.439037878027193, 20.01275743797245, -15.439037878027193, 

parameters:
1.394548602729333, 0.0, 20.0, 
objectives:
-18.055234194625665, 20.366571394457004, -17.055234194625665, 

parameters:
0.3125662186074498, 0.0, 20.0, 
objectives:
-19.90230235898544, 22.84743276658476, -18.90230235898544, 

parameters:
0.17431526825519966, 0.0, 20.0, 
objectives:
-19.969614187253118, 23.333124739726085, -18.969614187253118, 

parameters:
0.5165785359584927, 0.0, 20.0, 
objectives:
-19.733146616186982, 22.20053923997905, -18.73314661618698, 

parameters:
0.46097801195892224, 0.0, 20.0, 
objectives:
-19.7874992724904, 22.368588679673913, -18.7874992724904, 

parameters:
1.7634642991664402, 0.0, 20.0, 
objectives:
-16.890193665565416, 20.055949137768824, -15.890193665565416, 

parameters:
0.050287287049527396, 0.0, 20.0, 
objectives:
-19.9974711887612, 23.80137966304069, -18.9974711887612, 

parameters:
0.38129041848874096, 0.0, 20.0, 
objectives:
-19.85461761676868, 22.620220709276357, -18.85461761676868, 

parameters:
1.1008663303508723, 0.014189185868118681, 20.0, 
objectives:
-18.773904136831685, 20.822630541764827, -17.773904136831685, 

parameters:
1.693846073249962, 0.0, 20.0, 
objectives:
-17.130885480135685, 20.09373022686447, -16.130885480135685, 

parameters:
0.5926783232291257, 0.0, 20.0, 
objectives:
-19.64873240517431, 21.980554301909184, -18.64873240517431, 

parameters:
0.1534951175590722, 0.0, 20.0, 
objectives:
-19.976439248885526, 23.409580280878185, -18.976439248885526, 

parameters:
1.7606830379374547, 0.0, 20.0, 
objectives:
-16.899995239919335, 20.057272608330845, -15.899995239919335, 

parameters:
1.6864134466687764, 0.0, 20.0, 
objectives:
-17.156009686894738, 20.098336526430156, -16.156009686894738, 

parameters:
0.6444683005112658, 0.0, 20.0, 
objectives:
-19.58466060963612, 21.837466188318814, -18.58466060963612, 

parameters:
0.3348244008859466, 0.0, 20.0, 
objectives:
-19.887892620571368, 22.772809775884845, -18.887892620571368, 

parameters:
0.6200603105573259, 0.0, 20.0, 
objectives:
-19.615525211271553, 21.904233546499142, -18.615525211271553, 

parameters:
0.6400996607647285, 0.0, 20.0, 
objectives:
-19.59027242428888, 21.849328932652206, -18.59027242428888, 

