Generation 1460 at Fri May 24 19:48:15 2019
parameters:
0.05101637681523949, -100, 19.95971668145522, 
objectives:
-119.95711401075187, -76.24174615510238, 9981.042885989249, 

parameters:
2.67114229915326, 0.5122602339130609, 0, 
objectives:
7.647261416238825, 0.9626922196257849, 8.397411729574427, 

parameters:
-0.09310337269809921, -0.38187417318528993, 20, 
objectives:
-20.37320593517753, 23.999207555614866, -18.84550387784629, 

parameters:
1.9973066371654076, -100, 0, 
objectives:
-96.01076619713501, -99.99999274579665, 10004.989233802866, 

parameters:
3.714878475482716, -9.14533047853, 15.137866981441961, 
objectives:
-10.482875372367172, 8.933344688585887, 83.29952466769257, 

parameters:
1.7130565554277455, -51.3198483676305, 3.297471216277847, 
objectives:
-51.68275682181437, -47.94004061096966, 2634.3639280224033, 

parameters:
-0.9023163964245656, -41.084848195032606, 4.733265302583341, 
objectives:
-45.003938618359335, -27.928142427494386, 1685.0456607855474, 

parameters:
0.2504329634182555, -95.58648946180392, 1.1457976022503389, 
objectives:
-96.66957039488781, -91.37970704406015, 9136.69388669847, 

parameters:
0.8140258914917644, -88.34879543372833, 1.332951162656021, 
objectives:
-89.01910844436539, -85.6093096850204, 7805.839341580138, 

parameters:
4.761984435196631, -19.61886897644645, 1.0724320330133317, 
objectives:
1.9851947515951913, -10.917878923164668, 407.5040836430146, 

parameters:
-0.5898610659326053, -91.14630349535861, 1.3202661569372225, 
objectives:
-92.11863357519269, -83.11865699758782, 8307.676310788187, 

parameters:
-1.3395694517781616, -62.05700947324401, 18.454184525249186, 
objectives:
-78.71674768235594, -32.450100824744936, 3835.4126865531844, 

parameters:
4.135955072262176, -70.85237796851372, 0.3504655764741136, 
objectives:
-54.09671918521662, -65.9396083213171, 5037.815122576426, 

parameters:
1.4439105952484987, -56.80476486416625, 3.1031922744692455, 
objectives:
-57.82307933156462, -53.39233716362013, 3226.7629968058186, 

parameters:
3.632030012353919, -79.85684190273597, 0, 
objectives:
-66.66519989209635, -77.19331994151203, 6391.306840689207, 

parameters:
-0.683220728774785, -85.28637954656898, 15.695551224588172, 
objectives:
-100.5151402069296, -62.39115484265412, 7259.537775501059, 

parameters:
0.6564940023544472, -76.30897031683566, 18.909265934301448, 
objectives:
-94.78725187600973, -55.59469601682464, 5805.580669256531, 

parameters:
4.463258243500053, -82.69171311431222, 6.285630126827242, 
objectives:
-69.05666909296829, -70.33844181331402, 6852.55446180106, 

parameters:
0.9372409305100137, -26.06325271504008, 0, 
objectives:
-25.184832153216803, -24.933795875256855, 681.1715626498674, 

parameters:
0.650256485144632, -98.1795946911134, 13.009268523442119, 
objectives:
-110.76602971808286, -83.34851861177715, 9627.646378684332, 

parameters:
3.090053316201706, -66.29794695456907, 17.979164884261838, 
objectives:
-74.72868234186174, -47.1305658381449, 4387.987035003562, 

parameters:
3.617864267647694, -42.76812413880838, 5.9039332678237795, 
objectives:
-35.583115547510175, -34.24670608245339, 1837.2974509438225, 

parameters:
0.3094658701614481, -43.33080488283168, 0, 
objectives:
-43.235035758036894, -40.472899238682686, 1878.6544209188244, 

parameters:
-0.0013775480172366628, -6.341271753686193, 18.241636524655142, 
objectives:
-24.582906380702795, 15.905876860676436, 22.97009282708177, 

parameters:
2.106884641750221, -24.80378913579939, 19.122994391970153, 
objectives:
-39.487820634126585, -5.669370417187167, 601.5439239948728, 

parameters:
-1.142951023643943, -95.93656939351044, 15.661577284418453, 
objectives:
-110.29180963548016, -70.39685097206747, 9190.470106753874, 

parameters:
-1.1489885489039853, -59.131943258930846, 2.891663826310884, 
objectives:
-60.703432399729245, -46.324150551491535, 3496.0152244366186, 

parameters:
1.449260834025158, -21.299008312360918, 0.901746598735422, 
objectives:
-20.100397946057043, -20.093948084686833, 455.8463654563233, 

parameters:
1.873551956856216, -64.02437646906988, 3.567289630460364, 
objectives:
-64.08146916449049, -60.44109773099463, 4100.063689557768, 

parameters:
2.2717768968922174, -73.25752599409873, 9.552658823376301, 
objectives:
-77.6492145482218, -63.63100448903806, 5363.273426221928, 

parameters:
1.2738456805547096, -87.71263829595169, 13.655204622765208, 
objectives:
-99.745160100849, -73.53013357753743, 7682.474395031554, 

parameters:
-1.2209993396077583, -12.01238042955913, 2.2185556147436367, 
objectives:
-12.740096656980185, 0.5810119309381223, 144.56956735703412, 

parameters:
1.7507304796159147, -46.04046722625516, 20, 
objectives:
-62.97541001399899, -25.978331932462645, 2103.7896796241316, 

parameters:
1.9309646488452237, -15.422380267497203, 16.52614747794342, 
objectives:
-28.219903270350667, 1.108533090155282, 226.05229011243364, 

parameters:
0.9728894057763182, -20.237506259204107, 9.556855543657548, 
objectives:
-28.847848006989857, -9.625694542780035, 401.94631784353965, 

parameters:
-1.0872318842339561, -19.32287058779756, 0, 
objectives:
-18.140797417702643, -9.791869880766816, 375.5554009228669, 

