Generation 1461 at Fri May 24 19:48:15 2019
parameters:
2.67114229915326, 0.5122602339130609, 0, 
objectives:
7.647261416238825, 0.9626922196257849, 8.397411729574427, 

parameters:
0.05101637681523949, -100, 19.95971668145522, 
objectives:
-119.95711401075187, -76.24174615510238, 9981.042885989249, 

parameters:
-0.09310337269809921, -0.38187417318528993, 20, 
objectives:
-20.37320593517753, 23.999207555614866, -18.84550387784629, 

parameters:
1.9973066371654076, -100, 0, 
objectives:
-96.01076619713501, -99.99999274579665, 10004.989233802866, 

parameters:
3.714878475482716, -9.14533047853, 15.137866981441961, 
objectives:
-10.482875372367172, 8.933344688585887, 83.29952466769257, 

parameters:
4.761984435196631, -19.61886897644645, 1.0724320330133317, 
objectives:
1.9851947515951913, -10.917878923164668, 407.5040836430146, 

parameters:
0.8140258914917644, -88.34879543372833, 1.332951162656021, 
objectives:
-89.01910844436539, -85.6093096850204, 7805.839341580138, 

parameters:
3.632030012353919, -79.85684190273597, 0, 
objectives:
-66.66519989209635, -77.19331994151203, 6391.306840689207, 

parameters:
-0.683220728774785, -85.28637954656898, 15.695551224588172, 
objectives:
-100.5151402069296, -62.39115484265412, 7259.537775501059, 

parameters:
2.8454016309302474, -93.59537805937578, 18.52404961300827, 
objectives:
-104.02311723108353, -74.35662452878798, 8750.667054905773, 

parameters:
0.9372409305100137, -26.06325271504008, 0, 
objectives:
-25.184832153216803, -24.933795875256855, 681.1715626498674, 

parameters:
4.135955072262176, -70.85237796851372, 0.3504655764741136, 
objectives:
-54.09671918521662, -65.9396083213171, 5037.815122576426, 

parameters:
0.2504329634182555, -95.58648946180392, 1.1457976022503389, 
objectives:
-96.66957039488781, -91.37970704406015, 9136.69388669847, 

parameters:
3.090053316201706, -66.29794695456907, 17.979164884261838, 
objectives:
-74.72868234186174, -47.1305658381449, 4387.987035003562, 

parameters:
-0.5898610659326053, -91.14630349535861, 1.3202661569372225, 
objectives:
-92.11863357519269, -83.11865699758782, 8307.676310788187, 

parameters:
0.3094658701614481, -43.33080488283168, 0, 
objectives:
-43.235035758036894, -40.472899238682686, 1878.6544209188244, 

parameters:
0.650256485144632, -98.1795946911134, 13.009268523442119, 
objectives:
-110.76602971808286, -83.34851861177715, 9627.646378684332, 

parameters:
3.617864267647694, -42.76812413880838, 5.9039332678237795, 
objectives:
-35.583115547510175, -34.24670608245339, 1837.2974509438225, 

parameters:
-1.142951023643943, -95.93656939351044, 15.661577284418453, 
objectives:
-110.29180963548016, -70.39685097206747, 9190.470106753874, 

parameters:
-0.0013775480172366628, -6.341271753686193, 18.241636524655142, 
objectives:
-24.582906380702795, 15.905876860676436, 22.97009282708177, 

parameters:
-1.1489885489039853, -59.131943258930846, 2.891663826310884, 
objectives:
-60.703432399729245, -46.324150551491535, 3496.0152244366186, 

parameters:
1.4439105952484987, -56.80476486416625, 3.1031922744692455, 
objectives:
-57.82307933156462, -53.39233716362013, 3226.7629968058186, 

parameters:
1.873551956856216, -64.02437646906988, 3.567289630460364, 
objectives:
-64.08146916449049, -60.44109773099463, 4100.063689557768, 

parameters:
1.449260834025158, -21.299008312360918, 0.901746598735422, 
objectives:
-20.100397946057043, -20.093948084686833, 455.8463654563233, 

parameters:
0.6564940023544472, -76.30897031683566, 18.909265934301448, 
objectives:
-94.78725187600973, -55.59469601682464, 5805.580669256531, 

parameters:
2.106884641750221, -24.80378913579939, 19.122994391970153, 
objectives:
-39.487820634126585, -5.669370417187167, 601.5439239948728, 

parameters:
1.8983571079979131, -51.45087336908605, 1.0282629391321936, 
objectives:
-48.87537659873204, -50.412279152459305, 2650.7678672120815, 

parameters:
-0.7007218357849653, -34.07901657133574, 10.843664335849644, 
objectives:
-44.43166981603954, -15.941453801200383, 1152.0267172246724, 

parameters:
3.817307395432183, -75.61581084665454, 20, 
objectives:
-81.0439750954333, -52.313204677162034, 5713.32268574826, 

parameters:
2.2717768968922174, -73.25752599409873, 9.552658823376301, 
objectives:
-77.6492145482218, -63.63100448903806, 5363.273426221928, 

parameters:
-1.3395694517781616, -62.05700947324401, 18.454184525249186, 
objectives:
-78.71674768235594, -32.450100824744936, 3835.4126865531844, 

parameters:
-0.9688871829240215, -23.631146024457962, 19.637868845294243, 
objectives:
-42.33027249651776, 4.821013925766811, 540.7319359571954, 

parameters:
0.8179168255687059, -49.8929865423808, 0.6498558051546015, 
objectives:
-49.87385441398701, -47.84581010595263, 2490.3292382465856, 

parameters:
-0.9023163964245656, -41.084848195032606, 4.733265302583341, 
objectives:
-45.003938618359335, -27.928142427494386, 1685.0456607855474, 

parameters:
2.668508244273381, -37.04621858084558, 6.796819053297731, 
objectives:
-36.72210138438831, -29.80249625488637, 1373.7464283362458, 

parameters:
-2.340474055757556, -39.478710686241996, 3.733391438083589, 
objectives:
-37.73428331865136, -16.905604219453963, 1561.3130248155885, 

parameters:
0.9651930613294707, -79.64865026744859, 2.2966402250447473, 
objectives:
-81.01369284685478, -76.28118464208316, 6343.542446846931, 

parameters:
1.7130565554277455, -51.3198483676305, 3.297471216277847, 
objectives:
-51.68275682181437, -47.94004061096966, 2634.3639280224033, 

