Generation 1465 at Fri May 24 19:48:15 2019
parameters:
0.05101637681523949, -100, 19.95971668145522, 
objectives:
-119.95711401075187, -76.24174615510238, 9981.042885989249, 

parameters:
2.67114229915326, 0.5122602339130609, 0, 
objectives:
7.647261416238825, 0.9626922196257849, 8.397411729574427, 

parameters:
-0.09310337269809921, -0.38187417318528993, 20, 
objectives:
-20.37320593517753, 23.999207555614866, -18.84550387784629, 

parameters:
1.9973066371654076, -100, 0, 
objectives:
-96.01076619713501, -99.99999274579665, 10004.989233802866, 

parameters:
2.487219023763127, -15.169814322652456, 0, 
objectives:
-8.983555850483253, -14.932431945535761, 237.30952505592083, 

parameters:
1.9175950640559547, -18.244858823065222, 0, 
objectives:
-14.567687993373461, -18.23806824959728, 337.5520443032726, 

parameters:
2.106884641750221, -24.80378913579939, 19.122994391970153, 
objectives:
-39.487820634126585, -5.669370417187167, 601.5439239948728, 

parameters:
1.8983571079979131, -51.45087336908605, 1.0282629391321936, 
objectives:
-48.87537659873204, -50.412279152459305, 2650.7678672120815, 

parameters:
4.415961627632187, -47.82380386348673, 0.2777808014642219, 
objectives:
-28.600867568231035, -41.70915247583134, 2307.339152268504, 

parameters:
-0.5898610659326053, -91.14630349535861, 1.3202661569372225, 
objectives:
-92.11863357519269, -83.11865699758782, 8307.676310788187, 

parameters:
4.485692975041591, -0.3580943715518128, 12.906859980052312, 
objectives:
6.856487114733353, 18.727435174671612, 8.34281306522225, 

parameters:
-1.142951023643943, -95.93656939351044, 15.661577284418453, 
objectives:
-110.29180963548016, -70.39685097206747, 9190.470106753874, 

parameters:
2.8454016309302474, -93.59537805937578, 18.52404961300827, 
objectives:
-104.02311723108353, -74.35662452878798, 8750.667054905773, 

parameters:
4.135955072262176, -70.85237796851372, 0.3504655764741136, 
objectives:
-54.09671918521662, -65.9396083213171, 5037.815122576426, 

parameters:
3.617864267647694, -42.76812413880838, 5.9039332678237795, 
objectives:
-35.583115547510175, -34.24670608245339, 1837.2974509438225, 

parameters:
2.654513047885512, -77.79752657189213, 0.14884132125168825, 
objectives:
-70.8999283717494, -77.22029792078806, 6060.352738904406, 

parameters:
1.873551956856216, -64.02437646906988, 3.567289630460364, 
objectives:
-64.08146916449049, -60.44109773099463, 4100.063689557768, 

parameters:
1.4439105952484987, -56.80476486416625, 3.1031922744692455, 
objectives:
-57.82307933156462, -53.39233716362013, 3226.7629968058186, 

parameters:
-2.982119274836556, -23.66057678429592, 10.283236015002105, 
objectives:
-25.050777429946315, 11.444171699404118, 559.4326931199128, 

parameters:
0.49830138787127654, -36.920154275517014, 2.2874904367793976, 
objectives:
-38.959340439141975, -32.37756511706828, 1362.0586055643523, 

parameters:
0.8140258914917644, -88.34879543372833, 1.332951162656021, 
objectives:
-89.01910844436539, -85.6093096850204, 7805.839341580138, 

parameters:
2.344793538643625, -96.62024864083482, 6.958234555696775, 
objectives:
-98.0804264576667, -89.54313150084765, 9335.012269599909, 

parameters:
-1.444823306744767, -75.48367330384876, 4.354698467227247, 
objectives:
-77.75085738336313, -59.262167221929566, 5696.517751362656, 

parameters:
-1.578089738759922, -69.77859609145968, 0.8689067338281445, 
objectives:
-68.15713560170846, -56.10696317901248, 4871.673932984823, 

parameters:
-0.7007218357849653, -34.07901657133574, 10.843664335849644, 
objectives:
-44.43166981603954, -15.941453801200383, 1152.0267172246724, 

parameters:
0.3094658701614481, -43.33080488283168, 0, 
objectives:
-43.235035758036894, -40.472899238682686, 1878.6544209188244, 

parameters:
0.2504329634182555, -95.58648946180392, 1.1457976022503389, 
objectives:
-96.66957039488781, -91.37970704406015, 9136.69388669847, 

parameters:
0.40201651516050774, -80.24838625940659, 1.369561694313051, 
objectives:
-81.45633067525783, -76.32527334727376, 6439.595552823064, 

parameters:
-1.1489885489039853, -59.131943258930846, 2.891663826310884, 
objectives:
-60.703432399729245, -46.324150551491535, 3496.0152244366186, 

parameters:
2.120513132324281, -6.702757625627674, 9.622491001071392, 
objectives:
-11.828672682339331, 2.9342567905063275, 40.801044731198274, 

parameters:
-0.49035118051629234, -85.66743923802458, 0, 
objectives:
-85.42699495779087, -79.4655902357257, 7340.150589880868, 

parameters:
-0.5606178449202772, -84.17346379407132, 3.189306875413079, 
objectives:
-87.04847830144135, -74.42739317093408, 7083.296992584466, 

parameters:
-0.683220728774785, -85.28637954656898, 15.695551224588172, 
objectives:
-100.5151402069296, -62.39115484265412, 7259.537775501059, 

parameters:
-0.866512007268107, -87.53745531246756, 8.165519495734625, 
objectives:
-94.95213174946238, -71.1550447289207, 7656.39140614526, 

parameters:
3.002849038146649, -60.87341158321904, 1.8003493628790013, 
objectives:
-53.65665860019979, -58.067356027028374, 3713.788990763005, 

parameters:
-0.0013775480172366628, -6.341271753686193, 18.241636524655142, 
objectives:
-24.582906380702795, 15.905876860676436, 22.97009282708177, 

parameters:
1.6751692854729079, -37.2393300469312, 3.4946757927153196, 
objectives:
-37.92781370465471, -33.6391392611157, 1387.0792186865494, 

parameters:
1.3415322402125445, -63.3570761120749, 17.868382558171103, 
objectives:
-79.42574991871632, -45.055113763224284, 3999.05041966461, 

parameters:
3.817307395432183, -75.61581084665454, 20, 
objectives:
-81.0439750954333, -52.313204677162034, 5713.32268574826, 

parameters:
-1.582700851390425, -8.641310575079402, 18.562377465399067, 
objectives:
-24.69874605548649, 22.75681228087334, 59.614812974572004, 

parameters:
-2.1846330252219004, -62.28273835132629, 10.613351421382886, 
objectives:
-68.12346831781898, -34.158233374165604, 3874.2987665732776, 

