Generation 1466 at Fri May 24 19:48:15 2019
parameters:
0.05101637681523949, -100, 19.95971668145522, 
objectives:
-119.95711401075187, -76.24174615510238, 9981.042885989249, 

parameters:
2.67114229915326, 0.5122602339130609, 0, 
objectives:
7.647261416238825, 0.9626922196257849, 8.397411729574427, 

parameters:
-0.09310337269809921, -0.38187417318528993, 20, 
objectives:
-20.37320593517753, 23.999207555614866, -18.84550387784629, 

parameters:
1.9973066371654076, -100, 0, 
objectives:
-96.01076619713501, -99.99999274579665, 10004.989233802866, 

parameters:
0.8140258914917644, -88.34879543372833, 1.332951162656021, 
objectives:
-89.01910844436539, -85.6093096850204, 7805.839341580138, 

parameters:
0.40201651516050774, -80.24838625940659, 1.369561694313051, 
objectives:
-81.45633067525783, -76.32527334727376, 6439.595552823064, 

parameters:
5.013738570099611, -28.861928194778642, 0.7179065580801196, 
objectives:
-4.442260303554271, -19.061401467792475, 858.4305670117826, 

parameters:
1.873551956856216, -64.02437646906988, 3.567289630460364, 
objectives:
-64.08146916449049, -60.44109773099463, 4100.063689557768, 

parameters:
2.8454016309302474, -93.59537805937578, 18.52404961300827, 
objectives:
-104.02311723108353, -74.35662452878798, 8750.667054905773, 

parameters:
1.8983571079979131, -51.45087336908605, 1.0282629391321936, 
objectives:
-48.87537659873204, -50.412279152459305, 2650.7678672120815, 

parameters:
-0.5898610659326053, -91.14630349535861, 1.3202661569372225, 
objectives:
-92.11863357519269, -83.11865699758782, 8307.676310788187, 

parameters:
-1.142951023643943, -95.93656939351044, 15.661577284418453, 
objectives:
-110.29180963548016, -70.39685097206747, 9190.470106753874, 

parameters:
-1.444823306744767, -75.48367330384876, 4.354698467227247, 
objectives:
-77.75085738336313, -59.262167221929566, 5696.517751362656, 

parameters:
-1.1489885489039853, -59.131943258930846, 2.891663826310884, 
objectives:
-60.703432399729245, -46.324150551491535, 3496.0152244366186, 

parameters:
4.415961627632187, -47.82380386348673, 0.2777808014642219, 
objectives:
-28.600867568231035, -41.70915247583134, 2307.339152268504, 

parameters:
4.135955072262176, -70.85237796851372, 0.3504655764741136, 
objectives:
-54.09671918521662, -65.9396083213171, 5037.815122576426, 

parameters:
2.344793538643625, -96.62024864083482, 6.958234555696775, 
objectives:
-98.0804264576667, -89.54313150084765, 9335.012269599909, 

parameters:
-1.578089738759922, -69.77859609145968, 0.8689067338281445, 
objectives:
-68.15713560170846, -56.10696317901248, 4871.673932984823, 

parameters:
1.4439105952484987, -56.80476486416625, 3.1031922744692455, 
objectives:
-57.82307933156462, -53.39233716362013, 3226.7629968058186, 

parameters:
2.106884641750221, -24.80378913579939, 19.122994391970153, 
objectives:
-39.487820634126585, -5.669370417187167, 601.5439239948728, 

parameters:
3.617864267647694, -42.76812413880838, 5.9039332678237795, 
objectives:
-35.583115547510175, -34.24670608245339, 1837.2974509438225, 

parameters:
3.145418921146466, -33.436690045911625, 4.487953417771626, 
objectives:
-28.030983274177053, -27.636752123219665, 1124.4179479981, 

parameters:
2.654513047885512, -77.79752657189213, 0.14884132125168825, 
objectives:
-70.8999283717494, -77.22029792078806, 6060.352738904406, 

parameters:
0.3094658701614481, -43.33080488283168, 0, 
objectives:
-43.235035758036894, -40.472899238682686, 1878.6544209188244, 

parameters:
0.2504329634182555, -95.58648946180392, 1.1457976022503389, 
objectives:
-96.66957039488781, -91.37970704406015, 9136.69388669847, 

parameters:
-2.982119274836556, -23.66057678429592, 10.283236015002105, 
objectives:
-25.050777429946315, 11.444171699404118, 559.4326931199128, 

parameters:
2.120513132324281, -6.702757625627674, 9.622491001071392, 
objectives:
-11.828672682339331, 2.9342567905063275, 40.801044731198274, 

parameters:
0.33897715622580726, -16.08386757952125, 0, 
objectives:
-15.968962067078316, -13.324870691981545, 259.8057018280177, 

parameters:
0.49830138787127654, -36.920154275517014, 2.2874904367793976, 
objectives:
-38.959340439141975, -32.37756511706828, 1362.0586055643523, 

parameters:
1.3861367576757093, -70.17870852550003, 3.8952082009754667, 
objectives:
-72.15254161549576, -65.90667224424767, 4924.077297217095, 

parameters:
2.487219023763127, -15.169814322652456, 0, 
objectives:
-8.983555850483253, -14.932431945535761, 237.30952505592083, 

parameters:
-1.71334936282785, -9.223634209316385, 14.446520784272419, 
objectives:
-20.734588954486206, 19.011850065370034, 74.56447328210167, 

parameters:
-0.7007218357849653, -34.07901657133574, 10.843664335849644, 
objectives:
-44.43166981603954, -15.941453801200383, 1152.0267172246724, 

parameters:
3.8751947125858326, -38.9530652193683, 1.4296320189978802, 
objectives:
-25.365563177912982, -34.007077990260555, 1531.9287920258155, 

parameters:
1.2459921536888017, 1.175378826134743, 17.262587572464138, 
objectives:
-14.534712299275338, 19.006494230897733, -13.328575740484194, 

parameters:
0.32449180105137465, -4.0341806840474925, 11.452855015320283, 
objectives:
-15.381740770418212, 10.226002056016856, 5.927053705171177, 

parameters:
1.9175950640559547, -18.244858823065222, 0, 
objectives:
-14.567687993373461, -18.23806824959728, 337.5520443032726, 

