Generation 1475 at Fri May 24 19:48:15 2019
parameters:
0.05101637681523949, -100, 19.95971668145522, 
objectives:
-119.95711401075187, -76.24174615510238, 9981.042885989249, 

parameters:
2.67114229915326, 0.5122602339130609, 0, 
objectives:
7.647261416238825, 0.9626922196257849, 8.397411729574427, 

parameters:
-0.09310337269809921, -0.38187417318528993, 20, 
objectives:
-20.37320593517753, 23.999207555614866, -18.84550387784629, 

parameters:
1.9973066371654076, -100, 0, 
objectives:
-96.01076619713501, -99.99999274579665, 10004.989233802866, 

parameters:
0.40201651516050774, -80.24838625940659, 1.369561694313051, 
objectives:
-81.45633067525783, -76.32527334727376, 6439.595552823064, 

parameters:
-1.142951023643943, -95.93656939351044, 15.661577284418453, 
objectives:
-110.29180963548016, -70.39685097206747, 9190.470106753874, 

parameters:
3.935431749975187, -86.28058827449301, 2.076583860240893, 
objectives:
-72.86954907602113, -80.4581083554401, 7458.750952191052, 

parameters:
3.0827273030724007, -36.06666732382117, 1.7134902767553957, 
objectives:
-28.276949975468526, -33.18087863424734, 1309.5942091955424, 

parameters:
-1.444823306744767, -75.48367330384876, 4.354698467227247, 
objectives:
-77.75085738336313, -59.262167221929566, 5696.517751362656, 

parameters:
4.135955072262176, -70.85237796851372, 0.3504655764741136, 
objectives:
-54.09671918521662, -65.9396083213171, 5037.815122576426, 

parameters:
2.2403956909095575, -89.00166163521456, 0.0, 
objectives:
-83.98228878336845, -88.94387154700668, 7927.31514668107, 

parameters:
1.8983571079979131, -51.45087336908605, 1.0282629391321936, 
objectives:
-48.87537659873204, -50.412279152459305, 2650.7678672120815, 

parameters:
-1.8600925661302095, -6.394136425384394, 5.302764699772634, 
objectives:
-8.236956770584161, 13.808942893481944, 40.04216028122775, 

parameters:
-2.439153255879781, -57.61147164310346, 17.14718074428811, 
objectives:
-68.80918378172262, -20.75820926962729, 3308.8839527454948, 

parameters:
2.8454016309302474, -93.59537805937578, 18.52404961300827, 
objectives:
-104.02311723108353, -74.35662452878798, 8750.667054905773, 

parameters:
-0.8684812727298046, -46.254804152336625, 1.0365408664161833, 
objectives:
-46.53708529767042, -36.99007847391884, 2140.224626025684, 

parameters:
1.1209393998634918, -26.435960748315388, 1.1375483751513613, 
objectives:
-26.317003985300424, -24.525664834451668, 699.9789774494868, 

parameters:
2.487808877643314, -3.7444168198987295, 3.3455380151769125, 
objectives:
-0.900761823394757, -0.16092130361418766, 17.864312317644487, 

parameters:
3.9557841507357665, -13.127536987977287, 17.322121820691116, 
objectives:
-14.801430561456113, 8.019676476983053, 171.65833379723296, 

parameters:
-3.075532651881576, -30.938645290034007, 16.257020665817066, 
objectives:
-37.73676486306135, 11.079407076099084, 951.401652809516, 

parameters:
0.3094658701614481, -43.33080488283168, 0, 
objectives:
-43.235035758036894, -40.472899238682686, 1878.6544209188244, 

parameters:
-0.5898610659326053, -91.14630349535861, 1.3202661569372225, 
objectives:
-92.11863357519269, -83.11865699758782, 8307.676310788187, 

parameters:
-1.8051050169103986, -60.88674208553048, 2.624643164838351, 
objectives:
-60.25298112829374, -43.78327473097544, 3708.8291227471454, 

parameters:
0.9633667667638184, -21.008855209136826, 15.402578092420246, 
objectives:
-35.4833577742521, -4.531668656466881, 427.8974946333603, 

parameters:
1.873551956856216, -64.02437646906988, 3.567289630460364, 
objectives:
-64.08146916449049, -60.44109773099463, 4100.063689557768, 

parameters:
-2.445656873181983, -41.39498263143157, 14.237499044313655, 
objectives:
-49.651244134402944, -7.393618553047705, 1706.2883255535498, 

parameters:
0.2813671273642866, -55.2891590163033, 4.208617940312359, 
objectives:
-59.418609496254426, -48.12684212508686, 3053.7616542501214, 

parameters:
0.8140258914917644, -88.34879543372833, 1.332951162656021, 
objectives:
-89.01910844436539, -85.6093096850204, 7805.839341580138, 

parameters:
1.570280164910736, -59.260773685610054, 0, 
objectives:
-56.79499388929796, -59.07611454894091, 3515.3050776134055, 

parameters:
0.6680383996411676, -68.07398563130963, 3.649542968960711, 
objectives:
-71.27725329687522, -62.65032095751845, 4631.864252066184, 

parameters:
2.752699538373, -20.353470683187595, 8.584177991901061, 
objectives:
-21.360293926529728, -11.202736096219606, 414.2569456080348, 

parameters:
2.120513132324281, -6.702757625627674, 9.622491001071392, 
objectives:
-11.828672682339331, 2.9342567905063275, 40.801044731198274, 

parameters:
2.9255813462002895, -25.206618799373263, 10.571656832228534, 
objectives:
-27.2192494183667, -13.77826113871079, 634.3610006779243, 

parameters:
0.18565290658483624, -96.7097216674214, 6.258172849032205, 
objectives:
-102.93342751473021, -87.15969344300514, 9347.54655914281, 

parameters:
3.2496995186275477, -65.4398695312902, 0.9694429832713289, 
objectives:
-55.84876555319341, -62.908677661160944, 4292.96762825038, 

parameters:
2.577206251747601, -96.80599451259152, 13.349529305544722, 
objectives:
-103.51353175408933, -83.12329814999029, 9365.693036330404, 

