Generation 1480 at Fri May 24 19:48:15 2019
parameters:
2.67114229915326, 0.5122602339130609, 0, 
objectives:
7.647261416238825, 0.9626922196257849, 8.397411729574427, 

parameters:
0.05101637681523949, -100, 19.95971668145522, 
objectives:
-119.95711401075187, -76.24174615510238, 9981.042885989249, 

parameters:
-0.09310337269809921, -0.38187417318528993, 20, 
objectives:
-20.37320593517753, 23.999207555614866, -18.84550387784629, 

parameters:
1.9973066371654076, -100, 0, 
objectives:
-96.01076619713501, -99.99999274579665, 10004.989233802866, 

parameters:
3.9557841507357665, -13.127536987977287, 17.322121820691116, 
objectives:
-14.801430561456113, 8.019676476983053, 171.65833379723296, 

parameters:
-2.439153255879781, -57.61147164310346, 17.14718074428811, 
objectives:
-68.80918378172262, -20.75820926962729, 3308.8839527454948, 

parameters:
3.0827273030724007, -36.06666732382117, 1.7134902767553957, 
objectives:
-28.276949975468526, -33.18087863424734, 1309.5942091955424, 

parameters:
1.873551956856216, -64.02437646906988, 3.567289630460364, 
objectives:
-64.08146916449049, -60.44109773099463, 4100.063689557768, 

parameters:
0.2813671273642866, -55.2891590163033, 4.208617940312359, 
objectives:
-59.418609496254426, -48.12684212508686, 3053.7616542501214, 

parameters:
0.9633667667638184, -21.008855209136826, 15.402578092420246, 
objectives:
-35.4833577742521, -4.531668656466881, 427.8974946333603, 

parameters:
0.8140258914917644, -88.34879543372833, 1.332951162656021, 
objectives:
-89.01910844436539, -85.6093096850204, 7805.839341580138, 

parameters:
2.311225600840728, -4.571977227408091, 15.603927785317955, 
objectives:
-14.834141234744461, 11.128811932528537, 11.640811760601801, 

parameters:
2.8454016309302474, -93.59537805937578, 18.52404961300827, 
objectives:
-104.02311723108353, -74.35662452878798, 8750.667054905773, 

parameters:
3.935431749975187, -86.28058827449301, 2.076583860240893, 
objectives:
-72.86954907602113, -80.4581083554401, 7458.750952191052, 

parameters:
3.7586241624283323, -31.997276902861962, 20, 
objectives:
-37.87002130847188, -8.90451795818521, 1018.9529847928136, 

parameters:
0.21481698526313764, -95.28755544738884, 16.97458914998488, 
objectives:
-112.21599826021618, -75.12608790129897, 9063.789780326377, 

parameters:
2.8127469212155276, -72.59519885036516, 20, 
objectives:
-84.68365360755773, -51.93464129241984, 5258.974441366868, 

parameters:
-1.4466519759399092, -84.33566581526733, 1.3151934872210835, 
objectives:
-83.55805736299757, -71.14106248479577, 7114.28213695672, 

parameters:
1.7268586340011454, -96.55860912806425, 5.187622123622396, 
objectives:
-98.76419050986233, -91.29638079862214, 9322.359415364495, 

parameters:
0.6063300989333658, -47.416944647140895, 0.06482185368575355, 
objectives:
-47.114130311954106, -45.40980700031606, 2249.6694540052104, 

parameters:
0.3094658701614481, -43.33080488283168, 0, 
objectives:
-43.235035758036894, -40.472899238682686, 1878.6544209188244, 

parameters:
4.597947447258591, -74.84051807064733, 2.9174273127861756, 
objectives:
-56.61682465568172, -65.17375981914373, 5620.3268384978555, 

parameters:
-1.9272245965537929, -66.89310618133803, 16.056476645451216, 
objectives:
-79.23538818122731, -35.413536504109715, 4463.345372587875, 

parameters:
-0.6721377724607633, -80.29622287079978, 5.954157670561139, 
objectives:
-85.79861135619241, -67.20174492522706, 6442.981018831757, 

parameters:
0.32939068506675406, -77.18124976892638, 19.84455191437119, 
objectives:
-96.91730345988883, -54.54576237141346, 5938.209262202436, 

parameters:
-0.5898610659326053, -91.14630349535861, 1.3202661569372225, 
objectives:
-92.11863357519269, -83.11865699758782, 8307.676310788187, 

parameters:
-1.2074141707041885, -41.83918028482746, 4.9200871626633464, 
objectives:
-45.30141846787352, -26.631587459730074, 1748.0547687232483, 

parameters:
0.6680383996411676, -68.07398563130963, 3.649542968960711, 
objectives:
-71.27725329687522, -62.65032095751845, 4631.864252066184, 

parameters:
-2.445656873181983, -41.39498263143157, 14.237499044313655, 
objectives:
-49.651244134402944, -7.393618553047705, 1706.2883255535498, 

parameters:
3.2395692861585146, -28.53869356342384, 20, 
objectives:
-38.043884403602256, -7.002161548236312, 805.951839466831, 

parameters:
0.40201651516050774, -80.24838625940659, 1.369561694313051, 
objectives:
-81.45633067525783, -76.32527334727376, 6439.595552823064, 

parameters:
3.1985027473473906, -99.4196363305844, 2.901330769544168, 
objectives:
-92.09054727533976, -95.08189672564097, 9892.593177160901, 

parameters:
-0.8684812727298046, -46.254804152336625, 1.0365408664161833, 
objectives:
-46.53708529767042, -36.99007847391884, 2140.224626025684, 

parameters:
0.13682569216329377, -100, 0.6861432841508178, 
objectives:
-100.66742201411485, -95.8424382144664, 10000.332577985886, 

parameters:
0.9907581669797225, -95.62893794459552, 1.1917112462202155, 
objectives:
-95.83904744537872, -93.41865762085718, 9145.683662910518, 

parameters:
-1.4131664579523204, -76.7024709080367, 18.461269569336768, 
objectives:
-93.16670103949195, -46.59149606900915, 5867.804813266761, 

parameters:
2.8609932891193197, -75.62768845611144, 2.61196377649848, 
objectives:
-70.05436963222415, -72.27441523570445, 5726.12058003854, 

parameters:
2.8220952600029774, -75.734675805722, 0, 
objectives:
-67.77045414919073, -75.05883518920264, 5744.705341054346, 

