Generation 1483 at Fri May 24 19:48:15 2019
parameters:
0.05101637681523949, -100, 19.95971668145522, 
objectives:
-119.95711401075187, -76.24174615510238, 9981.042885989249, 

parameters:
2.67114229915326, 0.5122602339130609, 0, 
objectives:
7.647261416238825, 0.9626922196257849, 8.397411729574427, 

parameters:
-0.09310337269809921, -0.38187417318528993, 20, 
objectives:
-20.37320593517753, 23.999207555614866, -18.84550387784629, 

parameters:
1.9973066371654076, -100, 0, 
objectives:
-96.01076619713501, -99.99999274579665, 10004.989233802866, 

parameters:
3.9557841507357665, -13.127536987977287, 17.322121820691116, 
objectives:
-14.801430561456113, 8.019676476983053, 171.65833379723296, 

parameters:
0.1284172076102852, -32.37476333786872, 17.63460569734735, 
objectives:
-49.99287805600565, -11.237335491752088, 1031.5071864648717, 

parameters:
0.3094658701614481, -43.33080488283168, 0, 
objectives:
-43.235035758036894, -40.472899238682686, 1878.6544209188244, 

parameters:
0.9633667667638184, -21.008855209136826, 15.402578092420246, 
objectives:
-35.4833577742521, -4.531668656466881, 427.8974946333603, 

parameters:
-1.7150837923402884, -35.45930683888382, 0, 
objectives:
-32.517794424135474, -21.65745925477432, 1261.303953908861, 

parameters:
-1.0353000600961597, -53.7857409199366, 17.4237914701804, 
objectives:
-70.13768617568189, -27.148902994936453, 2877.553981050797, 

parameters:
0.1785963240426054, -97.2515601538602, 3.597833696419664, 
objectives:
-100.81749720331834, -90.33621510664942, 9455.300015310431, 

parameters:
0.8140258914917644, -88.34879543372833, 1.332951162656021, 
objectives:
-89.01910844436539, -85.6093096850204, 7805.839341580138, 

parameters:
2.311225600840728, -4.571977227408091, 15.603927785317955, 
objectives:
-14.834141234744461, 11.128811932528537, 11.640811760601801, 

parameters:
3.0827273030724007, -36.06666732382117, 1.7134902767553957, 
objectives:
-28.276949975468526, -33.18087863424734, 1309.5942091955424, 

parameters:
2.8454016309302474, -93.59537805937578, 18.52404961300827, 
objectives:
-104.02311723108353, -74.35662452878798, 8750.667054905773, 

parameters:
-0.6721377724607633, -80.29622287079978, 5.954157670561139, 
objectives:
-85.79861135619241, -67.20174492522706, 6442.981018831757, 

parameters:
0.7964146830132797, -47.53107309094154, 4.182922748335644, 
objectives:
-51.07971949195804, -41.899532727339874, 2256.65426277541, 

parameters:
2.8127469212155276, -72.59519885036516, 20, 
objectives:
-84.68365360755773, -51.93464129241984, 5258.974441366868, 

parameters:
2.011627751350089, -97.51848713106178, 0.13505895476305801, 
objectives:
-93.60689987582302, -97.38329297169726, 9514.766919586298, 

parameters:
3.935431749975187, -86.28058827449301, 2.076583860240893, 
objectives:
-72.86954907602113, -80.4581083554401, 7458.750952191052, 

parameters:
-1.9272245965537929, -66.89310618133803, 16.056476645451216, 
objectives:
-79.23538818122731, -35.413536504109715, 4463.345372587875, 

parameters:
0.32939068506675406, -77.18124976892638, 19.84455191437119, 
objectives:
-96.91730345988883, -54.54576237141346, 5938.209262202436, 

parameters:
-1.4466519759399092, -84.33566581526733, 1.3151934872210835, 
objectives:
-83.55805736299757, -71.14106248479577, 7114.28213695672, 

parameters:
4.597947447258591, -74.84051807064733, 2.9174273127861756, 
objectives:
-56.61682465568172, -65.17375981914373, 5620.3268384978555, 

parameters:
0.6680383996411676, -68.07398563130963, 3.649542968960711, 
objectives:
-71.27725329687522, -62.65032095751845, 4631.864252066184, 

parameters:
1.873551956856216, -64.02437646906988, 3.567289630460364, 
objectives:
-64.08146916449049, -60.44109773099463, 4100.063689557768, 

parameters:
-0.5898610659326053, -91.14630349535861, 1.3202661569372225, 
objectives:
-92.11863357519269, -83.11865699758782, 8307.676310788187, 

parameters:
-0.5313276021192364, -16.650876992379345, 9.396743354643831, 
objectives:
-25.7653113262494, -0.8465142084847912, 269.13727028147775, 

parameters:
0.46222394869815986, -62.670782619288026, 13.212144610389565, 
objectives:
-75.66927625092748, -47.093882824940984, 3915.6285004824144, 

parameters:
-0.8109064241358578, -95.41939366301108, 19.70022893316845, 
objectives:
-114.46205336747472, -67.8179698045944, 9086.818027312214, 

parameters:
0.2813671273642866, -55.2891590163033, 4.208617940312359, 
objectives:
-59.418609496254426, -48.12684212508686, 3053.7616542501214, 

parameters:
0.7894430630235507, -91.50018343666471, 19.64821079445114, 
objectives:
-110.52517388135985, -70.38652454455178, 8354.258578498599, 

parameters:
2.1338104062563517, -58.060069428216714, 15.085312747050317, 
objectives:
-68.59223532541913, -42.956851456343905, 3361.4394961121425, 

parameters:
-1.0875585062282898, -59.837184744889115, 3.1101311352491066, 
objectives:
-61.76453237566871, -47.19403608025734, 3579.561330563211, 

parameters:
-0.555935462236589, -67.27064655388679, 15.784001085838812, 
objectives:
-82.74558340155339, -44.953839380929416, 4510.864950930294, 

parameters:
0.9981506199347654, -58.56235905918684, 0.4593282507883866, 
objectives:
-58.02538264989907, -57.09932862806136, 3431.0868749864103, 

parameters:
-2.1143617927008234, -95.1971559247578, 20, 
objectives:
-110.72663013432475, -58.26918296352147, 9047.969021953082, 

parameters:
3.8624241516322053, -75.39157382684976, 2.485339799835496, 
objectives:
-62.9585932995735, -69.43761030643132, 5697.322384616614, 

parameters:
0.21481698526313764, -95.28755544738884, 16.97458914998488, 
objectives:
-112.21599826021618, -75.12608790129897, 9063.789780326377, 

