Generation 1486 at Fri May 24 19:48:15 2019
parameters:
0.05101637681523949, -100, 19.95971668145522, 
objectives:
-119.95711401075187, -76.24174615510238, 9981.042885989249, 

parameters:
2.67114229915326, 0.5122602339130609, 0, 
objectives:
7.647261416238825, 0.9626922196257849, 8.397411729574427, 

parameters:
-0.09310337269809921, -0.38187417318528993, 20, 
objectives:
-20.37320593517753, 23.999207555614866, -18.84550387784629, 

parameters:
1.9973066371654076, -100, 0, 
objectives:
-96.01076619713501, -99.99999274579665, 10004.989233802866, 

parameters:
-0.8109064241358578, -95.41939366301108, 19.70022893316845, 
objectives:
-114.46205336747472, -67.8179698045944, 9086.818027312214, 

parameters:
3.9557841507357665, -13.127536987977287, 17.322121820691116, 
objectives:
-14.801430561456113, 8.019676476983053, 171.65833379723296, 

parameters:
2.8454016309302474, -93.59537805937578, 18.52404961300827, 
objectives:
-104.02311723108353, -74.35662452878798, 8750.667054905773, 

parameters:
0.46222394869815986, -62.670782619288026, 13.212144610389565, 
objectives:
-75.66927625092748, -47.093882824940984, 3915.6285004824144, 

parameters:
1.873551956856216, -64.02437646906988, 3.567289630460364, 
objectives:
-64.08146916449049, -60.44109773099463, 4100.063689557768, 

parameters:
0.1785963240426054, -97.2515601538602, 3.597833696419664, 
objectives:
-100.81749720331834, -90.33621510664942, 9455.300015310431, 

parameters:
2.590752434811973, -83.40867165530724, 6.125254773852059, 
objectives:
-82.82192825067514, -76.9344284422189, 6958.593250707487, 

parameters:
0.32939068506675406, -77.18124976892638, 19.84455191437119, 
objectives:
-96.91730345988883, -54.54576237141346, 5938.209262202436, 

parameters:
-0.5898610659326053, -91.14630349535861, 1.3202661569372225, 
objectives:
-92.11863357519269, -83.11865699758782, 8307.676310788187, 

parameters:
-0.754233430325957, -45.201442231045334, 12.051742839736704, 
objectives:
-56.684317003360775, -25.563897602583538, 2032.6875049942132, 

parameters:
0.8140258914917644, -88.34879543372833, 1.332951162656021, 
objectives:
-89.01910844436539, -85.6093096850204, 7805.839341580138, 

parameters:
2.8127469212155276, -72.59519885036516, 20, 
objectives:
-84.68365360755773, -51.93464129241984, 5258.974441366868, 

parameters:
0.3094658701614481, -43.33080488283168, 0, 
objectives:
-43.235035758036894, -40.472899238682686, 1878.6544209188244, 

parameters:
3.7847526320796345, -48.99974486772326, 17.977449649717514, 
objectives:
-52.65284203140705, -27.836953260290564, 2398.321899938288, 

parameters:
-1.619038558885735, -68.87647954377518, 13.92889750631102, 
objectives:
-80.18409119492739, -41.85014194676242, 4733.661822692929, 

parameters:
3.935431749975187, -86.28058827449301, 2.076583860240893, 
objectives:
-72.86954907602113, -80.4581083554401, 7458.750952191052, 

parameters:
2.751681577557888, -27.29866235016769, 20, 
objectives:
-39.72691084589622, -6.733637156127774, 733.7887176127343, 

parameters:
2.129435462772796, -74.73902470612198, 16.77214289945782, 
objectives:
-86.97667221546541, -57.95012826764095, 5574.684166512968, 

parameters:
0.7745148752926885, -54.50598000591698, 18.786294614408764, 
objectives:
-72.69240132827609, -34.21787160062932, 2953.715435083063, 

parameters:
-1.7479570439845087, -52.05241206559827, 0, 
objectives:
-48.997058237983204, -38.00523006204517, 2713.508955674455, 

parameters:
0.34768151196429553, -18.878229608101933, 0.6686655667637481, 
objectives:
-19.426012741103904, -15.479407655433588, 356.8397700032145, 

parameters:
3.0827273030724007, -36.06666732382117, 1.7134902767553957, 
objectives:
-28.276949975468526, -33.18087863424734, 1309.5942091955424, 

parameters:
-1.9272245965537929, -66.89310618133803, 16.056476645451216, 
objectives:
-79.23538818122731, -35.413536504109715, 4463.345372587875, 

parameters:
0.220673618275938, -24.69806357507015, 0.8478278049408634, 
objectives:
-25.49719453420802, -20.684233397430045, 610.1952133990691, 

parameters:
-1.6171552747414184, -15.52966584198802, 15.539112731176917, 
objectives:
-28.453587390540946, 13.093259170778563, 229.24659961525657, 

parameters:
0.1284172076102852, -32.37476333786872, 17.63460569734735, 
objectives:
-49.99287805600565, -11.237335491752088, 1031.5071864648717, 

parameters:
-1.7150837923402884, -35.45930683888382, 0, 
objectives:
-32.517794424135474, -21.65745925477432, 1261.303953908861, 

parameters:
0.9633667667638184, -21.008855209136826, 15.402578092420246, 
objectives:
-35.4833577742521, -4.531668656466881, 427.8974946333603, 

parameters:
1.8126447515249176, -100, 2.378258366127992, 
objectives:
-99.09257737089716, -97.58663964474084, 10001.907422629101, 

parameters:
-1.0353000600961597, -53.7857409199366, 17.4237914701804, 
objectives:
-70.13768617568189, -27.148902994936453, 2877.553981050797, 

parameters:
2.311225600840728, -4.571977227408091, 15.603927785317955, 
objectives:
-14.834141234744461, 11.128811932528537, 11.640811760601801, 

parameters:
1.0509703303491171, -21.140653379678717, 8.943052754428841, 
objectives:
-28.979167498833426, -11.296943311372214, 440.0887112005665, 

parameters:
-0.5313276021192364, -16.650876992379345, 9.396743354643831, 
objectives:
-25.7653113262494, -0.8465142084847912, 269.13727028147775, 

