Generation 149 at Fri May 24 19:55:16 2019
parameters:
0, 0.0, 20.0, 
objectives:
-20.0, 24.0, -19.0, 

parameters:
0, 0.0, 20.0, 
objectives:
-20.0, 24.0, -19.0, 

parameters:
1.9979647189482492, 0.0, 20.0, 
objectives:
-16.008136981838042, 20.000004142368958, -15.008136981838044, 

parameters:
0.5926783232291257, 0.0, 20.0, 
objectives:
-19.64873240517431, 21.980554301909184, -18.64873240517431, 

parameters:
0.7059148311745733, 0.0, 20.0, 
objectives:
-19.501684251127774, 21.674656424173932, -18.501684251127774, 

parameters:
0.46097801195892224, 0.0, 20.0, 
objectives:
-19.7874992724904, 22.368588679673913, -18.7874992724904, 

parameters:
1.8453618305906876, 0.0, 20.0, 
objectives:
-16.594639714198987, 20.023912963438264, -15.594639714198987, 

parameters:
1.693846073249962, 0.0, 20.0, 
objectives:
-17.130885480135685, 20.09373022686447, -16.130885480135685, 

parameters:
1.6332890225112875, 0.0, 20.0, 
objectives:
-17.33236696894412, 20.13447694101073, -16.33236696894412, 

parameters:
1.9458640538964267, 0.0, 20.0, 
objectives:
-16.213613083753764, 20.002930700660528, -15.213613083753764, 

parameters:
1.036391266760857, 0.0, 20.0, 
objectives:
-18.925893142181827, 20.928541790774744, -17.925893142181827, 

parameters:
1.2751838160240285, 0.0, 20.0, 
objectives:
-18.373906235350397, 20.52535850055349, -17.373906235350397, 

parameters:
1.514233886037172, 0.0, 20.0, 
objectives:
-17.707095738376765, 20.23596871747455, -16.707095738376765, 

parameters:
1.8899236400560266, 0.0, 20.0, 
objectives:
-16.42818863475738, 20.012116805018515, -15.428188634757378, 

parameters:
1.1008663303508723, 0.014189185868118681, 20.0, 
objectives:
-18.773904136831685, 20.822630541764827, -17.773904136831685, 

parameters:
1.1614813588442292, 0.0, 20.0, 
objectives:
-18.65096105305736, 20.70311351156572, -17.65096105305736, 

parameters:
0.3125662186074498, 0.0, 20.0, 
objectives:
-19.90230235898544, 22.84743276658476, -18.90230235898544, 

parameters:
1.2208198523325708, 0.0, 20.0, 
objectives:
-18.50959888815068, 20.607121702519038, -17.50959888815068, 

parameters:
0.050287287049527396, 0.0, 20.0, 
objectives:
-19.9974711887612, 23.80137966304069, -18.9974711887612, 

parameters:
0.17431526825519966, 0.0, 20.0, 
objectives:
-19.969614187253118, 23.333124739726085, -18.969614187253118, 

parameters:
0.38129041848874096, 0.0, 20.0, 
objectives:
-19.85461761676868, 22.620220709276357, -18.85461761676868, 

parameters:
0.8557095592894225, 0.0, 20.0, 
objectives:
-19.267761150140704, 21.30940061270161, -18.267761150140704, 

parameters:
1.4211184078005052, 0.0, 20.0, 
objectives:
-17.980422471010556, 20.335103897787423, -16.980422471010556, 

parameters:
1.7634642991664402, 0.0, 20.0, 
objectives:
-16.890193665565416, 20.055949137768824, -15.890193665565416, 

parameters:
0.9328520159945058, 0.0, 20.0, 
objectives:
-19.129787116254985, 21.13880481976699, -18.129787116254985, 

parameters:
0.9646202151001259, 0.0, 20.0, 
objectives:
-19.069507840620187, 21.07201129897931, -18.069507840620187, 

parameters:
0.790835838382675, 0.0, 20.0, 
objectives:
-19.37457867672957, 21.462077969739727, -18.37457867672957, 

parameters:
1.3457249383005363, 0.0, 20.0, 
objectives:
-18.189024390436018, 20.428075856361836, -17.189024390436018, 

parameters:
1.7595595430493898, 0.0, 20.0, 
objectives:
-16.903950214463823, 20.057811613338618, -15.903950214463823, 

parameters:
1.3559315978494044, 0.0, 20.0, 
objectives:
-18.161449501953562, 20.414824106648823, -17.161449501953562, 

parameters:
1.5751017803435297, 0.0, 20.0, 
objectives:
-17.519054381558643, 20.18053849706724, -16.519054381558643, 

parameters:
1.5730839663109548, 0.0, 20.0, 
objectives:
-17.525406834935396, 20.182257299820787, -16.525406834935396, 

parameters:
0.22172537699410932, 0.0, 20.0, 
objectives:
-19.95083785719682, 23.162260634826744, -18.95083785719682, 

parameters:
1.4602799122199825, 0.0, 20.0, 
objectives:
-17.8675825779668, 20.29129777315327, -16.8675825779668, 

parameters:
1.4540392667145257, 0.0, 20.0, 
objectives:
-17.885769810852285, 20.298073122289612, -16.885769810852285, 

parameters:
0.8154526010425233, 0.0, 20.0, 
objectives:
-19.335037055452982, 21.403152540376922, -18.335037055452982, 

parameters:
0.2193086056976124, 0.0, 20.0, 
objectives:
-19.95190373546697, 23.170861841742582, -18.95190373546697, 

parameters:
0.8120454158819181, 0.0, 20.0, 
objectives:
-19.340582242545164, 21.411236093927165, -18.340582242545164, 

