Generation 1493 at Fri May 24 19:48:15 2019
parameters:
2.67114229915326, 0.5122602339130609, 0, 
objectives:
7.647261416238825, 0.9626922196257849, 8.397411729574427, 

parameters:
0.05101637681523949, -100, 19.95971668145522, 
objectives:
-119.95711401075187, -76.24174615510238, 9981.042885989249, 

parameters:
-0.09310337269809921, -0.38187417318528993, 20, 
objectives:
-20.37320593517753, 23.999207555614866, -18.84550387784629, 

parameters:
1.9973066371654076, -100, 0, 
objectives:
-96.01076619713501, -99.99999274579665, 10004.989233802866, 

parameters:
4.502491321025666, -11.03744981582949, 20, 
objectives:
-10.765021719918046, 15.225012995979291, 123.09772653286589, 

parameters:
2.751681577557888, -27.29866235016769, 20, 
objectives:
-39.72691084589622, -6.733637156127774, 733.7887176127343, 

parameters:
2.336563901913617, -82.2417091502839, 15.248020335197985, 
objectives:
-92.0301986177561, -66.8804135550146, 6754.910234492418, 

parameters:
-1.619038558885735, -68.87647954377518, 13.92889750631102, 
objectives:
-80.18409119492739, -41.85014194676242, 4733.661822692929, 

parameters:
0.32939068506675406, -77.18124976892638, 19.84455191437119, 
objectives:
-96.91730345988883, -54.54576237141346, 5938.209262202436, 

parameters:
4.5108898854589645, -10.472530652592486, 8.204688693007649, 
objectives:
1.6709082131358546, 4.0367260573152945, 122.81733713521754, 

parameters:
0.1785963240426054, -97.2515601538602, 3.597833696419664, 
objectives:
-100.81749720331834, -90.33621510664942, 9455.300015310431, 

parameters:
1.873551956856216, -64.02437646906988, 3.567289630460364, 
objectives:
-64.08146916449049, -60.44109773099463, 4100.063689557768, 

parameters:
2.8454016309302474, -93.59537805937578, 18.52404961300827, 
objectives:
-104.02311723108353, -74.35662452878798, 8750.667054905773, 

parameters:
-0.8109064241358578, -95.41939366301108, 19.70022893316845, 
objectives:
-114.46205336747472, -67.8179698045944, 9086.818027312214, 

parameters:
-1.7479570439845087, -52.05241206559827, 0, 
objectives:
-48.997058237983204, -38.00523006204517, 2713.508955674455, 

parameters:
1.257662514823586, -59.43996868735069, 14.349395862478287, 
objectives:
-72.2076495486366, -44.53950788297436, 3521.3421966919454, 

parameters:
2.7091481423258825, -28.671692944291095, 12.036283259003905, 
objectives:
-33.368492546227216, -16.13251859752294, 818.3691766897757, 

parameters:
-0.6293204209217445, -86.53346842742636, 1.975344043125363, 
objectives:
-88.1127682783626, -77.6447985084249, 7487.461858229458, 

parameters:
-0.5898610659326053, -91.14630349535861, 1.3202661569372225, 
objectives:
-92.11863357519269, -83.11865699758782, 8307.676310788187, 

parameters:
-0.36769917941775887, -17.311822992272102, 19.725169374561176, 
objectives:
-36.901789680288786, 8.019345786504601, 281.10924862774436, 

parameters:
2.626585481560827, -97.88941236987344, 20, 
objectives:
-110.99046107792732, -77.49680300417063, 9570.236005411078, 

parameters:
2.8127469212155276, -72.59519885036516, 20, 
objectives:
-84.68365360755773, -51.93464129241984, 5258.974441366868, 

parameters:
0.6383603554083015, -36.8555395505946, 2.3273488848471695, 
objectives:
-38.775384492084754, -32.674128144023626, 1357.4109506239524, 

parameters:
0.8140258914917644, -88.34879543372833, 1.332951162656021, 
objectives:
-89.01910844436539, -85.6093096850204, 7805.839341580138, 

parameters:
0.02356323435123775, -64.4926330097287, 9.792055741930298, 
objectives:
-74.28413352564591, -50.79427497919027, 4150.508212011631, 

parameters:
-0.2194962333082887, -61.30062353006524, 6.9473806870749755, 
objectives:
-68.19982562070368, -49.42707931332058, 3751.8672430841493, 

parameters:
-1.6171552747414184, -15.52966584198802, 15.539112731176917, 
objectives:
-28.453587390540946, 13.093259170778563, 229.24659961525657, 

parameters:
3.7847526320796345, -48.99974486772326, 17.977449649717514, 
objectives:
-52.65284203140705, -27.836953260290564, 2398.321899938288, 

parameters:
0.9709862964285109, -73.07769980839355, 15.362194864437786, 
objectives:
-87.49708028497938, -56.65663574181785, 5326.930828809097, 

parameters:
0.220673618275938, -24.69806357507015, 0.8478278049408634, 
objectives:
-25.49719453420802, -20.684233397430045, 610.1952133990691, 

parameters:
-0.754233430325957, -45.201442231045334, 12.051742839736704, 
objectives:
-56.684317003360775, -25.563897602583538, 2032.6875049942132, 

parameters:
3.7442590210608655, -31.87364816475176, 4.538278507723547, 
objectives:
-22.392451055679636, -24.292930124476005, 1026.4106444394554, 

parameters:
2.8488990237319674, -42.33107829358857, 0, 
objectives:
-34.214852646167614, -41.61044874109548, 1801.0364151453464, 

parameters:
-0.14704023797635823, -92.37162509052042, 0.9773596744762136, 
objectives:
-93.3273639334125, -86.78448363255463, 8532.56138302077, 

parameters:
0.05142829256451842, -37.979088638475915, 15.469518595607555, 
objectives:
-53.445962364807365, -18.71263834385033, 1427.944300082879, 

parameters:
-2.3144787045279847, -52.32359486678865, 10.706575979598233, 
objectives:
-57.67335917267335, -23.00229239536494, 2733.4088154779474, 

parameters:
3.407655349209365, -61.188713580103126, 3.05097683300741, 
objectives:
-52.627575434115336, -56.156243164937976, 3753.6198077338845, 

parameters:
0.6047654673833172, -55.25772594588227, 2.3623504225236927, 
objectives:
-57.2543350978666, -50.94869612235249, 3052.419667558246, 

parameters:
3.6072480311351605, -53.75939815364242, 12.555589252717194, 
objectives:
-53.30274904823112, -38.62056266733738, 2891.5295389472635, 

