Generation 1496 at Fri May 24 19:48:15 2019
parameters:
2.67114229915326, 0.5122602339130609, 0, 
objectives:
7.647261416238825, 0.9626922196257849, 8.397411729574427, 

parameters:
0.05101637681523949, -100, 19.95971668145522, 
objectives:
-119.95711401075187, -76.24174615510238, 9981.042885989249, 

parameters:
-0.09310337269809921, -0.38187417318528993, 20, 
objectives:
-20.37320593517753, 23.999207555614866, -18.84550387784629, 

parameters:
1.9973066371654076, -100, 0, 
objectives:
-96.01076619713501, -99.99999274579665, 10004.989233802866, 

parameters:
0.5712422222369429, -45.96006357464778, 9.123834560637828, 
objectives:
-54.757580458819405, -34.79488022649153, 2104.5299269014945, 

parameters:
-1.7479570439845087, -52.05241206559827, 0, 
objectives:
-48.997058237983204, -38.00523006204517, 2713.508955674455, 

parameters:
5.081547565620337, -17.921742997883936, 13.791643048225787, 
objectives:
-5.891260384447751, 5.365835449522475, 334.21935469563806, 

parameters:
3.0692371607631848, -23.884723824377872, 4.092983375405314, 
objectives:
-18.55749045077353, -18.64847234301564, 576.8072655404083, 

parameters:
0.6383603554083015, -36.8555395505946, 2.3273488848471695, 
objectives:
-38.775384492084754, -32.674128144023626, 1357.4109506239524, 

parameters:
0.1785963240426054, -97.2515601538602, 3.597833696419664, 
objectives:
-100.81749720331834, -90.33621510664942, 9455.300015310431, 

parameters:
0.32939068506675406, -77.18124976892638, 19.84455191437119, 
objectives:
-96.91730345988883, -54.54576237141346, 5938.209262202436, 

parameters:
1.873551956856216, -64.02437646906988, 3.567289630460364, 
objectives:
-64.08146916449049, -60.44109773099463, 4100.063689557768, 

parameters:
2.336563901913617, -82.2417091502839, 15.248020335197985, 
objectives:
-92.0301986177561, -66.8804135550146, 6754.910234492418, 

parameters:
1.257662514823586, -59.43996868735069, 14.349395862478287, 
objectives:
-72.2076495486366, -44.53950788297436, 3521.3421966919454, 

parameters:
4.754614545632616, -33.25702768578568, 18.331246315141364, 
objectives:
-28.9819145233858, -7.337880075633535, 1111.3050036555148, 

parameters:
-1.619038558885735, -68.87647954377518, 13.92889750631102, 
objectives:
-80.18409119492739, -41.85014194676242, 4733.661822692929, 

parameters:
-0.5898610659326053, -91.14630349535861, 1.3202661569372225, 
objectives:
-92.11863357519269, -83.11865699758782, 8307.676310788187, 

parameters:
-1.6171552747414184, -15.52966584198802, 15.539112731176917, 
objectives:
-28.453587390540946, 13.093259170778563, 229.24659961525657, 

parameters:
-0.6293204209217445, -86.53346842742636, 1.975344043125363, 
objectives:
-88.1127682783626, -77.6447985084249, 7487.461858229458, 

parameters:
2.751681577557888, -27.29866235016769, 20, 
objectives:
-39.72691084589622, -6.733637156127774, 733.7887176127343, 

parameters:
-0.8109064241358578, -95.41939366301108, 19.70022893316845, 
objectives:
-114.46205336747472, -67.8179698045944, 9086.818027312214, 

parameters:
2.826108949047653, -84.92121355634386, 1.5109161951078551, 
objectives:
-78.44523795956448, -82.72784136553939, 7219.08848747894, 

parameters:
-3.8163563862884473, -13.61196730294689, 0.43254629523315524, 
objectives:
0.52006246898457, 20.65058060460467, 200.41768362842672, 

parameters:
-1.424665525522629, -50.269216323283615, 18.887597134023967, 
objectives:
-67.12714159769492, -19.653285227556463, 2511.136184482673, 

parameters:
-0.6652084213679573, -92.37142506491722, 14.30720375196813, 
objectives:
-106.2361265730265, -70.9608853836184, 8519.615467015507, 

parameters:
0.9709862964285109, -73.07769980839355, 15.362194864437786, 
objectives:
-87.49708028497938, -56.65663574181785, 5326.930828809097, 

parameters:
-0.2194962333082887, -61.30062353006524, 6.9473806870749755, 
objectives:
-68.19982562070368, -49.42707931332058, 3751.8672430841493, 

parameters:
3.1275676378035464, -72.83508776210323, 19.971826441584255, 
objectives:
-83.02523487465143, -51.5918525426971, 5295.759862200731, 

parameters:
2.8454016309302474, -93.59537805937578, 18.52404961300827, 
objectives:
-104.02311723108353, -74.35662452878798, 8750.667054905773, 

parameters:
3.446144104845151, -30.735758303114128, 2.643173399729164, 
objectives:
-21.503022511484303, -26.00125213140658, 954.919574259079, 

parameters:
0.02356323435123775, -64.4926330097287, 9.792055741930298, 
objectives:
-74.28413352564591, -50.79427497919027, 4150.508212011631, 

parameters:
2.626585481560827, -97.88941236987344, 20, 
objectives:
-110.99046107792732, -77.49680300417063, 9570.236005411078, 

parameters:
4.5108898854589645, -10.472530652592486, 8.204688693007649, 
objectives:
1.6709082131358546, 4.0367260573152945, 122.81733713521754, 

parameters:
3.652485857168572, -31.766310488461258, 2.6537733173577815, 
objectives:
-21.0794308690026, -26.381827662961324, 1020.7853616687823, 

