Generation 1500 at Fri May 24 19:48:15 2019
parameters:
2.67114229915326, 0.5122602339130609, 0, 
objectives:
7.647261416238825, 0.9626922196257849, 8.397411729574427, 

parameters:
0.05101637681523949, -100, 19.95971668145522, 
objectives:
-119.95711401075187, -76.24174615510238, 9981.042885989249, 

parameters:
-0.09310337269809921, -0.38187417318528993, 20, 
objectives:
-20.37320593517753, 23.999207555614866, -18.84550387784629, 

parameters:
1.9973066371654076, -100, 0, 
objectives:
-96.01076619713501, -99.99999274579665, 10004.989233802866, 

parameters:
0.8651954658167549, -50.38178408609843, 2.0648158450885092, 
objectives:
-51.698036737117064, -47.029186910207066, 2538.007915047222, 

parameters:
-1.619038558885735, -68.87647954377518, 13.92889750631102, 
objectives:
-80.18409119492739, -41.85014194676242, 4733.661822692929, 

parameters:
0.6383603554083015, -36.8555395505946, 2.3273488848471695, 
objectives:
-38.775384492084754, -32.674128144023626, 1357.4109506239524, 

parameters:
1.0078675634018486, -2.7091585152156994, 0, 
objectives:
-1.6933614898581202, -1.7248317434655145, 9.355336885923311, 

parameters:
0.5712422222369429, -45.96006357464778, 9.123834560637828, 
objectives:
-54.757580458819405, -34.79488022649153, 2104.5299269014945, 

parameters:
3.446144104845151, -30.735758303114128, 2.643173399729164, 
objectives:
-21.503022511484303, -26.00125213140658, 954.919574259079, 

parameters:
0.1785963240426054, -97.2515601538602, 3.597833696419664, 
objectives:
-100.81749720331834, -90.33621510664942, 9455.300015310431, 

parameters:
1.1380638531723744, -85.97373930860631, 17.24127404245296, 
objectives:
-101.91982401716172, -67.9895313449453, 7376.537765995642, 

parameters:
3.858483519696103, -28.414009523357265, 17.60659795728073, 
objectives:
-31.13271240887157, -7.35345057309452, 805.6372343079231, 

parameters:
0.7000160865620897, -77.66132307197667, 11.353320849344696, 
objectives:
-88.52462139987566, -64.61804404743462, 6021.417802962037, 

parameters:
-0.8109064241358578, -95.41939366301108, 19.70022893316845, 
objectives:
-114.46205336747472, -67.8179698045944, 9086.818027312214, 

parameters:
3.8880457792311884, -41.598833808613094, 16.482242418541865, 
objectives:
-42.9641762457575, -21.55187452559852, 1730.0976317994673, 

parameters:
0.6121556643260104, -57.39781115332598, 5.1695936703098715, 
objectives:
-62.19267026626944, -50.30210558295373, 3290.713866079929, 

parameters:
1.873551956856216, -64.02437646906988, 3.567289630460364, 
objectives:
-64.08146916449049, -60.44109773099463, 4100.063689557768, 

parameters:
0.9709862964285109, -73.07769980839355, 15.362194864437786, 
objectives:
-87.49708028497938, -56.65663574181785, 5326.930828809097, 

parameters:
-0.7748943052725696, -2.7810876555494772, 9.609895757107314, 
objectives:
-11.790522228312932, 14.528846506991973, -0.2749860249137672, 

parameters:
-0.6652084213679573, -92.37142506491722, 14.30720375196813, 
objectives:
-106.2361265730265, -70.9608853836184, 8519.615467015507, 

parameters:
0.9814181988303964, -93.99027572727776, 0.8633090079790473, 
objectives:
-93.8904030542613, -92.0894578336248, 8835.271803962716, 

parameters:
1.257662514823586, -59.43996868735069, 14.349395862478287, 
objectives:
-72.2076495486366, -44.53950788297436, 3521.3421966919454, 

parameters:
1.658035808482285, 1.0279658514592311, 14.619924550999173, 
objectives:
-10.842875957330437, 15.764829910738769, -9.814128017023366, 

parameters:
-0.5898610659326053, -91.14630349535861, 1.3202661569372225, 
objectives:
-92.11863357519269, -83.11865699758782, 8307.676310788187, 

parameters:
4.282965666269094, -90.06992953849608, 11.666102268622438, 
objectives:
-83.39223690867865, -73.19189503651016, 8120.269899699468, 

parameters:
1.2172995118365137, -81.88013019934854, 0.6854398070964756, 
objectives:
-81.0837519049276, -80.58207033808071, 6706.1520997566895, 

parameters:
3.0692371607631848, -23.884723824377872, 4.092983375405314, 
objectives:
-18.55749045077353, -18.64847234301564, 576.8072655404083, 

parameters:
-0.2194962333082887, -61.30062353006524, 6.9473806870749755, 
objectives:
-68.19982562070368, -49.42707931332058, 3751.8672430841493, 

parameters:
-1.1371045048211288, -18.124659395765587, 0, 
objectives:
-16.831652740881083, -8.283234721596568, 330.79628486739824, 

parameters:
-2.444270168953724, -63.263806276054225, 19.805973665413184, 
objectives:
-77.09532328263035, -23.706295275989085, 3989.477667527542, 

parameters:
3.1275676378035464, -72.83508776210323, 19.971826441584255, 
objectives:
-83.02523487465143, -51.5918525426971, 5295.759862200731, 

parameters:
0.2869988282653009, -18.61123935052156, 2.2488689665141104, 
objectives:
-20.777739989610016, -13.427997369642998, 345.2117295233138, 

parameters:
1.7451713260228812, -79.8366200206693, 5.388474166448349, 
objectives:
-82.1794712299452, -74.38320820114002, 6372.543045115458, 

parameters:
-2.166387319925633, -40.284021099749594, 18.05954280996764, 
objectives:
-53.65032988978267, -4.865694990144856, 1610.4360471750374, 

parameters:
-1.4200825271726591, -100, 7.244810548869616, 
objectives:
-105.22817616488854, -81.05822495845865, 9995.771823835112, 

