Generation 1506 at Fri May 24 19:48:15 2019
parameters:
0.8174804260190528, -2.021635516632479, 0, 
objectives:
-1.353361269708187, -0.6232829737843977, 5.755284409034162, 

parameters:
0.05101637681523949, -100, 19.95971668145522, 
objectives:
-119.95711401075187, -76.24174615510238, 9981.042885989249, 

parameters:
-0.09310337269809921, -0.38187417318528993, 20, 
objectives:
-20.37320593517753, 23.999207555614866, -18.84550387784629, 

parameters:
1.9973066371654076, -100, 0, 
objectives:
-96.01076619713501, -99.99999274579665, 10004.989233802866, 

parameters:
-2.3149388232132173, -68.48438577890872, 20, 
objectives:
-83.12544402368891, -29.865688730836055, 4676.470037269613, 

parameters:
-0.8109064241358578, -95.41939366301108, 19.70022893316845, 
objectives:
-114.46205336747472, -67.8179698045944, 9086.818027312214, 

parameters:
1.5255983198032157, -26.943238593421547, 3.9609407013032225, 
objectives:
-28.576729061338376, -22.757240937944793, 725.3046154341234, 

parameters:
0.5440336022992502, 0.3825946283039876, 12.88571063582626, 
objectives:
-12.207143447091575, 15.388143415363945, -11.443359425788495, 

parameters:
-0.5241844802216531, -1.3637727461857545, 1.4670100270767426, 
objectives:
-2.5560134039572526, 6.474744571082844, 1.6676354454675366, 

parameters:
0.6176949117089046, -88.07603283938955, 0, 
objectives:
-87.69448583543848, -86.16526548227411, 7758.769107729178, 

parameters:
-3.61598675445686, -52.283678990009165, 17.339513472190685, 
objectives:
-56.54783225379239, -3.404858291583583, 2730.3189354665424, 

parameters:
1.1380638531723744, -85.97373930860631, 17.24127404245296, 
objectives:
-101.91982401716172, -67.9895313449453, 7376.537765995642, 

parameters:
0.3525180237468917, -99.84075464048472, 3.724115981025797, 
objectives:
-103.4406016644441, -93.40244179738008, 9965.57644015751, 

parameters:
-1.5442073687640288, -42.21882630708523, 3.574615537773373, 
objectives:
-43.40886544711348, -26.08280489651062, 1782.2392556078037, 

parameters:
0.011333129363396477, -33.57256241806387, 17.05923124049597, 
objectives:
-50.63166521873867, -12.558535255200319, 1111.0578445141193, 

parameters:
0.6121556643260104, -57.39781115332598, 5.1695936703098715, 
objectives:
-62.19267026626944, -50.30210558295373, 3290.713866079929, 

parameters:
-0.6652084213679573, -92.37142506491722, 14.30720375196813, 
objectives:
-106.2361265730265, -70.9608853836184, 8519.615467015507, 

parameters:
1.257662514823586, -59.43996868735069, 14.349395862478287, 
objectives:
-72.2076495486366, -44.53950788297436, 3521.3421966919454, 

parameters:
-1.812213246940099, -35.047293606488736, 2.2710364110780223, 
objectives:
-34.03421316518158, -18.24328735526514, 1230.3258695807333, 

parameters:
0.5712422222369429, -45.96006357464778, 9.123834560637828, 
objectives:
-54.757580458819405, -34.79488022649153, 2104.5299269014945, 

parameters:
1.7571416688171668, -81.6523489922506, 0.9915426423025193, 
objectives:
-79.55634479025953, -80.60182618092317, 6670.202100154278, 

parameters:
-1.0015783126402584, -37.53617893335402, 7.624060040336907, 
objectives:
-44.157079857339625, -20.902646526104775, 1403.3438279927848, 

parameters:
0.9709862964285109, -73.07769980839355, 15.362194864437786, 
objectives:
-87.49708028497938, -56.65663574181785, 5326.930828809097, 

parameters:
-2.4508702996511795, -79.85922048608208, 17.798825081701754, 
objectives:
-91.65128034207157, -42.250148980063344, 6366.703036788682, 

parameters:
0.9814181988303964, -93.99027572727776, 0.8633090079790473, 
objectives:
-93.8904030542613, -92.0894578336248, 8835.271803962716, 

parameters:
-0.03140395662999307, -92.81923843540797, 14.487915796725616, 
objectives:
-107.30616802364156, -74.20472060367037, 8601.92409414088, 

parameters:
1.529512982451181, -13.162935054187557, 2.180179648018775, 
objectives:
-13.003704738719625, -10.7613973724868, 174.42208955622752, 

parameters:
1.873551956856216, -64.02437646906988, 3.567289630460364, 
objectives:
-64.08146916449049, -60.44109773099463, 4100.063689557768, 

parameters:
1.2172995118365137, -81.88013019934854, 0.6854398070964756, 
objectives:
-81.0837519049276, -80.58207033808071, 6706.1520997566895, 

parameters:
1.4649423217082405, -16.026142103254877, 4.682528557227066, 
objectives:
-18.56261465455001, -11.057326826928843, 255.30075816242353, 

parameters:
3.3531837060328304, -47.32715830359432, 1.5969347775997407, 
objectives:
-37.680252114789994, -43.89911738372183, 2250.5068192822805, 

parameters:
0.7000160865620897, -77.66132307197667, 11.353320849344696, 
objectives:
-88.52462139987566, -64.61804404743462, 6021.417802962037, 

parameters:
1.4532856959356626, -51.28733581114188, 2.6534629381137296, 
objectives:
-51.8287594352444, -48.3349763427596, 2630.849390980734, 

parameters:
-1.8753087432162405, -73.23166764591093, 0, 
objectives:
-69.71488476352765, -58.21364979066269, 5367.3939290835415, 

parameters:
2.6675238338608707, -62.63305546430199, 9.344920903140842, 
objectives:
-64.86229296322703, -52.842546492388834, 3921.670399295404, 

parameters:
0.024882954635523036, -77.37545884093296, 14.010306830992114, 
objectives:
-91.38514651049368, -59.46406466705155, 5973.951943175351, 

parameters:
-0.2194962333082887, -61.30062353006524, 6.9473806870749755, 
objectives:
-68.19982562070368, -49.42707931332058, 3751.8672430841493, 

parameters:
3.297519564642551, -45.59502462522199, 1.5290861960853368, 
objectives:
-36.250475542106926, -42.382381408506454, 2089.2508196577146, 

