Generation 1516 at Fri May 24 19:48:15 2019
parameters:
0.8174804260190528, -2.021635516632479, 0, 
objectives:
-1.353361269708187, -0.6232829737843977, 5.755284409034162, 

parameters:
0.05101637681523949, -100, 19.95971668145522, 
objectives:
-119.95711401075187, -76.24174615510238, 9981.042885989249, 

parameters:
-2.804436859249301, -13.5418483236915, 18.035157086957515, 
objectives:
-23.71213931313293, 27.575922297779304, 174.21136503242485, 

parameters:
-0.09310337269809921, -0.38187417318528993, 20, 
objectives:
-20.37320593517753, 23.999207555614866, -18.84550387784629, 

parameters:
1.9973066371654076, -100, 0, 
objectives:
-96.01076619713501, -99.99999274579665, 10004.989233802866, 

parameters:
-0.03140395662999307, -92.81923843540797, 14.487915796725616, 
objectives:
-107.30616802364156, -74.20472060367037, 8601.92409414088, 

parameters:
-0.17561575329216783, -61.02804240848065, 3.1351072582121056, 
objectives:
-64.13230877388838, -53.1596312442955, 3722.3176938459055, 

parameters:
-0.8109064241358578, -95.41939366301108, 19.70022893316845, 
objectives:
-114.46205336747472, -67.8179698045944, 9086.818027312214, 

parameters:
1.1380638531723744, -85.97373930860631, 17.24127404245296, 
objectives:
-101.91982401716172, -67.9895313449453, 7376.537765995642, 

parameters:
3.403759291459515, -99.42508476579584, 5.002134306777235, 
objectives:
-92.8416417583761, -92.45241031065969, 9892.93092369311, 

parameters:
0.6176949117089046, -88.07603283938955, 0, 
objectives:
-87.69448583543848, -86.16526548227411, 7758.769107729178, 

parameters:
0.04586004769848995, -38.19155762222672, 8.122900629884322, 
objectives:
-46.31235510813613, -26.24999403916145, 1451.4742761259542, 

parameters:
0.23651124078902752, -22.870310215133465, 4.060484425934193, 
objectives:
-26.87485707404809, -15.69993318533582, 520.0465424775234, 

parameters:
-1.1859782758357968, -77.2555060693463, 1.2172658811027208, 
objectives:
-77.06622747969456, -65.88778261414595, 5969.602496620455, 

parameters:
1.3410162763152138, -39.9311183625031, 1.9772466439686558, 
objectives:
-40.110040353129435, -37.51961217045298, 1595.315291689606, 

parameters:
1.2356738840673556, -10.959908547709318, 2.305713148386376, 
objectives:
-11.73873174832959, -8.07000098782626, 120.34077217353152, 

parameters:
3.506190392855406, -34.51479205183972, 8.249190422553228, 
objectives:
-30.470611403441403, -23.99699212975657, 1196.3150510301366, 

parameters:
0.4578527208753068, -68.13523204449528, 2.475480354032528, 
objectives:
-70.40108328451488, -63.28153345995106, 4641.143994517198, 

parameters:
0.5712422222369429, -45.96006357464778, 9.123834560637828, 
objectives:
-54.757580458819405, -34.79488022649153, 2104.5299269014945, 

parameters:
0.21428023479413294, -14.101778902250345, 17.815080678488034, 
objectives:
-31.870943561714952, 6.902096856084585, 182.09100354848832, 

parameters:
-0.5829280043622422, -56.72952883651471, 0.22735118553934175, 
objectives:
-56.617074963784304, -49.83066057525666, 3219.3518958856844, 

parameters:
0.034447333952828174, -30.596776693135695, 11.019948368355465, 
objectives:
-41.615538442674705, -15.713431041775085, 926.1439822600726, 

parameters:
1.2172995118365137, -81.88013019934854, 0.6854398070964756, 
objectives:
-81.0837519049276, -80.58207033808071, 6706.1520997566895, 

parameters:
0.3807937969246029, -50.94414472702567, 0.49429849819558846, 
objectives:
-51.293439309445006, -47.82801750075224, 2595.956587385718, 

parameters:
-2.4508702996511795, -79.85922048608208, 17.798825081701754, 
objectives:
-91.65128034207157, -42.250148980063344, 6366.703036788682, 

parameters:
-1.0714821731713402, -73.69634378046065, 0, 
objectives:
-72.54826973303668, -64.26234104035132, 5433.299160655266, 

parameters:
1.0470225084006959, -4.669265647192532, 13.678588854334427, 
objectives:
-17.251598368429274, 9.917489306636796, 10.21970896281555, 

parameters:
-0.7082528407156656, -66.37966908335541, 20, 
objectives:
-85.8780469969736, -39.04503563411094, 4387.762089702152, 

parameters:
2.8627822428825214, -70.61901454910469, 19.861331613613817, 
objectives:
-82.28482399255503, -50.01328973685749, 4976.37940644321, 

parameters:
1.257662514823586, -59.43996868735069, 14.349395862478287, 
objectives:
-72.2076495486366, -44.53950788297436, 3521.3421966919454, 

parameters:
2.135425153636343, -53.35194907611351, 18.104833898805047, 
objectives:
-66.89674238813576, -35.22877520507104, 2833.885676908187, 

parameters:
-0.11615159612491643, -30.264400443397797, 20, 
objectives:
-50.25090925011543, -5.786302865615767, 896.947425391619, 

parameters:
1.8750123138666608, -46.72677260353531, 6.92003521403632, 
objectives:
-50.13113664042002, -39.79111546781402, 2180.986913905613, 

parameters:
0.9187661059600487, -10.291052523096077, 13.20656078963884, 
objectives:
-22.653482155273927, 4.084575000163559, 94.54333240094428, 

parameters:
0.5440336022992502, 0.3825946283039876, 12.88571063582626, 
objectives:
-12.207143447091575, 15.388143415363945, -11.443359425788495, 

parameters:
-0.2414025905231686, -4.039877035446258, 15.06289877387307, 
objectives:
-19.044500598608032, 16.046907311230783, 2.3159828983642754, 

parameters:
3.170369131968739, -71.9631067138507, 5.294783425812632, 
objectives:
-67.20664970672311, -65.29855938297283, 5184.4451849161915, 

parameters:
0.2684082734482578, -86.42314145545947, 0, 
objectives:
-86.35109845420399, -83.42473154799703, 7470.031422031613, 

parameters:
-1.0566018488456785, -87.8356300386011, 0, 
objectives:
-86.719222571617, -78.49281517623427, 7717.214311744987, 

parameters:
1.3208674967577854, -100, 18.70763790990947, 
objectives:
-116.96294696591829, -80.8311411331305, 9984.037053034082, 

parameters:
0.16751799667262857, -81.01888213101412, 12.266635082694858, 
objectives:
-93.25745493449978, -65.39425675580057, 6552.820688955674, 

parameters:
0.1328629313550478, -67.37112359956173, 14.573362896284605, 
objectives:
-81.92683393731808, -49.311559870169056, 4525.312584729667, 

