Generation 1526 at Fri May 24 19:48:15 2019
parameters:
0.05101637681523949, -100, 19.95971668145522, 
objectives:
-119.95711401075187, -76.24174615510238, 9981.042885989249, 

parameters:
1.505583967496431, -3.3947810625701145, 0.04016563503001169, 
objectives:
-1.1681636144178316, -3.1101682143435325, 14.751155910936959, 

parameters:
-0.09310337269809921, -0.38187417318528993, 20, 
objectives:
-20.37320593517753, 23.999207555614866, -18.84550387784629, 

parameters:
1.9973066371654076, -100, 0, 
objectives:
-96.01076619713501, -99.99999274579665, 10004.989233802866, 

parameters:
1.1335081033877774, -66.81476688552321, 9.19495296363352, 
objectives:
-74.72487922871098, -56.86900571499505, 4457.302961623622, 

parameters:
0.034447333952828174, -30.596776693135695, 11.019948368355465, 
objectives:
-41.615538442674705, -15.713431041775085, 926.1439822600726, 

parameters:
-0.5442480935405023, -52.53555747591936, 7.065281781507558, 
objectives:
-59.304633270104446, -38.997077332927326, 2754.215723511442, 

parameters:
1.2356738840673556, -10.959908547709318, 2.305713148386376, 
objectives:
-11.73873174832959, -8.07000098782626, 120.34077217353152, 

parameters:
1.646240086836003, -71.24632369487858, 0, 
objectives:
-68.53621727137278, -71.12117761871679, 5079.748746458923, 

parameters:
0.6176949117089046, -88.07603283938955, 0, 
objectives:
-87.69448583543848, -86.16526548227411, 7758.769107729178, 

parameters:
2.204485609602212, -92.32387273403606, 4.823589397203107, 
objectives:
-92.28770532829593, -87.45846897229856, 8524.733644016227, 

parameters:
2.9027863327617047, -46.78855693341213, 0, 
objectives:
-38.36238843974398, -45.9735337707908, 2198.5952284048167, 

parameters:
3.506190392855406, -34.51479205183972, 8.249190422553228, 
objectives:
-30.470611403441403, -23.99699212975657, 1196.3150510301366, 

parameters:
1.9077549316367828, -76.68805384405661, 10.925381977020493, 
objectives:
-83.97390694189264, -65.75416271439879, 5874.771749291091, 

parameters:
-0.03140395662999307, -92.81923843540797, 14.487915796725616, 
objectives:
-107.30616802364156, -74.20472060367037, 8601.92409414088, 

parameters:
0.04586004769848995, -38.19155762222672, 8.122900629884322, 
objectives:
-46.31235510813613, -26.24999403916145, 1451.4742761259542, 

parameters:
2.612793139442626, -96.4151192374485, 12.895409368391473, 
objectives:
-102.48384061632152, -83.14419443730908, 9290.806496192537, 

parameters:
-0.2861381387080726, -8.937253311412345, 17.350041516220426, 
objectives:
-26.20541979320945, 13.639215794063691, 63.60633027055381, 

parameters:
1.2172995118365137, -81.88013019934854, 0.6854398070964756, 
objectives:
-81.0837519049276, -80.58207033808071, 6706.1520997566895, 

parameters:
2.8725553803340715, -62.407476874993506, 0.08385530803365791, 
objectives:
-54.23975776994094, -61.562268675209914, 3903.8608890079017, 

parameters:
0.45733445768472913, -56.91952064280623, 6.029073322945555, 
objectives:
-62.739439159566004, -48.510630344413805, 3235.0119116900855, 

parameters:
-0.8109064241358578, -95.41939366301108, 19.70022893316845, 
objectives:
-114.46205336747472, -67.8179698045944, 9086.818027312214, 

parameters:
-2.6833339849597673, -21.355063829734682, 20, 
objectives:
-34.15478255489462, 20.578553384944453, 444.23903244688256, 

parameters:
0.4031014465770171, -41.79272320713276, 8.203807018888302, 
objectives:
-49.83403944978858, -31.038831198320043, 1739.5903968253574, 

parameters:
-1.1079348026808953, -62.637422354208034, 0.38028680872689, 
objectives:
-61.79018963594337, -52.597876807766006, 3925.293911897705, 

parameters:
-1.0121033517942641, -57.86281661062113, 15.9747377155897, 
objectives:
-72.81320113149765, -32.81531229314119, 3334.1551615934964, 

parameters:
3.641396391194657, -79.9255536437395, 1.0649224281107434, 
objectives:
-67.73070839404478, -76.16644910260192, 6401.288970507976, 

parameters:
3.2009342599275574, -94.41477060333168, 0.0662755453034611, 
objectives:
-84.23506601225715, -92.90625196136047, 8925.328612670819, 

parameters:
-1.708802218779305, -19.738946820800038, 16.348805441119953, 
objectives:
-33.167747239014915, 10.365072518342213, 377.19722117615703, 

parameters:
0.14008474749691396, -7.373755624598791, 8.149506872486194, 
objectives:
-15.50363876060371, 4.235035994381021, 47.242388875297394, 

parameters:
5.419496774619826, -25.525257440958327, 16.19052638320993, 
objectives:
-12.344838534053565, 2.358227133886995, 665.7191863341033, 

parameters:
-2.5960622837521803, -42.3948941263454, 20, 
objectives:
-55.65535474522481, -1.271105610216086, 1785.066587365156, 

parameters:
3.4994458128301362, -83.194983609648, 11.66101838211815, 
objectives:
-82.6098809948318, -69.28562748191604, 6922.990400424416, 

parameters:
1.1380638531723744, -85.97373930860631, 17.24127404245296, 
objectives:
-101.91982401716172, -67.9895313449453, 7376.537765995642, 

parameters:
0.5712422222369429, -45.96006357464778, 9.123834560637828, 
objectives:
-54.757580458819405, -34.79488022649153, 2104.5299269014945, 

parameters:
2.6417560905022373, -100, 7.130947545428604, 
objectives:
-100.15207230372295, -92.45720157487469, 10000.847927696277, 

