Generation 153 at Fri May 24 19:55:16 2019
parameters:
0, 0.0, 20.0, 
objectives:
-20.0, 24.0, -19.0, 

parameters:
0, 0.0, 20.0, 
objectives:
-20.0, 24.0, -19.0, 

parameters:
1.9979647189482492, 0.0, 20.0, 
objectives:
-16.008136981838042, 20.000004142368958, -15.008136981838044, 

parameters:
0.5926783232291257, 0.0, 20.0, 
objectives:
-19.64873240517431, 21.980554301909184, -18.64873240517431, 

parameters:
1.1614813588442292, 0.0, 20.0, 
objectives:
-18.65096105305736, 20.70311351156572, -17.65096105305736, 

parameters:
0.46097801195892224, 0.0, 20.0, 
objectives:
-19.7874992724904, 22.368588679673913, -18.7874992724904, 

parameters:
0.29563303475411956, 0.0, 20.0, 
objectives:
-19.91260110876207, 22.90486675222145, -18.91260110876207, 

parameters:
1.693846073249962, 0.0, 20.0, 
objectives:
-17.130885480135685, 20.09373022686447, -16.130885480135685, 

parameters:
1.7595595430493898, 0.0, 20.0, 
objectives:
-16.903950214463823, 20.057811613338618, -15.903950214463823, 

parameters:
1.3559315978494044, 0.0, 20.0, 
objectives:
-18.161449501953562, 20.414824106648823, -17.161449501953562, 

parameters:
1.9458640538964267, 0.0, 20.0, 
objectives:
-16.213613083753764, 20.002930700660528, -15.213613083753764, 

parameters:
1.2751838160240285, 0.0, 20.0, 
objectives:
-18.373906235350397, 20.52535850055349, -17.373906235350397, 

parameters:
0.17431526825519966, 0.0, 20.0, 
objectives:
-19.969614187253118, 23.333124739726085, -18.969614187253118, 

parameters:
1.8899236400560266, 0.0, 20.0, 
objectives:
-16.42818863475738, 20.012116805018515, -15.428188634757378, 

parameters:
0.8557095592894225, 0.0, 20.0, 
objectives:
-19.267761150140704, 21.30940061270161, -18.267761150140704, 

parameters:
1.560671188623802, 0.0, 20.0, 
objectives:
-17.56430544099957, 20.193009804505223, -16.56430544099957, 

parameters:
1.8164691187712936, 0.0, 20.0, 
objectives:
-16.70043994055024, 20.033683584364585, -15.70043994055024, 

parameters:
1.1008663303508723, 0.014189185868118681, 20.0, 
objectives:
-18.773904136831685, 20.822630541764827, -17.773904136831685, 

parameters:
1.4718669817740522, 0.0, 20.0, 
objectives:
-17.833607587963343, 20.27892448494045, -16.833607587963343, 

parameters:
1.514233886037172, 0.0, 20.0, 
objectives:
-17.707095738376765, 20.23596871747455, -16.707095738376765, 

parameters:
0.9328520159945058, 0.0, 20.0, 
objectives:
-19.129787116254985, 21.13880481976699, -18.129787116254985, 

parameters:
0.6932517143295376, 0.0007216062672407956, 20.0, 
objectives:
-19.518680454311916, 21.708312688369933, -18.518680454311916, 

parameters:
1.6332890225112875, 0.0, 20.0, 
objectives:
-17.33236696894412, 20.13447694101073, -16.33236696894412, 

parameters:
1.8453618305906876, 0.0, 20.0, 
objectives:
-16.594639714198987, 20.023912963438264, -15.594639714198987, 

parameters:
0.9606042510420216, 0.0, 20.0, 
objectives:
-19.077239472879995, 21.080343522951917, -18.077239472879995, 

parameters:
1.2930574538115573, 0.0, 20.0, 
objectives:
-18.328002421142372, 20.4997677636114, -17.328002421142372, 

parameters:
0.11470928212057555, 0.0, 20.0, 
objectives:
-19.986841780595384, 23.554321090922315, -18.986841780595384, 

parameters:
1.6145700663258697, 0.0, 20.0, 
objectives:
-17.393163500924476, 20.148556233772045, -16.393163500924476, 

parameters:
0.050287287049527396, 0.0, 20.0, 
objectives:
-19.9974711887612, 23.80137966304069, -18.9974711887612, 

parameters:
0.7378226225596556, 0.0, 20.0, 
objectives:
-19.45561777763919, 21.593091732122186, -18.45561777763919, 

parameters:
0.38129041848874096, 0.0, 20.0, 
objectives:
-19.85461761676868, 22.620220709276357, -18.85461761676868, 

parameters:
1.0272699408081547, 0.0, 20.0, 
objectives:
-18.94471646871201, 20.94620376805537, -17.94471646871201, 

parameters:
1.4204906170976945, 0.0, 20.0, 
objectives:
-17.98220640673741, 20.33583112487181, -16.98220640673741, 

parameters:
1.0567956509013092, 0.0, 20.0, 
objectives:
-18.883182952236076, 20.889634444158684, -17.883182952236076, 

parameters:
0.8002548521457977, 0.0, 20.0, 
objectives:
-19.35959217161711, 21.439388419799702, -18.35959217161711, 

parameters:
1.4211184078005052, 0.0, 20.0, 
objectives:
-17.980422471010556, 20.335103897787423, -16.980422471010556, 

parameters:
0.790835838382675, 0.0, 20.0, 
objectives:
-19.37457867672957, 21.462077969739727, -18.37457867672957, 

parameters:
0.39980582988679747, 0.0, 20.0, 
objectives:
-19.840155298388527, 22.56062138206428, -18.84015529838853, 

parameters:
0.7059148311745733, 0.0, 20.0, 
objectives:
-19.501684251127774, 21.674656424173932, -18.501684251127774, 

parameters:
1.036391266760857, 0.0, 20.0, 
objectives:
-18.925893142181827, 20.928541790774744, -17.925893142181827, 

parameters:
0.3942936222620142, 0.0, 20.0, 
objectives:
-19.8445325394435, 22.578292971508443, -18.8445325394435, 

parameters:
0, 0.0, 20.0, 
objectives:
-20.0, 24.0, -19.0, 

