Generation 1532 at Fri May 24 19:48:15 2019
parameters:
0.05101637681523949, -100, 19.95971668145522, 
objectives:
-119.95711401075187, -76.24174615510238, 9981.042885989249, 

parameters:
1.505583967496431, -3.3947810625701145, 0.04016563503001169, 
objectives:
-1.1681636144178316, -3.1101682143435325, 14.751155910936959, 

parameters:
-0.09310337269809921, -0.38187417318528993, 20, 
objectives:
-20.37320593517753, 23.999207555614866, -18.84550387784629, 

parameters:
1.9973066371654076, -100, 0, 
objectives:
-96.01076619713501, -99.99999274579665, 10004.989233802866, 

parameters:
0.04586004769848995, -38.19155762222672, 8.122900629884322, 
objectives:
-46.31235510813613, -26.24999403916145, 1451.4742761259542, 

parameters:
-1.0504489459481, -3.5904812549052565, 7.232219147226615, 
objectives:
-9.719257414088396, 12.94697666415723, 7.762779482642885, 

parameters:
2.9027863327617047, -46.78855693341213, 0, 
objectives:
-38.36238843974398, -45.9735337707908, 2198.5952284048167, 

parameters:
0.8647187373926379, -82.25754416383151, 2.28302131812528, 
objectives:
-83.79282698715888, -78.68565930047886, 6765.768289041364, 

parameters:
-1.0121033517942641, -57.86281661062113, 15.9747377155897, 
objectives:
-72.81320113149765, -32.81531229314119, 3334.1551615934964, 

parameters:
-0.8251216667071657, -64.38914874527148, 1.675016041754582, 
objectives:
-65.38333902215646, -54.73282027181863, 4145.9682858638125, 

parameters:
0.14008474749691396, -7.373755624598791, 8.149506872486194, 
objectives:
-15.50363876060371, 4.235035994381021, 47.242388875297394, 

parameters:
-0.8109064241358578, -95.41939366301108, 19.70022893316845, 
objectives:
-114.46205336747472, -67.8179698045944, 9086.818027312214, 

parameters:
-0.03140395662999307, -92.81923843540797, 14.487915796725616, 
objectives:
-107.30616802364156, -74.20472060367037, 8601.92409414088, 

parameters:
0.7634761116334106, -67.9042101942601, 8.649796339809136, 
objectives:
-75.97111076103437, -57.72542252794974, 4603.914861539483, 

parameters:
2.612793139442626, -96.4151192374485, 12.895409368391473, 
objectives:
-102.48384061632152, -83.14419443730908, 9290.806496192537, 

parameters:
0.918864866710515, -15.600460543312188, 10.193835443313368, 
objectives:
-24.949983343350624, -4.237771923565948, 235.024846363402, 

parameters:
1.9077549316367828, -76.68805384405661, 10.925381977020493, 
objectives:
-83.97390694189264, -65.75416271439879, 5874.771749291091, 

parameters:
-0.5442480935405023, -52.53555747591936, 7.065281781507558, 
objectives:
-59.304633270104446, -38.997077332927326, 2754.215723511442, 

parameters:
0.6176949117089046, -88.07603283938955, 0, 
objectives:
-87.69448583543848, -86.16526548227411, 7758.769107729178, 

parameters:
1.8024370507226257, -54.46261801369164, 9.873095934162126, 
objectives:
-61.08693462603608, -44.55049096060233, 2960.552444292945, 

parameters:
2.292080132054221, -87.96024327207752, 0, 
objectives:
-82.70661194031983, -87.87493246853671, 7743.258027814816, 

parameters:
-2.3079692460723455, -66.77877640028795, 9.225280521352346, 
objectives:
-70.67733488082455, -38.99489685383047, 4456.5064190391195, 

parameters:
2.9913224446781705, -98.40063237193712, 2.2076699233049064, 
objectives:
-91.66029232720663, -95.21024225930951, 9690.424791241849, 

parameters:
1.843425622215161, -34.61702158305782, 20, 
objectives:
-51.218803558418465, -14.592506047279109, 1182.7364013065303, 

parameters:
2.2323197129819565, -24.424852616022385, 14.030175209026755, 
objectives:
-33.47177652408129, -10.340704957955612, 588.5265014063566, 

parameters:
2.8725553803340715, -62.407476874993506, 0.08385530803365791, 
objectives:
-54.23975776994094, -61.562268675209914, 3903.8608890079017, 

parameters:
-0.2936862816892094, -73.07649691847546, 6.519718143800041, 
objectives:
-79.50996343022305, -61.295782015866145, 5334.740935364205, 

parameters:
1.5181362110188248, -37.4340190982153, 18.574511582144908, 
objectives:
-53.70379312515362, -18.627314804939097, 1386.0360118186097, 

parameters:
-2.6833339849597673, -21.355063829734682, 20, 
objectives:
-34.15478255489462, 20.578553384944453, 444.23903244688256, 

parameters:
2.204485609602212, -92.32387273403606, 4.823589397203107, 
objectives:
-92.28770532829593, -87.45846897229856, 8524.733644016227, 

parameters:
0.034447333952828174, -30.596776693135695, 11.019948368355465, 
objectives:
-41.615538442674705, -15.713431041775085, 926.1439822600726, 

parameters:
-0.8005548732167568, -99.34557950101646, 0, 
objectives:
-98.70469139598536, -91.50247190311833, 9871.185054497813, 

parameters:
-1.0138409634033274, -26.643025842074806, 9.91810778392215, 
objectives:
-35.53326012692237, -7.641680705464761, 701.9605917366183, 

parameters:
1.7229106897509912, -73.18530175553396, 9.652910018642334, 
objectives:
-79.86979052931805, -63.45561325103735, 5350.403904274777, 

parameters:
3.2009342599275574, -94.41477060333168, 0.0662755453034611, 
objectives:
-84.23506601225715, -92.90625196136047, 8925.328612670819, 

parameters:
-0.3876847338149503, -23.43931564695454, 17.25983867109891, 
objectives:
-40.54885486522028, -0.478438587762664, 533.2919787793022, 

