Generation 1534 at Fri May 24 19:48:15 2019
parameters:
1.505583967496431, -3.3947810625701145, 0.04016563503001169, 
objectives:
-1.1681636144178316, -3.1101682143435325, 14.751155910936959, 

parameters:
0.05101637681523949, -100, 19.95971668145522, 
objectives:
-119.95711401075187, -76.24174615510238, 9981.042885989249, 

parameters:
-0.09310337269809921, -0.38187417318528993, 20, 
objectives:
-20.37320593517753, 23.999207555614866, -18.84550387784629, 

parameters:
1.9973066371654076, -100, 0, 
objectives:
-96.01076619713501, -99.99999274579665, 10004.989233802866, 

parameters:
-0.5442480935405023, -52.53555747591936, 7.065281781507558, 
objectives:
-59.304633270104446, -38.997077332927326, 2754.215723511442, 

parameters:
-1.0121033517942641, -57.86281661062113, 15.9747377155897, 
objectives:
-72.81320113149765, -32.81531229314119, 3334.1551615934964, 

parameters:
2.9027863327617047, -46.78855693341213, 0, 
objectives:
-38.36238843974398, -45.9735337707908, 2198.5952284048167, 

parameters:
0.14008474749691396, -7.373755624598791, 8.149506872486194, 
objectives:
-15.50363876060371, 4.235035994381021, 47.242388875297394, 

parameters:
-0.8251216667071657, -64.38914874527148, 1.675016041754582, 
objectives:
-65.38333902215646, -54.73282027181863, 4145.9682858638125, 

parameters:
-0.8109064241358578, -95.41939366301108, 19.70022893316845, 
objectives:
-114.46205336747472, -67.8179698045944, 9086.818027312214, 

parameters:
2.612793139442626, -96.4151192374485, 12.895409368391473, 
objectives:
-102.48384061632152, -83.14419443730908, 9290.806496192537, 

parameters:
2.204485609602212, -92.32387273403606, 4.823589397203107, 
objectives:
-92.28770532829593, -87.45846897229856, 8524.733644016227, 

parameters:
2.9913224446781705, -98.40063237193712, 2.2076699233049064, 
objectives:
-91.66029232720663, -95.21024225930951, 9690.424791241849, 

parameters:
0.6176949117089046, -88.07603283938955, 0, 
objectives:
-87.69448583543848, -86.16526548227411, 7758.769107729178, 

parameters:
-2.5955584963315186, -30.062690350265527, 19.245652715171126, 
objectives:
-42.57141915755792, 10.302120258110406, 892.2566222886556, 

parameters:
-0.2936862816892094, -73.07649691847546, 6.519718143800041, 
objectives:
-79.50996343022305, -61.295782015866145, 5334.740935364205, 

parameters:
1.1573299886256676, -18.060484684680894, 11.09892949616926, 
objectives:
-27.820001478277867, -6.251462440442017, 317.4215902519962, 

parameters:
-1.0504489459481, -3.5904812549052565, 7.232219147226615, 
objectives:
-9.719257414088396, 12.94697666415723, 7.762779482642885, 

parameters:
-1.547592017382042, -97.8754117675413, 13.727516108281668, 
objectives:
-109.20788682355834, -71.56248653746684, 9569.263753609745, 

parameters:
0.8647187373926379, -82.25754416383151, 2.28302131812528, 
objectives:
-83.79282698715888, -78.68565930047886, 6765.768289041364, 

parameters:
2.2323197129819565, -24.424852616022385, 14.030175209026755, 
objectives:
-33.47177652408129, -10.340704957955612, 588.5265014063566, 

parameters:
-1.0211652564008538, -45.168841456959306, 10.871743621486008, 
objectives:
-54.99780659756509, -25.169658328989666, 2031.3952734233198, 

parameters:
0.7634761116334106, -67.9042101942601, 8.649796339809136, 
objectives:
-75.97111076103437, -57.72542252794974, 4603.914861539483, 

parameters:
-0.03140395662999307, -92.81923843540797, 14.487915796725616, 
objectives:
-107.30616802364156, -74.20472060367037, 8601.92409414088, 

parameters:
1.9077549316367828, -76.68805384405661, 10.925381977020493, 
objectives:
-83.97390694189264, -65.75416271439879, 5874.771749291091, 

parameters:
2.2090858642429443, -70.01964806913335, 10.93366944521556, 
objectives:
-76.07325715875092, -59.04226172529158, 4897.697506635673, 

parameters:
0.469650927931645, -79.09950819629911, 2.3481624742147216, 
objectives:
-81.22709867640677, -74.40937743970392, 6255.604606416283, 

parameters:
2.5742108678477624, -85.71992394839208, 6.637046226868557, 
objectives:
-85.7304085831151, -78.75315960076904, 7348.894877083399, 

parameters:
2.8725553803340715, -62.407476874993506, 0.08385530803365791, 
objectives:
-54.23975776994094, -61.562268675209914, 3903.8608890079017, 

parameters:
-0.5987544623160305, -42.696037559942724, 9.04905097622104, 
objectives:
-51.3865816300204, -26.8934618283142, 1815.261079249962, 

parameters:
1.5181362110188248, -37.4340190982153, 18.574511582144908, 
objectives:
-53.70379312515362, -18.627314804939097, 1386.0360118186097, 

parameters:
-3.3178724308777947, -28.7915105742711, 18.421702092547008, 
objectives:
-36.20493519923918, 17.909958709366016, 822.5376565233965, 

parameters:
-1.1857790648360051, 2.119732753706691, 8.294481557490656, 
objectives:
-4.768676813180614, 20.56340256114472, -1.395142619750354, 

parameters:
0.04586004769848995, -38.19155762222672, 8.122900629884322, 
objectives:
-46.31235510813613, -26.24999403916145, 1451.4742761259542, 

parameters:
-1.577506947477267, -77.48867449506574, 11.303208014231522, 
objectives:
-86.30335433995822, -53.386910521586096, 5996.6799951573585, 

parameters:
3.898499301555254, -35.694141144553626, 0, 
objectives:
-20.495844340326826, -32.08984154654784, 1290.2700088515428, 

parameters:
0.626595996870889, -33.267103133783785, 17.402635345230514, 
objectives:
-50.27711593571968, -13.978229232742201, 1090.6901381118712, 

parameters:
0.918864866710515, -15.600460543312188, 10.193835443313368, 
objectives:
-24.949983343350624, -4.237771923565948, 235.024846363402, 

parameters:
-0.9023564447135378, -86.61557282997205, 1.1538320653589687, 
objectives:
-86.95515774201496, -77.03806783244288, 7502.91787175215, 

parameters:
1.843425622215161, -34.61702158305782, 20, 
objectives:
-51.218803558418465, -14.592506047279109, 1182.7364013065303, 

parameters:
3.164679070157814, -24.9097669521746, 19.185453273662983, 
objectives:
-34.080026608742656, -4.367836342047948, 612.3262299550818, 

