Generation 1536 at Fri May 24 19:48:15 2019
parameters:
0.05101637681523949, -100, 19.95971668145522, 
objectives:
-119.95711401075187, -76.24174615510238, 9981.042885989249, 

parameters:
1.9833112093329945, 2.7734400967427675, 3.9440338972250832, 
objectives:
2.7629295525835897, 6.7177525097017785, 8.681459426061355, 

parameters:
-0.09310337269809921, -0.38187417318528993, 20, 
objectives:
-20.37320593517753, 23.999207555614866, -18.84550387784629, 

parameters:
1.9973066371654076, -100, 0, 
objectives:
-96.01076619713501, -99.99999274579665, 10004.989233802866, 

parameters:
-1.0504489459481, -3.5904812549052565, 7.232219147226615, 
objectives:
-9.719257414088396, 12.94697666415723, 7.762779482642885, 

parameters:
-1.0121033517942641, -57.86281661062113, 15.9747377155897, 
objectives:
-72.81320113149765, -32.81531229314119, 3334.1551615934964, 

parameters:
-0.5987544623160305, -42.696037559942724, 9.04905097622104, 
objectives:
-51.3865816300204, -26.8934618283142, 1815.261079249962, 

parameters:
-2.5955584963315186, -30.062690350265527, 19.245652715171126, 
objectives:
-42.57141915755792, 10.302120258110406, 892.2566222886556, 

parameters:
-0.8109064241358578, -95.41939366301108, 19.70022893316845, 
objectives:
-114.46205336747472, -67.8179698045944, 9086.818027312214, 

parameters:
2.612793139442626, -96.4151192374485, 12.895409368391473, 
objectives:
-102.48384061632152, -83.14419443730908, 9290.806496192537, 

parameters:
-1.0211652564008538, -45.168841456959306, 10.871743621486008, 
objectives:
-54.99780659756509, -25.169658328989666, 2031.3952734233198, 

parameters:
2.9027863327617047, -46.78855693341213, 0, 
objectives:
-38.36238843974398, -45.9735337707908, 2198.5952284048167, 

parameters:
-0.5442480935405023, -52.53555747591936, 7.065281781507558, 
objectives:
-59.304633270104446, -38.997077332927326, 2754.215723511442, 

parameters:
1.8283188273661777, -65.61055310526137, 15.16638223729815, 
objectives:
-77.43418560805789, -50.4146964429263, 4293.921046275526, 

parameters:
0.14008474749691396, -7.373755624598791, 8.149506872486194, 
objectives:
-15.50363876060371, 4.235035994381021, 47.242388875297394, 

parameters:
1.1573299886256676, -18.060484684680894, 11.09892949616926, 
objectives:
-27.820001478277867, -6.251462440442017, 317.4215902519962, 

parameters:
2.5742108678477624, -85.71992394839208, 6.637046226868557, 
objectives:
-85.7304085831151, -78.75315960076904, 7348.894877083399, 

parameters:
1.505583967496431, -3.3947810625701145, 0.04016563503001169, 
objectives:
-1.1681636144178316, -3.1101682143435325, 14.751155910936959, 

parameters:
2.9913224446781705, -98.40063237193712, 2.2076699233049064, 
objectives:
-91.66029232720663, -95.21024225930951, 9690.424791241849, 

parameters:
0.8647187373926379, -82.25754416383151, 2.28302131812528, 
objectives:
-83.79282698715888, -78.68565930047886, 6765.768289041364, 

parameters:
-3.181337342656426, -54.26738317504826, 15.448409458900795, 
objectives:
-59.59488534616881, -11.972717057741512, 2940.62137449639, 

parameters:
2.2090858642429443, -70.01964806913335, 10.93366944521556, 
objectives:
-76.07325715875092, -59.04226172529158, 4897.697506635673, 

parameters:
0.6176949117089046, -88.07603283938955, 0, 
objectives:
-87.69448583543848, -86.16526548227411, 7758.769107729178, 

parameters:
-1.547592017382042, -97.8754117675413, 13.727516108281668, 
objectives:
-109.20788682355834, -71.56248653746684, 9569.263753609745, 

parameters:
4.212518095029023, -56.83754047700016, 7.450632013093191, 
objectives:
-46.5428637891464, -44.49167214307611, 3241.8006841624856, 

parameters:
-0.3435796340334307, -28.257434982320632, 5.417637931326964, 
objectives:
-33.55702594872505, -17.347431549937397, 794.1830408136734, 

parameters:
0.469650927931645, -79.09950819629911, 2.3481624742147216, 
objectives:
-81.22709867640677, -74.40937743970392, 6255.604606416283, 

parameters:
-1.1270842825687875, -60.651147233921854, 5.624028641824344, 
objectives:
-65.0048568957326, -45.24846248180876, 3675.207951129056, 

parameters:
3.2323375307592164, -71.20329943070925, 5.174638787905143, 
objectives:
-65.92993230585981, -64.51000485308639, 5076.18321694409, 

parameters:
-0.20285946776727748, -25.123645764685346, 7.042545452040022, 
objectives:
-32.125039253062546, -13.22851047791339, 625.1961830210147, 

parameters:
-1.85072268010439, -91.69555064343152, 2.7778258418197974, 
objectives:
-91.04820204659853, -74.08965964254139, 8409.721356398946, 

parameters:
1.594458838900921, -18.790655821207906, 18.583028248809082, 
objectives:
-34.831385081067715, -0.043163939053233236, 338.04801693123477, 

parameters:
-0.2936862816892094, -73.07649691847546, 6.519718143800041, 
objectives:
-79.50996343022305, -61.295782015866145, 5334.740935364205, 

parameters:
-1.6389646294300841, -15.398851032549782, 9.84697293136701, 
objectives:
-22.559618907393897, 7.690185473060456, 230.96384524781536, 

parameters:
-0.03140395662999307, -92.81923843540797, 14.487915796725616, 
objectives:
-107.30616802364156, -74.20472060367037, 8601.92409414088, 

parameters:
2.204485609602212, -92.32387273403606, 4.823589397203107, 
objectives:
-92.28770532829593, -87.45846897229856, 8524.733644016227, 

parameters:
1.9077549316367828, -76.68805384405661, 10.925381977020493, 
objectives:
-83.97390694189264, -65.75416271439879, 5874.771749291091, 

parameters:
1.015210090361202, -74.8563833174623, 20, 
objectives:
-93.82573178989111, -53.88657215133591, 5585.50877489842, 

parameters:
-3.4195143542855266, -87.75785117683253, 18.66175043547494, 
objectives:
-94.72652319314271, -39.724964905050726, 7695.471771158776, 

parameters:
-0.8251216667071657, -64.38914874527148, 1.675016041754582, 
objectives:
-65.38333902215646, -54.73282027181863, 4145.9682858638125, 

parameters:
2.6621359890959253, -57.54158991182696, 0, 
objectives:
-50.45462188738722, -57.103165843770924, 3319.121537605306, 

