Generation 1537 at Fri May 24 19:48:15 2019
parameters:
5.902828427068373, -22.338211619164007, 0.21990693185207322, 
objectives:
12.285264888390401, -6.886234956178942, 534.6191748501083, 

parameters:
0.05101637681523949, -100, 19.95971668145522, 
objectives:
-119.95711401075187, -76.24174615510238, 9981.042885989249, 

parameters:
-0.09310337269809921, -0.38187417318528993, 20, 
objectives:
-20.37320593517753, 23.999207555614866, -18.84550387784629, 

parameters:
1.9973066371654076, -100, 0, 
objectives:
-96.01076619713501, -99.99999274579665, 10004.989233802866, 

parameters:
0.6176949117089046, -88.07603283938955, 0, 
objectives:
-87.69448583543848, -86.16526548227411, 7758.769107729178, 

parameters:
-0.8109064241358578, -95.41939366301108, 19.70022893316845, 
objectives:
-114.46205336747472, -67.8179698045944, 9086.818027312214, 

parameters:
-0.5987544623160305, -42.696037559942724, 9.04905097622104, 
objectives:
-51.3865816300204, -26.8934618283142, 1815.261079249962, 

parameters:
-1.0504489459481, -3.5904812549052565, 7.232219147226615, 
objectives:
-9.719257414088396, 12.94697666415723, 7.762779482642885, 

parameters:
-2.5955584963315186, -30.062690350265527, 19.245652715171126, 
objectives:
-42.57141915755792, 10.302120258110406, 892.2566222886556, 

parameters:
3.2323375307592164, -71.20329943070925, 5.174638787905143, 
objectives:
-65.92993230585981, -64.51000485308639, 5076.18321694409, 

parameters:
2.9913224446781705, -98.40063237193712, 2.2076699233049064, 
objectives:
-91.66029232720663, -95.21024225930951, 9690.424791241849, 

parameters:
2.612793139442626, -96.4151192374485, 12.895409368391473, 
objectives:
-102.48384061632152, -83.14419443730908, 9290.806496192537, 

parameters:
-0.5442480935405023, -52.53555747591936, 7.065281781507558, 
objectives:
-59.304633270104446, -38.997077332927326, 2754.215723511442, 

parameters:
-1.547592017382042, -97.8754117675413, 13.727516108281668, 
objectives:
-109.20788682355834, -71.56248653746684, 9569.263753609745, 

parameters:
1.8283188273661777, -65.61055310526137, 15.16638223729815, 
objectives:
-77.43418560805789, -50.4146964429263, 4293.921046275526, 

parameters:
0.14008474749691396, -7.373755624598791, 8.149506872486194, 
objectives:
-15.50363876060371, 4.235035994381021, 47.242388875297394, 

parameters:
-1.0211652564008538, -45.168841456959306, 10.871743621486008, 
objectives:
-54.99780659756509, -25.169658328989666, 2031.3952734233198, 

parameters:
-1.0121033517942641, -57.86281661062113, 15.9747377155897, 
objectives:
-72.81320113149765, -32.81531229314119, 3334.1551615934964, 

parameters:
-1.1113587403217937, -77.82071936236413, 1.272537205884185, 
objectives:
-77.85813831855867, -66.86762894550311, 6057.026943119641, 

parameters:
2.2090858642429443, -70.01964806913335, 10.93366944521556, 
objectives:
-76.07325715875092, -59.04226172529158, 4897.697506635673, 

parameters:
1.505583967496431, -3.3947810625701145, 0.04016563503001169, 
objectives:
-1.1681636144178316, -3.1101682143435325, 14.751155910936959, 

parameters:
-1.1270842825687875, -60.651147233921854, 5.624028641824344, 
objectives:
-65.0048568957326, -45.24846248180876, 3675.207951129056, 

parameters:
2.9027863327617047, -46.78855693341213, 0, 
objectives:
-38.36238843974398, -45.9735337707908, 2198.5952284048167, 

parameters:
4.212518095029023, -56.83754047700016, 7.450632013093191, 
objectives:
-46.5428637891464, -44.49167214307611, 3241.8006841624856, 

parameters:
1.9833112093329945, 2.7734400967427675, 3.9440338972250832, 
objectives:
2.7629295525835897, 6.7177525097017785, 8.681459426061355, 

parameters:
-3.181337342656426, -54.26738317504826, 15.448409458900795, 
objectives:
-59.59488534616881, -11.972717057741512, 2940.62137449639, 

parameters:
0.38785737087002753, -68.0094120730988, 3.957887050077608, 
objectives:
-71.8168657830382, -61.45252116636309, 4622.472676818617, 

parameters:
1.1573299886256676, -18.060484684680894, 11.09892949616926, 
objectives:
-27.820001478277867, -6.251462440442017, 317.4215902519962, 

parameters:
-0.3435796340334307, -28.257434982320632, 5.417637931326964, 
objectives:
-33.55702594872505, -17.347431549937397, 794.1830408136734, 

parameters:
0.8647187373926379, -82.25754416383151, 2.28302131812528, 
objectives:
-83.79282698715888, -78.68565930047886, 6765.768289041364, 

parameters:
0.469650927931645, -79.09950819629911, 2.3481624742147216, 
objectives:
-81.22709867640677, -74.40937743970392, 6255.604606416283, 

parameters:
0.7585558200309683, -14.41787236684224, 9.206267838250275, 
objectives:
-23.048733272989658, -3.670420876612983, 200.2441826804056, 

parameters:
-0.20285946776727748, -25.123645764685346, 7.042545452040022, 
objectives:
-32.125039253062546, -13.22851047791339, 625.1961830210147, 

parameters:
2.4073872055841816, -81.0238539863236, 1.8570491370069833, 
objectives:
-77.08538996572017, -79.00084051404293, 6569.80337881769, 

parameters:
2.5742108678477624, -85.71992394839208, 6.637046226868557, 
objectives:
-85.7304085831151, -78.75315960076904, 7348.894877083399, 

parameters:
-0.7307660711100707, -86.09111269391656, 2.8167858612331678, 
objectives:
-88.37387950446409, -75.81724349755746, 7410.396918066093, 

parameters:
-0.7991014609853266, -27.476790921344794, 7.556386934638214, 
objectives:
-34.39461471103412, -12.08543499781639, 749.0562155456063, 

parameters:
-0.7485486505709146, -67.28235951414288, 15.071846936195362, 
objectives:
-81.7938813680667, -44.65599289339232, 4513.404379936449, 

parameters:
2.9806555725941672, -67.49420756798456, 18.980758520993312, 
objectives:
-77.5906584465412, -47.55176369493126, 4546.371604351627, 

