Generation 1542 at Fri May 24 19:48:15 2019
parameters:
0.05101637681523949, -100, 19.95971668145522, 
objectives:
-119.95711401075187, -76.24174615510238, 9981.042885989249, 

parameters:
5.902828427068373, -22.338211619164007, 0.21990693185207322, 
objectives:
12.285264888390401, -6.886234956178942, 534.6191748501083, 

parameters:
-0.09310337269809921, -0.38187417318528993, 20, 
objectives:
-20.37320593517753, 23.999207555614866, -18.84550387784629, 

parameters:
1.9973066371654076, -100, 0, 
objectives:
-96.01076619713501, -99.99999274579665, 10004.989233802866, 

parameters:
0.8647187373926379, -82.25754416383151, 2.28302131812528, 
objectives:
-83.79282698715888, -78.68565930047886, 6765.768289041364, 

parameters:
2.612793139442626, -96.4151192374485, 12.895409368391473, 
objectives:
-102.48384061632152, -83.14419443730908, 9290.806496192537, 

parameters:
1.3416757367695238, -35.87274152363157, 0, 
objectives:
-34.07264774099552, -35.43935068807362, 1289.6536782039163, 

parameters:
-0.1762691072348046, -100, 8.971735406044758, 
objectives:
-108.9406646078794, -86.29211736685068, 9992.059335392121, 

parameters:
-2.3948691060632035, -41.360946211108356, 3.985753340394611, 
objectives:
-39.611301516326996, -18.06031841128496, 1713.47751617298, 

parameters:
-0.3098507336621066, -90.86596048127369, 15.606449304714587, 
objectives:
-106.37640230883733, -69.92410076475973, 8242.112332356828, 

parameters:
3.5327734614359425, -93.85567942729158, 17.905259000460145, 
objectives:
-99.28045009792564, -73.6010259427491, 8804.46379008789, 

parameters:
-0.27848378044136357, -75.95787044676504, 19.727815788435453, 
objectives:
-95.60813301923157, -51.03856632059522, 5750.947820235076, 

parameters:
-1.1113587403217937, -77.82071936236413, 1.272537205884185, 
objectives:
-77.85813831855867, -66.86762894550311, 6057.026943119641, 

parameters:
2.9027863327617047, -46.78855693341213, 0, 
objectives:
-38.36238843974398, -45.9735337707908, 2198.5952284048167, 

parameters:
-1.5704663479454741, 1.014805985720571, 0.9792870206504901, 
objectives:
2.501883515099276, 14.742322948182151, 3.516908718033005, 

parameters:
2.5300038963353284, -32.729651813332886, 19.889228946437658, 
objectives:
-46.217961044298605, -12.559518736764598, 1058.7417985910388, 

parameters:
-1.0504489459481, -3.5904812549052565, 7.232219147226615, 
objectives:
-9.719257414088396, 12.94697666415723, 7.762779482642885, 

parameters:
-1.1270842825687875, -60.651147233921854, 5.624028641824344, 
objectives:
-65.0048568957326, -45.24846248180876, 3675.207951129056, 

parameters:
-3.181337342656426, -54.26738317504826, 15.448409458900795, 
objectives:
-59.59488534616881, -11.972717057741512, 2940.62137449639, 

parameters:
-0.029672460906459364, -43.00802446513627, 12.721718945943493, 
objectives:
-55.72886295614352, -26.1667352206307, 1837.969329902753, 

parameters:
1.3487734226101944, -28.586281973239096, 0.4688361153446913, 
objectives:
-27.23592834304417, -27.693349802795566, 819.5258706837293, 

parameters:
0.38785737087002753, -68.0094120730988, 3.957887050077608, 
objectives:
-71.8168657830382, -61.45252116636309, 4622.472676818617, 

parameters:
3.2323375307592164, -71.20329943070925, 5.174638787905143, 
objectives:
-65.92993230585981, -64.51000485308639, 5076.18321694409, 

parameters:
0.6176949117089046, -88.07603283938955, 0, 
objectives:
-87.69448583543848, -86.16526548227411, 7758.769107729178, 

parameters:
1.8283188273661777, -65.61055310526137, 15.16638223729815, 
objectives:
-77.43418560805789, -50.4146964429263, 4293.921046275526, 

parameters:
-1.3169918297659606, -87.6410787737093, 0.2661794123535757, 
objectives:
-86.17279070639259, -76.37246456262159, 7683.426976686836, 

parameters:
1.9833112093329945, 2.7734400967427675, 3.9440338972250832, 
objectives:
2.7629295525835897, 6.7177525097017785, 8.681459426061355, 

parameters:
2.2090858642429443, -70.01964806913335, 10.93366944521556, 
objectives:
-76.07325715875092, -59.04226172529158, 4897.697506635673, 

parameters:
0.14008474749691396, -7.373755624598791, 8.149506872486194, 
objectives:
-15.50363876060371, 4.235035994381021, 47.242388875297394, 

parameters:
1.4728717321996143, -59.17547662835741, 3.855462248036351, 
objectives:
-60.86158773688107, -55.04215016960682, 3501.05092308475, 

parameters:
-0.933687130481331, -56.227774475881986, 9.967098597809727, 
objectives:
-65.32310141606526, -37.65415569852047, 3153.4672955704627, 

parameters:
1.1573299886256676, -18.060484684680894, 11.09892949616926, 
objectives:
-27.820001478277867, -6.251462440442017, 317.4215902519962, 

parameters:
3.416028499582949, -14.57758366207483, 10.230172517194742, 
objectives:
-13.138505469306637, -2.3422744332489494, 214.94502361755917, 

parameters:
3.2011612030510563, -58.94226945269316, 20, 
objectives:
-68.69483640477387, -37.4994812169781, 3465.4385612818046, 

parameters:
-0.5987544623160305, -42.696037559942724, 9.04905097622104, 
objectives:
-51.3865816300204, -26.8934618283142, 1815.261079249962, 

parameters:
-1.2960566315416875, -26.46995338822225, 14.674715284835774, 
objectives:
-39.46490588089484, -0.9312487850565425, 688.6634798819861, 

