Generation 1543 at Fri May 24 19:48:15 2019
parameters:
5.902828427068373, -22.338211619164007, 0.21990693185207322, 
objectives:
12.285264888390401, -6.886234956178942, 534.6191748501083, 

parameters:
0.05101637681523949, -100, 19.95971668145522, 
objectives:
-119.95711401075187, -76.24174615510238, 9981.042885989249, 

parameters:
-0.09310337269809921, -0.38187417318528993, 20, 
objectives:
-20.37320593517753, 23.999207555614866, -18.84550387784629, 

parameters:
1.9973066371654076, -100, 0, 
objectives:
-96.01076619713501, -99.99999274579665, 10004.989233802866, 

parameters:
3.722848433112441, -49.70086573377863, 6.507328816325508, 
objectives:
-42.34859409417638, -40.225330193975125, 2478.528326326693, 

parameters:
2.5300038963353284, -32.729651813332886, 19.889228946437658, 
objectives:
-46.217961044298605, -12.559518736764598, 1058.7417985910388, 

parameters:
-0.029672460906459364, -43.00802446513627, 12.721718945943493, 
objectives:
-55.72886295614352, -26.1667352206307, 1837.969329902753, 

parameters:
2.612793139442626, -96.4151192374485, 12.895409368391473, 
objectives:
-102.48384061632152, -83.14419443730908, 9290.806496192537, 

parameters:
-0.1762691072348046, -100, 8.971735406044758, 
objectives:
-108.9406646078794, -86.29211736685068, 9992.059335392121, 

parameters:
1.4728717321996143, -59.17547662835741, 3.855462248036351, 
objectives:
-60.86158773688107, -55.04215016960682, 3501.05092308475, 

parameters:
0.14008474749691396, -7.373755624598791, 8.149506872486194, 
objectives:
-15.50363876060371, 4.235035994381021, 47.242388875297394, 

parameters:
1.3416757367695238, -35.87274152363157, 0, 
objectives:
-34.07264774099552, -35.43935068807362, 1289.6536782039163, 

parameters:
-1.0504489459481, -3.5904812549052565, 7.232219147226615, 
objectives:
-9.719257414088396, 12.94697666415723, 7.762779482642885, 

parameters:
-0.27848378044136357, -75.95787044676504, 19.727815788435453, 
objectives:
-95.60813301923157, -51.03856632059522, 5750.947820235076, 

parameters:
3.5327734614359425, -93.85567942729158, 17.905259000460145, 
objectives:
-99.28045009792564, -73.6010259427491, 8804.46379008789, 

parameters:
-1.904254280740446, -23.046845179759003, 4.257650788278479, 
objectives:
-23.67831160231917, -3.5459929028004282, 531.5256063172206, 

parameters:
-0.3098507336621066, -90.86596048127369, 15.606449304714587, 
objectives:
-106.37640230883733, -69.92410076475973, 8242.112332356828, 

parameters:
-1.5704663479454741, 1.014805985720571, 0.9792870206504901, 
objectives:
2.501883515099276, 14.742322948182151, 3.516908718033005, 

parameters:
-1.1113587403217937, -77.82071936236413, 1.272537205884185, 
objectives:
-77.85813831855867, -66.86762894550311, 6057.026943119641, 

parameters:
0.8647187373926379, -82.25754416383151, 2.28302131812528, 
objectives:
-83.79282698715888, -78.68565930047886, 6765.768289041364, 

parameters:
0.38785737087002753, -68.0094120730988, 3.957887050077608, 
objectives:
-71.8168657830382, -61.45252116636309, 4622.472676818617, 

parameters:
-2.802723621902692, -64.96931546817099, 10.252540359888128, 
objectives:
-67.36659612728778, -31.650620919900753, 4219.614671743605, 

parameters:
1.1064728293264583, -39.95811729726979, 11.398109895069705, 
objectives:
-50.131945070301796, -27.761616597468215, 1587.477310169339, 

parameters:
-1.1270842825687875, -60.651147233921854, 5.624028641824344, 
objectives:
-65.0048568957326, -45.24846248180876, 3675.207951129056, 

parameters:
0.6176949117089046, -88.07603283938955, 0, 
objectives:
-87.69448583543848, -86.16526548227411, 7758.769107729178, 

parameters:
-1.3169918297659606, -87.6410787737093, 0.2661794123535757, 
objectives:
-86.17279070639259, -76.37246456262159, 7683.426976686836, 

parameters:
1.9833112093329945, 2.7734400967427675, 3.9440338972250832, 
objectives:
2.7629295525835897, 6.7177525097017785, 8.681459426061355, 

parameters:
3.2323375307592164, -71.20329943070925, 5.174638787905143, 
objectives:
-65.92993230585981, -64.51000485308639, 5076.18321694409, 

parameters:
-0.8162065933665117, -81.76300553096819, 2.640204062298296, 
objectives:
-83.73701639021152, -71.19178189214888, 6684.215062597891, 

parameters:
2.9027863327617047, -46.78855693341213, 0, 
objectives:
-38.36238843974398, -45.9735337707908, 2198.5952284048167, 

parameters:
1.3487734226101944, -28.586281973239096, 0.4688361153446913, 
objectives:
-27.23592834304417, -27.693349802795566, 819.5258706837293, 

parameters:
2.2090858642429443, -70.01964806913335, 10.93366944521556, 
objectives:
-76.07325715875092, -59.04226172529158, 4897.697506635673, 

parameters:
1.8283188273661777, -65.61055310526137, 15.16638223729815, 
objectives:
-77.43418560805789, -50.4146964429263, 4293.921046275526, 

parameters:
2.1167838043275053, -45.83213866851851, 19.368982758756825, 
objectives:
-60.720347753012106, -26.449517452808482, 2086.696725845816, 

