Generation 1547 at Fri May 24 19:48:15 2019
parameters:
0.05101637681523949, -100, 19.95971668145522, 
objectives:
-119.95711401075187, -76.24174615510238, 9981.042885989249, 

parameters:
1.9833112093329945, 2.7734400967427675, 3.9440338972250832, 
objectives:
2.7629295525835897, 6.7177525097017785, 8.681459426061355, 

parameters:
-0.09310337269809921, -0.38187417318528993, 20, 
objectives:
-20.37320593517753, 23.999207555614866, -18.84550387784629, 

parameters:
1.9973066371654076, -100, 0, 
objectives:
-96.01076619713501, -99.99999274579665, 10004.989233802866, 

parameters:
-0.3098507336621066, -90.86596048127369, 15.606449304714587, 
objectives:
-106.37640230883733, -69.92410076475973, 8242.112332356828, 

parameters:
2.2146706561535536, -87.24882629930734, 0, 
objectives:
-82.34406018407972, -87.20274280869394, 7618.262456721931, 

parameters:
1.4728717321996143, -59.17547662835741, 3.855462248036351, 
objectives:
-60.86158773688107, -55.04215016960682, 3501.05092308475, 

parameters:
3.2323375307592164, -71.20329943070925, 5.174638787905143, 
objectives:
-65.92993230585981, -64.51000485308639, 5076.18321694409, 

parameters:
-0.27848378044136357, -75.95787044676504, 19.727815788435453, 
objectives:
-95.60813301923157, -51.03856632059522, 5750.947820235076, 

parameters:
-0.029672460906459364, -43.00802446513627, 12.721718945943493, 
objectives:
-55.72886295614352, -26.1667352206307, 1837.969329902753, 

parameters:
2.5300038963353284, -32.729651813332886, 19.889228946437658, 
objectives:
-46.217961044298605, -12.559518736764598, 1058.7417985910388, 

parameters:
2.630384713694568, -52.01686725543476, 6.33504665176283, 
objectives:
-51.43299016515954, -45.28443571641215, 2707.3383561597966, 

parameters:
0.38785737087002753, -68.0094120730988, 3.957887050077608, 
objectives:
-71.8168657830382, -61.45252116636309, 4622.472676818617, 

parameters:
0.023346696581987736, -81.53112371494737, 8.237740936212157, 
objectives:
-89.76831958291824, -69.38622449682187, 6640.086938354082, 

parameters:
3.5327734614359425, -93.85567942729158, 17.905259000460145, 
objectives:
-99.28045009792564, -73.6010259427491, 8804.46379008789, 

parameters:
0.14008474749691396, -7.373755624598791, 8.149506872486194, 
objectives:
-15.50363876060371, 4.235035994381021, 47.242388875297394, 

parameters:
-2.0464506192905327, -25.69793652429883, 5.768868888544153, 
objectives:
-27.27884527564838, -3.55530502139794, 659.8030328555423, 

parameters:
3.722848433112441, -49.70086573377863, 6.507328816325508, 
objectives:
-42.34859409417638, -40.225330193975125, 2478.528326326693, 

parameters:
0.7771968486668486, -28.719081876588525, 8.769688382280993, 
objectives:
-36.88473531729184, -18.454145947397247, 817.6200103934922, 

parameters:
-1.7441131845626774, -64.8351349586008, 12.06150341170588, 
objectives:
-73.85470756974132, -38.75524800807885, 4195.575152488839, 

parameters:
-1.0504489459481, -3.5904812549052565, 7.232219147226615, 
objectives:
-9.719257414088396, 12.94697666415723, 7.762779482642885, 

parameters:
2.612793139442626, -96.4151192374485, 12.895409368391473, 
objectives:
-102.48384061632152, -83.14419443730908, 9290.806496192537, 

parameters:
3.320540578112637, -80.801316880518, 0, 
objectives:
-69.7753271496254, -79.05748946207595, 6540.878799356776, 

parameters:
-1.1113587403217937, -77.82071936236413, 1.272537205884185, 
objectives:
-77.85813831855867, -66.86762894550311, 6057.026943119641, 

parameters:
-2.3179654553900195, -57.11744204425457, 2.8914290696079705, 
objectives:
-54.63590726148108, -35.58118730070505, 3265.883720461553, 

parameters:
-1.904254280740446, -23.046845179759003, 4.257650788278479, 
objectives:
-23.67831160231917, -3.5459929028004282, 531.5256063172206, 

parameters:
0.31898887566529066, -18.42723329887989, 0, 
objectives:
-18.325479396081686, -15.601434898742847, 340.66468095414604, 

parameters:
1.3416757367695238, -35.87274152363157, 0, 
objectives:
-34.07264774099552, -35.43935068807362, 1289.6536782039163, 

parameters:
-2.630693255575827, -22.46300980664638, 18.55421459523797, 
objectives:
-34.0966773969522, 17.53452481582704, 493.9531419831856, 

parameters:
1.1064728293264583, -39.95811729726979, 11.398109895069705, 
objectives:
-50.131945070301796, -27.761616597468215, 1587.477310169339, 

parameters:
0.6176949117089046, -88.07603283938955, 0, 
objectives:
-87.69448583543848, -86.16526548227411, 7758.769107729178, 

parameters:
-2.1051950493174685, -27.024661395224648, 17.504042960641513, 
objectives:
-40.09685816019538, 7.332007958357519, 718.2601267615747, 

parameters:
0.1983295795200477, -38.4292097852937, 3.9042685931464507, 
objectives:
-42.29414375632755, -31.27892488811484, 1473.939230751079, 

parameters:
-0.3353533608090027, -96.9479362952099, 4.9423739846354415, 
objectives:
-101.77784840323945, -86.55168699073256, 9395.072439792048, 

parameters:
2.8556772255134275, -78.42950086277382, 3.7799777002839514, 
objectives:
-74.05458614674171, -73.91733964822751, 6156.561520299872, 

parameters:
1.0609939983600483, 0.3912378793341862, 12.39163627706486, 
objectives:
-10.874690133174632, 13.664606427514896, -10.112860934282907, 

parameters:
-1.3169918297659606, -87.6410787737093, 0.2661794123535757, 
objectives:
-86.17279070639259, -76.37246456262159, 7683.426976686836, 

