Generation 155 at Sat May 25 04:36:26 2019
parameters:
0, 0.0, 20.0, 
objectives:
-20.0, 24.0, -19.0, 

parameters:
0, 0.0, 20.0, 
objectives:
-20.0, 24.0, -19.0, 

parameters:
1.9954130956648328, 0.0, 20.0, 
objectives:
-16.01832657764929, 20.00002103969138, -15.018326577649288, 

parameters:
0.7035198072790593, 0.0, 20.0, 
objectives:
-19.505059880766034, 21.680860890117728, -18.505059880766034, 

parameters:
1.7115954761132732, 0.0, 20.0, 
objectives:
-17.070440926148578, 20.08317716939833, -16.070440926148578, 

parameters:
1.9317469799094926, 0.0, 20.0, 
objectives:
-16.268353605610553, 20.004658474751476, -15.268353605610555, 

parameters:
1.1317882968145074, 0.0, 20.0, 
objectives:
-18.719055251193716, 20.753791561548255, -17.719055251193716, 

parameters:
0.559697382914668, 0.0, 20.0, 
objectives:
-19.686738839558473, 22.074471628782856, -18.686738839558473, 

parameters:
0.8104481873346372, 0.0, 20.0, 
objectives:
-19.343173735646, 21.415033515015452, -18.343173735646, 

parameters:
1.481875414000363, 0.0, 20.0, 
objectives:
-17.804045257381254, 20.268453086617296, -16.804045257381254, 

parameters:
1.6110449995429137, 0.0, 20.0, 
objectives:
-17.404534009447772, 20.151285992380572, -16.404534009447772, 

parameters:
1.234793419659625, 0.0, 20.0, 
objectives:
-18.47528521076529, 20.58554111059621, -17.47528521076529, 

parameters:
1.5430849873699206, 0.0, 20.0, 
objectives:
-17.61888872175357, 20.208771328766744, -16.61888872175357, 

parameters:
1.042048731676292, 0.0, 20.0, 
objectives:
-18.914134440811832, 20.917670632483002, -17.914134440811832, 

parameters:
1.3324720798245686, 0.0, 20.0, 
objectives:
-18.22451815648799, 20.445593524213738, -17.22451815648799, 

parameters:
0.2442665185713532, 0.0, 20.0, 
objectives:
-19.940333867905032, 23.082600057809557, -18.940333867905032, 

parameters:
1.4137808909673737, 0.0, 20.0, 
objectives:
-18.0012235923355, 20.343652843795006, -17.0012235923355, 

parameters:
0.15293165797759037, 0.0, 20.0, 
objectives:
-19.976611907988225, 23.411661460101413, -18.976611907988225, 

parameters:
1.2017969658653556, 0.0, 20.0, 
objectives:
-18.555684052836824, 20.637128083701754, -17.555684052836824, 

parameters:
1.7626903289455202, 0.0, 20.0, 
objectives:
-16.892922804241934, 20.056315879975987, -15.892922804241934, 

parameters:
0.32357214115089755, 0.0, 20.0, 
objectives:
-19.895301069471024, 22.810410365925385, -18.895301069471024, 

parameters:
0.06955407942574182, 0.0, 20.0, 
objectives:
-19.995162230035238, 23.726621452261796, -18.995162230035238, 

parameters:
0.3818362861288844, 0.0, 20.0, 
objectives:
-19.8542010505953, 22.61845380488916, -18.8542010505953, 

parameters:
1.8684415155530796, 0.0, 20.0, 
objectives:
-16.50892630295771, 20.017307634829972, -15.508926302957711, 

parameters:
0.935460430383591, 0.0, 20.0, 
objectives:
-19.124913783186546, 21.13324449527909, -18.124913783186546, 

parameters:
1.5947313154956304, 0.0, 20.0, 
objectives:
-17.456832031377576, 20.164242706639904, -16.456832031377576, 

parameters:
0.5138871884311147, 0.0, 20.0, 
objectives:
-19.735919957566363, 22.208531288709178, -18.735919957566363, 

parameters:
1.370936513638195, 0.0, 20.0, 
objectives:
-18.12053307557355, 20.395720869873667, -17.12053307557355, 

parameters:
0.9784953948449352, 0.0, 20.0, 
objectives:
-19.042546762267254, 21.043471658353006, -18.042546762267254, 

parameters:
1.846064483281454, 0.0, 20.0, 
objectives:
-16.59204592356678, 20.023696143307404, -15.59204592356678, 

parameters:
0.8796395224172154, 0.0, 20.0, 
objectives:
-19.226234310601612, 21.255207599729527, -18.226234310601612, 

parameters:
0.44652631573171, 0.0, 20.0, 
objectives:
-19.800614249359064, 22.413280487714093, -18.800614249359064, 

parameters:
1.005121345486712, 0.0, 20.0, 
objectives:
-18.989731080846983, 20.98978353720617, -17.98973108084698, 

parameters:
1.8049397073970503, 0.0, 20.0, 
objectives:
-16.74219265266145, 20.038048517750347, -15.742192652661451, 

parameters:
0.4649515922386793, 0.0, 20.0, 
objectives:
-19.783820016874717, 22.356373614170565, -18.783820016874717, 

parameters:
0.8813329447196839, 0.0, 20.0, 
objectives:
-19.22325224055173, 21.251415980569533, -18.22325224055173, 

parameters:
1.7984795956690234, 0.0, 20.0, 
objectives:
-16.765471143962188, 20.04061047336172, -15.765471143962186, 

parameters:
1.3520869545334162, 0.0, 20.0, 
objectives:
-18.171860867380552, 20.419791314485785, -17.171860867380552, 

parameters:
1.8576992729927253, 0.0, 20.0, 
objectives:
-16.548953411122298, 20.0202494969068, -15.5489534111223, 

