Generation 1551 at Fri May 24 19:48:15 2019
parameters:
1.9833112093329945, 2.7734400967427675, 3.9440338972250832, 
objectives:
2.7629295525835897, 6.7177525097017785, 8.681459426061355, 

parameters:
0.05101637681523949, -100, 19.95971668145522, 
objectives:
-119.95711401075187, -76.24174615510238, 9981.042885989249, 

parameters:
-0.09310337269809921, -0.38187417318528993, 20, 
objectives:
-20.37320593517753, 23.999207555614866, -18.84550387784629, 

parameters:
1.9973066371654076, -100, 0, 
objectives:
-96.01076619713501, -99.99999274579665, 10004.989233802866, 

parameters:
1.4728717321996143, -59.17547662835741, 3.855462248036351, 
objectives:
-60.86158773688107, -55.04215016960682, 3501.05092308475, 

parameters:
1.5887581512085296, -90.54447312794267, 0, 
objectives:
-88.02032066491113, -90.37535326974523, 8201.825766479762, 

parameters:
-2.0464506192905327, -25.69793652429883, 5.768868888544153, 
objectives:
-27.27884527564838, -3.55530502139794, 659.8030328555423, 

parameters:
2.612793139442626, -96.4151192374485, 12.895409368391473, 
objectives:
-102.48384061632152, -83.14419443730908, 9290.806496192537, 

parameters:
-0.029672460906459364, -43.00802446513627, 12.721718945943493, 
objectives:
-55.72886295614352, -26.1667352206307, 1837.969329902753, 

parameters:
1.2327007546396933, -99.13528610100938, 11.418536889150648, 
objectives:
-109.03427183967077, -87.12800107992824, 9818.905964590323, 

parameters:
2.630384713694568, -52.01686725543476, 6.33504665176283, 
objectives:
-51.43299016515954, -45.28443571641215, 2707.3383561597966, 

parameters:
3.5327734614359425, -93.85567942729158, 17.905259000460145, 
objectives:
-99.28045009792564, -73.6010259427491, 8804.46379008789, 

parameters:
3.2323375307592164, -71.20329943070925, 5.174638787905143, 
objectives:
-65.92993230585981, -64.51000485308639, 5076.18321694409, 

parameters:
2.2146706561535536, -87.24882629930734, 0, 
objectives:
-82.34406018407972, -87.20274280869394, 7618.262456721931, 

parameters:
0.7771968486668486, -28.719081876588525, 8.769688382280993, 
objectives:
-36.88473531729184, -18.454145947397247, 817.6200103934922, 

parameters:
-1.7441131845626774, -64.8351349586008, 12.06150341170588, 
objectives:
-73.85470756974132, -38.75524800807885, 4195.575152488839, 

parameters:
0.38785737087002753, -68.0094120730988, 3.957887050077608, 
objectives:
-71.8168657830382, -61.45252116636309, 4622.472676818617, 

parameters:
-0.09411491487324009, 3.0982115196502544, 11.758152678479444, 
objectives:
-8.651083541627592, 19.241681474824254, -1.1503804407843088, 

parameters:
3.722848433112441, -49.70086573377863, 6.507328816325508, 
objectives:
-42.34859409417638, -40.225330193975125, 2478.528326326693, 

parameters:
3.320540578112637, -80.801316880518, 0, 
objectives:
-69.7753271496254, -79.05748946207595, 6540.878799356776, 

parameters:
-0.3098507336621066, -90.86596048127369, 15.606449304714587, 
objectives:
-106.37640230883733, -69.92410076475973, 8242.112332356828, 

parameters:
2.5300038963353284, -32.729651813332886, 19.889228946437658, 
objectives:
-46.217961044298605, -12.559518736764598, 1058.7417985910388, 

parameters:
0.8994086074653302, -81.93453035693061, 4.411531003518389, 
objectives:
-85.53712551726628, -76.31169794009081, 6710.664669650448, 

parameters:
-1.0504489459481, -3.5904812549052565, 7.232219147226615, 
objectives:
-9.719257414088396, 12.94697666415723, 7.762779482642885, 

parameters:
-2.7353788945041586, -74.38960712625787, 19.151000089266393, 
objectives:
-86.05830951902547, -32.81479376247606, 5523.144946006228, 

parameters:
-1.1113587403217937, -77.82071936236413, 1.272537205884185, 
objectives:
-77.85813831855867, -66.86762894550311, 6057.026943119641, 

parameters:
0.14008474749691396, -7.373755624598791, 8.149506872486194, 
objectives:
-15.50363876060371, 4.235035994381021, 47.242388875297394, 

parameters:
-0.27848378044136357, -75.95787044676504, 19.727815788435453, 
objectives:
-95.60813301923157, -51.03856632059522, 5750.947820235076, 

parameters:
-2.3179654553900195, -57.11744204425457, 2.8914290696079705, 
objectives:
-54.63590726148108, -35.58118730070505, 3265.883720461553, 

parameters:
2.063477087519645, -38.42470468035518, 14.525531286204936, 
objectives:
-48.69229827584156, -23.895144053510265, 1467.1903361770226, 

parameters:
1.3416757367695238, -35.87274152363157, 0, 
objectives:
-34.07264774099552, -35.43935068807362, 1289.6536782039163, 

parameters:
-0.22113136355803298, -13.936696072692872, 3.0737683954816877, 
objectives:
-16.961565388225523, -5.929503143030017, 192.20662810708023, 

parameters:
4.102086468616293, -76.80142597037401, 19.782557075739277, 
objectives:
-79.7568696501084, -52.600101373095015, 5896.5035874031055, 

parameters:
3.1884869860391287, -17.867679839870462, 7.918133290259927, 
objectives:
-15.619363869989503, -8.537045233626163, 322.50229882999434, 

parameters:
-2.6495516738417972, -75.56936692966019, 13.352789559179543, 
objectives:
-81.90203241648186, -40.598246602755594, 5705.396552662798, 

parameters:
-1.5699926953314094, -36.93050520103175, 13.967941167916129, 
objectives:
-48.433569305553895, -10.217716188395999, 1353.3591502989111, 

