Generation 1553 at Fri May 24 19:48:15 2019
parameters:
1.1465788582290348, -2.399891354543257, 6.7502511406057994, 
objectives:
-7.83549941701126, 5.0786874312842, 1.323870451143467, 

parameters:
0.05101637681523949, -100, 19.95971668145522, 
objectives:
-119.95711401075187, -76.24174615510238, 9981.042885989249, 

parameters:
-0.09310337269809921, -0.38187417318528993, 20, 
objectives:
-20.37320593517753, 23.999207555614866, -18.84550387784629, 

parameters:
1.9973066371654076, -100, 0, 
objectives:
-96.01076619713501, -99.99999274579665, 10004.989233802866, 

parameters:
1.5887581512085296, -90.54447312794267, 0, 
objectives:
-88.02032066491113, -90.37535326974523, 8201.825766479762, 

parameters:
3.722848433112441, -49.70086573377863, 6.507328816325508, 
objectives:
-42.34859409417638, -40.225330193975125, 2478.528326326693, 

parameters:
0.04109665237832605, -7.727138035474287, 20, 
objectives:
-27.725449100637583, 16.110164289849113, 40.71035115411013, 

parameters:
2.612793139442626, -96.4151192374485, 12.895409368391473, 
objectives:
-102.48384061632152, -83.14419443730908, 9290.806496192537, 

parameters:
4.013211604878187, -18.85355623178864, 8.545372324644735, 
objectives:
-11.293061170904423, -6.255162941127702, 364.0170776461005, 

parameters:
1.2327007546396933, -99.13528610100938, 11.418536889150648, 
objectives:
-109.03427183967077, -87.12800107992824, 9818.905964590323, 

parameters:
1.2019488184166625, -59.373582285299385, 3.251908699154118, 
objectives:
-61.18081002236029, -55.484787897718704, 3524.4150456521556, 

parameters:
2.2146706561535536, -87.24882629930734, 0, 
objectives:
-82.34406018407972, -87.20274280869394, 7618.262456721931, 

parameters:
-0.27848378044136357, -75.95787044676504, 19.727815788435453, 
objectives:
-95.60813301923157, -51.03856632059522, 5750.947820235076, 

parameters:
3.5327734614359425, -93.85567942729158, 17.905259000460145, 
objectives:
-99.28045009792564, -73.6010259427491, 8804.46379008789, 

parameters:
-0.029672460906459364, -43.00802446513627, 12.721718945943493, 
objectives:
-55.72886295614352, -26.1667352206307, 1837.969329902753, 

parameters:
0.7771968486668486, -28.719081876588525, 8.769688382280993, 
objectives:
-36.88473531729184, -18.454145947397247, 817.6200103934922, 

parameters:
3.2323375307592164, -71.20329943070925, 5.174638787905143, 
objectives:
-65.92993230585981, -64.51000485308639, 5076.18321694409, 

parameters:
2.063477087519645, -38.42470468035518, 14.525531286204936, 
objectives:
-48.69229827584156, -23.895144053510265, 1467.1903361770226, 

parameters:
-0.2325542960957553, -23.954411867039337, 7.74757704334176, 
objectives:
-31.647907409748505, -11.222536138681964, 567.1203523530459, 

parameters:
0.14008474749691396, -7.373755624598791, 8.149506872486194, 
objectives:
-15.50363876060371, 4.235035994381021, 47.242388875297394, 

parameters:
-2.3179654553900195, -57.11744204425457, 2.8914290696079705, 
objectives:
-54.63590726148108, -35.58118730070505, 3265.883720461553, 

parameters:
1.8222581156948945, -64.26852486286273, 20, 
objectives:
-80.94790022264682, -44.23693268542641, 4114.7639126886215, 

parameters:
0.38785737087002753, -68.0094120730988, 3.957887050077608, 
objectives:
-71.8168657830382, -61.45252116636309, 4622.472676818617, 

parameters:
-1.5233671007733651, -55.459023293455274, 14.309556393812043, 
objectives:
-67.44793236354867, -28.735351172831123, 3064.7143555939215, 

parameters:
2.5300038963353284, -32.729651813332886, 19.889228946437658, 
objectives:
-46.217961044298605, -12.559518736764598, 1058.7417985910388, 

parameters:
2.630384713694568, -52.01686725543476, 6.33504665176283, 
objectives:
-51.43299016515954, -45.28443571641215, 2707.3383561597966, 

parameters:
-0.3098507336621066, -90.86596048127369, 15.606449304714587, 
objectives:
-106.37640230883733, -69.92410076475973, 8242.112332356828, 

parameters:
0.8994086074653302, -81.93453035693061, 4.411531003518389, 
objectives:
-85.53712551726628, -76.31169794009081, 6710.664669650448, 

parameters:
3.320540578112637, -80.801316880518, 0, 
objectives:
-69.7753271496254, -79.05748946207595, 6540.878799356776, 

parameters:
-1.1113587403217937, -77.82071936236413, 1.272537205884185, 
objectives:
-77.85813831855867, -66.86762894550311, 6057.026943119641, 

parameters:
3.378408910859368, -79.30287392978403, 7.105497801665962, 
objectives:
-74.99472496247601, -70.29736500258156, 6294.253962490527, 

parameters:
3.0779407094173035, -68.05509112007294, 2.9316174331608025, 
objectives:
-61.512989542545455, -63.961517513893064, 4639.0375289389585, 

parameters:
0.9057393724265862, 1.0522849762256543, 19.17401743459274, 
objectives:
-17.301368647603383, 21.423708731875756, -16.24634995263881, 

parameters:
4.951656660254636, -31.139454566938873, 3.1781843541247397, 
objectives:
-9.79873524001952, -19.248993172788587, 992.0063500533696, 

parameters:
-0.5799266418430578, -68.17966861545743, 11.697210848146685, 
objectives:
-79.54056455368475, -49.826436290019146, 4638.106316575364, 

parameters:
3.191000027795562, -81.84475771382947, 4.067611809588129, 
objectives:
-75.72988834602631, -76.35866483803231, 6705.679234603252, 

