Generation 1559 at Fri May 24 19:48:15 2019
parameters:
1.1465788582290348, -2.399891354543257, 6.7502511406057994, 
objectives:
-7.83549941701126, 5.0786874312842, 1.323870451143467, 

parameters:
0.05101637681523949, -100, 19.95971668145522, 
objectives:
-119.95711401075187, -76.24174615510238, 9981.042885989249, 

parameters:
-0.09310337269809921, -0.38187417318528993, 20, 
objectives:
-20.37320593517753, 23.999207555614866, -18.84550387784629, 

parameters:
1.9973066371654076, -100, 0, 
objectives:
-96.01076619713501, -99.99999274579665, 10004.989233802866, 

parameters:
-0.3098507336621066, -90.86596048127369, 15.606449304714587, 
objectives:
-106.37640230883733, -69.92410076475973, 8242.112332356828, 

parameters:
0.04109665237832605, -7.727138035474287, 20, 
objectives:
-27.725449100637583, 16.110164289849113, 40.71035115411013, 

parameters:
3.320540578112637, -80.801316880518, 0, 
objectives:
-69.7753271496254, -79.05748946207595, 6540.878799356776, 

parameters:
-0.2757809651606986, -97.35034002806903, 0, 
objectives:
-97.27428488732406, -92.17116102668126, 9478.164758721405, 

parameters:
-0.2325542960957553, -23.954411867039337, 7.74757704334176, 
objectives:
-31.647907409748505, -11.222536138681964, 567.1203523530459, 

parameters:
3.389434428243969, -77.65268505683864, 20, 
objectives:
-86.16441931347312, -55.722157026449, 6022.427762279935, 

parameters:
2.063477087519645, -38.42470468035518, 14.525531286204936, 
objectives:
-48.69229827584156, -23.895144053510265, 1467.1903361770226, 

parameters:
2.1159093517894823, -4.039434833068867, 12.566871434054047, 
objectives:
-12.129233882132727, 8.540871578817438, 9.227234721546246, 

parameters:
2.0419623997392358, -91.35579031126566, 7.226364217855358, 
objectives:
-94.41254408717221, -84.12766525041843, 8343.823669620035, 

parameters:
0.7771968486668486, -28.719081876588525, 8.769688382280993, 
objectives:
-36.88473531729184, -18.454145947397247, 817.6200103934922, 

parameters:
0.18653092902113588, -54.53333373308311, 18.56911920930852, 
objectives:
-73.06765915491015, -32.67554445237765, 2956.3501626219936, 

parameters:
-1.730707351812807, -70.62619188232811, 6.170328085169559, 
objectives:
-73.80117202987877, -50.537686452288426, 4985.883999651879, 

parameters:
1.2019488184166625, -59.373582285299385, 3.251908699154118, 
objectives:
-61.18081002236029, -55.484787897718704, 3524.4150456521556, 

parameters:
2.612793139442626, -96.4151192374485, 12.895409368391473, 
objectives:
-102.48384061632152, -83.14419443730908, 9290.806496192537, 

parameters:
3.5327734614359425, -93.85567942729158, 17.905259000460145, 
objectives:
-99.28045009792564, -73.6010259427491, 8804.46379008789, 

parameters:
-0.7757922704157018, -87.2867989910315, 0, 
objectives:
-86.68494534419476, -79.58177626253195, 7620.587131747575, 

parameters:
4.085892083293942, -86.45007204747435, 1.624916636324956, 
objectives:
-71.38047456747519, -80.47420962800105, 7489.684554493505, 

parameters:
0.38785737087002753, -68.0094120730988, 3.957887050077608, 
objectives:
-71.8168657830382, -61.45252116636309, 4622.472676818617, 

parameters:
3.445108951036048, -48.94161979563014, 5.113584892648104, 
objectives:
-42.18642900376955, -41.739695022617525, 2403.0373390118766, 

parameters:
4.013211604878187, -18.85355623178864, 8.545372324644735, 
objectives:
-11.293061170904423, -6.255162941127702, 364.0170776461005, 

parameters:
1.8222581156948945, -64.26852486286273, 20, 
objectives:
-80.94790022264682, -44.23693268542641, 4114.7639126886215, 

parameters:
3.884924470559728, -28.119348290103915, 19.052383595266647, 
objectives:
-32.07909374341678, -5.514024435122398, 787.7380028068571, 

parameters:
1.2368760126832492, -41.523614225331144, 2.8841830577795133, 
objectives:
-42.877935012359444, -38.05707294753341, 1723.8562175470947, 

parameters:
-0.6263744774903628, -43.614921064445134, 13.085610745001864, 
objectives:
-56.30818682339567, -23.631467423430493, 1890.5680736988295, 

parameters:
2.2146706561535536, -87.24882629930734, 0, 
objectives:
-82.34406018407972, -87.20274280869394, 7618.262456721931, 

parameters:
-2.3179654553900195, -57.11744204425457, 2.8914290696079705, 
objectives:
-54.63590726148108, -35.58118730070505, 3265.883720461553, 

parameters:
2.630384713694568, -52.01686725543476, 6.33504665176283, 
objectives:
-51.43299016515954, -45.28443571641215, 2707.3383561597966, 

parameters:
-0.3720242212531253, -66.35299647706466, 14.157349060636733, 
objectives:
-80.3719435165024, -46.569148510216436, 4389.701194445918, 

parameters:
3.2323375307592164, -71.20329943070925, 5.174638787905143, 
objectives:
-65.92993230585981, -64.51000485308639, 5076.18321694409, 

parameters:
3.2762919148735445, -73.95326642590128, 7.516600578386781, 
objectives:
-70.7357782928223, -64.80774479554292, 5473.303103193416, 

parameters:
0.4151062945040199, -58.83247635037496, 20, 
objectives:
-78.6601631146381, -36.32058829265418, 3442.432586753166, 

parameters:
-0.22067318775322464, -30.582639498306257, 3.688588644547892, 
objectives:
-34.222531487060984, -21.962661446952296, 932.6579466946073, 

parameters:
3.0263684828696262, -74.86522686131609, 0, 
objectives:
-65.70632066720948, -73.811794598688, 5614.961099190431, 

parameters:
3.478127863827055, -74.74480692373244, 0.0, 
objectives:
-62.64743348660229, -72.5599449419105, 5599.883535503171, 

parameters:
3.6074460702024673, -36.05451104079295, 10.24439554660935, 
objectives:
-33.28523943798308, -23.226232625574244, 1303.6970379934708, 

parameters:
3.722848433112441, -49.70086573377863, 6.507328816325508, 
objectives:
-42.34859409417638, -40.225330193975125, 2478.528326326693, 

parameters:
-1.8153080634327123, -37.96297868390536, 0, 
objectives:
-34.66763531874154, -23.40640306501069, 1445.4830939198166, 

