Generation 1560 at Fri May 24 19:48:15 2019
parameters:
1.1465788582290348, -2.399891354543257, 6.7502511406057994, 
objectives:
-7.83549941701126, 5.0786874312842, 1.323870451143467, 

parameters:
0.05101637681523949, -100, 19.95971668145522, 
objectives:
-119.95711401075187, -76.24174615510238, 9981.042885989249, 

parameters:
-0.09310337269809921, -0.38187417318528993, 20, 
objectives:
-20.37320593517753, 23.999207555614866, -18.84550387784629, 

parameters:
1.9973066371654076, -100, 0, 
objectives:
-96.01076619713501, -99.99999274579665, 10004.989233802866, 

parameters:
-0.3098507336621066, -90.86596048127369, 15.606449304714587, 
objectives:
-106.37640230883733, -69.92410076475973, 8242.112332356828, 

parameters:
-1.730707351812807, -70.62619188232811, 6.170328085169559, 
objectives:
-73.80117202987877, -50.537686452288426, 4985.883999651879, 

parameters:
2.063477087519645, -38.42470468035518, 14.525531286204936, 
objectives:
-48.69229827584156, -23.895144053510265, 1467.1903361770226, 

parameters:
3.389434428243969, -77.65268505683864, 20, 
objectives:
-86.16441931347312, -55.722157026449, 6022.427762279935, 

parameters:
0.7771968486668486, -28.719081876588525, 8.769688382280993, 
objectives:
-36.88473531729184, -18.454145947397247, 817.6200103934922, 

parameters:
1.8222581156948945, -64.26852486286273, 20, 
objectives:
-80.94790022264682, -44.23693268542641, 4114.7639126886215, 

parameters:
0.04109665237832605, -7.727138035474287, 20, 
objectives:
-27.725449100637583, 16.110164289849113, 40.71035115411013, 

parameters:
0.18653092902113588, -54.53333373308311, 18.56911920930852, 
objectives:
-73.06765915491015, -32.67554445237765, 2956.3501626219936, 

parameters:
3.320540578112637, -80.801316880518, 0, 
objectives:
-69.7753271496254, -79.05748946207595, 6540.878799356776, 

parameters:
-0.2757809651606986, -97.35034002806903, 0, 
objectives:
-97.27428488732406, -92.17116102668126, 9478.164758721405, 

parameters:
0.38785737087002753, -68.0094120730988, 3.957887050077608, 
objectives:
-71.8168657830382, -61.45252116636309, 4622.472676818617, 

parameters:
-0.2325542960957553, -23.954411867039337, 7.74757704334176, 
objectives:
-31.647907409748505, -11.222536138681964, 567.1203523530459, 

parameters:
1.2019488184166625, -59.373582285299385, 3.251908699154118, 
objectives:
-61.18081002236029, -55.484787897718704, 3524.4150456521556, 

parameters:
3.884924470559728, -28.119348290103915, 19.052383595266647, 
objectives:
-32.07909374341678, -5.514024435122398, 787.7380028068571, 

parameters:
3.445108951036048, -48.94161979563014, 5.113584892648104, 
objectives:
-42.18642900376955, -41.739695022617525, 2403.0373390118766, 

parameters:
3.5327734614359425, -93.85567942729158, 17.905259000460145, 
objectives:
-99.28045009792564, -73.6010259427491, 8804.46379008789, 

parameters:
-0.6263744774903628, -43.614921064445134, 13.085610745001864, 
objectives:
-56.30818682339567, -23.631467423430493, 1890.5680736988295, 

parameters:
2.6003437206344824, -48.9110262608252, 20, 
objectives:
-62.14923879538202, -28.550613677919948, 2380.050277352576, 

parameters:
-2.121783587188302, -82.56866127938743, 0, 
objectives:
-78.06669568852577, -65.57956133977257, 6823.085791061075, 

parameters:
2.1159093517894823, -4.039434833068867, 12.566871434054047, 
objectives:
-12.129233882132727, 8.540871578817438, 9.227234721546246, 

parameters:
-0.8480305610752557, -84.86058309338556, 7.607067802070208, 
objectives:
-91.74849506293815, -69.14223721449672, 7195.430650979842, 

parameters:
4.013211604878187, -18.85355623178864, 8.545372324644735, 
objectives:
-11.293061170904423, -6.255162941127702, 364.0170776461005, 

parameters:
1.4342643717003907, -48.32662880760974, 10.522385506512585, 
objectives:
-56.791900026193204, -37.484186499969596, 2327.997780689912, 

parameters:
1.4040633432254017, -6.201641928628778, 18.13107165984149, 
objectives:
-22.361319716680974, 12.284570230100396, 23.300684822874267, 

parameters:
2.0419623997392358, -91.35579031126566, 7.226364217855358, 
objectives:
-94.41254408717221, -84.12766525041843, 8343.823669620035, 

parameters:
-0.7757922704157018, -87.2867989910315, 0, 
objectives:
-86.68494534419476, -79.58177626253195, 7620.587131747575, 

parameters:
1.2368760126832492, -41.523614225331144, 2.8841830577795133, 
objectives:
-42.877935012359444, -38.05707294753341, 1723.8562175470947, 

parameters:
2.612793139442626, -96.4151192374485, 12.895409368391473, 
objectives:
-102.48384061632152, -83.14419443730908, 9290.806496192537, 

parameters:
2.2146706561535536, -87.24882629930734, 0, 
objectives:
-82.34406018407972, -87.20274280869394, 7618.262456721931, 

parameters:
0.7792334556495168, -95.75561689093162, 4.93404213099246, 
objectives:
-100.0824542435206, -89.33130380413374, 9165.811328810281, 

parameters:
0.8056514566318806, -41.87343819693737, 19.557982498293047, 
objectives:
-60.78234642565735, -20.888987255598774, 1735.4759182040136, 

parameters:
2.0291790317824203, -85.43317222730586, 19.05078766496132, 
objectives:
-100.36639234924174, -66.38153314644879, 7284.893696698569, 

parameters:
4.085892083293942, -86.45007204747435, 1.624916636324956, 
objectives:
-71.38047456747519, -80.47420962800105, 7489.684554493505, 

parameters:
4.522835580188348, -85.9345795993195, 10.407709381269239, 
objectives:
-75.88624729517109, -69.16217085338599, 7395.800303215929, 

