Generation 1563 at Fri May 24 19:48:15 2019
parameters:
0.05101637681523949, -100, 19.95971668145522, 
objectives:
-119.95711401075187, -76.24174615510238, 9981.042885989249, 

parameters:
1.1465788582290348, -2.399891354543257, 6.7502511406057994, 
objectives:
-7.83549941701126, 5.0786874312842, 1.323870451143467, 

parameters:
-0.09310337269809921, -0.38187417318528993, 20, 
objectives:
-20.37320593517753, 23.999207555614866, -18.84550387784629, 

parameters:
1.9973066371654076, -100, 0, 
objectives:
-96.01076619713501, -99.99999274579665, 10004.989233802866, 

parameters:
-3.1997789585778253, -53.065257653611944, 20.0, 
objectives:
-62.826672269854555, -6.02755643554325, 2807.160155227978, 

parameters:
1.8222581156948945, -64.26852486286273, 20, 
objectives:
-80.94790022264682, -44.23693268542641, 4114.7639126886215, 

parameters:
-0.2757809651606986, -97.35034002806903, 0, 
objectives:
-97.27428488732406, -92.17116102668126, 9478.164758721405, 

parameters:
3.5327734614359425, -93.85567942729158, 17.905259000460145, 
objectives:
-99.28045009792564, -73.6010259427491, 8804.46379008789, 

parameters:
1.2019488184166625, -59.373582285299385, 3.251908699154118, 
objectives:
-61.18081002236029, -55.484787897718704, 3524.4150456521556, 

parameters:
2.6003437206344824, -48.9110262608252, 20, 
objectives:
-62.14923879538202, -28.550613677919948, 2380.050277352576, 

parameters:
2.0419623997392358, -91.35579031126566, 7.226364217855358, 
objectives:
-94.41254408717221, -84.12766525041843, 8343.823669620035, 

parameters:
0.5212362281698157, -96.35111661022532, 14.896885584231907, 
objectives:
-110.97631498890053, -79.26748873311598, 9269.912473658562, 

parameters:
2.063477087519645, -38.42470468035518, 14.525531286204936, 
objectives:
-48.69229827584156, -23.895144053510265, 1467.1903361770226, 

parameters:
-0.3098507336621066, -90.86596048127369, 15.606449304714587, 
objectives:
-106.37640230883733, -69.92410076475973, 8242.112332356828, 

parameters:
2.7740577254115673, -43.64660541932025, 3.4160172450803525, 
objectives:
-39.36722640048501, -39.631422811970566, 1910.3055436486713, 

parameters:
-0.7757922704157018, -87.2867989910315, 0, 
objectives:
-86.68494534419476, -79.58177626253195, 7620.587131747575, 

parameters:
-1.730707351812807, -70.62619188232811, 6.170328085169559, 
objectives:
-73.80117202987877, -50.537686452288426, 4985.883999651879, 

parameters:
-0.6263744774903628, -43.614921064445134, 13.085610745001864, 
objectives:
-56.30818682339567, -23.631467423430493, 1890.5680736988295, 

parameters:
0.38785737087002753, -68.0094120730988, 3.957887050077608, 
objectives:
-71.8168657830382, -61.45252116636309, 4622.472676818617, 

parameters:
-2.121783587188302, -82.56866127938743, 0, 
objectives:
-78.06669568852577, -65.57956133977257, 6823.085791061075, 

parameters:
-0.2582098484118127, -33.859895186935205, 11.965261629802345, 
objectives:
-45.758484490920694, -16.795121837668756, 1135.5939127662523, 

parameters:
0.7771968486668486, -28.719081876588525, 8.769688382280993, 
objectives:
-36.88473531729184, -18.454145947397247, 817.6200103934922, 

parameters:
3.389434428243969, -77.65268505683864, 20, 
objectives:
-86.16441931347312, -55.722157026449, 6022.427762279935, 

parameters:
0.04109665237832605, -7.727138035474287, 20, 
objectives:
-27.725449100637583, 16.110164289849113, 40.71035115411013, 

parameters:
1.110679503670192, -71.3044326653307, 0, 
objectives:
-70.07082370545763, -70.51354172013839, 5086.555726684552, 

parameters:
-0.2325542960957553, -23.954411867039337, 7.74757704334176, 
objectives:
-31.647907409748505, -11.222536138681964, 567.1203523530459, 

parameters:
-2.221066600203245, -46.95502718888073, 15.578297113547778, 
objectives:
-57.6001874598901, -13.55932683198157, 2195.129418037519, 

parameters:
1.3431030462181819, 0.6185195942729287, 18.552878712799757, 
objectives:
-16.13043332576627, 19.60291191496052, -15.366386431539649, 

parameters:
-0.8480305610752557, -84.86058309338556, 7.607067802070208, 
objectives:
-91.74849506293815, -69.14223721449672, 7195.430650979842, 

parameters:
1.4040633432254017, -6.201641928628778, 18.13107165984149, 
objectives:
-22.361319716680974, 12.284570230100396, 23.300684822874267, 

parameters:
3.320540578112637, -80.801316880518, 0, 
objectives:
-69.7753271496254, -79.05748946207595, 6540.878799356776, 

parameters:
0.458890622000075, -65.53010709833943, 7.046617621840593, 
objectives:
-72.36614411722041, -56.108471361539515, 4288.358899300954, 

parameters:
1.2427746020163073, -13.923939418474076, 20, 
objectives:
-32.37945070705729, 6.649450884877487, 176.42057764075298, 

parameters:
1.5268941269289131, -21.47695141828629, 20, 
objectives:
-39.14554574343629, -1.253122251151936, 444.59084789827955, 

parameters:
3.0508329712679756, -78.18288636936786, 7.9932482859394725, 
objectives:
-76.86855283673155, -69.08538814992451, 6114.878054578124, 

parameters:
-2.0258797204409618, -31.971791054926427, 20.0, 
objectives:
-47.867602413232476, 4.235916468531368, 1007.2996119015675, 

parameters:
1.508449711159635, -7.44708935075365, 7.55961744957139, 
objectives:
-12.731286269227454, 0.3541497852767863, 51.17494287963462, 

parameters:
-1.2874570660783795, -71.1934787829785, 20, 
objectives:
-89.53593308598336, -40.38610482166983, 5051.168966919405, 

parameters:
2.1159093517894823, -4.039434833068867, 12.566871434054047, 
objectives:
-12.129233882132727, 8.540871578817438, 9.227234721546246, 

parameters:
3.103781461569817, -79.60231428565714, 0, 
objectives:
-69.96885492447268, -78.38398077075195, 6347.16189899372, 

