Generation 1566 at Fri May 24 19:48:15 2019
parameters:
0.05101637681523949, -100, 19.95971668145522, 
objectives:
-119.95711401075187, -76.24174615510238, 9981.042885989249, 

parameters:
2.5566480181432727, -0.5485089123446478, 7.551539606173935, 
objectives:
-1.5635994298426592, 7.31288770993212, 0.2857715094234967, 

parameters:
-0.09310337269809921, -0.38187417318528993, 20, 
objectives:
-20.37320593517753, 23.999207555614866, -18.84550387784629, 

parameters:
1.9973066371654076, -100, 0, 
objectives:
-96.01076619713501, -99.99999274579665, 10004.989233802866, 

parameters:
0.5212362281698157, -96.35111661022532, 14.896885584231907, 
objectives:
-110.97631498890053, -79.26748873311598, 9269.912473658562, 

parameters:
2.0419623997392358, -91.35579031126566, 7.226364217855358, 
objectives:
-94.41254408717221, -84.12766525041843, 8343.823669620035, 

parameters:
2.063477087519645, -38.42470468035518, 14.525531286204936, 
objectives:
-48.69229827584156, -23.895144053510265, 1467.1903361770226, 

parameters:
-0.8480305610752557, -84.86058309338556, 7.607067802070208, 
objectives:
-91.74849506293815, -69.14223721449672, 7195.430650979842, 

parameters:
-0.3098507336621066, -90.86596048127369, 15.606449304714587, 
objectives:
-106.37640230883733, -69.92410076475973, 8242.112332356828, 

parameters:
3.389434428243969, -77.65268505683864, 20, 
objectives:
-86.16441931347312, -55.722157026449, 6022.427762279935, 

parameters:
3.5327734614359425, -93.85567942729158, 17.905259000460145, 
objectives:
-99.28045009792564, -73.6010259427491, 8804.46379008789, 

parameters:
-3.1997789585778253, -53.065257653611944, 20.0, 
objectives:
-62.826672269854555, -6.02755643554325, 2807.160155227978, 

parameters:
1.110679503670192, -71.3044326653307, 0, 
objectives:
-70.07082370545763, -70.51354172013839, 5086.555726684552, 

parameters:
3.65460942002424, -8.821339964838, 17.52754629635074, 
objectives:
-12.992716248258827, 11.44393866434569, 74.64466249182726, 

parameters:
0.7771968486668486, -28.719081876588525, 8.769688382280993, 
objectives:
-36.88473531729184, -18.454145947397247, 817.6200103934922, 

parameters:
1.2019488184166625, -59.373582285299385, 3.251908699154118, 
objectives:
-61.18081002236029, -55.484787897718704, 3524.4150456521556, 

parameters:
-2.121783587188302, -82.56866127938743, 0, 
objectives:
-78.06669568852577, -65.57956133977257, 6823.085791061075, 

parameters:
2.0628179738320496, -46.61667214075716, 10.98824859028835, 
objectives:
-53.349702737880946, -35.62447745263245, 2167.381090881721, 

parameters:
2.6003437206344824, -48.9110262608252, 20, 
objectives:
-62.14923879538202, -28.550613677919948, 2380.050277352576, 

parameters:
-1.7778748668532018, -80.77279126065507, 19.960443882620602, 
objectives:
-97.57239610108738, -46.54000886843337, 6508.444203196923, 

parameters:
1.3488109316089683, -75.9180307290842, 0, 
objectives:
-74.09873979985635, -75.49398352629221, 5766.3666807114, 

parameters:
2.7740577254115673, -43.64660541932025, 3.4160172450803525, 
objectives:
-39.36722640048501, -39.631422811970566, 1910.3055436486713, 

parameters:
0.8521826631591838, -67.69362273340636, 14.11796729596733, 
objectives:
-81.08537473798461, -52.25817079868668, 4570.034806768172, 

parameters:
1.3431030462181819, 0.6185195942729287, 18.552878712799757, 
objectives:
-16.13043332576627, 19.60291191496052, -15.366386431539649, 

parameters:
0.38785737087002753, -68.0094120730988, 3.957887050077608, 
objectives:
-71.8168657830382, -61.45252116636309, 4622.472676818617, 

parameters:
-0.2325542960957553, -23.954411867039337, 7.74757704334176, 
objectives:
-31.647907409748505, -11.222536138681964, 567.1203523530459, 

parameters:
1.1465788582290348, -2.399891354543257, 6.7502511406057994, 
objectives:
-7.83549941701126, 5.0786874312842, 1.323870451143467, 

parameters:
0.30297194505959, -19.679989621826117, 8.300606632203202, 
objectives:
-27.888804254536126, -8.499478770368082, 380.09317688247364, 

parameters:
-0.4291997723428431, -18.665794062491962, 12.981307211413581, 
objectives:
-31.462888829326396, 0.216524682872139, 336.61477321652575, 

parameters:
0.9172261523092899, -39.763760075519045, 17.237679244095116, 
objectives:
-56.16013550513405, -21.353681626180983, 1565.7602399138275, 

parameters:
-2.1404652579378185, -62.98206197114118, 6.2603965919098, 
objectives:
-64.66086704261217, -39.57821282704129, 3966.061325065197, 

parameters:
1.8222581156948945, -64.26852486286273, 20, 
objectives:
-80.94790022264682, -44.23693268542641, 4114.7639126886215, 

parameters:
3.4005833337765417, -43.14604656230444, 4.472484073091193, 
objectives:
-36.054563625436856, -36.71192881436063, 1869.6728168934105, 

