Generation 1570 at Fri May 24 19:48:15 2019
parameters:
5.467259804131438, -18.279192959562224, 5.5392064162074295, 
objectives:
6.072530390101678, -0.7180959940092144, 359.48061860257303, 

parameters:
0.05101637681523949, -100, 19.95971668145522, 
objectives:
-119.95711401075187, -76.24174615510238, 9981.042885989249, 

parameters:
-0.09310337269809921, -0.38187417318528993, 20, 
objectives:
-20.37320593517753, 23.999207555614866, -18.84550387784629, 

parameters:
1.9973066371654076, -100, 0, 
objectives:
-96.01076619713501, -99.99999274579665, 10004.989233802866, 

parameters:
0.30297194505959, -19.679989621826117, 8.300606632203202, 
objectives:
-27.888804254536126, -8.499478770368082, 380.09317688247364, 

parameters:
0.5212362281698157, -96.35111661022532, 14.896885584231907, 
objectives:
-110.97631498890053, -79.26748873311598, 9269.912473658562, 

parameters:
2.0419623997392358, -91.35579031126566, 7.226364217855358, 
objectives:
-94.41254408717221, -84.12766525041843, 8343.823669620035, 

parameters:
-2.121783587188302, -82.56866127938743, 0, 
objectives:
-78.06669568852577, -65.57956133977257, 6823.085791061075, 

parameters:
2.7740577254115673, -43.64660541932025, 3.4160172450803525, 
objectives:
-39.36722640048501, -39.631422811970566, 1910.3055436486713, 

parameters:
1.110679503670192, -71.3044326653307, 0, 
objectives:
-70.07082370545763, -70.51354172013839, 5086.555726684552, 

parameters:
3.389434428243969, -77.65268505683864, 20, 
objectives:
-86.16441931347312, -55.722157026449, 6022.427762279935, 

parameters:
-0.9208707453648739, -62.34963031345882, 3.458957770066214, 
objectives:
-64.96058515385617, -50.35918663226425, 3885.865445384585, 

parameters:
3.65460942002424, -8.821339964838, 17.52754629635074, 
objectives:
-12.992716248258827, 11.44393866434569, 74.64466249182726, 

parameters:
0.8521826631591838, -67.69362273340636, 14.11796729596733, 
objectives:
-81.08537473798461, -52.25817079868668, 4570.034806768172, 

parameters:
3.5327734614359425, -93.85567942729158, 17.905259000460145, 
objectives:
-99.28045009792564, -73.6010259427491, 8804.46379008789, 

parameters:
0.7771968486668486, -28.719081876588525, 8.769688382280993, 
objectives:
-36.88473531729184, -18.454145947397247, 817.6200103934922, 

parameters:
2.6003437206344824, -48.9110262608252, 20, 
objectives:
-62.14923879538202, -28.550613677919948, 2380.050277352576, 

parameters:
-0.8480305610752557, -84.86058309338556, 7.607067802070208, 
objectives:
-91.74849506293815, -69.14223721449672, 7195.430650979842, 

parameters:
1.3488109316089683, -75.9180307290842, 0, 
objectives:
-74.09873979985635, -75.49398352629221, 5766.3666807114, 

parameters:
1.1854368161038071, -2.0867464475351767, 5.927338307967945, 
objectives:
-6.6088243105287905, 4.504105040991871, 0.8324328733070665, 

parameters:
2.5566480181432727, -0.5485089123446478, 7.551539606173935, 
objectives:
-1.5635994298426592, 7.31288770993212, 0.2857715094234967, 

parameters:
4.010947485230909, -88.87681066661756, 15.62344134576314, 
objectives:
-88.41255228310055, -69.2094595324979, 7900.551732653301, 

parameters:
2.0628179738320496, -46.61667214075716, 10.98824859028835, 
objectives:
-53.349702737880946, -35.62447745263245, 2167.381090881721, 

parameters:
1.4711200427323956, -54.45311299821927, 9.048624941276271, 
objectives:
-61.337543759366575, -45.124774047743614, 2959.257084435689, 

parameters:
-1.7778748668532018, -80.77279126065507, 19.960443882620602, 
objectives:
-97.57239610108738, -46.54000886843337, 6508.444203196923, 

parameters:
1.5820052993708797, -34.57003313243453, 17.58407057909425, 
objectives:
-49.651362944291236, -16.811242983586258, 1181.0058609657647, 

parameters:
-0.3098507336621066, -90.86596048127369, 15.606449304714587, 
objectives:
-106.37640230883733, -69.92410076475973, 8242.112332356828, 

parameters:
2.063477087519645, -38.42470468035518, 14.525531286204936, 
objectives:
-48.69229827584156, -23.895144053510265, 1467.1903361770226, 

parameters:
1.3431030462181819, 0.6185195942729287, 18.552878712799757, 
objectives:
-16.13043332576627, 19.60291191496052, -15.366386431539649, 

parameters:
1.2019488184166625, -59.373582285299385, 3.251908699154118, 
objectives:
-61.18081002236029, -55.484787897718704, 3524.4150456521556, 

parameters:
0.9172261523092899, -39.763760075519045, 17.237679244095116, 
objectives:
-56.16013550513405, -21.353681626180983, 1565.7602399138275, 

parameters:
2.959879519140798, -46.63425883966124, 20, 
objectives:
-57.87337207183208, -25.712890148395275, 2164.514984292352, 

parameters:
2.1998776690231687, -56.94149836092611, 4.650591751472311, 
objectives:
-56.752628353731616, -52.250955526879665, 3243.5231055945455, 

parameters:
1.2413743800027288, -36.58494796996285, 15.746927761598574, 
objectives:
-50.790865380234266, -20.262507377048028, 1325.2525005546174, 

parameters:
1.0610540618822475, -1.02333078724185, 20, 
objectives:
-19.897495065005035, 19.858288687465976, -16.826958377646157, 

