Generation 1574 at Fri May 24 19:48:15 2019
parameters:
2.5566480181432727, -0.5485089123446478, 7.551539606173935, 
objectives:
-1.5635994298426592, 7.31288770993212, 0.2857715094234967, 

parameters:
0.05101637681523949, -100, 19.95971668145522, 
objectives:
-119.95711401075187, -76.24174615510238, 9981.042885989249, 

parameters:
-0.09310337269809921, -0.38187417318528993, 20, 
objectives:
-20.37320593517753, 23.999207555614866, -18.84550387784629, 

parameters:
1.9973066371654076, -100, 0, 
objectives:
-96.01076619713501, -99.99999274579665, 10004.989233802866, 

parameters:
0.7771968486668486, -28.719081876588525, 8.769688382280993, 
objectives:
-36.88473531729184, -18.454145947397247, 817.6200103934922, 

parameters:
4.298981854388284, -15.061676580460405, 7.052316454238961, 
objectives:
-3.6327480503396368, -2.7240425594148503, 239.28302994451022, 

parameters:
1.7944032676577906, -86.83128898242393, 0, 
objectives:
-83.61140589544297, -86.78901896607414, 7543.892629436196, 

parameters:
1.4338399436906955, -97.37946877664645, 14.771032015693223, 
objectives:
-110.09460380821673, -82.28789955159307, 9471.04580419029, 

parameters:
-2.121783587188302, -82.56866127938743, 0, 
objectives:
-78.06669568852577, -65.57956133977257, 6823.085791061075, 

parameters:
3.5327734614359425, -93.85567942729158, 17.905259000460145, 
objectives:
-99.28045009792564, -73.6010259427491, 8804.46379008789, 

parameters:
2.1163623164130576, -51.57732159390031, 13.273674896817631, 
objectives:
-60.372007036384694, -38.290106508401664, 2652.4254173581307, 

parameters:
0.5212362281698157, -96.35111661022532, 14.896885584231907, 
objectives:
-110.97631498890053, -79.26748873311598, 9269.912473658562, 

parameters:
1.7576046344370462, -38.81549895002699, 7.034044719361655, 
objectives:
-42.76036961839406, -31.72269871741894, 1503.6980880711794, 

parameters:
-0.4706238936535221, -3.4183392716029246, 11.25948190268807, 
objectives:
-14.456334325013392, 13.945125054976835, 1.6470483223723456, 

parameters:
2.343229786556644, -93.62068220181098, 0.39351280935254296, 
objectives:
-88.52346917855722, -93.10936270607871, 8770.92934895574, 

parameters:
3.65460942002424, -8.821339964838, 17.52754629635074, 
objectives:
-12.992716248258827, 11.44393866434569, 74.64466249182726, 

parameters:
0.8521826631591838, -67.69362273340636, 14.11796729596733, 
objectives:
-81.08537473798461, -52.25817079868668, 4570.034806768172, 

parameters:
2.0628179738320496, -46.61667214075716, 10.98824859028835, 
objectives:
-53.349702737880946, -35.62447745263245, 2167.381090881721, 

parameters:
0.30297194505959, -19.679989621826117, 8.300606632203202, 
objectives:
-27.888804254536126, -8.499478770368082, 380.09317688247364, 

parameters:
1.727972264212006, -21.065430535867982, 14.781147418450116, 
objectives:
-32.860689808432134, -6.210284028379922, 432.957104388915, 

parameters:
1.5601797167526084, -56.59772578647741, 13.368732756642927, 
objectives:
-67.5322977945541, -43.03555114827867, 3193.3679921932135, 

parameters:
-0.9208707453648739, -62.34963031345882, 3.458957770066214, 
objectives:
-64.96058515385617, -50.35918663226425, 3885.865445384585, 

parameters:
-0.6512678448208438, -43.07266113425582, 7.9236867389900265, 
objectives:
-50.57219806754826, -28.119753210284827, 1848.7546002531392, 

parameters:
1.3488109316089683, -75.9180307290842, 0, 
objectives:
-74.09873979985635, -75.49398352629221, 5766.3666807114, 

parameters:
1.110679503670192, -71.3044326653307, 0, 
objectives:
-70.07082370545763, -70.51354172013839, 5086.555726684552, 

parameters:
4.474771911266064, -70.71463191288221, 0, 
objectives:
-50.69104825502647, -64.59013590009073, 5021.582750232275, 

parameters:
4.010947485230909, -88.87681066661756, 15.62344134576314, 
objectives:
-88.41255228310055, -69.2094595324979, 7900.551732653301, 

parameters:
2.0419623997392358, -91.35579031126566, 7.226364217855358, 
objectives:
-94.41254408717221, -84.12766525041843, 8343.823669620035, 

parameters:
1.5820052993708797, -34.57003313243453, 17.58407057909425, 
objectives:
-49.651362944291236, -16.811242983586258, 1181.0058609657647, 

parameters:
1.6017497528228901, -96.44075591013686, 0.2743661040657003, 
objectives:
-94.14951974353437, -96.00778654669452, 9304.1106366852, 

parameters:
4.326279269586051, -37.19395141606415, 3.1558001918370073, 
objectives:
-21.633059289451143, -28.626575984121335, 1399.9509140671535, 

parameters:
-0.6793274309402755, -78.90176548903207, 15.94662546207616, 
objectives:
-94.38690519268032, -55.7763445447669, 6211.003457582565, 

parameters:
1.3933948014421869, -57.7717418972659, 17.388417114063156, 
objectives:
-73.21860993864294, -40.015354916285375, 3323.127293802931, 

parameters:
-0.5998102280360851, -39.84191974043723, 20, 
objectives:
-59.48214743078053, -13.082906518636186, 1568.7383409130982, 

parameters:
3.389434428243969, -77.65268505683864, 20, 
objectives:
-86.16441931347312, -55.722157026449, 6022.427762279935, 

parameters:
-1.7778748668532018, -80.77279126065507, 19.960443882620602, 
objectives:
-97.57239610108738, -46.54000886843337, 6508.444203196923, 

parameters:
-0.8109789048741074, -65.24876366123516, 9.36134521184662, 
objectives:
-73.95242208893097, -47.9858160457413, 4249.697500892025, 

parameters:
-0.5858374627794635, -62.442665243467886, 10.12708572370518, 
objectives:
-72.22654543437719, -45.62902413584897, 3890.302562516883, 

parameters:
1.2619762840261097, -33.66870345009444, 19.593974258324042, 
objectives:
-51.67009356697413, -13.53005018643049, 1116.5802018935215, 

parameters:
-1.741748651550175, -39.698575782916606, 18.381640319879807, 
objectives:
-55.04652773761956, -7.316252491659245, 1561.62896723727, 

