Generation 1579 at Fri May 24 19:48:15 2019
parameters:
2.5566480181432727, -0.5485089123446478, 7.551539606173935, 
objectives:
-1.5635994298426592, 7.31288770993212, 0.2857715094234967, 

parameters:
0.05101637681523949, -100, 19.95971668145522, 
objectives:
-119.95711401075187, -76.24174615510238, 9981.042885989249, 

parameters:
-0.09310337269809921, -0.38187417318528993, 20, 
objectives:
-20.37320593517753, 23.999207555614866, -18.84550387784629, 

parameters:
1.9973066371654076, -100, 0, 
objectives:
-96.01076619713501, -99.99999274579665, 10004.989233802866, 

parameters:
1.727972264212006, -21.065430535867982, 14.781147418450116, 
objectives:
-32.860689808432134, -6.210284028379922, 432.957104388915, 

parameters:
2.343229786556644, -93.62068220181098, 0.39351280935254296, 
objectives:
-88.52346917855722, -93.10936270607871, 8770.92934895574, 

parameters:
0.8521826631591838, -67.69362273340636, 14.11796729596733, 
objectives:
-81.08537473798461, -52.25817079868668, 4570.034806768172, 

parameters:
-1.1598232417584369, -72.34055556876298, 2.544466266826088, 
objectives:
-73.53983188346602, -59.8116063827801, 5232.956703682582, 

parameters:
-0.5076545209403689, -84.75322129588744, 0.05889750441199278, 
objectives:
-84.55440568766824, -78.40599259508278, 7184.307335637887, 

parameters:
-0.9208707453648739, -62.34963031345882, 3.458957770066214, 
objectives:
-64.96058515385617, -50.35918663226425, 3885.865445384585, 

parameters:
0.7771968486668486, -28.719081876588525, 8.769688382280993, 
objectives:
-36.88473531729184, -18.454145947397247, 817.6200103934922, 

parameters:
1.8258786902576964, -77.33008986746809, 2.6257321424153868, 
objectives:
-76.62198901834631, -74.67403949454632, 5981.650899759812, 

parameters:
2.5166518660176442, -99.0656300770177, 11.146306340815368, 
objectives:
-103.87839980310298, -87.65239458554282, 9810.186292830427, 

parameters:
-0.6512678448208438, -43.07266113425582, 7.9236867389900265, 
objectives:
-50.57219806754826, -28.119753210284827, 1848.7546002531392, 

parameters:
0.7890115387482824, -4.48243713302607, 20, 
objectives:
-23.85989792474814, 16.984055920258733, 1.7147818598089053, 

parameters:
1.5601797167526084, -56.59772578647741, 13.368732756642927, 
objectives:
-67.5322977945541, -43.03555114827867, 3193.3679921932135, 

parameters:
0.18669454099127014, -31.61513511808502, 16.594065728328886, 
objectives:
-48.174345994777966, -11.732992702085276, 983.9575576580798, 

parameters:
-2.380819546456182, -54.339255259826615, 13.88632151364516, 
objectives:
-62.55727506068395, -21.261353847568902, 2945.536642391737, 

parameters:
1.7576046344370462, -38.81549895002699, 7.034044719361655, 
objectives:
-42.76036961839406, -31.72269871741894, 1503.6980880711794, 

parameters:
2.1163623164130576, -51.57732159390031, 13.273674896817631, 
objectives:
-60.372007036384694, -38.290106508401664, 2652.4254173581307, 

parameters:
0.5212362281698157, -96.35111661022532, 14.896885584231907, 
objectives:
-110.97631498890053, -79.26748873311598, 9269.912473658562, 

parameters:
0.3475016250098284, -81.74236853300366, 17.20180084490854, 
objectives:
-98.82341199852772, -61.809816808749964, 6665.733769919862, 

parameters:
-0.8767856572252938, -36.74688273097253, 17.449584576192052, 
objectives:
-53.42771421844859, -11.021402437163314, 1334.652558956371, 

parameters:
3.5327734614359425, -93.85567942729158, 17.905259000460145, 
objectives:
-99.28045009792564, -73.6010259427491, 8804.46379008789, 

parameters:
2.359869312019241, -82.37731743243297, 15.170731328845312, 
objectives:
-91.97906559146811, -67.07708018185447, 6777.420679204791, 

parameters:
0.11661910991144753, -57.010576224537814, 19.61683895272913, 
objectives:
-76.61381516047041, -33.84661369465793, 3231.602562517903, 

parameters:
0.19958211197152176, -5.513415130840146, 11.484942083859115, 
objectives:
-16.958524195280248, 9.213031524551894, 19.95263734053696, 

parameters:
1.0948274072816218, -12.488994968670028, 0.32283637765124085, 
objectives:
-11.61318429458627, -11.346821168410276, 157.85080600154905, 

parameters:
1.4260084380312912, -46.64745380690244, 14.89133832728724, 
objectives:
-59.50529206885324, -31.426649166403923, 2164.1271084051464, 

parameters:
3.5357434770142313, -83.94667564619988, 0.09586760416578212, 
objectives:
-71.54106131511696, -81.49230001484234, 7060.449966379371, 

parameters:
1.4338399436906955, -97.37946877664645, 14.771032015693223, 
objectives:
-110.09460380821673, -82.28789955159307, 9471.04580419029, 

parameters:
1.6017497528228901, -96.44075591013686, 0.2743661040657003, 
objectives:
-94.14951974353437, -96.00778654669452, 9304.1106366852, 

parameters:
2.0628179738320496, -46.61667214075716, 10.98824859028835, 
objectives:
-53.349702737880946, -35.62447745263245, 2167.381090881721, 

parameters:
0.8381788185440773, 0.7605933656335013, 17.192489350845207, 
objectives:
-15.72935225335576, 19.302911174158346, -14.911443351143564, 

parameters:
2.55741878269007, -2.8119857592530364, 10.682122946596788, 
objectives:
-6.953717875793866, 8.180852886639432, 4.7655317937010455, 

parameters:
3.290996609431487, -97.5242002255897, 10.32003190096881, 
objectives:
-97.01357344326897, -85.53749607905729, 9512.48025642323, 

parameters:
1.8013887111073192, -81.74428198503465, 12.127407789667107, 
objectives:
-90.62668848619685, -69.57742775129194, 6674.245230747698, 

