Generation 1583 at Fri May 24 19:48:15 2019
parameters:
0.05101637681523949, -100, 19.95971668145522, 
objectives:
-119.95711401075187, -76.24174615510238, 9981.042885989249, 

parameters:
1.936231443049172, 5.759532436176173, 0.580213886679941, 
objectives:
8.92831075054851, 6.343812751711704, 37.340992197737776, 

parameters:
-0.09310337269809921, -0.38187417318528993, 20, 
objectives:
-20.37320593517753, 23.999207555614866, -18.84550387784629, 

parameters:
1.9973066371654076, -100, 0, 
objectives:
-96.01076619713501, -99.99999274579665, 10004.989233802866, 

parameters:
0.5212362281698157, -96.35111661022532, 14.896885584231907, 
objectives:
-110.97631498890053, -79.26748873311598, 9269.912473658562, 

parameters:
2.1163623164130576, -51.57732159390031, 13.273674896817631, 
objectives:
-60.372007036384694, -38.290106508401664, 2652.4254173581307, 

parameters:
-0.8767856572252938, -36.74688273097253, 17.449584576192052, 
objectives:
-53.42771421844859, -11.021402437163314, 1334.652558956371, 

parameters:
-0.6512678448208438, -43.07266113425582, 7.9236867389900265, 
objectives:
-50.57219806754826, -28.119753210284827, 1848.7546002531392, 

parameters:
0.11661910991144753, -57.010576224537814, 19.61683895272913, 
objectives:
-76.61381516047041, -33.84661369465793, 3231.602562517903, 

parameters:
3.086988881684964, -11.72267635109717, 5.556508477573569, 
objectives:
-7.749684473024155, -4.984623044616873, 142.3941327106459, 

parameters:
-2.380819546456182, -54.339255259826615, 13.88632151364516, 
objectives:
-62.55727506068395, -21.261353847568902, 2945.536642391737, 

parameters:
0.5968871817514341, -37.88018938746359, 8.196573542082527, 
objectives:
-45.72048862180694, -27.71489026464763, 1428.0684487957658, 

parameters:
-1.868185998673633, -92.70849289207807, 7.937297693871449, 
objectives:
-97.15567166030931, -69.8083322778719, 8591.417475552258, 

parameters:
-1.1994393072568967, -62.14080042521617, 7.822551822465859, 
objectives:
-68.52469759588912, -44.08183672192982, 3856.095180315873, 

parameters:
2.122666513149749, -86.798942275273, 20, 
objectives:
-102.2932291492257, -66.78389520182469, 7519.562093232223, 

parameters:
3.5357434770142313, -83.94667564619988, 0.09586760416578212, 
objectives:
-71.54106131511696, -81.49230001484234, 7060.449966379371, 

parameters:
-3.0173504548891668, -26.4697752926526, 18.08336206321033, 
objectives:
-35.448733588243066, 16.78739235773426, 692.6700457479316, 

parameters:
2.5166518660176442, -99.0656300770177, 11.146306340815368, 
objectives:
-103.87839980310298, -87.65239458554282, 9810.186292830427, 

parameters:
3.0985507182951655, -71.08987467988251, 20, 
objectives:
-81.48885812603503, -49.88306099921569, 5044.371298555248, 

parameters:
1.5715809126237206, -73.44388828977397, 15.90139184610362, 
objectives:
-86.87541357095438, -57.358953529242015, 5381.5732018396175, 

parameters:
-1.2164812274912449, -85.42082408436147, 20, 
objectives:
-103.94099750752287, -55.07507259755789, 7279.197013828267, 

parameters:
2.343229786556644, -93.62068220181098, 0.39351280935254296, 
objectives:
-88.52346917855722, -93.10936270607871, 8770.92934895574, 

parameters:
2.5566480181432727, -0.5485089123446478, 7.551539606173935, 
objectives:
-1.5635994298426592, 7.31288770993212, 0.2857715094234967, 

parameters:
0.3475016250098284, -81.74236853300366, 17.20180084490854, 
objectives:
-98.82341199852772, -61.809816808749964, 6665.733769919862, 

parameters:
1.727972264212006, -21.065430535867982, 14.781147418450116, 
objectives:
-32.860689808432134, -6.210284028379922, 432.957104388915, 

parameters:
4.20368195381717, -75.07953040791621, 6.038682867421435, 
objectives:
-63.447271306489505, -64.18463338691532, 5649.568145374641, 

parameters:
0.9350271186299413, -30.112490270855645, 18.661814895035292, 
objectives:
-47.90002945331753, -10.316508137766707, 889.974531129914, 

parameters:
0.6141361354452031, -16.626435478520882, 17.29675277299442, 
objectives:
-33.54602505865573, 2.5909359455522942, 260.51876714128304, 

parameters:
-1.0534041241152656, -8.269971300932365, 18.161660752464957, 
objectives:
-25.32197180469427, 19.214966196696704, 52.34042481448306, 

parameters:
1.8258786902576964, -77.33008986746809, 2.6257321424153868, 
objectives:
-76.62198901834631, -74.67403949454632, 5981.650899759812, 

parameters:
0.19958211197152176, -5.513415130840146, 11.484942083859115, 
objectives:
-16.958524195280248, 9.213031524551894, 19.95263734053696, 

parameters:
2.359869312019241, -82.37731743243297, 15.170731328845312, 
objectives:
-91.97906559146811, -67.07708018185447, 6777.420679204791, 

parameters:
3.5327734614359425, -93.85567942729158, 17.905259000460145, 
objectives:
-99.28045009792564, -73.6010259427491, 8804.46379008789, 

parameters:
4.124613659195388, -63.90256554733084, 14.999966545258369, 
objectives:
-61.890094254968034, -44.38861580123285, 4086.550354823277, 

parameters:
-1.050675136282588, -67.48611424386874, 11.471194624258162, 
objectives:
-77.85339062612447, -46.708300832477796, 4545.008339354248, 

parameters:
0.5849550130946581, -7.748757838325932, 16.450658418448842, 
objectives:
-23.8572438894302, 10.70425289508885, 44.9347619859133, 

parameters:
-0.8778636309751064, -68.84304391807414, 12.220716645711253, 
objectives:
-80.2931160091966, -48.34022819387367, 4728.914623814763, 

parameters:
1.9559701642524556, -100, 0, 
objectives:
-96.17418071655422, -99.99806137356404, 10004.825819283446, 

parameters:
0.889115379875867, -5.982313117389097, 19.16394155984315, 
objectives:
-24.355728518500438, 14.415693081682392, 18.414654833374318, 

parameters:
3.006090868172774, -68.44118133941771, 20, 
objectives:
-79.40459903170597, -47.42896250439706, 4674.23188544277, 

