Generation 1587 at Fri May 24 19:48:15 2019
parameters:
0.05101637681523949, -100, 19.95971668145522, 
objectives:
-119.95711401075187, -76.24174615510238, 9981.042885989249, 

parameters:
2.5566480181432727, -0.5485089123446478, 7.551539606173935, 
objectives:
-1.5635994298426592, 7.31288770993212, 0.2857715094234967, 

parameters:
-1.0964638117241132, -1.9104143274827692, 20, 
objectives:
-20.708181437062198, 27.677673809834253, -14.148084206927987, 

parameters:
-0.09310337269809921, -0.38187417318528993, 20, 
objectives:
-20.37320593517753, 23.999207555614866, -18.84550387784629, 

parameters:
1.9973066371654076, -100, 0, 
objectives:
-96.01076619713501, -99.99999274579665, 10004.989233802866, 

parameters:
2.57701069282507, -70.04025788207271, 19.679445109750773, 
objectives:
-83.07871888088874, -50.02787143268746, 4893.599263188431, 

parameters:
3.5357434770142313, -83.94667564619988, 0.09586760416578212, 
objectives:
-71.54106131511696, -81.49230001484234, 7060.449966379371, 

parameters:
4.20368195381717, -75.07953040791621, 6.038682867421435, 
objectives:
-63.447271306489505, -64.18463338691532, 5649.568145374641, 

parameters:
2.6131677635383728, -34.13158678201283, 15.118271237116737, 
objectives:
-42.421212258733426, -18.637340838653444, 1157.6755907813524, 

parameters:
0.5212362281698157, -96.35111661022532, 14.896885584231907, 
objectives:
-110.97631498890053, -79.26748873311598, 9269.912473658562, 

parameters:
0.3475016250098284, -81.74236853300366, 17.20180084490854, 
objectives:
-98.82341199852772, -61.809816808749964, 6665.733769919862, 

parameters:
0.0872864349640512, -90.26766449235721, 18.798495973132876, 
objectives:
-109.05854154376135, -67.81069533735182, 8130.460375853363, 

parameters:
2.3904935169426613, -97.30410101538672, 2.5020974696476705, 
objectives:
-94.0917392304895, -94.64951835896481, 9472.30043619748, 

parameters:
0.3404432774974602, -1.9707799053041768, 12.54394540376256, 
objectives:
-14.398823683873523, 13.327294013661756, -7.544070343418607, 

parameters:
1.4950617191789919, -52.318495401615564, 6.977823324826269, 
objectives:
-57.06110918228739, -45.08570940935082, 2733.482347308197, 

parameters:
1.4663167802486978, -62.25724353490362, 1.1372242039752098, 
objectives:
-61.244382838839925, -60.835201551884296, 3877.977233260363, 

parameters:
0.5968871817514341, -37.88018938746359, 8.196573542082527, 
objectives:
-45.72048862180694, -27.71489026464763, 1428.0684487957658, 

parameters:
-1.0534041241152656, -8.269971300932365, 18.161660752464957, 
objectives:
-25.32197180469427, 19.214966196696704, 52.34042481448306, 

parameters:
1.5715809126237206, -73.44388828977397, 15.90139184610362, 
objectives:
-86.87541357095438, -57.358953529242015, 5381.5732018396175, 

parameters:
2.1163623164130576, -51.57732159390031, 13.273674896817631, 
objectives:
-60.372007036384694, -38.290106508401664, 2652.4254173581307, 

parameters:
-0.6512678448208438, -43.07266113425582, 7.9236867389900265, 
objectives:
-50.57219806754826, -28.119753210284827, 1848.7546002531392, 

parameters:
-1.2164812274912449, -85.42082408436147, 20, 
objectives:
-103.94099750752287, -55.07507259755789, 7279.197013828267, 

parameters:
-1.868185998673633, -92.70849289207807, 7.937297693871449, 
objectives:
-97.15567166030931, -69.8083322778719, 8591.417475552258, 

parameters:
-0.8767856572252938, -36.74688273097253, 17.449584576192052, 
objectives:
-53.42771421844859, -11.021402437163314, 1334.652558956371, 

parameters:
3.086988881684964, -11.72267635109717, 5.556508477573569, 
objectives:
-7.749684473024155, -4.984623044616873, 142.3941327106459, 

parameters:
2.122666513149749, -86.798942275273, 20, 
objectives:
-102.2932291492257, -66.78389520182469, 7519.562093232223, 

parameters:
-1.8403264822952827, -26.578620716262908, 17.22293043907181, 
objectives:
-40.41474959389738, 5.392417213427365, 693.5869503013254, 

parameters:
0.11661910991144753, -57.010576224537814, 19.61683895272913, 
objectives:
-76.61381516047041, -33.84661369465793, 3231.602562517903, 

parameters:
-0.05070366431968343, -5.816479929182471, 0.961070112771529, 
objectives:
-6.774979180378557, -0.6500242975567655, 33.872939515386435, 

parameters:
-3.0173504548891668, -26.4697752926526, 18.08336206321033, 
objectives:
-35.448733588243066, 16.78739235773426, 692.6700457479316, 

parameters:
3.1077162577050865, -58.0339716190873, 19.66055476511186, 
objectives:
-68.03662604579466, -37.14638154639128, 3358.939207458323, 

parameters:
3.8713868028921876, -42.62983201067089, 5.059988524900568, 
objectives:
-32.702184757963664, -34.06775491973128, 1828.2302245107276, 

parameters:
3.367057704623231, -94.25374558005933, 16.98795728694125, 
objectives:
-99.90462528073792, -75.39694152534834, 8879.117676169875, 

parameters:
1.0890834565136198, -61.53501228080698, 19.023986222429837, 
objectives:
-79.37289572798517, -41.68125710917997, 3769.719852951888, 

parameters:
0.9350271186299413, -30.112490270855645, 18.661814895035292, 
objectives:
-47.90002945331753, -10.316508137766707, 889.974531129914, 

parameters:
1.727972264212006, -21.065430535867982, 14.781147418450116, 
objectives:
-32.860689808432134, -6.210284028379922, 432.957104388915, 

parameters:
2.343229786556644, -93.62068220181098, 0.39351280935254296, 
objectives:
-88.52346917855722, -93.10936270607871, 8770.92934895574, 

parameters:
-0.9760347490983621, -59.754568726700576, 19.531651546398493, 
objectives:
-78.33357644165156, -31.36613435246113, 3553.0294759990315, 

parameters:
-0.14228108452162624, -100, 3.373636095404362, 
objectives:
-103.35339218839171, -92.03699565949648, 9997.646607811608, 

