Generation 1589 at Fri May 24 19:48:15 2019
parameters:
0.05101637681523949, -100, 19.95971668145522, 
objectives:
-119.95711401075187, -76.24174615510238, 9981.042885989249, 

parameters:
2.5566480181432727, -0.5485089123446478, 7.551539606173935, 
objectives:
-1.5635994298426592, 7.31288770993212, 0.2857715094234967, 

parameters:
-1.0964638117241132, -1.9104143274827692, 20, 
objectives:
-20.708181437062198, 27.677673809834253, -14.148084206927987, 

parameters:
-0.09310337269809921, -0.38187417318528993, 20, 
objectives:
-20.37320593517753, 23.999207555614866, -18.84550387784629, 

parameters:
1.9973066371654076, -100, 0, 
objectives:
-96.01076619713501, -99.99999274579665, 10004.989233802866, 

parameters:
2.3904935169426613, -97.30410101538672, 2.5020974696476705, 
objectives:
-94.0917392304895, -94.64951835896481, 9472.30043619748, 

parameters:
0.11661910991144753, -57.010576224537814, 19.61683895272913, 
objectives:
-76.61381516047041, -33.84661369465793, 3231.602562517903, 

parameters:
2.6131677635383728, -34.13158678201283, 15.118271237116737, 
objectives:
-42.421212258733426, -18.637340838653444, 1157.6755907813524, 

parameters:
4.20368195381717, -75.07953040791621, 6.038682867421435, 
objectives:
-63.447271306489505, -64.18463338691532, 5649.568145374641, 

parameters:
3.5637620555221696, -26.613176620800374, 19.802912626291022, 
objectives:
-33.7156892587118, -4.364912228218433, 702.1586572120042, 

parameters:
0.0872864349640512, -90.26766449235721, 18.798495973132876, 
objectives:
-109.05854154376135, -67.81069533735182, 8130.460375853363, 

parameters:
3.086988881684964, -11.72267635109717, 5.556508477573569, 
objectives:
-7.749684473024155, -4.984623044616873, 142.3941327106459, 

parameters:
-1.868185998673633, -92.70849289207807, 7.937297693871449, 
objectives:
-97.15567166030931, -69.8083322778719, 8591.417475552258, 

parameters:
-0.27555466987150656, -49.83364866711065, 18.629868546347915, 
objectives:
-68.38758683737058, -26.02563106518872, 2465.838601306759, 

parameters:
-0.6512678448208438, -43.07266113425582, 7.9236867389900265, 
objectives:
-50.57219806754826, -28.119753210284827, 1848.7546002531392, 

parameters:
2.442886552205509, -89.24359174109448, 7.018410839923933, 
objectives:
-90.29430787407189, -82.02903240304606, 7964.36795071817, 

parameters:
2.57701069282507, -70.04025788207271, 19.679445109750773, 
objectives:
-83.07871888088874, -50.02787143268746, 4893.599263188431, 

parameters:
-0.8767856572252938, -36.74688273097253, 17.449584576192052, 
objectives:
-53.42771421844859, -11.021402437163314, 1334.652558956371, 

parameters:
-1.0534041241152656, -8.269971300932365, 18.161660752464957, 
objectives:
-25.32197180469427, 19.214966196696704, 52.34042481448306, 

parameters:
1.4950617191789919, -52.318495401615564, 6.977823324826269, 
objectives:
-57.06110918228739, -45.08570940935082, 2733.482347308197, 

parameters:
3.5357434770142313, -83.94667564619988, 0.09586760416578212, 
objectives:
-71.54106131511696, -81.49230001484234, 7060.449966379371, 

parameters:
-3.0173504548891668, -26.4697752926526, 18.08336206321033, 
objectives:
-35.448733588243066, 16.78739235773426, 692.6700457479316, 

parameters:
1.1267810736101418, -65.03246497860772, 18.353164949554937, 
objectives:
-82.11599434031663, -45.91678873564733, 4213.1379718321305, 

parameters:
3.538393517601141, -81.45250863575876, 18.960733472096077, 
objectives:
-87.89301342245307, -60.125120548665464, 6629.070658271661, 

parameters:
1.5715809126237206, -73.44388828977397, 15.90139184610362, 
objectives:
-86.87541357095438, -57.358953529242015, 5381.5732018396175, 

parameters:
-1.2164812274912449, -85.42082408436147, 20, 
objectives:
-103.94099750752287, -55.07507259755789, 7279.197013828267, 

parameters:
0.3404432774974602, -1.9707799053041768, 12.54394540376256, 
objectives:
-14.398823683873523, 13.327294013661756, -7.544070343418607, 

parameters:
0.5968871817514341, -37.88018938746359, 8.196573542082527, 
objectives:
-45.72048862180694, -27.71489026464763, 1428.0684487957658, 

parameters:
1.4663167802486978, -62.25724353490362, 1.1372242039752098, 
objectives:
-61.244382838839925, -60.835201551884296, 3877.977233260363, 

parameters:
1.0936014977478816, -86.87439643715986, 17.99790595975938, 
objectives:
-103.67633816104282, -68.0549322325156, 7531.358814596931, 

parameters:
0.3475016250098284, -81.74236853300366, 17.20180084490854, 
objectives:
-98.82341199852772, -61.809816808749964, 6665.733769919862, 

parameters:
2.1163623164130576, -51.57732159390031, 13.273674896817631, 
objectives:
-60.372007036384694, -38.290106508401664, 2652.4254173581307, 

parameters:
-0.5959064980845719, -64.37234973395985, 19.62062905207612, 
objectives:
-83.63787423157655, -38.01299013508603, 4125.533885773624, 

parameters:
1.9467597112577717, -4.686566792736176, 18.344860499006305, 
objectives:
-19.241553918366037, 13.661128234615486, 8.408921177147587, 

