Generation 1596 at Fri May 24 19:48:16 2019
parameters:
2.5566480181432727, -0.5485089123446478, 7.551539606173935, 
objectives:
-1.5635994298426592, 7.31288770993212, 0.2857715094234967, 

parameters:
0.05101637681523949, -100, 19.95971668145522, 
objectives:
-119.95711401075187, -76.24174615510238, 9981.042885989249, 

parameters:
-1.0964638117241132, -1.9104143274827692, 20, 
objectives:
-20.708181437062198, 27.677673809834253, -14.148084206927987, 

parameters:
-0.09310337269809921, -0.38187417318528993, 20, 
objectives:
-20.37320593517753, 23.999207555614866, -18.84550387784629, 

parameters:
1.9973066371654076, -100, 0, 
objectives:
-96.01076619713501, -99.99999274579665, 10004.989233802866, 

parameters:
-1.1912297497431183, -69.37330009116577, 7.487292591428051, 
objectives:
-75.44156436592077, -51.7020601840922, 4807.586501264186, 

parameters:
3.06426677750134, -90.95872247909455, 2.4858576553718614, 
objectives:
-84.05484925076796, -87.3402010500296, 8281.393068257266, 

parameters:
3.086988881684964, -11.72267635109717, 5.556508477573569, 
objectives:
-7.749684473024155, -4.984623044616873, 142.3941327106459, 

parameters:
4.20368195381717, -75.07953040791621, 6.038682867421435, 
objectives:
-63.447271306489505, -64.18463338691532, 5649.568145374641, 

parameters:
-1.868185998673633, -92.70849289207807, 7.937297693871449, 
objectives:
-97.15567166030931, -69.8083322778719, 8591.417475552258, 

parameters:
0.11661910991144753, -57.010576224537814, 19.61683895272913, 
objectives:
-76.61381516047041, -33.84661369465793, 3231.602562517903, 

parameters:
-3.0173504548891668, -26.4697752926526, 18.08336206321033, 
objectives:
-35.448733588243066, 16.78739235773426, 692.6700457479316, 

parameters:
2.965945727098485, -17.122649917620272, 18.057046188987105, 
objectives:
-26.382862050513616, 1.8674474190666537, 284.92492806848816, 

parameters:
-2.6120344563333022, -99.0498085543064, 17.90279386958488, 
objectives:
-110.12987842281886, -59.87615285831589, 9800.784504776237, 

parameters:
1.1267810736101418, -65.03246497860772, 18.353164949554937, 
objectives:
-82.11599434031663, -45.91678873564733, 4213.1379718321305, 

parameters:
1.4950617191789919, -52.318495401615564, 6.977823324826269, 
objectives:
-57.06110918228739, -45.08570940935082, 2733.482347308197, 

parameters:
-2.7974507234833768, -98.3933381439534, 3.532807707711139, 
objectives:
-94.10041530134687, -71.84499699199108, 9686.54191395296, 

parameters:
0.3404432774974602, -1.9707799053041768, 12.54394540376256, 
objectives:
-14.398823683873523, 13.327294013661756, -7.544070343418607, 

parameters:
3.1765135060649583, -47.38678559981939, 5.758950721499465, 
objectives:
-43.05549826710576, -40.24365084836666, 2250.838736815964, 

parameters:
-1.762667413865429, -87.94071647886778, 0, 
objectives:
-84.83372006696474, -73.78305041150303, 7737.676611228511, 

parameters:
3.5357434770142313, -83.94667564619988, 0.09586760416578212, 
objectives:
-71.54106131511696, -81.49230001484234, 7060.449966379371, 

parameters:
1.4663167802486978, -62.25724353490362, 1.1372242039752098, 
objectives:
-61.244382838839925, -60.835201551884296, 3877.977233260363, 

parameters:
-0.6512678448208438, -43.07266113425582, 7.9236867389900265, 
objectives:
-50.57219806754826, -28.119753210284827, 1848.7546002531392, 

parameters:
0.5072804483520532, -47.51372012880068, 17.544871805300225, 
objectives:
-64.80125848082065, -27.740636663628408, 2241.266062125979, 

parameters:
-1.2164812274912449, -85.42082408436147, 20, 
objectives:
-103.94099750752287, -55.07507259755789, 7279.197013828267, 

parameters:
2.5165056647141624, -79.03644344575162, 16.21694154088243, 
objectives:
-88.92058422609557, -62.55272380318736, 6237.87525177315, 

parameters:
1.2556662419044076, -80.28960114580363, 0, 
objectives:
-78.71290343474529, -79.73556840236292, 6448.99674986329, 

parameters:
-0.18298183461481976, -31.717173134204245, 5.976514018104697, 
objectives:
-37.66020480050994, -20.975249425841263, 1001.0360399587818, 

parameters:
-0.2069904896010668, -33.3254009180332, 16.200899172634927, 
objectives:
-49.48345502788284, -12.25369472420872, 1095.4242922377987, 

parameters:
1.0069916449537113, -37.025433419236904, 19.675463113344435, 
objectives:
-55.686864359574756, -16.36390471270073, 1353.2212889420073, 

parameters:
-0.7786427282186956, -83.69874683387876, 19.126994494069947, 
objectives:
-102.21945682974085, -56.85089692872617, 6987.959511565868, 

parameters:
1.72005538246835, -37.955413415023884, 5.7658625431263975, 
objectives:
-40.76268543939194, -32.11118188301255, 1438.806135481007, 

parameters:
0.5559901391120023, -15.433978713875412, 16.36331121937582, 
objectives:
-31.48816489846145, 3.0144969838421822, 223.15351275577328, 

parameters:
0.480406556807738, -30.980414515245265, 14.85524196878663, 
objectives:
-45.60486602420803, -13.816008313865721, 946.1616320274567, 

parameters:
4.2886069784644825, -99.80558092405445, 17.26902358127455, 
objectives:
-98.68245468959475, -77.29883544090357, 9963.277109822442, 

parameters:
3.57743894066987, -85.06064189497617, 19.94484802629914, 
objectives:
-92.20742054705416, -62.627480257135346, 7229.166020933298, 

