Generation 160 at Fri May 24 19:55:16 2019
parameters:
0, 0.0, 20.0, 
objectives:
-20.0, 24.0, -19.0, 

parameters:
0, 0.0, 20.0, 
objectives:
-20.0, 24.0, -19.0, 

parameters:
1.9979647189482492, 0.0, 20.0, 
objectives:
-16.008136981838042, 20.000004142368958, -15.008136981838044, 

parameters:
0.4383870087170736, 0.0, 20.0, 
objectives:
-19.807816830588095, 22.43863513454361, -18.807816830588095, 

parameters:
1.2279513711358692, 0.0, 20.0, 
objectives:
-18.49213543012554, 20.596059085330985, -17.49213543012554, 

parameters:
1.3151187588989215, 0.0, 20.0, 
objectives:
-18.27046264999216, 20.469062314412152, -17.27046264999216, 

parameters:
0.5755576999369818, 4.498055517683428e-07, 20.0, 
objectives:
-19.6687328842377, 22.029036316014373, -18.6687328842377, 

parameters:
1.9458640538964267, 0.0, 20.0, 
objectives:
-16.213613083753764, 20.002930700660528, -15.213613083753764, 

parameters:
0.7378226225596556, 0.0, 20.0, 
objectives:
-19.45561777763919, 21.593091732122186, -18.45561777763919, 

parameters:
0.23499038774718434, 0.0, 20.0, 
objectives:
-19.94477951766643, 23.115258931344833, -18.94477951766643, 

parameters:
1.1614813588442292, 0.0, 20.0, 
objectives:
-18.65096105305736, 20.70311351156572, -17.65096105305736, 

parameters:
1.5369083578314808, 0.0, 20.0, 
objectives:
-17.63791269962774, 20.214453869046334, -16.63791269962774, 

parameters:
1.8899236400560266, 0.0, 20.0, 
objectives:
-16.42818863475738, 20.012116805018515, -15.428188634757378, 

parameters:
1.4516145991065603, 0.0, 20.0, 
objectives:
-17.8928150556607, 20.300726547913058, -16.8928150556607, 

parameters:
1.1008663303508723, 0.014189185868118681, 20.0, 
objectives:
-18.773904136831685, 20.822630541764827, -17.773904136831685, 

parameters:
0.8402114250510825, 0.0, 20.0, 
objectives:
-19.29404476121363, 21.34510953858204, -18.29404476121363, 

parameters:
0.15361698554891162, 0.0, 20.0, 
objectives:
-19.976401821750866, 23.40913023605349, -18.976401821750866, 

parameters:
1.815295032253213, 0.0, 20.0, 
objectives:
-16.704703945876805, 20.034115925110342, -15.704703945876807, 

parameters:
0.08219279462739265, 0.0, 20.0, 
objectives:
-19.99324434451134, 23.67798447697909, -18.99324434451134, 

parameters:
0.6863694052603453, 0.0, 20.0, 
objectives:
-19.52889703952256, 21.72562533943606, -18.52889703952256, 

parameters:
0.6289319253830118, 0.0, 20.0, 
objectives:
-19.604444633234017, 21.879827665233936, -18.604444633234017, 

parameters:
1.560671188623802, 0.0, 20.0, 
objectives:
-17.56430544099957, 20.193009804505223, -16.56430544099957, 

parameters:
0.9328520159945058, 0.0, 20.0, 
objectives:
-19.129787116254985, 21.13880481976699, -18.129787116254985, 

parameters:
1.0386902136500833, 0.0, 20.0, 
objectives:
-18.921122640067544, 20.924116505332123, -17.921122640067544, 

parameters:
1.7595595430493898, 0.0, 20.0, 
objectives:
-16.903950214463823, 20.057811613338618, -15.903950214463823, 

parameters:
0.8557095592894225, 0.0, 20.0, 
objectives:
-19.267761150140704, 21.30940061270161, -18.267761150140704, 

parameters:
1.3746534402876942, 0.0, 20.0, 
objectives:
-18.110327919105206, 20.391058319744015, -17.110327919105206, 

parameters:
1.6325218135279336, 0.0, 20.0, 
objectives:
-17.33487252835547, 20.135040217532797, -16.33487252835547, 

parameters:
0.3364066373054877, 0.0, 20.0, 
objectives:
-19.886830574376813, 22.767542876401237, -18.886830574376813, 

parameters:
1.7438061863995775, 0.0, 20.0, 
objectives:
-16.95913998427456, 20.065635270127128, -15.959139984274561, 

parameters:
0.3489873348715957, 0.0, 20.0, 
objectives:
-19.878207840099222, 22.725842820414396, -18.878207840099222, 

parameters:
1.690919223402779, 0.0, 20.0, 
objectives:
-17.140792179926944, 20.09553092646194, -16.140792179926944, 

parameters:
1.6158317171096674, 0.0, 20.0, 
objectives:
-17.389087861982425, 20.147585269578908, -16.389087861982425, 

parameters:
1.4273317866298094, 0.0, 20.0, 
objectives:
-17.962723970876155, 20.327948882604606, -16.962723970876155, 

parameters:
1.693846073249962, 0.0, 20.0, 
objectives:
-17.130885480135685, 20.09373022686447, -16.130885480135685, 

parameters:
0.9749598461038894, 0.0, 20.0, 
objectives:
-19.04945329848508, 21.050707317099363, -18.04945329848508, 

parameters:
1.0146734711455747, 0.0, 20.0, 
objectives:
-18.97043774695339, 20.97086836846431, -17.97043774695339, 

parameters:
1.3935379841882025, 0.0, 20.0, 
objectives:
-18.058051886624682, 20.36779617662251, -17.058051886624682, 

parameters:
1.8479546814642225, 0.0, 20.0, 
objectives:
-16.585063495254463, 20.023117778888647, -15.585063495254463, 

parameters:
1.8453618305906876, 0.0, 20.0, 
objectives:
-16.594639714198987, 20.023912963438264, -15.594639714198987, 

parameters:
0.9492665219719311, 0.0, 20.0, 
objectives:
-19.098893070263312, 21.104040841848963, -18.098893070263312, 

parameters:
1.6191043310401438, 0.0, 20.0, 
objectives:
-17.378501165207048, 20.145081510632377, -16.378501165207048, 

parameters:
0, 0.0, 20.0, 
objectives:
-20.0, 24.0, -19.0, 

