Generation 1603 at Fri May 24 19:48:16 2019
parameters:
0.05101637681523949, -100, 19.95971668145522, 
objectives:
-119.95711401075187, -76.24174615510238, 9981.042885989249, 

parameters:
2.5566480181432727, -0.5485089123446478, 7.551539606173935, 
objectives:
-1.5635994298426592, 7.31288770993212, 0.2857715094234967, 

parameters:
-1.0964638117241132, -1.9104143274827692, 20, 
objectives:
-20.708181437062198, 27.677673809834253, -14.148084206927987, 

parameters:
-0.09310337269809921, -0.38187417318528993, 20, 
objectives:
-20.37320593517753, 23.999207555614866, -18.84550387784629, 

parameters:
1.9973066371654076, -100, 0, 
objectives:
-96.01076619713501, -99.99999274579665, 10004.989233802866, 

parameters:
1.1267810736101418, -65.03246497860772, 18.353164949554937, 
objectives:
-82.11599434031663, -45.91678873564733, 4213.1379718321305, 

parameters:
0.11661910991144753, -57.010576224537814, 19.61683895272913, 
objectives:
-76.61381516047041, -33.84661369465793, 3231.602562517903, 

parameters:
3.06426677750134, -90.95872247909455, 2.4858576553718614, 
objectives:
-84.05484925076796, -87.3402010500296, 8281.393068257266, 

parameters:
4.20368195381717, -75.07953040791621, 6.038682867421435, 
objectives:
-63.447271306489505, -64.18463338691532, 5649.568145374641, 

parameters:
-1.2164812274912449, -85.42082408436147, 20, 
objectives:
-103.94099750752287, -55.07507259755789, 7279.197013828267, 

parameters:
3.086988881684964, -11.72267635109717, 5.556508477573569, 
objectives:
-7.749684473024155, -4.984623044616873, 142.3941327106459, 

parameters:
0.04690675146829625, -37.23815701194763, 17.01098102223697, 
objectives:
-54.24693779085129, -16.412602752250535, 1370.6715568675606, 

parameters:
0.7634437877967597, -51.5076077107537, 18.900329927284762, 
objectives:
-69.825091220913, -31.078206517530514, 2635.7161685747346, 

parameters:
3.5357434770142313, -83.94667564619988, 0.09586760416578212, 
objectives:
-71.54106131511696, -81.49230001484234, 7060.449966379371, 

parameters:
3.1765135060649583, -47.38678559981939, 5.758950721499465, 
objectives:
-43.05549826710576, -40.24365084836666, 2250.838736815964, 

parameters:
-1.3900895154596336, -72.97483634592595, 19.956141255620278, 
objectives:
-90.99862874055543, -41.52598816747634, 5308.302947320046, 

parameters:
-0.6002691291185369, -43.10110975318358, 5.700336853522826, 
objectives:
-48.44112357933368, -30.639373355813873, 1853.3656481298265, 

parameters:
-2.628455311854038, -24.282113820743582, 18.760198874727347, 
objectives:
-36.13353536905723, 15.900683627813628, 578.7696300552327, 

parameters:
-0.22009480217856847, -97.51592595585842, 19.333030196836066, 
objectives:
-116.80051443074846, -73.25407482836206, 9491.071226553573, 

parameters:
2.965945727098485, -17.122649917620272, 18.057046188987105, 
objectives:
-26.382862050513616, 1.8674474190666537, 284.92492806848816, 

parameters:
0.3404432774974602, -1.9707799053041768, 12.54394540376256, 
objectives:
-14.398823683873523, 13.327294013661756, -7.544070343418607, 

parameters:
1.8227322453705574, -34.154571134010055, 11.519519064952688, 
objectives:
-42.351737360649146, -22.603628212226, 1159.337563121514, 

parameters:
0.9427342674918513, -81.49761115003332, 18.152157817350833, 
objectives:
-98.76102106828077, -62.2276425035465, 6625.597213243789, 

parameters:
2.156193645061919, -18.583527521340415, 19.454104869202638, 
objectives:
-33.38846135553764, 0.8949738026199512, 331.5425613022194, 

parameters:
2.5165056647141624, -79.03644344575162, 16.21694154088243, 
objectives:
-88.92058422609557, -62.55272380318736, 6237.87525177315, 

parameters:
-1.050260550533357, -39.099197471903956, 19.704728931391294, 
objectives:
-57.70087917928862, -10.090379114372602, 1511.145561239556, 

parameters:
0.33060696166981707, -68.85885883246429, 6.195605079466742, 
objectives:
-74.94516294882649, -59.876380636572264, 4736.456135592884, 

parameters:
0.6932617642052397, -93.84117990811995, 17.970232097568008, 
objectives:
-111.330800131979, -74.16338299366393, 8789.677426324277, 

parameters:
-1.1912297497431183, -69.37330009116577, 7.487292591428051, 
objectives:
-75.44156436592077, -51.7020601840922, 4807.586501264186, 

parameters:
1.6943603574138262, -31.46205832978844, 20, 
objectives:
-48.59120130901293, -11.368642738668235, 973.7319713677857, 

parameters:
2.6459044675868064, -27.99474464672724, 19.389168576947178, 
objectives:
-40.3831027720786, -8.188383488531468, 772.3173697101122, 

parameters:
1.1466635521631854, -93.88918431443007, 20, 
objectives:
-112.57434701257057, -73.16100122122332, 8797.49376853088, 

parameters:
-1.3351258578915521, -85.07129434785462, 2.2323139408562778, 
objectives:
-85.52104723230023, -71.71591591902148, 7237.675369134875, 

parameters:
-1.762667413865429, -87.94071647886778, 0, 
objectives:
-84.83372006696474, -73.78305041150303, 7737.676611228511, 

