Generation 1607 at Fri May 24 19:48:16 2019
parameters:
2.5566480181432727, -0.5485089123446478, 7.551539606173935, 
objectives:
-1.5635994298426592, 7.31288770993212, 0.2857715094234967, 

parameters:
0.05101637681523949, -100, 19.95971668145522, 
objectives:
-119.95711401075187, -76.24174615510238, 9981.042885989249, 

parameters:
-1.0964638117241132, -1.9104143274827692, 20, 
objectives:
-20.708181437062198, 27.677673809834253, -14.148084206927987, 

parameters:
-0.09310337269809921, -0.38187417318528993, 20, 
objectives:
-20.37320593517753, 23.999207555614866, -18.84550387784629, 

parameters:
1.9973066371654076, -100, 0, 
objectives:
-96.01076619713501, -99.99999274579665, 10004.989233802866, 

parameters:
-1.8971377572979993, -60.10499224854654, 5.852030311467479, 
objectives:
-62.357890889848335, -39.06527923772138, 3611.3571945565377, 

parameters:
0.9427342674918513, -81.49761115003332, 18.152157817350833, 
objectives:
-98.76102106828077, -62.2276425035465, 6625.597213243789, 

parameters:
3.5357434770142313, -83.94667564619988, 0.09586760416578212, 
objectives:
-71.54106131511696, -81.49230001484234, 7060.449966379371, 

parameters:
3.960974982152738, -53.405508991463975, 17.7144685452673, 
objectives:
-55.430654727491394, -31.845617565567743, 2851.1232449013123, 

parameters:
3.086988881684964, -11.72267635109717, 5.556508477573569, 
objectives:
-7.749684473024155, -4.984623044616873, 142.3941327106459, 

parameters:
-0.960251838362972, -97.0532336562526, 16.93846272749205, 
objectives:
-113.06961279066519, -71.3516799822292, 9404.31378400075, 

parameters:
-1.3900895154596336, -72.97483634592595, 19.956141255620278, 
objectives:
-90.99862874055543, -41.52598816747634, 5308.302947320046, 

parameters:
-1.2164812274912449, -85.42082408436147, 20, 
objectives:
-103.94099750752287, -55.07507259755789, 7279.197013828267, 

parameters:
-2.628455311854038, -24.282113820743582, 18.760198874727347, 
objectives:
-36.13353536905723, 15.900683627813628, 578.7696300552327, 

parameters:
4.672538966637776, -76.29534656269671, 19.9970747727796, 
objectives:
-74.45980094072789, -49.1558072617198, 5823.815452743965, 

parameters:
0.6932617642052397, -93.84117990811995, 17.970232097568008, 
objectives:
-111.330800131979, -74.16338299366393, 8789.677426324277, 

parameters:
1.1267810736101418, -65.03246497860772, 18.353164949554937, 
objectives:
-82.11599434031663, -45.91678873564733, 4213.1379718321305, 

parameters:
1.8227322453705574, -34.154571134010055, 11.519519064952688, 
objectives:
-42.351737360649146, -22.603628212226, 1159.337563121514, 

parameters:
0.993258444507229, -40.19614028613587, 11.048964876143113, 
objectives:
-50.25854282469406, -28.13364685043675, 1606.667291364157, 

parameters:
-0.49540785283376915, -87.98859314439626, 16.02068024384157, 
objectives:
-103.76384444758847, -65.74085254857026, 7727.217272226905, 

parameters:
3.4971844538699486, -91.70204261520281, 0, 
objectives:
-79.47174351081316, -89.46048132629296, 8422.494918904862, 

parameters:
2.965945727098485, -17.122649917620272, 18.057046188987105, 
objectives:
-26.382862050513616, 1.8674474190666537, 284.92492806848816, 

parameters:
2.156193645061919, -18.583527521340415, 19.454104869202638, 
objectives:
-33.38846135553764, 0.8949738026199512, 331.5425613022194, 

parameters:
-0.1122638329769432, -46.71875668089979, 6.920458095090676, 
objectives:
-53.62661160779579, -35.33664008570667, 2176.7343708822227, 

parameters:
0.3404432774974602, -1.9707799053041768, 12.54394540376256, 
objectives:
-14.398823683873523, 13.327294013661756, -7.544070343418607, 

parameters:
1.6943603574138262, -31.46205832978844, 20, 
objectives:
-48.59120130901293, -11.368642738668235, 973.7319713677857, 

parameters:
3.1765135060649583, -47.38678559981939, 5.758950721499465, 
objectives:
-43.05549826710576, -40.24365084836666, 2250.838736815964, 

parameters:
2.115084524644767, -63.99192229219821, 18.938771541460543, 
objectives:
-78.45711128726697, -45.03990630292496, 4081.5009296556655, 

parameters:
-1.050260550533357, -39.099197471903956, 19.704728931391294, 
objectives:
-57.70087917928862, -10.090379114372602, 1511.145561239556, 

parameters:
1.859301141524479, -87.85853684039158, 0, 
objectives:
-84.40153610551735, -87.83874067161527, 7723.579496469319, 

parameters:
3.380216436692496, -91.63469247385082, 12.733827255641678, 
objectives:
-92.94265657060637, -76.995867806093, 8396.608900680456, 

parameters:
0.04690675146829625, -37.23815701194763, 17.01098102223697, 
objectives:
-54.24693779085129, -16.412602752250535, 1370.6715568675606, 

parameters:
3.3800964863147267, -86.38426146425276, 0, 
objectives:
-74.9592092074556, -84.47959515271451, 7474.665680981181, 

parameters:
4.993512126517894, -32.25090481805722, 9.08534594750687, 
objectives:
-16.401087407882834, -14.20444401894067, 1056.970678993561, 

parameters:
4.834787053299398, -99.72461359851478, 17.331599875388555, 
objectives:
-93.68104762315184, -74.35699608557235, 9952.042123348443, 

parameters:
3.199432402491767, -87.15223183623579, 14.50732632786095, 
objectives:
-91.4231904659825, -71.20626742022766, 7592.240555407244, 

parameters:
-0.16004634687082098, -73.30098352214405, 19.975430334682425, 
objectives:
-93.25079902367979, -48.65975296683165, 5354.084369812097, 

parameters:
0.40442693283628595, -15.651843143866964, 19.79163772931071, 
objectives:
-35.27991972917431, 6.6856479981019685, 226.35211721490793, 

