Generation 1610 at Fri May 24 19:48:16 2019
parameters:
2.5566480181432727, -0.5485089123446478, 7.551539606173935, 
objectives:
-1.5635994298426592, 7.31288770993212, 0.2857715094234967, 

parameters:
0.05101637681523949, -100, 19.95971668145522, 
objectives:
-119.95711401075187, -76.24174615510238, 9981.042885989249, 

parameters:
-1.0964638117241132, -1.9104143274827692, 20, 
objectives:
-20.708181437062198, 27.677673809834253, -14.148084206927987, 

parameters:
-0.09310337269809921, -0.38187417318528993, 20, 
objectives:
-20.37320593517753, 23.999207555614866, -18.84550387784629, 

parameters:
1.9973066371654076, -100, 0, 
objectives:
-96.01076619713501, -99.99999274579665, 10004.989233802866, 

parameters:
-2.628455311854038, -24.282113820743582, 18.760198874727347, 
objectives:
-36.13353536905723, 15.900683627813628, 578.7696300552327, 

parameters:
1.1267810736101418, -65.03246497860772, 18.353164949554937, 
objectives:
-82.11599434031663, -45.91678873564733, 4213.1379718321305, 

parameters:
6.381565708105011, -70.45111427973478, 0, 
objectives:
-29.726733392872966, -51.25299622529302, 5005.083884143111, 

parameters:
1.8227322453705574, -34.154571134010055, 11.519519064952688, 
objectives:
-42.351737360649146, -22.603628212226, 1159.337563121514, 

parameters:
-1.3900895154596336, -72.97483634592595, 19.956141255620278, 
objectives:
-90.99862874055543, -41.52598816747634, 5308.302947320046, 

parameters:
1.859301141524479, -87.85853684039158, 0, 
objectives:
-84.40153610551735, -87.83874067161527, 7723.579496469319, 

parameters:
3.960974982152738, -53.405508991463975, 17.7144685452673, 
objectives:
-55.430654727491394, -31.845617565567743, 2851.1232449013123, 

parameters:
-1.6702076818294425, -5.952829567931758, 5.53728286509798, 
objectives:
-8.700518732587659, 13.05487772492607, 33.688490700186705, 

parameters:
3.5357434770142313, -83.94667564619988, 0.09586760416578212, 
objectives:
-71.54106131511696, -81.49230001484234, 7060.449966379371, 

parameters:
0.9427342674918513, -81.49761115003332, 18.152157817350833, 
objectives:
-98.76102106828077, -62.2276425035465, 6625.597213243789, 

parameters:
-1.8971377572979993, -60.10499224854654, 5.852030311467479, 
objectives:
-62.357890889848335, -39.06527923772138, 3611.3571945565377, 

parameters:
4.672538966637776, -76.29534656269671, 19.9970747727796, 
objectives:
-74.45980094072789, -49.1558072617198, 5823.815452743965, 

parameters:
0.25986681259591726, -88.75333958720263, 16.780304486156144, 
objectives:
-105.46611331307001, -68.9449715911414, 7861.442514155443, 

parameters:
3.086988881684964, -11.72267635109717, 5.556508477573569, 
objectives:
-7.749684473024155, -4.984623044616873, 142.3941327106459, 

parameters:
-1.9650774233893555, -48.53066548414382, 20, 
objectives:
-64.66913620422926, -12.80882651067185, 2340.087021613783, 

parameters:
-1.2164812274912449, -85.42082408436147, 20, 
objectives:
-103.94099750752287, -55.07507259755789, 7279.197013828267, 

parameters:
0.6932617642052397, -93.84117990811995, 17.970232097568008, 
objectives:
-111.330800131979, -74.16338299366393, 8789.677426324277, 

parameters:
0.4271516374841933, -97.94019490841458, 17.01168019436298, 
objectives:
-114.76941658137214, -78.45466274258294, 9576.45255702528, 

parameters:
3.422311142435346, -79.06238223013249, 1.1436522545985943, 
objectives:
-68.49382092909396, -75.89576098963815, 6262.4288452046085, 

parameters:
-1.220665534866939, -58.475772424965996, 19.296781294253844, 
objectives:
-76.28252937120784, -28.806304643232405, 3402.6092037501717, 

parameters:
2.965945727098485, -17.122649917620272, 18.057046188987105, 
objectives:
-26.382862050513616, 1.8674474190666537, 284.92492806848816, 

parameters:
3.4971844538699486, -91.70204261520281, 0, 
objectives:
-79.47174351081316, -89.46048132629296, 8422.494918904862, 

parameters:
2.139183836542696, -43.58037140558515, 20, 
objectives:
-59.00426391905962, -23.5609992652304, 1884.8248793352689, 

parameters:
2.156193645061919, -18.583527521340415, 19.454104869202638, 
objectives:
-33.38846135553764, 0.8949738026199512, 331.5425613022194, 

parameters:
-0.1122638329769432, -46.71875668089979, 6.920458095090676, 
objectives:
-53.62661160779579, -35.33664008570667, 2176.7343708822227, 

parameters:
-1.050260550533357, -39.099197471903956, 19.704728931391294, 
objectives:
-57.70087917928862, -10.090379114372602, 1511.145561239556, 

parameters:
0.4485629839160541, -35.43997766089017, 16.596277570345396, 
objectives:
-51.835046480695894, -16.43674327566932, 1240.5969477845888, 

parameters:
0.993258444507229, -40.19614028613587, 11.048964876143113, 
objectives:
-50.25854282469406, -28.13364685043675, 1606.667291364157, 

parameters:
0.8840942139855996, -95.96578650025288, 2.9933890760825546, 
objectives:
-98.17755299713261, -91.72715170090991, 9208.220412115237, 

parameters:
0.5305974631561878, -84.97040881785874, 17.157213762202776, 
objectives:
-101.84608891215373, -65.65405124037294, 7204.094694579751, 

parameters:
-0.960251838362972, -97.0532336562526, 16.93846272749205, 
objectives:
-113.06961279066519, -71.3516799822292, 9404.31378400075, 

parameters:
0.9189468932497773, -92.40180502551539, 0, 
objectives:
-91.55734163290197, -91.23312920590108, 8539.938035365974, 

parameters:
-0.16348053316442476, -100, 0, 
objectives:
-99.97327411527627, -95.31935198261857, 10001.026725884723, 

parameters:
-0.8710446734013733, -40.20881616580956, 11.112317930521609, 
objectives:
-50.56241527327026, -20.853600718621554, 1607.3952983484073, 

