Generation 1617 at Fri May 24 19:48:16 2019
parameters:
0.05101637681523949, -100, 19.95971668145522, 
objectives:
-119.95711401075187, -76.24174615510238, 9981.042885989249, 

parameters:
2.5566480181432727, -0.5485089123446478, 7.551539606173935, 
objectives:
-1.5635994298426592, 7.31288770993212, 0.2857715094234967, 

parameters:
-2.912872100037551, -9.305620289521915, 20, 
objectives:
-20.82079641834474, 34.83069198180546, 76.0793928439391, 

parameters:
-0.09310337269809921, -0.38187417318528993, 20, 
objectives:
-20.37320593517753, 23.999207555614866, -18.84550387784629, 

parameters:
1.9973066371654076, -100, 0, 
objectives:
-96.01076619713501, -99.99999274579665, 10004.989233802866, 

parameters:
0.6932617642052397, -93.84117990811995, 17.970232097568008, 
objectives:
-111.330800131979, -74.16338299366393, 8789.677426324277, 

parameters:
2.8503012595540795, -96.85538960930907, 11.975533756438109, 
objectives:
-100.70670609553162, -84.15684362087171, 9378.115179884831, 

parameters:
0.25986681259591726, -88.75333958720263, 16.780304486156144, 
objectives:
-105.46611331307001, -68.9449715911414, 7861.442514155443, 

parameters:
2.779302097862648, -75.83783553682818, 1.7553180311614502, 
objectives:
-69.86863341680592, -73.47520574593361, 5758.346501031022, 

parameters:
3.6386612744000613, -97.13514111123636, 0, 
objectives:
-83.89528524141768, -94.44993033901793, 9449.47549456962, 

parameters:
3.5923191612692316, -37.432024295576085, 20, 
objectives:
-44.52726733915401, -14.896543984230938, 1395.0611998210204, 

parameters:
-0.1122638329769432, -46.71875668089979, 6.920458095090676, 
objectives:
-53.62661160779579, -35.33664008570667, 2176.7343708822227, 

parameters:
-1.610574660843742, -86.67539235311865, 5.131154856548147, 
objectives:
-89.21259647151487, -68.5079881150436, 7511.086435448663, 

parameters:
-1.9650774233893555, -48.53066548414382, 20, 
objectives:
-64.66913620422926, -12.80882651067185, 2340.087021613783, 

parameters:
3.086988881684964, -11.72267635109717, 5.556508477573569, 
objectives:
-7.749684473024155, -4.984623044616873, 142.3941327106459, 

parameters:
2.139183836542696, -43.58037140558515, 20, 
objectives:
-59.00426391905962, -23.5609992652304, 1884.8248793352689, 

parameters:
2.544278777707029, -4.7155521854388365, 20.0, 
objectives:
-18.242197686748465, 15.58068720242342, 9.70978691228736, 

parameters:
3.4971844538699486, -91.70204261520281, 0, 
objectives:
-79.47174351081316, -89.46048132629296, 8422.494918904862, 

parameters:
2.794526743749786, -53.79171338241537, 3.7244963901771455, 
objectives:
-49.706830051059725, -49.43594424570458, 2898.63331194728, 

parameters:
0.9427342674918513, -81.49761115003332, 18.152157817350833, 
objectives:
-98.76102106828077, -62.2276425035465, 6625.597213243789, 

parameters:
3.3447250743499124, -67.72897078954253, 17.603335438943894, 
objectives:
-74.14512040550139, -48.31734982501326, 4581.797334594747, 

parameters:
-0.6754442380521244, -36.705681169446656, 20.0, 
objectives:
-56.24945625072884, -9.547679298520343, 1328.7632550317887, 

parameters:
-2.213761499455987, -79.86929018019237, 4.277601318705134, 
objectives:
-79.24615152242389, -57.83590288718966, 6380.726652545541, 

parameters:
0.7695520076990015, -27.198223277913513, 4.167119306116325, 
objectives:
-30.773132291476273, -21.517101710039633, 737.1684404616738, 

parameters:
-2.972398023196047, -71.50264964717262, 17.399597188360303, 
objectives:
-80.06709682723314, -29.37831035772836, 5105.0644593862535, 

parameters:
3.0989903353225836, -27.800705217676672, 4.714987340101647, 
objectives:
-22.91195145935554, -21.87793812044258, 778.7679643584761, 

parameters:
-1.1056967553464583, -21.42595331503984, 20, 
objectives:
-40.203388000256155, 8.219399021129677, 441.2940407730505, 

parameters:
3.335161607376196, -65.74909783249055, 4.220044751267073, 
objectives:
-58.845839636441454, -59.746396563412084, 4330.847123982462, 

parameters:
-1.220665534866939, -58.475772424965996, 19.296781294253844, 
objectives:
-76.28252937120784, -28.806304643232405, 3402.6092037501717, 

parameters:
0.7889708887228095, -60.6431786224367, 16.92949782736596, 
objectives:
-76.9502013865506, -42.24708928670992, 3662.2880906686496, 

parameters:
0.43518421507049154, -74.39713613404196, 19.647422181525915, 
objectives:
-93.85517301452136, -52.30106551175149, 5516.475828066693, 

parameters:
-1.3900895154596336, -72.97483634592595, 19.956141255620278, 
objectives:
-90.99862874055543, -41.52598816747634, 5308.302947320046, 

parameters:
1.5696543137818466, -99.57252757934852, 0, 
objectives:
-97.10871291457455, -99.38733016970194, 9918.152063204894, 

parameters:
3.3365556640582694, -3.8655820064820503, 11.10101975075755, 
objectives:
-3.8339980578802813, 9.021818787401742, 15.974308197439564, 

parameters:
4.014586790662929, -14.231275245918205, 14.737883623754254, 
objectives:
-12.85225176990718, 4.565168314949609, 204.9082186010953, 

parameters:
4.6197664019664995, -51.98057913400446, 0.9012342375641977, 
objectives:
-31.539571762830157, -44.21616889556776, 2723.4216144776738, 

parameters:
3.7298053982754933, -86.9058164700724, 20, 
objectives:
-92.99436816106738, -63.91358975416935, 7547.532384638912, 

parameters:
1.9510353647561622, -15.859389963873214, 19.539372627134956, 
objectives:
-31.59222359647896, 3.682380198766303, 236.78741639359671, 

parameters:
0.5838761181483106, -14.964849305320667, 19.597316369021904, 
objectives:
-34.22125435299863, 6.6378739124519335, 205.6903096832785, 

parameters:
0.8592594734112406, -14.035408988473613, 19.38584595076627, 
objectives:
-32.68292809659292, 6.651725911294658, 179.34518636560657, 

