Generation 162 at Sat May 25 04:36:26 2019
parameters:
0, 0.0, 20.0, 
objectives:
-20.0, 24.0, -19.0, 

parameters:
0, 0.0, 20.0, 
objectives:
-20.0, 24.0, -19.0, 

parameters:
2.003485383126764, 0.0, 20.0, 
objectives:
-15.986046319597403, 20.00001214789554, -14.986046319597403, 

parameters:
1.7115954761132732, 0.0, 20.0, 
objectives:
-17.070440926148578, 20.08317716939833, -16.070440926148578, 

parameters:
0.41561317776197965, 0.0, 20.0, 
objectives:
-19.82726568647059, 22.51028160248149, -18.82726568647059, 

parameters:
0.8334782943763495, 0.0, 20.0, 
objectives:
-19.305313932803493, 21.360772889691113, -18.305313932803493, 

parameters:
1.6110449995429137, 0.0, 20.0, 
objectives:
-17.404534009447772, 20.151285992380572, -16.404534009447772, 

parameters:
0.2524337997605971, 0.0, 20.0, 
objectives:
-19.936277176738425, 23.053987624219186, -18.936277176738425, 

parameters:
0.9327703655332412, 0.0, 20.0, 
objectives:
-19.129939445182984, 21.138979092684053, -18.129939445182984, 

parameters:
1.9304566025460497, 0.0, 20.0, 
objectives:
-16.27333730568636, 20.00483628412944, -15.273337305686363, 

parameters:
1.4338870912357342, 0.0, 20.0, 
objectives:
-17.943967809587527, 20.320483825469537, -16.943967809587527, 

parameters:
1.8114025874771655, 0.0, 20.0, 
objectives:
-16.71882066608103, 20.035568984010308, -15.71882066608103, 

parameters:
1.8684415155530796, 0.0, 20.0, 
objectives:
-16.50892630295771, 20.017307634829972, -15.508926302957711, 

parameters:
1.1548183549425324, 0.0, 20.0, 
objectives:
-18.666394567087824, 20.714332013142048, -17.666394567087824, 

parameters:
1.5284890077613182, 0.0, 20.0, 
objectives:
-17.66372135315282, 20.222322615801907, -16.66372135315282, 

parameters:
0.6598505307651363, 0.0, 20.0, 
objectives:
-19.564597277048968, 21.796000599890487, -18.564597277048968, 

parameters:
0.7147112216209679, 0.0, 20.0, 
objectives:
-19.489187869689065, 21.651967243827066, -18.489187869689065, 

parameters:
0.5506157965349524, 0.0, 20.0, 
objectives:
-19.69682224460618, 22.10071456925401, -18.69682224460618, 

parameters:
1.3079955261429221, 0.0, 20.0, 
objectives:
-18.2891477035901, 20.47887019183821, -17.2891477035901, 

parameters:
1.106323086080858, 0.0, 20.0, 
objectives:
-18.776049229204528, 20.79865842647204, -17.776049229204528, 

parameters:
0.15309222514561527, 0.0, 20.0, 
objectives:
-19.976562770599966, 23.411068328817574, -18.976562770599966, 

parameters:
1.0085263973264054, 0.0, 20.0, 
objectives:
-18.982874505895822, 20.983019904798557, -17.982874505895822, 

parameters:
1.042048731676292, 0.0, 20.0, 
objectives:
-18.914134440811832, 20.917670632483002, -17.914134440811832, 

parameters:
1.5430849873699206, 0.0, 20.0, 
objectives:
-17.61888872175357, 20.208771328766744, -16.61888872175357, 

parameters:
0.559697382914668, 0.0, 20.0, 
objectives:
-19.686738839558473, 22.074471628782856, -18.686738839558473, 

parameters:
1.342361195653556, 0.0, 20.0, 
objectives:
-18.198066420403556, 20.43248879698222, -17.198066420403556, 

parameters:
1.234793419659625, 0.0, 20.0, 
objectives:
-18.47528521076529, 20.58554111059621, -17.47528521076529, 

parameters:
1.2274826837795787, 0.0, 20.0, 
objectives:
-18.493286261021282, 20.596783003860402, -17.493286261021282, 

parameters:
1.9788455856619105, 0.0, 20.0, 
objectives:
-16.08417014810637, 20.000447509245987, -15.08417014810637, 

parameters:
0.06955407942574182, 0.0, 20.0, 
objectives:
-19.995162230035238, 23.726621452261796, -18.995162230035238, 

parameters:
1.8245211964129635, 0.0, 20.0, 
objectives:
-16.67112240383981, 20.030792810508338, -15.671122403839808, 

parameters:
0.1010547633619794, 0.0, 20.0, 
objectives:
-19.989787934801853, 23.60599301175023, -18.989787934801853, 

parameters:
1.389666147973621, 0.0, 20.0, 
objectives:
-18.068827997176157, 20.37250741092936, -17.068827997176157, 

parameters:
1.4053567592855971, 0.0, 20.0, 
objectives:
-18.024972379130283, 20.353600583727328, -17.024972379130283, 

parameters:
0.7035198072790593, 0.0, 20.0, 
objectives:
-19.505059880766034, 21.680860890117728, -18.505059880766034, 

parameters:
1.9834351582379266, 0.0, 20.0, 
objectives:
-16.065984973065692, 20.000274393982604, -15.06598497306569, 

parameters:
1.3899278641609543, 0.0, 20.0, 
objectives:
-18.068100532428968, 20.372188010927214, -17.068100532428968, 

parameters:
1.8210866308738145, 0.0, 20.0, 
objectives:
-16.68364348285266, 20.032009993652082, -15.68364348285266, 

parameters:
0, 0.0, 20.0, 
objectives:
-20.0, 24.0, -19.0, 

