Generation 1624 at Fri May 24 19:48:16 2019
parameters:
0.05101637681523949, -100, 19.95971668145522, 
objectives:
-119.95711401075187, -76.24174615510238, 9981.042885989249, 

parameters:
2.5566480181432727, -0.5485089123446478, 7.551539606173935, 
objectives:
-1.5635994298426592, 7.31288770993212, 0.2857715094234967, 

parameters:
-0.09310337269809921, -0.38187417318528993, 20, 
objectives:
-20.37320593517753, 23.999207555614866, -18.84550387784629, 

parameters:
1.9973066371654076, -100, 0, 
objectives:
-96.01076619713501, -99.99999274579665, 10004.989233802866, 

parameters:
3.6386612744000613, -97.13514111123636, 0, 
objectives:
-83.89528524141768, -94.44993033901793, 9449.47549456962, 

parameters:
-0.1122638329769432, -46.71875668089979, 6.920458095090676, 
objectives:
-53.62661160779579, -35.33664008570667, 2176.7343708822227, 

parameters:
0.6932617642052397, -93.84117990811995, 17.970232097568008, 
objectives:
-111.330800131979, -74.16338299366393, 8789.677426324277, 

parameters:
0.25986681259591726, -88.75333958720263, 16.780304486156144, 
objectives:
-105.46611331307001, -68.9449715911414, 7861.442514155443, 

parameters:
-0.2791796561129595, -74.89666913937677, 14.483747649148714, 
objectives:
-89.30247550813813, -55.21826158538887, 5596.105241804512, 

parameters:
3.086988881684964, -11.72267635109717, 5.556508477573569, 
objectives:
-7.749684473024155, -4.984623044616873, 142.3941327106459, 

parameters:
3.4971844538699486, -91.70204261520281, 0, 
objectives:
-79.47174351081316, -89.46048132629296, 8422.494918904862, 

parameters:
3.335161607376196, -65.74909783249055, 4.220044751267073, 
objectives:
-58.845839636441454, -59.746396563412084, 4330.847123982462, 

parameters:
3.3447250743499124, -67.72897078954253, 17.603335438943894, 
objectives:
-74.14512040550139, -48.31734982501326, 4581.797334594747, 

parameters:
2.794526743749786, -53.79171338241537, 3.7244963901771455, 
objectives:
-49.706830051059725, -49.43594424570458, 2898.63331194728, 

parameters:
0.9427342674918513, -81.49761115003332, 18.152157817350833, 
objectives:
-98.76102106828077, -62.2276425035465, 6625.597213243789, 

parameters:
2.544037780947064, -6.312841548755813, 17.00217868227254, 
objectives:
-16.842892000142292, 10.985314240614532, 30.321917968311215, 

parameters:
4.136168146240847, -27.215674313280232, 13.693594101211666, 
objectives:
-23.801381480514458, -8.958865863054513, 745.1072211593071, 

parameters:
0.4097184311170423, -34.24467238171113, 14.642930855149483, 
objectives:
-48.7197340440636, -17.07274605823281, 1159.222524868377, 

parameters:
0.05995598041963168, -72.91682837888625, 19.934525135592764, 
objectives:
-92.84775879489094, -49.21853244538393, 5297.932930419947, 

parameters:
-0.6754442380521244, -36.705681169446656, 20.0, 
objectives:
-56.24945625072884, -9.547679298520343, 1328.7632550317887, 

parameters:
2.600726952732725, -49.80220123492062, 19.27458794115389, 
objectives:
-62.31300849340406, -30.166740422027182, 2468.748440585045, 

parameters:
-0.3094847240779881, -10.336025379826141, 20, 
objectives:
-30.240244585388513, 14.997694310923439, 87.92920144684776, 

parameters:
-1.220665534866939, -58.475772424965996, 19.296781294253844, 
objectives:
-76.28252937120784, -28.806304643232405, 3402.6092037501717, 

parameters:
2.7485247774276593, -33.597940903001046, 11.991754503962907, 
objectives:
-38.03530695483019, -21.04589705661501, 1125.3842668697214, 

parameters:
-1.9650774233893555, -48.53066548414382, 20, 
objectives:
-64.66913620422926, -12.80882651067185, 2340.087021613783, 

parameters:
-1.3652510945725382, -85.2406226903925, 4.703814310395195, 
objectives:
-88.08052644955617, -69.21189345047563, 7264.1238528866925, 

parameters:
2.627658174005398, -77.92090280328352, 0, 
objectives:
-71.01631532386614, -77.52694801988774, 6079.571681158176, 

parameters:
0.7889708887228095, -60.6431786224367, 16.92949782736596, 
objectives:
-76.9502013865506, -42.24708928670992, 3662.2880906686496, 

parameters:
3.2388836508236416, -88.23356026629722, 0.0, 
objectives:
-77.74319296272454, -86.6987275660191, 7796.651524569876, 

parameters:
1.009273856774083, -15.454578474082469, 17.610350921495566, 
objectives:
-32.0462956776104, 3.1373107382843983, 223.2522786080453, 

parameters:
-1.1056967553464583, -21.42595331503984, 20, 
objectives:
-40.203388000256155, 8.219399021129677, 441.2940407730505, 

parameters:
-2.3901922997933327, -84.42433065814329, 0.3482793228181502, 
objectives:
-79.05959075097009, -64.80226290616048, 7133.8323469826855, 

parameters:
3.460414336141504, -81.31283155189561, 0, 
objectives:
-69.33836417412196, -79.18002151868798, 6624.7510423647245, 

parameters:
-1.799627624512563, -19.591406605565446, 19.978679907220474, 
objectives:
-36.33142692587719, 14.824443386614012, 368.0831924642817, 

parameters:
2.8398271164757705, -100, 19.94741193302424, 
objectives:
-111.88279388155316, -79.34727848140776, 9989.117206118446, 

parameters:
2.005348233026507, -58.736712868360506, 17.750986617895673, 
objectives:
-72.46627795055365, -40.98569764686833, 3437.2718734980335, 

parameters:
-1.3072336234396178, -25.52701968594748, 14.982708926569313, 
objectives:
-38.800868866265716, 0.3934834806313763, 639.3548848664319, 

parameters:
3.7507559531863066, -84.69554808035463, 0.0, 
objectives:
-70.62737785999211, -81.63040167273734, 7188.404034852025, 

parameters:
2.2941880671627977, -22.349213276602512, 20, 
objectives:
-37.085914389090334, -2.26266665774153, 485.7506329705782, 

parameters:
3.9420805043954896, -59.460816443571694, 13.572522449678623, 
objectives:
-57.49334019011532, -42.11661730834003, 3538.5561683895826, 

