Generation 1629 at Fri May 24 19:48:16 2019
parameters:
0.05101637681523949, -100, 19.95971668145522, 
objectives:
-119.95711401075187, -76.24174615510238, 9981.042885989249, 

parameters:
2.5566480181432727, -0.5485089123446478, 7.551539606173935, 
objectives:
-1.5635994298426592, 7.31288770993212, 0.2857715094234967, 

parameters:
-4.152245050388544, -30.614048929598674, 20, 
objectives:
-33.37290997112251, 27.236070230431665, 935.461130822338, 

parameters:
-0.09310337269809921, -0.38187417318528993, 20, 
objectives:
-20.37320593517753, 23.999207555614866, -18.84550387784629, 

parameters:
1.9973066371654076, -100, 0, 
objectives:
-96.01076619713501, -99.99999274579665, 10004.989233802866, 

parameters:
3.6386612744000613, -97.13514111123636, 0, 
objectives:
-83.89528524141768, -94.44993033901793, 9449.47549456962, 

parameters:
-0.1122638329769432, -46.71875668089979, 6.920458095090676, 
objectives:
-53.62661160779579, -35.33664008570667, 2176.7343708822227, 

parameters:
-0.2791796561129595, -74.89666913937677, 14.483747649148714, 
objectives:
-89.30247550813813, -55.21826158538887, 5596.105241804512, 

parameters:
3.086988881684964, -11.72267635109717, 5.556508477573569, 
objectives:
-7.749684473024155, -4.984623044616873, 142.3941327106459, 

parameters:
2.600726952732725, -49.80220123492062, 19.27458794115389, 
objectives:
-62.31300849340406, -30.166740422027182, 2468.748440585045, 

parameters:
0.3927041289528854, -99.46808299992648, 13.213559508694278, 
objectives:
-112.52742597572411, -83.67112347414711, 9881.840192704465, 

parameters:
-1.3652510945725382, -85.2406226903925, 4.703814310395195, 
objectives:
-88.08052644955617, -69.21189345047563, 7264.1238528866925, 

parameters:
-1.5113107863449602, -38.46822883111531, 12.76675293890073, 
objectives:
-48.95092147709342, -13.372172453912121, 1470.3219367570732, 

parameters:
0.9427342674918513, -81.49761115003332, 18.152157817350833, 
objectives:
-98.76102106828077, -62.2276425035465, 6625.597213243789, 

parameters:
3.3447250743499124, -67.72897078954253, 17.603335438943894, 
objectives:
-74.14512040550139, -48.31734982501326, 4581.797334594747, 

parameters:
0.25986681259591726, -88.75333958720263, 16.780304486156144, 
objectives:
-105.46611331307001, -68.9449715911414, 7861.442514155443, 

parameters:
-0.48419914675340303, -61.58875029667281, 7.346931106802469, 
objectives:
-68.70123258975856, -48.07057378914001, 3787.06168081283, 

parameters:
0.28128912263680433, -69.71890239949016, 4.38074130808044, 
objectives:
-74.02052013705682, -62.384194011443164, 4857.4237340520685, 

parameters:
2.544037780947064, -6.312841548755813, 17.00217868227254, 
objectives:
-16.842892000142292, 10.985314240614532, 30.321917968311215, 

parameters:
4.144745054603133, -22.19631772396619, 20, 
objectives:
-25.01740615630906, 2.403613625278407, 490.8554320709127, 

parameters:
-1.7180325348462788, -58.2418479996441, 15.782996409541546, 
objectives:
-71.07320861839531, -28.635085659927107, 3380.2814977948965, 

parameters:
2.7485247774276593, -33.597940903001046, 11.991754503962907, 
objectives:
-38.03530695483019, -21.04589705661501, 1125.3842668697214, 

parameters:
-0.3094847240779881, -10.336025379826141, 20, 
objectives:
-30.240244585388513, 14.997694310923439, 87.92920144684776, 

parameters:
-1.9023961502727844, -52.38897377184099, 17.41491816806995, 
objectives:
-66.18478082733823, -19.745359890107192, 2731.808765811146, 

parameters:
1.1779749255562895, -78.25946851407338, 17.036243850994033, 
objectives:
-93.90808743982805, -60.54749944006516, 6109.895793179488, 

parameters:
4.136168146240847, -27.215674313280232, 13.693594101211666, 
objectives:
-23.801381480514458, -8.958865863054513, 745.1072211593071, 

parameters:
0.10073517765237328, -42.734025581455924, 1.2742082525064058, 
objectives:
-43.99808625794567, -37.852610463542355, 1825.9328817200394, 

parameters:
0.7889708887228095, -60.6431786224367, 16.92949782736596, 
objectives:
-76.9502013865506, -42.24708928670992, 3662.2880906686496, 

parameters:
4.102479624216638, -40.36946999955512, 18.28405712776541, 
objectives:
-41.82318806020784, -17.664992301543574, 1629.2403899843282, 

parameters:
3.4971844538699486, -91.70204261520281, 0, 
objectives:
-79.47174351081316, -89.46048132629296, 8422.494918904862, 

parameters:
-4.082151605300948, -33.156075135235184, 19.322064065550723, 
objectives:
-35.814177472124804, 23.158557080180433, 1097.6672160364715, 

parameters:
3.2388836508236416, -88.23356026629722, 0.0, 
objectives:
-77.74319296272454, -86.6987275660191, 7796.651524569876, 

parameters:
0.7414000963308003, -92.94801872996229, 17.37651582631461, 
objectives:
-109.77486045343758, -73.98742918613155, 8623.507344101947, 

parameters:
0.6932617642052397, -93.84117990811995, 17.970232097568008, 
objectives:
-111.330800131979, -74.16338299366393, 8789.677426324277, 

parameters:
5.496384291850019, -56.08540647937292, 4.7461772194120675, 
objectives:
-30.621343415089356, -39.114526143665294, 3172.03688302077, 

parameters:
1.9418817860048592, -78.23760777396714, 16.181018704796323, 
objectives:
-90.64772160794604, -62.05321134237284, 6109.713156359145, 

parameters:
1.009273856774083, -15.454578474082469, 17.610350921495566, 
objectives:
-32.0462956776104, 3.1373107382843983, 223.2522786080453, 

parameters:
1.0023326421283114, -90.4345599606483, 0, 
objectives:
-89.42988923517238, -89.43921980368563, 8180.414306001569, 

