Generation 1632 at Fri May 24 19:48:16 2019
parameters:
2.5566480181432727, -0.5485089123446478, 7.551539606173935, 
objectives:
-1.5635994298426592, 7.31288770993212, 0.2857715094234967, 

parameters:
0.05101637681523949, -100, 19.95971668145522, 
objectives:
-119.95711401075187, -76.24174615510238, 9981.042885989249, 

parameters:
-4.152245050388544, -30.614048929598674, 20, 
objectives:
-33.37290997112251, 27.236070230431665, 935.461130822338, 

parameters:
-0.09310337269809921, -0.38187417318528993, 20, 
objectives:
-20.37320593517753, 23.999207555614866, -18.84550387784629, 

parameters:
1.9973066371654076, -100, 0, 
objectives:
-96.01076619713501, -99.99999274579665, 10004.989233802866, 

parameters:
3.086988881684964, -11.72267635109717, 5.556508477573569, 
objectives:
-7.749684473024155, -4.984623044616873, 142.3941327106459, 

parameters:
-1.4442400664357808, -66.65009410399202, 8.714352715791332, 
objectives:
-73.27861745028493, -46.07295175295913, 4436.606520724698, 

parameters:
0.3927041289528854, -99.46808299992648, 13.213559508694278, 
objectives:
-112.52742597572411, -83.67112347414711, 9881.840192704465, 

parameters:
3.6386612744000613, -97.13514111123636, 0, 
objectives:
-83.89528524141768, -94.44993033901793, 9449.47549456962, 

parameters:
-0.2791796561129595, -74.89666913937677, 14.483747649148714, 
objectives:
-89.30247550813813, -55.21826158538887, 5596.105241804512, 

parameters:
4.144745054603133, -22.19631772396619, 20, 
objectives:
-25.01740615630906, 2.403613625278407, 490.8554320709127, 

parameters:
-0.4841616919551859, -34.01959098393765, 4.174884707591893, 
objectives:
-37.96006314757263, -23.6736469645681, 1154.3920985507766, 

parameters:
-0.48419914675340303, -61.58875029667281, 7.346931106802469, 
objectives:
-68.70123258975856, -48.07057378914001, 3787.06168081283, 

parameters:
0.10073517765237328, -42.734025581455924, 1.2742082525064058, 
objectives:
-43.99808625794567, -37.852610463542355, 1825.9328817200394, 

parameters:
-0.3094847240779881, -10.336025379826141, 20, 
objectives:
-30.240244585388513, 14.997694310923439, 87.92920144684776, 

parameters:
2.544037780947064, -6.312841548755813, 17.00217868227254, 
objectives:
-16.842892000142292, 10.985314240614532, 30.321917968311215, 

parameters:
1.3735191697301565, -57.59611351954224, 7.324088144698636, 
objectives:
-63.03364675462466, -49.87954714414801, 3312.8747593209146, 

parameters:
1.3688269884498891, -69.95612558581709, 13.38637594322384, 
objectives:
-81.46881420473214, -56.17137027208402, 4883.346818359697, 

parameters:
4.102479624216638, -40.36946999955512, 18.28405712776541, 
objectives:
-41.82318806020784, -17.664992301543574, 1629.2403899843282, 

parameters:
0.25986681259591726, -88.75333958720263, 16.780304486156144, 
objectives:
-105.46611331307001, -68.9449715911414, 7861.442514155443, 

parameters:
1.098903602937236, -83.6962983360265, 11.032235368974174, 
objectives:
-93.52094457645224, -71.85208825025283, 6996.2457089127265, 

parameters:
2.3253367126403135, -87.94483609682632, 9.697763217708921, 
objectives:
-92.23540848738239, -78.1412289025258, 7731.00362370709, 

parameters:
-1.5113107863449602, -38.46822883111531, 12.76675293890073, 
objectives:
-48.95092147709342, -13.372172453912121, 1470.3219367570732, 

parameters:
2.600726952732725, -49.80220123492062, 19.27458794115389, 
objectives:
-62.31300849340406, -30.166740422027182, 2468.748440585045, 

parameters:
3.4971844538699486, -91.70204261520281, 0, 
objectives:
-79.47174351081316, -89.46048132629296, 8422.494918904862, 

parameters:
-0.1122638329769432, -46.71875668089979, 6.920458095090676, 
objectives:
-53.62661160779579, -35.33664008570667, 2176.7343708822227, 

parameters:
-1.4908082016771116, -52.27904544764884, 4.491765318751522, 
objectives:
-54.54830167221262, -35.60153822800113, 2731.829336692769, 

parameters:
1.1779749255562895, -78.25946851407338, 17.036243850994033, 
objectives:
-93.90808743982805, -60.54749944006516, 6109.895793179488, 

parameters:
-1.7180325348462788, -58.2418479996441, 15.782996409541546, 
objectives:
-71.07320861839531, -28.635085659927107, 3380.2814977948965, 

parameters:
3.155120154416408, -68.3738428591285, 0, 
objectives:
-58.41905967032388, -67.03954028798951, 4685.937170513603, 

parameters:
4.136168146240847, -27.215674313280232, 13.693594101211666, 
objectives:
-23.801381480514458, -8.958865863054513, 745.1072211593071, 

parameters:
0.7937015814343935, -93.88676927055546, 0.8194120485227491, 
objectives:
-94.07621911870676, -91.61220134739882, 8815.535994214366, 

parameters:
0.7552360798100655, -90.72839742359238, 0, 
objectives:
-90.15801588734551, -89.17896020658577, 8233.212480589571, 

parameters:
-0.02782243238635601, -80.53374126319231, 12.763704615497373, 
objectives:
-93.2966717909458, -63.65797283040561, 6473.92055131905, 

parameters:
1.2092090801806148, -31.541465814066406, 20, 
objectives:
-50.07927921447516, -10.916115535197616, 977.3262522995111, 

parameters:
0.9683220955551164, -88.89834123486834, 6.42933507650466, 
objectives:
-94.39002863063274, -81.4046468598439, 7898.423386915328, 

parameters:
-0.802768492895177, -100, 0, 
objectives:
-99.35556274681481, -92.1444887752341, 10001.644437253186, 

parameters:
0.9427342674918513, -81.49761115003332, 18.152157817350833, 
objectives:
-98.76102106828077, -62.2276425035465, 6625.597213243789, 

parameters:
0.8065381675588035, -82.17086461153313, 13.701401966999523, 
objectives:
-95.22176276280355, -67.0451114990397, 6740.000092855638, 

