Generation 1634 at Fri May 24 19:48:16 2019
parameters:
2.5566480181432727, -0.5485089123446478, 7.551539606173935, 
objectives:
-1.5635994298426592, 7.31288770993212, 0.2857715094234967, 

parameters:
0.05101637681523949, -100, 19.95971668145522, 
objectives:
-119.95711401075187, -76.24174615510238, 9981.042885989249, 

parameters:
-2.2612058988027117, -6.062053735446344, 20, 
objectives:
-20.949001618666166, 32.095821976544684, 22.861547608219162, 

parameters:
-0.09310337269809921, -0.38187417318528993, 20, 
objectives:
-20.37320593517753, 23.999207555614866, -18.84550387784629, 

parameters:
1.9973066371654076, -100, 0, 
objectives:
-96.01076619713501, -99.99999274579665, 10004.989233802866, 

parameters:
3.086988881684964, -11.72267635109717, 5.556508477573569, 
objectives:
-7.749684473024155, -4.984623044616873, 142.3941327106459, 

parameters:
1.1779749255562895, -78.25946851407338, 17.036243850994033, 
objectives:
-93.90808743982805, -60.54749944006516, 6109.895793179488, 

parameters:
0.25986681259591726, -88.75333958720263, 16.780304486156144, 
objectives:
-105.46611331307001, -68.9449715911414, 7861.442514155443, 

parameters:
1.098903602937236, -83.6962983360265, 11.032235368974174, 
objectives:
-93.52094457645224, -71.85208825025283, 6996.2457089127265, 

parameters:
0.3927041289528854, -99.46808299992648, 13.213559508694278, 
objectives:
-112.52742597572411, -83.67112347414711, 9881.840192704465, 

parameters:
4.144745054603133, -22.19631772396619, 20, 
objectives:
-25.01740615630906, 2.403613625278407, 490.8554320709127, 

parameters:
3.6386612744000613, -97.13514111123636, 0, 
objectives:
-83.89528524141768, -94.44993033901793, 9449.47549456962, 

parameters:
-0.48419914675340303, -61.58875029667281, 7.346931106802469, 
objectives:
-68.70123258975856, -48.07057378914001, 3787.06168081283, 

parameters:
-1.4442400664357808, -66.65009410399202, 8.714352715791332, 
objectives:
-73.27861745028493, -46.07295175295913, 4436.606520724698, 

parameters:
-0.4841616919551859, -34.01959098393765, 4.174884707591893, 
objectives:
-37.96006314757263, -23.6736469645681, 1154.3920985507766, 

parameters:
-0.2962333922904614, -91.68721907161063, 5.324520724695914, 
objectives:
-96.92398557359863, -81.09001055504496, 8402.30937458353, 

parameters:
3.155120154416408, -68.3738428591285, 0, 
objectives:
-58.41905967032388, -67.03954028798951, 4685.937170513603, 

parameters:
3.4971844538699486, -91.70204261520281, 0, 
objectives:
-79.47174351081316, -89.46048132629296, 8422.494918904862, 

parameters:
-1.4908082016771116, -52.27904544764884, 4.491765318751522, 
objectives:
-54.54830167221262, -35.60153822800113, 2731.829336692769, 

parameters:
-2.364776112935216, -47.25413708064471, 8.881096035825253, 
objectives:
-50.54306705216097, -19.321770528769605, 2230.6645412648454, 

parameters:
-4.152245050388544, -30.614048929598674, 20, 
objectives:
-33.37290997112251, 27.236070230431665, 935.461130822338, 

parameters:
-1.5113107863449602, -38.46822883111531, 12.76675293890073, 
objectives:
-48.95092147709342, -13.372172453912121, 1470.3219367570732, 

parameters:
3.119579305632916, -95.98615273918792, 1.6417731530146695, 
objectives:
-87.89615084806944, -93.09092176457176, 9222.43151956183, 

parameters:
-0.2791796561129595, -74.89666913937677, 14.483747649148714, 
objectives:
-89.30247550813813, -55.21826158538887, 5596.105241804512, 

parameters:
-0.8380882035111976, -92.79879737154042, 0, 
objectives:
-92.0964055346758, -84.744052720631, 8613.319185441082, 

parameters:
3.576507717462248, -43.069511446687756, 0, 
objectives:
-30.278103993620736, -40.58413486346973, 1868.7742237094346, 

parameters:
2.3253367126403135, -87.94483609682632, 9.697763217708921, 
objectives:
-92.23540848738239, -78.1412289025258, 7731.00362370709, 

parameters:
-0.9617998561917567, -24.779699707509728, 9.02839314544946, 
objectives:
-32.8830338895887, -6.9790481739227594, 606.9301834122787, 

parameters:
0.10073517765237328, -42.734025581455924, 1.2742082525064058, 
objectives:
-43.99808625794567, -37.852610463542355, 1825.9328817200394, 

parameters:
-1.3116401250441492, -38.728454970844446, 6.301586736574259, 
objectives:
-43.30964188979287, -21.459907916467763, 1496.3120375097774, 

parameters:
4.729326886410026, -73.65172902390496, 12.389968747313347, 
objectives:
-63.67516497269756, -53.812535023710964, 5435.5537522619325, 

parameters:
0.9336253775381099, -54.30173819378888, 7.851145687787405, 
objectives:
-61.28122753599311, -45.313437670570735, 2942.699281524586, 

parameters:
2.600726952732725, -49.80220123492062, 19.27458794115389, 
objectives:
-62.31300849340406, -30.166740422027182, 2468.748440585045, 

parameters:
-1.534696802097014, -54.02538907533588, 13.291184924500481, 
objectives:
-64.96127972546957, -28.24012266808054, 2908.8067740912875, 

parameters:
0.1130005993008032, -70.67958240635386, 17.298356239874405, 
objectives:
-87.96516951078593, -49.820459428240326, 4979.317782032134, 

parameters:
-1.7180325348462788, -58.2418479996441, 15.782996409541546, 
objectives:
-71.07320861839531, -28.635085659927107, 3380.2814977948965, 

parameters:
3.778277818560638, -37.22635699569241, 4.140804761827641, 
objectives:
-27.09177848329272, -29.92328023387999, 1396.936233683137, 

parameters:
1.3735191697301565, -57.59611351954224, 7.324088144698636, 
objectives:
-63.03364675462466, -49.87954714414801, 3312.8747593209146, 

