Generation 1637 at Fri May 24 19:48:16 2019
parameters:
2.5566480181432727, -0.5485089123446478, 7.551539606173935, 
objectives:
-1.5635994298426592, 7.31288770993212, 0.2857715094234967, 

parameters:
0.05101637681523949, -100, 19.95971668145522, 
objectives:
-119.95711401075187, -76.24174615510238, 9981.042885989249, 

parameters:
-2.2612058988027117, -6.062053735446344, 20, 
objectives:
-20.949001618666166, 32.095821976544684, 22.861547608219162, 

parameters:
-0.09310337269809921, -0.38187417318528993, 20, 
objectives:
-20.37320593517753, 23.999207555614866, -18.84550387784629, 

parameters:
1.9973066371654076, -100, 0, 
objectives:
-96.01076619713501, -99.99999274579665, 10004.989233802866, 

parameters:
-0.48419914675340303, -61.58875029667281, 7.346931106802469, 
objectives:
-68.70123258975856, -48.07057378914001, 3787.06168081283, 

parameters:
-0.4841616919551859, -34.01959098393765, 4.174884707591893, 
objectives:
-37.96006314757263, -23.6736469645681, 1154.3920985507766, 

parameters:
0.36825714940248494, -55.87590338685495, 18.40024299789471, 
objectives:
-74.14053305666361, -34.81307565848414, 3104.85194962734, 

parameters:
-1.5113107863449602, -38.46822883111531, 12.76675293890073, 
objectives:
-48.95092147709342, -13.372172453912121, 1470.3219367570732, 

parameters:
1.098903602937236, -83.6962983360265, 11.032235368974174, 
objectives:
-93.52094457645224, -71.85208825025283, 6996.2457089127265, 

parameters:
3.155120154416408, -68.3738428591285, 0, 
objectives:
-58.41905967032388, -67.03954028798951, 4685.937170513603, 

parameters:
-0.656674438862066, -6.68588892712696, 20.0, 
objectives:
-26.25466760847215, 20.372030146976112, 26.132332064533706, 

parameters:
-1.4878217228100288, -93.43922054842753, 19.29254698671634, 
objectives:
-110.51815405627846, -61.981773191605676, 8714.80900318983, 

parameters:
-0.35185402155185375, -19.983568058644288, 16.5583191632351, 
objectives:
-36.418085969397175, 2.1059684432804424, 383.9084744437153, 

parameters:
-1.4442400664357808, -66.65009410399202, 8.714352715791332, 
objectives:
-73.27861745028493, -46.07295175295913, 4436.606520724698, 

parameters:
2.4099449270558715, -74.37404662864851, 17.411374886687522, 
objectives:
-85.97758696389371, -56.79461689874215, 5520.895271585138, 

parameters:
-2.364776112935216, -47.25413708064471, 8.881096035825253, 
objectives:
-50.54306705216097, -19.321770528769605, 2230.6645412648454, 

parameters:
3.3247731317218285, -25.956892102749315, 3.613639254907296, 
objectives:
-18.516414980237236, -20.588228997309955, 682.2007247562818, 

parameters:
-1.4971924669116432, -78.33735197168333, 0, 
objectives:
-76.09576668870636, -66.1069968210598, 6139.982299218375, 

parameters:
3.086988881684964, -11.72267635109717, 5.556508477573569, 
objectives:
-7.749684473024155, -4.984623044616873, 142.3941327106459, 

parameters:
-0.2962333922904614, -91.68721907161063, 5.324520724695914, 
objectives:
-96.92398557359863, -81.09001055504496, 8402.30937458353, 

parameters:
3.6386612744000613, -97.13514111123636, 0, 
objectives:
-83.89528524141768, -94.44993033901793, 9449.47549456962, 

parameters:
0.25986681259591726, -88.75333958720263, 16.780304486156144, 
objectives:
-105.46611331307001, -68.9449715911414, 7861.442514155443, 

parameters:
1.4655975622892656, -97.73533830160528, 8.094441684807618, 
objectives:
-103.68180377182466, -89.35531065136648, 9547.249887459013, 

parameters:
4.007425066307382, -8.059790012440661, 15.374671950609647, 
objectives:
-7.37500630098158, 11.344637335008183, 66.64499875609731, 

parameters:
-0.2791796561129595, -74.89666913937677, 14.483747649148714, 
objectives:
-89.30247550813813, -55.21826158538887, 5596.105241804512, 

parameters:
2.3253367126403135, -87.94483609682632, 9.697763217708921, 
objectives:
-92.23540848738239, -78.1412289025258, 7731.00362370709, 

parameters:
-0.6613945525042175, -36.549252146822255, 18.14758142356038, 
objectives:
-54.25939081630038, -11.318649759162753, 1319.1376938225133, 

parameters:
1.1375161731321917, -48.72484264488755, 9.155787526039669, 
objectives:
-56.58668712678991, -38.82517676723935, 2367.2484462871503, 

parameters:
0.5674586689509269, -99.3316758159535, 0.0, 
objectives:
-99.00966647498595, -97.27950115078966, 9868.10382974665, 

parameters:
3.216014745206801, -10.542704925253837, 11.97509020343946, 
objectives:
-12.175044287305731, 2.911077138745986, 110.51628777891962, 

parameters:
0.38872034768663694, -94.46879583361572, 1.0047684364769374, 
objectives:
-95.32246076138703, -90.8678052791797, 8924.4997213256, 

parameters:
0.5426392100446444, -77.75776631091821, 13.22125026898279, 
objectives:
-90.68455926762313, -62.412615569836134, 6034.343428706663, 

parameters:
3.4971844538699486, -91.70204261520281, 0, 
objectives:
-79.47174351081316, -89.46048132629296, 8422.494918904862, 

parameters:
1.4523407944166669, -49.753518057793634, 2.04136501601168, 
objectives:
-49.68558929067848, -47.412222436321784, 2476.4804878943123, 

