Generation 1642 at Fri May 24 19:48:16 2019
parameters:
0.05101637681523949, -100, 19.95971668145522, 
objectives:
-119.95711401075187, -76.24174615510238, 9981.042885989249, 

parameters:
2.8176885481793703, -2.97601890747638, 3.7245270329918334, 
objectives:
1.2388228140729538, 1.4171226873391398, 14.071530259206241, 

parameters:
-2.2612058988027117, -6.062053735446344, 20, 
objectives:
-20.949001618666166, 32.095821976544684, 22.861547608219162, 

parameters:
-0.09310337269809921, -0.38187417318528993, 20, 
objectives:
-20.37320593517753, 23.999207555614866, -18.84550387784629, 

parameters:
1.9973066371654076, -100, 0, 
objectives:
-96.01076619713501, -99.99999274579665, 10004.989233802866, 

parameters:
3.155120154416408, -68.3738428591285, 0, 
objectives:
-58.41905967032388, -67.03954028798951, 4685.937170513603, 

parameters:
-0.48419914675340303, -61.58875029667281, 7.346931106802469, 
objectives:
-68.70123258975856, -48.07057378914001, 3787.06168081283, 

parameters:
3.086988881684964, -11.72267635109717, 5.556508477573569, 
objectives:
-7.749684473024155, -4.984623044616873, 142.3941327106459, 

parameters:
2.4099449270558715, -74.37404662864851, 17.411374886687522, 
objectives:
-85.97758696389371, -56.79461689874215, 5520.895271585138, 

parameters:
-1.4878217228100288, -93.43922054842753, 19.29254698671634, 
objectives:
-110.51815405627846, -61.981773191605676, 8714.80900318983, 

parameters:
3.3247731317218285, -25.956892102749315, 3.613639254907296, 
objectives:
-18.516414980237236, -20.588228997309955, 682.2007247562818, 

parameters:
1.4655975622892656, -97.73533830160528, 8.094441684807618, 
objectives:
-103.68180377182466, -89.35531065136648, 9547.249887459013, 

parameters:
3.449980180326559, -61.441645227183336, 4.566403635562446, 
objectives:
-54.105685618099706, -54.77279906828105, 3783.4117278321446, 

parameters:
1.7577104418602811, -54.439140728094245, 11.911730131082269, 
objectives:
-63.261324861751845, -42.46870636702843, 2955.797859079592, 

parameters:
-1.5113107863449602, -38.46822883111531, 12.76675293890073, 
objectives:
-48.95092147709342, -13.372172453912121, 1470.3219367570732, 

parameters:
0.28151716824433803, -91.06291387805655, 0, 
objectives:
-90.98366196204024, -88.10973063501758, 8293.533535878361, 

parameters:
-0.4841616919551859, -34.01959098393765, 4.174884707591893, 
objectives:
-37.96006314757263, -23.6736469645681, 1154.3920985507766, 

parameters:
2.3253367126403135, -87.94483609682632, 9.697763217708921, 
objectives:
-92.23540848738239, -78.1412289025258, 7731.00362370709, 

parameters:
3.8192638307818068, -44.891855388657376, 2.6268522428300636, 
objectives:
-32.93193142236932, -38.95528225983642, 2028.2386042024145, 

parameters:
-0.2962333922904614, -91.68721907161063, 5.324520724695914, 
objectives:
-96.92398557359863, -81.09001055504496, 8402.30937458353, 

parameters:
-0.656674438862066, -6.68588892712696, 20.0, 
objectives:
-26.25466760847215, 20.372030146976112, 26.132332064533706, 

parameters:
1.098903602937236, -83.6962983360265, 11.032235368974174, 
objectives:
-93.52094457645224, -71.85208825025283, 6996.2457089127265, 

parameters:
2.1596649410093907, -31.36533654616349, 17.208023717734807, 
objectives:
-43.9092076064732, -14.13181993504115, 972.2404655937894, 

parameters:
-2.1940667931986804, -9.352944058175677, 7.708632608389722, 
objectives:
-12.247647573548258, 15.945884816025908, 85.5828590399911, 

parameters:
0.36825714940248494, -55.87590338685495, 18.40024299789471, 
objectives:
-74.14053305666361, -34.81307565848414, 3104.85194962734, 

parameters:
0.4966942499711924, -82.0279574782032, 0, 
objectives:
-81.78125230024877, -79.76802930013353, 6729.832513223867, 

parameters:
3.83374486559286, -78.05022655623468, 10.15266803343187, 
objectives:
-73.50529489520693, -64.53493829071463, 6097.382797140588, 

parameters:
2.7103498088017925, -42.546789350605806, 9.916874094178223, 
objectives:
-45.11766735871211, -32.12531840556284, 1808.6584060367172, 

parameters:
1.1059577853650606, -95.11837642147117, 0, 
objectives:
-93.89523379846158, -94.31906493992182, 9049.728675679693, 

parameters:
0.8661736245970397, -0.014980374176008837, 3.172762896426757, 
objectives:
-2.4374865226551923, 4.443344771810162, -1.4222817368687302, 

parameters:
-0.3659254871064662, -4.548442741019315, 7.521278605812502, 
objectives:
-11.935819884717713, 8.570439275333156, 14.3009542246329, 

parameters:
3.2197576723946617, -49.76412743550782, 5.972748883051158, 
objectives:
-45.370036849614685, -42.30356977309101, 2481.8624700033547, 

parameters:
1.1375161731321917, -48.72484264488755, 9.155787526039669, 
objectives:
-56.58668712678991, -38.82517676723935, 2367.2484462871503, 

parameters:
-1.4971924669116432, -78.33735197168333, 0, 
objectives:
-76.09576668870636, -66.1069968210598, 6139.982299218375, 

parameters:
3.6386612744000613, -97.13514111123636, 0, 
objectives:
-83.89528524141768, -94.44993033901793, 9449.47549456962, 

parameters:
1.9949997022277972, -37.052223184487744, 4.494225390018671, 
objectives:
-37.566424762617416, -32.55797279149127, 1373.3530413349613, 

parameters:
1.4851521337373208, -79.79096687986008, 5.961455743369145, 
objectives:
-83.54674576288471, -73.5644428110957, 6363.842616739904, 

parameters:
-1.246628594789557, -79.67903260601277, 6.952838161127362, 
objectives:
-85.07778791379314, -62.18559721238019, 6344.349481722265, 

