Generation 1647 at Fri May 24 19:48:16 2019
parameters:
2.8176885481793703, -2.97601890747638, 3.7245270329918334, 
objectives:
1.2388228140729538, 1.4171226873391398, 14.071530259206241, 

parameters:
0.05101637681523949, -100, 19.95971668145522, 
objectives:
-119.95711401075187, -76.24174615510238, 9981.042885989249, 

parameters:
-2.2612058988027117, -6.062053735446344, 20, 
objectives:
-20.949001618666166, 32.095821976544684, 22.861547608219162, 

parameters:
-0.09310337269809921, -0.38187417318528993, 20, 
objectives:
-20.37320593517753, 23.999207555614866, -18.84550387784629, 

parameters:
1.9973066371654076, -100, 0, 
objectives:
-96.01076619713501, -99.99999274579665, 10004.989233802866, 

parameters:
3.155120154416408, -68.3738428591285, 0, 
objectives:
-58.41905967032388, -67.03954028798951, 4685.937170513603, 

parameters:
0.4966942499711924, -82.0279574782032, 0, 
objectives:
-81.78125230024877, -79.76802930013353, 6729.832513223867, 

parameters:
-1.4878217228100288, -93.43922054842753, 19.29254698671634, 
objectives:
-110.51815405627846, -61.981773191605676, 8714.80900318983, 

parameters:
2.7103498088017925, -42.546789350605806, 9.916874094178223, 
objectives:
-45.11766735871211, -32.12531840556284, 1808.6584060367172, 

parameters:
-0.4841616919551859, -34.01959098393765, 4.174884707591893, 
objectives:
-37.96006314757263, -23.6736469645681, 1154.3920985507766, 

parameters:
-1.5113107863449602, -38.46822883111531, 12.76675293890073, 
objectives:
-48.95092147709342, -13.372172453912121, 1470.3219367570732, 

parameters:
-0.48419914675340303, -61.58875029667281, 7.346931106802469, 
objectives:
-68.70123258975856, -48.07057378914001, 3787.06168081283, 

parameters:
-0.18330873391459174, -12.610870340666002, 16.667409497159266, 
objectives:
-29.2446777458959, 8.823376184081, 143.40024334385956, 

parameters:
2.2477693597570676, -52.93124838282737, 13.073144684053203, 
objectives:
-60.95192597221788, -39.79671404313974, 2794.696377775175, 

parameters:
2.3253367126403135, -87.94483609682632, 9.697763217708921, 
objectives:
-92.23540848738239, -78.1412289025258, 7731.00362370709, 

parameters:
0.36825714940248494, -55.87590338685495, 18.40024299789471, 
objectives:
-74.14053305666361, -34.81307565848414, 3104.85194962734, 

parameters:
0.8356227966323493, -1.8255670285109316, 7.600664574943334, 
objectives:
-8.727966145202597, 7.130871818154674, -2.569704141105433, 

parameters:
-0.9709181640452978, -81.4646074431661, 19.161657636668167, 
objectives:
-99.68358299856118, -53.476595069043654, 6619.263290313759, 

parameters:
2.4099449270558715, -74.37404662864851, 17.411374886687522, 
objectives:
-85.97758696389371, -56.79461689874215, 5520.895271585138, 

parameters:
0.37720463956627237, -15.095895647214547, 6.24477221941109, 
objectives:
-21.198384526515316, -6.217658645958225, 222.78357651229035, 

parameters:
-1.20581078990558, -75.78905023115891, 16.277778501087802, 
objectives:
-90.612849071194, -49.23404890939607, 5730.156336101093, 

parameters:
2.1596649410093907, -31.36533654616349, 17.208023717734807, 
objectives:
-43.9092076064732, -14.13181993504115, 972.2404655937894, 

parameters:
1.7577104418602811, -54.439140728094245, 11.911730131082269, 
objectives:
-63.261324861751845, -42.46870636702843, 2955.797859079592, 

parameters:
3.3247731317218285, -25.956892102749315, 3.613639254907296, 
objectives:
-18.516414980237236, -20.588228997309955, 682.2007247562818, 

parameters:
1.4655975622892656, -97.73533830160528, 8.094441684807618, 
objectives:
-103.68180377182466, -89.35531065136648, 9547.249887459013, 

parameters:
-2.0733685394378383, -26.309159774868682, 6.2517184195683, 
objectives:
-28.262021094106387, -3.46511009721843, 691.2190267403306, 

parameters:
0.28151716824433803, -91.06291387805655, 0, 
objectives:
-90.98366196204024, -88.10973063501758, 8293.533535878361, 

parameters:
-0.2656033497098985, -95.10373810135535, 2.7720262781966145, 
objectives:
-97.80521924017485, -87.19875328494201, 9043.019519712368, 

parameters:
-1.1474346553350654, -95.4095301419783, 10.375694499442739, 
objectives:
-104.46861835315714, -75.12749073293139, 9094.919353701887, 

parameters:
1.6709001543551771, -66.42618697224981, 7.656172039669079, 
objectives:
-71.29045168609473, -58.66170822417728, 4408.574050958446, 

parameters:
0.7961656194695257, -11.317174154583888, 5.433452074092752, 
objectives:
-16.116746535051348, -4.434504864743946, 124.27885846471408, 

parameters:
0.9914211146916128, -64.53092287558347, 7.539320874433552, 
objectives:
-71.08732792336066, -55.974370633260015, 4158.683602126725, 

parameters:
1.0731294979089885, -75.16698755833082, 0, 
objectives:
-74.01538063904842, -74.30789863068438, 5652.227625513542, 

parameters:
1.1059577853650606, -95.11837642147117, 0, 
objectives:
-93.89523379846158, -94.31906493992182, 9049.728675679693, 

parameters:
1.770922466593739, -100, 6.156670663752655, 
objectives:
-103.0205042810662, -93.79085281993585, 9997.979495718933, 

