Generation 165 at Sat May 25 04:36:26 2019
parameters:
0, 0.0, 20.0, 
objectives:
-20.0, 24.0, -19.0, 

parameters:
0, 0.0, 20.0, 
objectives:
-20.0, 24.0, -19.0, 

parameters:
2.003485383126764, 0.0, 20.0, 
objectives:
-15.986046319597403, 20.00001214789554, -14.986046319597403, 

parameters:
1.5228803842599055, 0.0, 20.0, 
objectives:
-17.680835335236402, 20.227643127723976, -16.680835335236402, 

parameters:
0.2524337997605971, 0.0, 20.0, 
objectives:
-19.936277176738425, 23.053987624219186, -18.936277176738425, 

parameters:
0.41561317776197965, 0.0, 20.0, 
objectives:
-19.82726568647059, 22.51028160248149, -18.82726568647059, 

parameters:
1.2274826837795787, 0.0, 20.0, 
objectives:
-18.493286261021282, 20.596783003860402, -17.493286261021282, 

parameters:
1.8684415155530796, 0.0, 20.0, 
objectives:
-16.50892630295771, 20.017307634829972, -15.508926302957711, 

parameters:
1.9304566025460497, 0.0, 20.0, 
objectives:
-16.27333730568636, 20.00483628412944, -15.273337305686363, 

parameters:
0.9327703655332412, 0.0, 20.0, 
objectives:
-19.129939445182984, 21.138979092684053, -18.129939445182984, 

parameters:
0.06955407942574182, 0.0, 20.0, 
objectives:
-19.995162230035238, 23.726621452261796, -18.995162230035238, 

parameters:
0.5137519798275516, 0.0, 20.0, 
objectives:
-19.73605890322327, 22.208933177466523, -18.73605890322327, 

parameters:
1.8114025874771655, 0.0, 20.0, 
objectives:
-16.71882066608103, 20.035568984010308, -15.71882066608103, 

parameters:
0.30435310290112844, 0.0, 20.0, 
objectives:
-19.907369188754455, 22.87521839964103, -18.907369188754455, 

parameters:
1.2996345035074726, 0.0, 20.0, 
objectives:
-18.310950157292886, 20.490511828677224, -17.310950157292886, 

parameters:
1.342361195653556, 0.0, 20.0, 
objectives:
-18.198066420403556, 20.43248879698222, -17.198066420403556, 

parameters:
1.1548183549425324, 0.0, 20.0, 
objectives:
-18.666394567087824, 20.714332013142048, -17.666394567087824, 

parameters:
1.7666474257768157, 0.0, 20.0, 
objectives:
-16.87895687299615, 20.054453423896586, -15.87895687299615, 

parameters:
1.670978104335414, 0.0, 20.0, 
objectives:
-17.207832174831626, 20.108255407826718, -16.207832174831626, 

parameters:
1.1092153307380734, 0.0, 20.0, 
objectives:
-18.769641350055625, 20.793497326992078, -17.769641350055625, 

parameters:
1.0085263973264054, 0.0, 20.0, 
objectives:
-18.982874505895822, 20.983019904798557, -17.982874505895822, 

parameters:
1.4338870912357342, 0.0, 20.0, 
objectives:
-17.943967809587527, 20.320483825469537, -16.943967809587527, 

parameters:
1.5916250119341968, 0.0, 20.0, 
objectives:
-17.466729821385467, 20.166770130877744, -16.466729821385467, 

parameters:
1.042048731676292, 0.0, 20.0, 
objectives:
-18.914134440811832, 20.917670632483002, -17.914134440811832, 

parameters:
1.4119189440108693, 0.0, 20.0, 
objectives:
-18.00648489554323, 20.34583932841329, -17.00648489554323, 

parameters:
1.9788455856619105, 0.0, 20.0, 
objectives:
-16.08417014810637, 20.000447509245987, -15.08417014810637, 

parameters:
1.6110449995429137, 0.0, 20.0, 
objectives:
-17.404534009447772, 20.151285992380572, -16.404534009447772, 

parameters:
0.8632979658007712, 0.0, 20.0, 
objectives:
-19.25471662224425, 21.292091514552666, -18.25471662224425, 

parameters:
0.6598505307651363, 0.0, 20.0, 
objectives:
-19.564597277048968, 21.796000599890487, -18.564597277048968, 

parameters:
0.7147112216209679, 0.0, 20.0, 
objectives:
-19.489187869689065, 21.651967243827066, -18.489187869689065, 

parameters:
0.7589801403714954, 0.0, 20.0, 
objectives:
-19.423949146521664, 21.54013029199235, -18.423949146521664, 

parameters:
0.6073533086652749, 0.0, 20.0, 
objectives:
-19.631121958453342, 21.939464806885557, -18.631121958453342, 

parameters:
0.8094749824077722, 0.0, 20.0, 
objectives:
-19.34475025285594, 21.417349817512974, -18.34475025285594, 

parameters:
1.7135390874860559, 0.0, 20.0, 
objectives:
-17.063783795657454, 20.08205985439832, -16.063783795657454, 

parameters:
0.5740619993522167, 0.0, 20.0, 
objectives:
-19.670452820899737, 22.033299181691397, -18.670452820899737, 

parameters:
1.7115954761132732, 0.0, 20.0, 
objectives:
-17.070440926148578, 20.08317716939833, -16.070440926148578, 

parameters:
0.8334782943763495, 0.0, 20.0, 
objectives:
-19.305313932803493, 21.360772889691113, -18.305313932803493, 

parameters:
0.05997821649105835, 0.0, 20.0, 
objectives:
-19.99640261354655, 23.763684520489214, -18.99640261354655, 

parameters:
0.5771519555334012, 0.0, 20.0, 
objectives:
-19.666895620223972, 22.024496557642426, -18.666895620223972, 

parameters:
1.429779720111996, 0.0, 20.0, 
objectives:
-17.955729951956464, 20.325151167595553, -16.955729951956464, 

