Generation 1654 at Fri May 24 19:48:16 2019
parameters:
2.8176885481793703, -2.97601890747638, 3.7245270329918334, 
objectives:
1.2388228140729538, 1.4171226873391398, 14.071530259206241, 

parameters:
0.05101637681523949, -100, 19.95971668145522, 
objectives:
-119.95711401075187, -76.24174615510238, 9981.042885989249, 

parameters:
-2.2612058988027117, -6.062053735446344, 20, 
objectives:
-20.949001618666166, 32.095821976544684, 22.861547608219162, 

parameters:
-0.09310337269809921, -0.38187417318528993, 20, 
objectives:
-20.37320593517753, 23.999207555614866, -18.84550387784629, 

parameters:
1.9973066371654076, -100, 0, 
objectives:
-96.01076619713501, -99.99999274579665, 10004.989233802866, 

parameters:
-1.4878217228100288, -93.43922054842753, 19.29254698671634, 
objectives:
-110.51815405627846, -61.981773191605676, 8714.80900318983, 

parameters:
0.5984738882964876, -71.79477347464412, 6.175385222941843, 
objectives:
-77.61198770261325, -63.65511280991551, 5149.672284047493, 

parameters:
-0.18330873391459174, -12.610870340666002, 16.667409497159266, 
objectives:
-29.2446777458959, 8.823376184081, 143.40024334385956, 

parameters:
0.4966942499711924, -82.0279574782032, 0, 
objectives:
-81.78125230024877, -79.76802930013353, 6729.832513223867, 

parameters:
3.3247731317218285, -25.956892102749315, 3.613639254907296, 
objectives:
-18.516414980237236, -20.588228997309955, 682.2007247562818, 

parameters:
-0.46278819182856745, -65.31879459340956, 20, 
objectives:
-85.1046216829136, -39.25346891559934, 4247.759100046526, 

parameters:
3.907060040560283, -78.8273259901342, 7.935501450621009, 
objectives:
-71.49770928021229, -67.25494654121141, 6222.076939464809, 

parameters:
1.0853855166103288, -46.201133262587454, 2.075591007545179, 
objectives:
-47.098662550465164, -43.28902260181612, 2134.6471854594874, 

parameters:
3.1244795221541857, -9.16683213559406, 4.262281383188965, 
objectives:
-3.666741234422176, -3.640096556660989, 90.53090230333184, 

parameters:
4.386144206166923, -23.799802868203418, 3.757682598961413, 
objectives:
-8.31922446987316, -14.348436096618027, 582.9111949636739, 

parameters:
-1.20581078990558, -75.78905023115891, 16.277778501087802, 
objectives:
-90.612849071194, -49.23404890939607, 5730.156336101093, 

parameters:
2.3253367126403135, -87.94483609682632, 9.697763217708921, 
objectives:
-92.23540848738239, -78.1412289025258, 7731.00362370709, 

parameters:
1.5067351386358543, -58.504700113672754, 12.485983439857886, 
objectives:
-68.72043277553064, -45.775406450358275, 3413.5842027289227, 

parameters:
-0.4841616919551859, -34.01959098393765, 4.174884707591893, 
objectives:
-37.96006314757263, -23.6736469645681, 1154.3920985507766, 

parameters:
4.028272508034183, -52.8247398581235, 14.56045899769342, 
objectives:
-51.15821945683291, -34.1503914935828, 2793.1196614797122, 

parameters:
1.958478550284187, -97.39683553824109, 2.1264379825125825, 
objectives:
-95.68763528883042, -95.268673524942, 9488.852773112592, 

parameters:
3.9198739083932095, -19.299173172893823, 3.886328949507229, 
objectives:
-7.8200906646991974, -11.726928399257577, 384.9371676655393, 

parameters:
2.985449083257624, -63.4668422669971, 3.4795383532692754, 
objectives:
-58.03347439154258, -59.01619401803453, 4034.473435219344, 

parameters:
-1.1474346553350654, -95.4095301419783, 10.375694499442739, 
objectives:
-104.46861835315714, -75.12749073293139, 9094.919353701887, 

parameters:
2.616151520012012, -63.09727309333111, 9.41216881761457, 
objectives:
-65.66519313528453, -53.305461580103426, 3979.6979517724526, 

parameters:
2.912931494029837, -60.767851889716304, 9.61885549482167, 
objectives:
-61.90153749562708, -50.31555248210309, 3692.5981376845866, 

parameters:
1.2666176223871242, -52.23581479306498, 19.928088742221853, 
objectives:
-70.55958333394523, -31.769876339050015, 2711.256578554506, 

parameters:
-0.8251875959356121, -83.1633056161804, 15.586171064489399, 
objectives:
-98.06854211218379, -59.59544959946255, 6902.230164514218, 

parameters:
3.5841371903004235, -32.48813213736959, 4.452475348321165, 
objectives:
-24.09456808679614, -25.526166151355504, 1064.8722938257604, 

parameters:
0.9361660418091167, -3.4707440256548656, 16.383086621518007, 
objectives:
-18.977423789336324, 14.044085286463224, -2.4606156720625165, 

parameters:
1.9436283540707442, -40.71159451809294, 4.116930198376425, 
objectives:
-41.05083353772161, -36.59148655725174, 1658.0946891859862, 

parameters:
-1.077337821960354, -38.8012284011251, 2.8181754694980885, 
objectives:
-40.45874708799691, -26.513044861159315, 1504.8778067494054, 

parameters:
2.470110292833784, -93.91950092244244, 3.137255063536869, 
objectives:
-90.95531112721591, -90.5612421714773, 8824.836843315892, 

parameters:
-1.1912708575477016, -86.02133721008113, 9.543373803757385, 
objectives:
-94.14558475779609, -66.29375372009049, 7392.546207862773, 

parameters:
-0.32703936060959404, -86.55761437545303, 17.351936460122076, 
objectives:
-103.80259609218717, -63.79056572950465, 7475.975624652899, 

parameters:
0.06979147994182, -44.749807547061344, 4.887168390289581, 
objectives:
-49.63210508667846, -36.136934225866575, 1998.6629779594114, 

parameters:
2.9935193592085527, -93.63579146377818, 1.456470483281422, 
objectives:
-86.13110379310321, -91.19224026337459, 8776.166130718828, 

parameters:
0.06583200658525445, -82.90330274881096, 8.179618287050722, 
objectives:
-91.07858718277063, -70.98267863501022, 6865.782322227047, 

