Generation 1658 at Fri May 24 19:48:16 2019
parameters:
2.8176885481793703, -2.97601890747638, 3.7245270329918334, 
objectives:
1.2388228140729538, 1.4171226873391398, 14.071530259206241, 

parameters:
0.05101637681523949, -100, 19.95971668145522, 
objectives:
-119.95711401075187, -76.24174615510238, 9981.042885989249, 

parameters:
-2.2612058988027117, -6.062053735446344, 20, 
objectives:
-20.949001618666166, 32.095821976544684, 22.861547608219162, 

parameters:
-0.09310337269809921, -0.38187417318528993, 20, 
objectives:
-20.37320593517753, 23.999207555614866, -18.84550387784629, 

parameters:
1.9973066371654076, -100, 0, 
objectives:
-96.01076619713501, -99.99999274579665, 10004.989233802866, 

parameters:
1.5067351386358543, -58.504700113672754, 12.485983439857886, 
objectives:
-68.72043277553064, -45.775406450358275, 3413.5842027289227, 

parameters:
-0.18330873391459174, -12.610870340666002, 16.667409497159266, 
objectives:
-29.2446777458959, 8.823376184081, 143.40024334385956, 

parameters:
-1.0373259949181164, -49.911954477356616, 2.4373685427601233, 
objectives:
-51.27327780038388, -38.24923673519116, 2490.841876426692, 

parameters:
5.749810506917411, -45.83102897683156, 5.053552030275062, 
objectives:
-17.824260141648764, -26.71639810876829, 2129.489985910357, 

parameters:
3.9198739083932095, -19.299173172893823, 3.886328949507229, 
objectives:
-7.8200906646991974, -11.726928399257577, 384.9371676655393, 

parameters:
2.3253367126403135, -87.94483609682632, 9.697763217708921, 
objectives:
-92.23540848738239, -78.1412289025258, 7731.00362370709, 

parameters:
-0.0022015539019335506, -91.92722260567646, 0.4677629762928898, 
objectives:
-92.39498073512976, -87.45064856693625, 8451.14649786414, 

parameters:
-0.6830247829037659, 0.5963857390221641, 9.392628093517091, 
objectives:
-8.32971950043419, 17.187635818215057, -7.5704292897473415, 

parameters:
1.2666176223871242, -52.23581479306498, 19.928088742221853, 
objectives:
-70.55958333394523, -31.769876339050015, 2711.256578554506, 

parameters:
-0.25286931840898386, -82.44933071944206, 17.686968105564322, 
objectives:
-100.07235593281375, -59.68694244804918, 6781.26911087056, 

parameters:
-1.1474346553350654, -95.4095301419783, 10.375694499442739, 
objectives:
-104.46861835315714, -75.12749073293139, 9094.919353701887, 

parameters:
-1.4854026230969126, -30.529469768067965, 2.3447892147034755, 
objectives:
-30.667838030068253, -16.03664910827365, 932.9101560573755, 

parameters:
-2.450211972096028, -37.52000250656711, 15.532804016204537, 
objectives:
-47.049267814568935, -2.182811893775753, 1399.2213227848003, 

parameters:
0.5984738882964876, -71.79477347464412, 6.175385222941843, 
objectives:
-77.61198770261325, -63.65511280991551, 5149.672284047493, 

parameters:
2.912931494029837, -60.767851889716304, 9.61885549482167, 
objectives:
-61.90153749562708, -50.31555248210309, 3692.5981376845866, 

parameters:
-1.20581078990558, -75.78905023115891, 16.277778501087802, 
objectives:
-90.612849071194, -49.23404890939607, 5730.156336101093, 

parameters:
1.958478550284187, -97.39683553824109, 2.1264379825125825, 
objectives:
-95.68763528883042, -95.268673524942, 9488.852773112592, 

parameters:
1.1855659549210311, -68.7975450580338, 2.739620594454237, 
objectives:
-70.13159901902023, -65.39462164979588, 4732.768152051205, 

parameters:
3.1244795221541857, -9.16683213559406, 4.262281383188965, 
objectives:
-3.666741234422176, -3.640096556660989, 90.53090230333184, 

parameters:
2.229313343382465, -100, 19.229898963091866, 
objectives:
-114.26006098010876, -80.71751642745488, 9986.73993901989, 

parameters:
-0.1997198355569162, -79.85562418506625, 20, 
objectives:
-99.81573617235136, -55.0168568301237, 6357.9606019992525, 

parameters:
0.9596122375316352, -70.73654318196738, 15.611253051086578, 
objectives:
-85.42694058663348, -54.04288343458687, 4989.968143929669, 

parameters:
-0.4841616919551859, -34.01959098393765, 4.174884707591893, 
objectives:
-37.96006314757263, -23.6736469645681, 1154.3920985507766, 

parameters:
-0.08306456113173244, -33.059088161658686, 6.90927676085098, 
objectives:
-39.961465201193654, -21.81065343496477, 1087.0009330407863, 

parameters:
4.2343796965413905, -65.53102446589668, 1.461080336377035, 
objectives:
-49.06213338779176, -59.07749150120324, 4311.7840586280545, 

parameters:
-1.4878217228100288, -93.43922054842753, 19.29254698671634, 
objectives:
-110.51815405627846, -61.981773191605676, 8714.80900318983, 

parameters:
3.7541573175805674, -95.94505408313906, 0.1297127669439346, 
objectives:
-81.98106968493927, -92.73827342137366, 9220.417387414678, 

parameters:
2.2394712628826765, -77.44107284806918, 0, 
objectives:
-72.42584131079185, -77.38372636232256, 6003.134995397235, 

parameters:
2.7858551019859306, -66.42373012594915, 4.223952596577338, 
objectives:
-62.88669407326545, -61.58220928805449, 4416.648959897609, 

parameters:
-1.4922447290374383, -44.204988916164154, 14.556810076977342, 
objectives:
-56.53500466180148, -17.452405591697044, 1942.7510293325583, 

parameters:
-1.1690681801201346, -42.6728130617123, 15.177944151365217, 
objectives:
-56.48403680330811, -17.45187578009714, 1808.157750858248, 

parameters:
1.5940299672727005, -100, 9.33041688762112, 
objectives:
-106.78948535105772, -90.50477144490628, 9994.210514648943, 

