Generation 166 at Fri May 24 19:55:16 2019
parameters:
0, 0.0, 20.0, 
objectives:
-20.0, 24.0, -19.0, 

parameters:
0, 0.0, 20.0, 
objectives:
-20.0, 24.0, -19.0, 

parameters:
1.9979647189482492, 0.0, 20.0, 
objectives:
-16.008136981838042, 20.000004142368958, -15.008136981838044, 

parameters:
1.4359084504783135, 0.0, 20.0, 
objectives:
-17.938166921844967, 20.318199276241778, -16.938166921844967, 

parameters:
1.815295032253213, 0.0, 20.0, 
objectives:
-16.704703945876805, 20.034115925110342, -15.704703945876807, 

parameters:
0.8109492059886592, 0.0, 20.0, 
objectives:
-19.342361385306365, 21.413841790739, -18.34236138530636, 

parameters:
1.7438061863995775, 0.0, 20.0, 
objectives:
-16.95913998427456, 20.065635270127128, -15.959139984274561, 

parameters:
0.23499038774718434, 0.0, 20.0, 
objectives:
-19.94477951766643, 23.115258931344833, -18.94477951766643, 

parameters:
1.8899236400560266, 0.0, 20.0, 
objectives:
-16.42818863475738, 20.012116805018515, -15.428188634757378, 

parameters:
1.3151187588989215, 0.0, 20.0, 
objectives:
-18.27046264999216, 20.469062314412152, -17.27046264999216, 

parameters:
1.9458640538964267, 0.0, 20.0, 
objectives:
-16.213613083753764, 20.002930700660528, -15.213613083753764, 

parameters:
1.2279513711358692, 0.0, 20.0, 
objectives:
-18.49213543012554, 20.596059085330985, -17.49213543012554, 

parameters:
1.678620689841707, 0.0, 20.0, 
objectives:
-17.18223257963535, 20.10328466099782, -16.18223257963535, 

parameters:
1.0386902136500833, 0.0, 20.0, 
objectives:
-18.921122640067544, 20.924116505332123, -17.921122640067544, 

parameters:
1.1614813588442292, 0.0, 20.0, 
objectives:
-18.65096105305736, 20.70311351156572, -17.65096105305736, 

parameters:
1.6325218135279336, 0.0, 20.0, 
objectives:
-17.33487252835547, 20.135040217532797, -16.33487252835547, 

parameters:
1.1008663303508723, 0.014189185868118681, 20.0, 
objectives:
-18.773904136831685, 20.822630541764827, -17.773904136831685, 

parameters:
0.9154199900105314, 0.0, 20.0, 
objectives:
-19.16200624188912, 21.176313798068755, -18.162006241889117, 

parameters:
0.5612843373092518, 0, 20.0, 
objectives:
-19.684959892691314, 22.069902758071677, -18.684959892691314, 

parameters:
0.7202593136720292, 0.0, 20.0, 
objectives:
-19.4812265210687, 21.637736224243184, -18.4812265210687, 

parameters:
0.08219279462739265, 0.0, 20.0, 
objectives:
-19.99324434451134, 23.67798447697909, -18.99324434451134, 

parameters:
0.6016615420800913, 0.0, 20.0, 
objectives:
-19.638003388781808, 21.955350442897828, -18.638003388781808, 

parameters:
1.5073670194390767, 0.0, 20.0, 
objectives:
-17.727844668707355, 20.24268725353634, -16.727844668707355, 

parameters:
0.9691463986223481, 0.0, 20.0, 
objectives:
-19.060755258037332, 21.062659147473276, -18.060755258037332, 

parameters:
0.6863694052603453, 0.0, 20.0, 
objectives:
-19.52889703952256, 21.72562533943606, -18.52889703952256, 

parameters:
0.4383870087170736, 0.0, 20.0, 
objectives:
-19.807816830588095, 22.43863513454361, -18.807816830588095, 

parameters:
0.464849913920206, 0.0, 20.0, 
objectives:
-19.783914557528377, 22.3566857867908, -18.783914557528377, 

parameters:
0.3364066373054877, 0.0, 20.0, 
objectives:
-19.886830574376813, 22.767542876401237, -18.886830574376813, 

parameters:
1.2930505283539395, 0.0, 20.0, 
objectives:
-18.328020331123597, 20.499777555460643, -17.328020331123597, 

parameters:
1.5717515718706467, 0.0, 20.0, 
objectives:
-17.52959699632215, 20.18339671619526, -16.52959699632215, 

parameters:
0.3147947205726719, 0.0, 20.0, 
objectives:
-19.900904283899575, 22.83991683380974, -18.900904283899575, 

parameters:
1.5290067159061216, 0.0, 20.0, 
objectives:
-17.662138462713976, 20.221834673661537, -16.662138462713976, 

parameters:
0.07618798425264771, 0, 20.0, 
objectives:
-19.99419539105552, 23.70105267193389, -18.99419539105552, 

parameters:
0.9328520159945058, 0.0, 20.0, 
objectives:
-19.129787116254985, 21.13880481976699, -18.129787116254985, 

parameters:
1.560671188623802, 0.0, 20.0, 
objectives:
-17.56430544099957, 20.193009804505223, -16.56430544099957, 

parameters:
0, 0.0, 20.0, 
objectives:
-20.0, 24.0, -19.0, 

