Generation 1667 at Fri May 24 19:48:16 2019
parameters:
2.8176885481793703, -2.97601890747638, 3.7245270329918334, 
objectives:
1.2388228140729538, 1.4171226873391398, 14.071530259206241, 

parameters:
0.05101637681523949, -100, 19.95971668145522, 
objectives:
-119.95711401075187, -76.24174615510238, 9981.042885989249, 

parameters:
-3.9501208831733647, -26.87892809528911, 20.0, 
objectives:
-31.275473103606785, 28.525010429086674, 719.0802305434045, 

parameters:
-0.09310337269809921, -0.38187417318528993, 20, 
objectives:
-20.37320593517753, 23.999207555614866, -18.84550387784629, 

parameters:
1.9973066371654076, -100, 0, 
objectives:
-96.01076619713501, -99.99999274579665, 10004.989233802866, 

parameters:
-0.8060670727290266, -46.25730704099847, 0, 
objectives:
-45.60756291526053, -38.38329462434442, 2141.3881988109447, 

parameters:
-0.0022015539019335506, -91.92722260567646, 0.4677629762928898, 
objectives:
-92.39498073512976, -87.45064856693625, 8451.14649786414, 

parameters:
-0.25286931840898386, -82.44933071944206, 17.686968105564322, 
objectives:
-100.07235593281375, -59.68694244804918, 6781.26911087056, 

parameters:
-1.2974182118959474, -40.02475481349968, 20, 
objectives:
-58.3414607969404, -9.151787949356617, 1584.6642918973255, 

parameters:
-0.42677375507775483, 3.2549696588755204, 6.838029135963707, 
objectives:
-3.400923639065019, 15.982229653173414, 4.938934182259683, 

parameters:
1.9825407290237256, -11.774176931291944, 20, 
objectives:
-27.843709189054017, 8.226127894851079, 123.5617101516053, 

parameters:
-1.1474346553350654, -95.4095301419783, 10.375694499442739, 
objectives:
-104.46861835315714, -75.12749073293139, 9094.919353701887, 

parameters:
-0.371296247258843, -55.8396491464592, 6.762450907872556, 
objectives:
-62.46423915110326, -43.45415234632278, 3112.441826795018, 

parameters:
2.8017590230413854, -77.35509790828996, 7.685841518167841, 
objectives:
-77.19108580326397, -69.02643885909384, 5984.975184506152, 

parameters:
4.286211907595835, -63.992830494443815, 9.881068375434973, 
objectives:
-55.502286353062466, -48.884997232575856, 4104.572898832, 

parameters:
3.885684098780514, -22.375079185603717, 6.544018399843544, 
objectives:
-13.820556669931527, -12.275256265366494, 510.1986910777088, 

parameters:
0.8095987784443981, -97.39364411195885, 0, 
objectives:
-96.73819392990019, -95.97658904367778, 9487.177363588957, 

parameters:
2.3253367126403135, -87.94483609682632, 9.697763217708921, 
objectives:
-92.23540848738239, -78.1412289025258, 7731.00362370709, 

parameters:
1.2666176223871242, -52.23581479306498, 19.928088742221853, 
objectives:
-70.55958333394523, -31.769876339050015, 2711.256578554506, 

parameters:
-0.6009426333572356, -32.93427250683643, 4.072822688644775, 
objectives:
-36.64596314689488, -22.096547236176377, 1081.9546149145035, 

parameters:
-1.20581078990558, -75.78905023115891, 16.277778501087802, 
objectives:
-90.612849071194, -49.23404890939607, 5730.156336101093, 

parameters:
2.1655874695108137, -59.441045292667994, 20, 
objectives:
-74.75127620456574, -39.413626082609, 3518.92763457311, 

parameters:
1.9545955651437605, -34.48909273093542, 4.593390545597702, 
objectives:
-35.262039453253465, -29.893640622633104, 1189.7245706807444, 

parameters:
2.229313343382465, -100, 19.229898963091866, 
objectives:
-114.26006098010876, -80.71751642745488, 9986.73993901989, 

parameters:
0.7307869471196512, -65.94420349365458, 18.863722941790243, 
objectives:
-84.27387687336437, -45.46957877826249, 4331.3083010328155, 

parameters:
0.20946602659522282, -96.1501575940625, 14.779962071176925, 
objectives:
-110.88624364894184, -78.16418361296888, 9231.116719308176, 

parameters:
0.9596122375316352, -70.73654318196738, 15.611253051086578, 
objectives:
-85.42694058663348, -54.04288343458687, 4989.968143929669, 

parameters:
1.4754915055174918, -69.53592260595633, 10.560481317783195, 
objectives:
-77.91932874088525, -58.700332127388826, 4827.86112652662, 

parameters:
0.5984738882964876, -71.79477347464412, 6.175385222941843, 
objectives:
-77.61198770261325, -63.65511280991551, 5149.672284047493, 

parameters:
4.253797002668326, -28.836341054115287, 4.118008944998183, 
objectives:
-14.85956105920344, -19.638731179880374, 846.5113453841666, 

parameters:
2.300773773858889, -66.92022940347626, 11.558757305153652, 
objectives:
-73.18542675015303, -55.27100723528129, 4473.051906067211, 

parameters:
-0.5027822558922869, -69.5881837551729, 0, 
objectives:
-69.33539375833277, -63.324264734763624, 4843.7681083405505, 

parameters:
-1.4854026230969126, -30.529469768067965, 2.3447892147034755, 
objectives:
-30.667838030068253, -16.03664910827365, 932.9101560573755, 

