Generation 1677 at Fri May 24 19:48:16 2019
parameters:
0.05101637681523949, -100, 19.95971668145522, 
objectives:
-119.95711401075187, -76.24174615510238, 9981.042885989249, 

parameters:
4.604742931071034, -8.45147501067295, 0, 
objectives:
12.75218245057571, -1.666789273708427, 93.631087317278, 

parameters:
-2.4922480534297673, -15.183990967481517, 19.310279025443215, 
objectives:
-28.28296963310027, 24.30658063150523, 218.45460303494156, 

parameters:
-0.09310337269809921, -0.38187417318528993, 20, 
objectives:
-20.37320593517753, 23.999207555614866, -18.84550387784629, 

parameters:
1.9973066371654076, -100, 0, 
objectives:
-96.01076619713501, -99.99999274579665, 10004.989233802866, 

parameters:
-0.42677375507775483, 3.2549696588755204, 6.838029135963707, 
objectives:
-3.400923639065019, 15.982229653173414, 4.938934182259683, 

parameters:
0.6253347237785307, -97.73546208983113, 9.886430141693845, 
objectives:
-107.2308487147618, -85.95932732648824, 9543.725163287887, 

parameters:
2.8017590230413854, -77.35509790828996, 7.685841518167841, 
objectives:
-77.19108580326397, -69.02643885909384, 5984.975184506152, 

parameters:
-0.25286931840898386, -82.44933071944206, 17.686968105564322, 
objectives:
-100.07235593281375, -59.68694244804918, 6781.26911087056, 

parameters:
1.34364476296145, -19.859882162839995, 19.29867130103749, 
objectives:
-37.35317221484375, -0.13040866461457412, 377.92162946988645, 

parameters:
-1.1474346553350654, -95.4095301419783, 10.375694499442739, 
objectives:
-104.46861835315714, -75.12749073293139, 9094.919353701887, 

parameters:
-0.5644762157641832, -86.41066564210915, 0, 
objectives:
-86.0920322439457, -79.83412738088896, 7468.121770110546, 

parameters:
-0.0022015539019335506, -91.92722260567646, 0.4677629762928898, 
objectives:
-92.39498073512976, -87.45064856693625, 8451.14649786414, 

parameters:
2.9809621748921367, -45.07933480527224, 17.94948405039942, 
objectives:
-54.142683367534005, -26.16756396630371, 2024.0830779235673, 

parameters:
2.802956398465585, -7.338511375752294, 17.53129568367989, 
objectives:
-17.01324248773302, 10.83752328576442, 45.17901810006509, 

parameters:
3.4529895635610277, -73.64136096560946, 1.649260688679338, 
objectives:
-63.36748472822743, -69.88092160511286, 5434.323921104571, 

parameters:
0.18942775716540772, -87.94763065361403, 2.8983902869729694, 
objectives:
-90.81013806540228, -81.77106852011798, 7732.923230172722, 

parameters:
5.599785846520797, -25.692635316330637, 0, 
objectives:
5.664966210564003, -12.734177175519184, 692.469111024855, 

parameters:
1.4754915055174918, -69.53592260595633, 10.560481317783195, 
objectives:
-77.91932874088525, -58.700332127388826, 4827.86112652662, 

parameters:
1.993636100711445, -61.717675817183206, 11.339591713108069, 
objectives:
-69.08268262823134, -50.37804360486098, 3802.706501463873, 

parameters:
-0.8060670727290266, -46.25730704099847, 0, 
objectives:
-45.60756291526053, -38.38329462434442, 2141.3881988109447, 

parameters:
-2.08431589978186, -50.76018972154536, 19.602543808481116, 
objectives:
-66.01836075994301, -14.476009543853337, 2562.3386895288813, 

parameters:
0.15441084726622156, -66.14921082152671, 15.907981030212603, 
objectives:
-82.03334914198584, -46.83503047062552, 4360.833953990327, 

parameters:
1.9825407290237256, -11.774176931291944, 20, 
objectives:
-27.843709189054017, 8.226127894851079, 123.5617101516053, 

parameters:
-0.16402346940536106, -58.17023704976533, 19.897457392832433, 
objectives:
-78.04079074408199, -33.589782080795686, 3364.905924731575, 

parameters:
2.862328574451824, -30.45194442779089, 17.106814936138782, 
objectives:
-39.36583449580626, -12.601518921335995, 919.4070293652494, 

parameters:
1.480510325323412, -63.68092175085231, 0, 
objectives:
-61.48901092746308, -63.41105222875672, 4058.4517058615643, 

parameters:
-1.2974182118959474, -40.02475481349968, 20, 
objectives:
-58.3414607969404, -9.151787949356617, 1584.6642918973255, 

parameters:
0.9389678502512844, -47.948088214691396, 0.5394548344755385, 
objectives:
-47.605882425361415, -46.28284415741548, 2300.361369233158, 

parameters:
2.3649424810132507, -52.98900540620279, 3.6176045625938076, 
objectives:
-51.01365703029549, -49.23821782916088, 2810.810042314496, 

parameters:
-0.96407692897939, -100, 1.6733398342017112, 
objectives:
-100.74389550921138, -89.5409081248904, 10000.256104490789, 

parameters:
-2.0460792804674295, -38.95359952374119, 20, 
objectives:
-54.76715910178308, -2.5828419799133577, 1502.569356277968, 

parameters:
1.2666176223871242, -52.23581479306498, 19.928088742221853, 
objectives:
-70.55958333394523, -31.769876339050015, 2711.256578554506, 

parameters:
3.8421089488543085, -51.19752343794249, 18.713052566756186, 
objectives:
-55.14877482983232, -29.091105491737185, 2618.235154786781, 

parameters:
-2.6105080439594786, -50.13004319363906, 17.82582622150456, 
objectives:
-61.14111716756648, -11.047432548719438, 2503.0101566221906, 

parameters:
-1.0367074104188636, -52.224448551952435, 7.612724738337296, 
objectives:
-58.76241103547235, -35.3901319171223, 2721.855064072007, 

