Generation 168 at Sat May 25 04:36:26 2019
parameters:
0, 0.0, 20.0, 
objectives:
-20.0, 24.0, -19.0, 

parameters:
0, 0.0, 20.0, 
objectives:
-20.0, 24.0, -19.0, 

parameters:
2.003485383126764, 0.0, 20.0, 
objectives:
-15.986046319597403, 20.00001214789554, -14.986046319597403, 

parameters:
0.8632979658007712, 0.0, 20.0, 
objectives:
-19.25471662224425, 21.292091514552666, -18.25471662224425, 

parameters:
1.670978104335414, 0.0, 20.0, 
objectives:
-17.207832174831626, 20.108255407826718, -16.207832174831626, 

parameters:
0.7147112216209679, 0.0, 20.0, 
objectives:
-19.489187869689065, 21.651967243827066, -18.489187869689065, 

parameters:
1.7666474257768157, 0.0, 20.0, 
objectives:
-16.87895687299615, 20.054453423896586, -15.87895687299615, 

parameters:
0.41561317776197965, 0.0, 20.0, 
objectives:
-19.82726568647059, 22.51028160248149, -18.82726568647059, 

parameters:
1.2274826837795787, 0.0, 20.0, 
objectives:
-18.493286261021282, 20.596783003860402, -17.493286261021282, 

parameters:
0.9359462897180311, 0.0, 20.0, 
objectives:
-19.12400454276305, 21.132210298364825, -18.124004542763053, 

parameters:
1.8684415155530796, 0.0, 20.0, 
objectives:
-16.50892630295771, 20.017307634829972, -15.508926302957711, 

parameters:
0.5137519798275516, 0.0, 20.0, 
objectives:
-19.73605890322327, 22.208933177466523, -18.73605890322327, 

parameters:
1.5228803842599055, 0.0, 20.0, 
objectives:
-17.680835335236402, 20.227643127723976, -16.680835335236402, 

parameters:
1.042048731676292, 0.0, 20.0, 
objectives:
-18.914134440811832, 20.917670632483002, -17.914134440811832, 

parameters:
0.12618322721408856, 0.0, 20.0, 
objectives:
-19.98407779316984, 23.511189297973807, -18.98407779316984, 

parameters:
0.2524337997605971, 0.0, 20.0, 
objectives:
-19.936277176738425, 23.053987624219186, -18.936277176738425, 

parameters:
1.8114025874771655, 0.0, 20.0, 
objectives:
-16.71882066608103, 20.035568984010308, -15.71882066608103, 

parameters:
0.30435310290112844, 0.0, 20.0, 
objectives:
-19.907369188754455, 22.87521839964103, -18.907369188754455, 

parameters:
1.1548183549425324, 0.0, 20.0, 
objectives:
-18.666394567087824, 20.714332013142048, -17.666394567087824, 

parameters:
1.4338870912357342, 0.0, 20.0, 
objectives:
-17.943967809587527, 20.320483825469537, -16.943967809587527, 

parameters:
1.0198628985959934, 0.0, 20.0, 
objectives:
-18.95987966806738, 20.960668737548648, -17.95987966806738, 

parameters:
1.5916250119341968, 0.0, 20.0, 
objectives:
-17.466729821385467, 20.166770130877744, -16.466729821385467, 

parameters:
1.2996345035074726, 0.0, 20.0, 
objectives:
-18.310950157292886, 20.490511828677224, -17.310950157292886, 

parameters:
1.3791657918870484, 0.0, 20.0, 
objectives:
-18.097901718488572, 20.385435113963236, -17.097901718488572, 

parameters:
1.4728357496527476, 0.0, 20.0, 
objectives:
-17.83075485454483, 20.27790214684418, -16.83075485454483, 

parameters:
1.9788455856619105, 0.0, 20.0, 
objectives:
-16.08417014810637, 20.000447509245987, -15.08417014810637, 

parameters:
1.6110449995429137, 0.0, 20.0, 
objectives:
-17.404534009447772, 20.151285992380572, -16.404534009447772, 

parameters:
0.6598505307651363, 0.0, 20.0, 
objectives:
-19.564597277048968, 21.796000599890487, -18.564597277048968, 

parameters:
0.06955407942574182, 0.0, 20.0, 
objectives:
-19.995162230035238, 23.726621452261796, -18.995162230035238, 

parameters:
1.9256138418811688, 0.0, 20.0, 
objectives:
-16.292011331955646, 20.00553330051968, -15.292011331955646, 

parameters:
0.5848548747148428, 0.0, 20.0, 
objectives:
-19.657944775522285, 22.002635725618344, -18.657944775522285, 

parameters:
1.1552487323964251, 0.0, 20.0, 
objectives:
-18.665400366296453, 20.713604704117845, -17.665400366296453, 

parameters:
1.9304566025460497, 0.0, 20.0, 
objectives:
-16.27333730568636, 20.00483628412944, -15.273337305686363, 

parameters:
0.6076932775053374, 0.0, 20.0, 
objectives:
-19.63070888047482, 21.93851800950383, -18.63070888047482, 

parameters:
1.342361195653556, 0.0, 20.0, 
objectives:
-18.198066420403556, 20.43248879698222, -17.198066420403556, 

parameters:
1.3233231131079766, 0.0, 20.0, 
objectives:
-18.248815938314213, 20.45789160925388, -17.248815938314213, 

