Generation 1680 at Fri May 24 19:48:16 2019
parameters:
4.604742931071034, -8.45147501067295, 0, 
objectives:
12.75218245057571, -1.666789273708427, 93.631087317278, 

parameters:
0.05101637681523949, -100, 19.95971668145522, 
objectives:
-119.95711401075187, -76.24174615510238, 9981.042885989249, 

parameters:
-2.4922480534297673, -15.183990967481517, 19.310279025443215, 
objectives:
-28.28296963310027, 24.30658063150523, 218.45460303494156, 

parameters:
-0.09310337269809921, -0.38187417318528993, 20, 
objectives:
-20.37320593517753, 23.999207555614866, -18.84550387784629, 

parameters:
1.9973066371654076, -100, 0, 
objectives:
-96.01076619713501, -99.99999274579665, 10004.989233802866, 

parameters:
-0.42677375507775483, 3.2549696588755204, 6.838029135963707, 
objectives:
-3.400923639065019, 15.982229653173414, 4.938934182259683, 

parameters:
-0.25286931840898386, -82.44933071944206, 17.686968105564322, 
objectives:
-100.07235593281375, -59.68694244804918, 6781.26911087056, 

parameters:
2.8017590230413854, -77.35509790828996, 7.685841518167841, 
objectives:
-77.19108580326397, -69.02643885909384, 5984.975184506152, 

parameters:
0.48670478177129317, -97.61992038042919, 0, 
objectives:
-97.38303883583015, -95.32985796291533, 9530.885736625934, 

parameters:
3.4529895635610277, -73.64136096560946, 1.649260688679338, 
objectives:
-63.36748472822743, -69.88092160511286, 5434.323921104571, 

parameters:
0.18942775716540772, -87.94763065361403, 2.8983902869729694, 
objectives:
-90.81013806540228, -81.77106852011798, 7732.923230172722, 

parameters:
-2.08431589978186, -50.76018972154536, 19.602543808481116, 
objectives:
-66.01836075994301, -14.476009543853337, 2562.3386895288813, 

parameters:
1.806593091881975, -69.8139727718476, 18.978928309113268, 
objectives:
-85.5291224813252, -50.79763823062656, 4859.275644478801, 

parameters:
0.583866633426285, -16.851160000108123, 19.988651449390517, 
objectives:
-36.498911203870094, 5.142925161205797, 265.313842145482, 

parameters:
2.9809621748921367, -45.07933480527224, 17.94948405039942, 
objectives:
-54.142683367534005, -26.16756396630371, 2024.0830779235673, 

parameters:
-0.5644762157641832, -86.41066564210915, 0, 
objectives:
-86.0920322439457, -79.83412738088896, 7468.121770110546, 

parameters:
-0.8060670727290266, -46.25730704099847, 0, 
objectives:
-45.60756291526053, -38.38329462434442, 2141.3881988109447, 

parameters:
0.15441084726622156, -66.14921082152671, 15.907981030212603, 
objectives:
-82.03334914198584, -46.83503047062552, 4360.833953990327, 

parameters:
-1.9799111690930422, -35.78277668461221, 10.73159190477391, 
objectives:
-42.59432035188674, -9.211491865966753, 1274.5955635935527, 

parameters:
1.480510325323412, -63.68092175085231, 0, 
objectives:
-61.48901092746308, -63.41105222875672, 4058.4517058615643, 

parameters:
-1.1474346553350654, -95.4095301419783, 10.375694499442739, 
objectives:
-104.46861835315714, -75.12749073293139, 9094.919353701887, 

parameters:
2.3948801766291403, -100, 13.07906365616208, 
objectives:
-107.34361259575086, -86.76500598994326, 9993.65638740425, 

parameters:
2.2045600623226544, -21.697419186765245, 8.653835088766787, 
objectives:
-25.491169207143965, -13.00173927890101, 467.9842493458298, 

parameters:
-0.0022015539019335506, -91.92722260567646, 0.4677629762928898, 
objectives:
-92.39498073512976, -87.45064856693625, 8451.14649786414, 

parameters:
2.802956398465585, -7.338511375752294, 17.53129568367989, 
objectives:
-17.01324248773302, 10.83752328576442, 45.17901810006509, 

parameters:
0.9389678502512844, -47.948088214691396, 0.5394548344755385, 
objectives:
-47.605882425361415, -46.28284415741548, 2300.361369233158, 

parameters:
1.5718765798587893, -58.86642433958513, 3.447284287656871, 
objectives:
-59.842912644933435, -55.23585038905485, 3465.2794262227526, 

parameters:
-1.2974182118959474, -40.02475481349968, 20, 
objectives:
-58.3414607969404, -9.151787949356617, 1584.6642918973255, 

parameters:
0.5911930975702537, 1.6039593398197023, 15.338879444342323, 
objectives:
-13.38541082590791, 18.92757567249572, -11.416684601932756, 

parameters:
1.993636100711445, -61.717675817183206, 11.339591713108069, 
objectives:
-69.08268262823134, -50.37804360486098, 3802.706501463873, 

parameters:
-1.2624098139273465, -53.859400600734745, 16.81512745251153, 
objectives:
-69.0808495149462, -26.400955354213753, 2886.6135841562145, 

parameters:
-1.2319782442423237, -29.59966128615701, 9.950343282960946, 
objectives:
-38.03223417483156, -9.203634631940366, 868.7073753665474, 

parameters:
3.2296788981193147, -51.322551763928224, 17.26507416527082, 
objectives:
-58.156800144241856, -32.545367406177476, 2628.170071180778, 

parameters:
0.917548707713415, -93.15282542109644, 11.373105651278852, 
objectives:
-103.68403544134873, -80.60801896964469, 8667.917673913018, 

parameters:
-0.02811390898004862, -43.946576561211984, 5.667428925973066, 
objectives:
-49.61321509530691, -34.16590160744059, 1926.6349529163715, 

parameters:
-0.16402346940536106, -58.17023704976533, 19.897457392832433, 
objectives:
-78.04079074408199, -33.589782080795686, 3364.905924731575, 

parameters:
2.3649424810132507, -52.98900540620279, 3.6176045625938076, 
objectives:
-51.01365703029549, -49.23821782916088, 2810.810042314496, 

parameters:
1.34364476296145, -19.859882162839995, 19.29867130103749, 
objectives:
-37.35317221484375, -0.13040866461457412, 377.92162946988645, 

parameters:
2.2746214394047986, -100, 11.328162333583002, 
objectives:
-106.15425964098304, -88.59642073143624, 9994.845740359018, 

parameters:
0.09840266684864266, 1.9167584270160636, 16.413358609792798, 
objectives:
-14.486917097933809, 21.946189454257215, -11.72971265741278, 

