Generation 1683 at Fri May 24 19:48:16 2019
parameters:
4.604742931071034, -8.45147501067295, 0, 
objectives:
12.75218245057571, -1.666789273708427, 93.631087317278, 

parameters:
0.05101637681523949, -100, 19.95971668145522, 
objectives:
-119.95711401075187, -76.24174615510238, 9981.042885989249, 

parameters:
-2.4922480534297673, -15.183990967481517, 19.310279025443215, 
objectives:
-28.28296963310027, 24.30658063150523, 218.45460303494156, 

parameters:
-0.09310337269809921, -0.38187417318528993, 20, 
objectives:
-20.37320593517753, 23.999207555614866, -18.84550387784629, 

parameters:
1.9973066371654076, -100, 0, 
objectives:
-96.01076619713501, -99.99999274579665, 10004.989233802866, 

parameters:
-0.0022015539019335506, -91.92722260567646, 0.4677629762928898, 
objectives:
-92.39498073512976, -87.45064856693625, 8451.14649786414, 

parameters:
-2.4348207381371325, -55.607753715526925, 17.999085527760943, 
objectives:
-67.67848721642521, -17.941033208354806, 3081.1515397858, 

parameters:
1.9842689832055664, 1.5132545282484013, 2.856877641438097, 
objectives:
2.5937002845219572, 4.370379634575885, 4.370385023537847, 

parameters:
0.48670478177129317, -97.61992038042919, 0, 
objectives:
-97.38303883583015, -95.32985796291533, 9530.885736625934, 

parameters:
-1.9799111690930422, -35.78277668461221, 10.73159190477391, 
objectives:
-42.59432035188674, -9.211491865966753, 1274.5955635935527, 

parameters:
2.8017590230413854, -77.35509790828996, 7.685841518167841, 
objectives:
-77.19108580326397, -69.02643885909384, 5984.975184506152, 

parameters:
1.5718765798587893, -58.86642433958513, 3.447284287656871, 
objectives:
-59.842912644933435, -55.23585038905485, 3465.2794262227526, 

parameters:
0.7112506221582482, -50.68347554578705, 17.35050846061297, 
objectives:
-67.52810655887953, -31.67209212628657, 2552.970062387301, 

parameters:
-0.5644762157641832, -86.41066564210915, 0, 
objectives:
-86.0920322439457, -79.83412738088896, 7468.121770110546, 

parameters:
-1.1474346553350654, -95.4095301419783, 10.375694499442739, 
objectives:
-104.46861835315714, -75.12749073293139, 9094.919353701887, 

parameters:
3.5915910441149714, -80.82319582250878, 7.68750508307226, 
objectives:
-75.61117467741417, -70.60252868772955, 6538.601004108696, 

parameters:
0.5911930975702537, 1.6039593398197023, 15.338879444342323, 
objectives:
-13.38541082590791, 18.92757567249572, -11.416684601932756, 

parameters:
1.480510325323412, -63.68092175085231, 0, 
objectives:
-61.48901092746308, -63.41105222875672, 4058.4517058615643, 

parameters:
-3.30042728546569, -33.194873690274235, 7.238500528241597, 
objectives:
-29.54055395186941, 2.138156246476547, 1106.5539590516655, 

parameters:
-0.25286931840898386, -82.44933071944206, 17.686968105564322, 
objectives:
-100.07235593281375, -59.68694244804918, 6781.26911087056, 

parameters:
3.2472333429830735, -17.702703302429427, 16.404561613435398, 
objectives:
-23.562740532083797, 0.2574493228547041, 308.52566698419133, 

parameters:
0.15441084726622156, -66.14921082152671, 15.907981030212603, 
objectives:
-82.03334914198584, -46.83503047062552, 4360.833953990327, 

parameters:
0.07049446570709339, -1.62911015429537, 12.382992396336107, 
objectives:
-14.007133080936148, 14.476873848907692, -8.724023031812493, 

parameters:
2.3948801766291403, -100, 13.07906365616208, 
objectives:
-107.34361259575086, -86.76500598994326, 9993.65638740425, 

parameters:
0.583866633426285, -16.851160000108123, 19.988651449390517, 
objectives:
-36.498911203870094, 5.142925161205797, 265.313842145482, 

parameters:
-0.8060670727290266, -46.25730704099847, 0, 
objectives:
-45.60756291526053, -38.38329462434442, 2141.3881988109447, 

parameters:
0.7571758578814585, -84.38170049119685, 0.6301058373202616, 
objectives:
-84.43849104875859, -82.2069828056439, 7121.214587228489, 

parameters:
1.806593091881975, -69.8139727718476, 18.978928309113268, 
objectives:
-85.5291224813252, -50.79763823062656, 4859.275644478801, 

parameters:
1.3494271466544108, -72.06433400583353, 18.93835684476365, 
objectives:
-89.18173722646931, -52.702732123559656, 5177.150832483699, 

parameters:
3.4529895635610277, -73.64136096560946, 1.649260688679338, 
objectives:
-63.36748472822743, -69.88092160511286, 5434.323921104571, 

parameters:
2.9809621748921367, -45.07933480527224, 17.94948405039942, 
objectives:
-54.142683367534005, -26.16756396630371, 2024.0830779235673, 

parameters:
2.459421071397995, -43.76986284829569, 1.127659526276712, 
objectives:
-38.84877036813594, -42.431135601174496, 1921.721986238775, 

parameters:
-1.0606153443812483, -41.49815110039226, 9.33548235859012, 
objectives:
-49.70872855024543, -22.795302455540195, 1714.8859673011345, 

parameters:
0.9389678502512844, -47.948088214691396, 0.5394548344755385, 
objectives:
-47.605882425361415, -46.28284415741548, 2300.361369233158, 

parameters:
-2.8521941834256315, -40.36889583610288, 20, 
objectives:
-52.233884176135874, 3.174892557566647, 1618.7827626860912, 

parameters:
-1.7162424375262444, -41.921191617490194, 2.268929260530601, 
objectives:
-41.244632773654764, -25.84180450248859, 1759.0628654741656, 

parameters:
-0.689634850711538, -2.7402022140050946, 18.31387577345913, 
objectives:
-20.5784817601483, 22.807809189616115, -9.329571372504784, 

