Generation 1685 at Fri May 24 19:48:16 2019
parameters:
0.05101637681523949, -100, 19.95971668145522, 
objectives:
-119.95711401075187, -76.24174615510238, 9981.042885989249, 

parameters:
4.604742931071034, -8.45147501067295, 0, 
objectives:
12.75218245057571, -1.666789273708427, 93.631087317278, 

parameters:
-2.4922480534297673, -15.183990967481517, 19.310279025443215, 
objectives:
-28.28296963310027, 24.30658063150523, 218.45460303494156, 

parameters:
-0.09310337269809921, -0.38187417318528993, 20, 
objectives:
-20.37320593517753, 23.999207555614866, -18.84550387784629, 

parameters:
1.9973066371654076, -100, 0, 
objectives:
-96.01076619713501, -99.99999274579665, 10004.989233802866, 

parameters:
-0.8060670727290266, -46.25730704099847, 0, 
objectives:
-45.60756291526053, -38.38329462434442, 2141.3881988109447, 

parameters:
-1.9799111690930422, -35.78277668461221, 10.73159190477391, 
objectives:
-42.59432035188674, -9.211491865966753, 1274.5955635935527, 

parameters:
-2.4348207381371325, -55.607753715526925, 17.999085527760943, 
objectives:
-67.67848721642521, -17.941033208354806, 3081.1515397858, 

parameters:
0.7112506221582482, -50.68347554578705, 17.35050846061297, 
objectives:
-67.52810655887953, -31.67209212628657, 2552.970062387301, 

parameters:
0.36029773900977263, -90.31339313642832, 20, 
objectives:
-110.18357867569276, -67.62476963173185, 8137.638794275793, 

parameters:
0.15441084726622156, -66.14921082152671, 15.907981030212603, 
objectives:
-82.03334914198584, -46.83503047062552, 4360.833953990327, 

parameters:
-0.25286931840898386, -82.44933071944206, 17.686968105564322, 
objectives:
-100.07235593281375, -59.68694244804918, 6781.26911087056, 

parameters:
0.48670478177129317, -97.61992038042919, 0, 
objectives:
-97.38303883583015, -95.32985796291533, 9530.885736625934, 

parameters:
1.480510325323412, -63.68092175085231, 0, 
objectives:
-61.48901092746308, -63.41105222875672, 4058.4517058615643, 

parameters:
-0.6254257774518255, -34.40800190695646, 3.0630699576784584, 
objectives:
-37.0799144615337, -24.452071436369476, 1182.2386826745421, 

parameters:
-0.0022015539019335506, -91.92722260567646, 0.4677629762928898, 
objectives:
-92.39498073512976, -87.45064856693625, 8451.14649786414, 

parameters:
-1.96557077632446, -23.677073878589667, 19.308941919411538, 
objectives:
-39.12254732126046, 11.357619622860454, 546.1583540095224, 

parameters:
-1.1474346553350654, -95.4095301419783, 10.375694499442739, 
objectives:
-104.46861835315714, -75.12749073293139, 9094.919353701887, 

parameters:
-0.5644762157641832, -86.41066564210915, 0, 
objectives:
-86.0920322439457, -79.83412738088896, 7468.121770110546, 

parameters:
1.5718765798587893, -58.86642433958513, 3.447284287656871, 
objectives:
-59.842912644933435, -55.23585038905485, 3465.2794262227526, 

parameters:
5.010934738200395, -16.97131793624289, 12.626909445389373, 
objectives:
-4.488760431128803, 4.721319506848362, 301.50818999815374, 

parameters:
2.8017590230413854, -77.35509790828996, 7.685841518167841, 
objectives:
-77.19108580326397, -69.02643885909384, 5984.975184506152, 

parameters:
1.9842689832055664, 1.5132545282484013, 2.856877641438097, 
objectives:
2.5937002845219572, 4.370379634575885, 4.370385023537847, 

parameters:
-3.30042728546569, -33.194873690274235, 7.238500528241597, 
objectives:
-29.54055395186941, 2.138156246476547, 1106.5539590516655, 

parameters:
0.7571758578814585, -84.38170049119685, 0.6301058373202616, 
objectives:
-84.43849104875859, -82.2069828056439, 7121.214587228489, 

parameters:
0.1176360022892079, -74.39266436344586, 0.03613847733836103, 
objectives:
-74.41496461174962, -70.81323166622975, 5535.246210844003, 

parameters:
1.806593091881975, -69.8139727718476, 18.978928309113268, 
objectives:
-85.5291224813252, -50.79763823062656, 4859.275644478801, 

parameters:
0.5911930975702537, 1.6039593398197023, 15.338879444342323, 
objectives:
-13.38541082590791, 18.92757567249572, -11.416684601932756, 

parameters:
3.967823162218451, -72.32563616640937, 2.346103569671896, 
objectives:
-58.92811908944404, -66.10720459897405, 5245.395163952788, 

parameters:
-1.6714332971508998, -34.16658621923918, 20, 
objectives:
-51.37289695241445, -0.687163763810851, 1151.1493031435293, 

parameters:
1.3494271466544108, -72.06433400583353, 18.93835684476365, 
objectives:
-89.18173722646931, -52.702732123559656, 5177.150832483699, 

parameters:
2.6577381666341684, -100, 11.597825996065856, 
objectives:
-104.5342538336819, -87.96955450808687, 9996.465746166317, 

parameters:
3.2472333429830735, -17.702703302429427, 16.404561613435398, 
objectives:
-23.562740532083797, 0.2574493228547041, 308.52566698419133, 

parameters:
-0.2332506810810826, -76.32835082784482, 0.34825949232842657, 
objectives:
-76.62220443994845, -70.99268273096727, 5826.723286486455, 

parameters:
4.791952761315389, -14.319868739905091, 19.55437704820892, 
objectives:
-10.911434521435831, 13.029508529720452, 209.4670749465803, 

parameters:
4.213815241355672, -10.813037417982962, 19.939178421609135, 
objectives:
-12.995976951310737, 14.027118926484846, 115.73883866937183, 

