Generation 1688 at Fri May 24 19:48:16 2019
parameters:
4.604742931071034, -8.45147501067295, 0, 
objectives:
12.75218245057571, -1.666789273708427, 93.631087317278, 

parameters:
0.05101637681523949, -100, 19.95971668145522, 
objectives:
-119.95711401075187, -76.24174615510238, 9981.042885989249, 

parameters:
-1.633392927026124, -6.2697431520143, 20, 
objectives:
-23.60177069795533, 26.931801010149165, 22.977651646289175, 

parameters:
-0.09310337269809921, -0.38187417318528993, 20, 
objectives:
-20.37320593517753, 23.999207555614866, -18.84550387784629, 

parameters:
1.9973066371654076, -100, 0, 
objectives:
-96.01076619713501, -99.99999274579665, 10004.989233802866, 

parameters:
0.5911930975702537, 1.6039593398197023, 15.338879444342323, 
objectives:
-13.38541082590791, 18.92757567249572, -11.416684601932756, 

parameters:
1.9842689832055664, 1.5132545282484013, 2.856877641438097, 
objectives:
2.5937002845219572, 4.370379634575885, 4.370385023537847, 

parameters:
-1.96557077632446, -23.677073878589667, 19.308941919411538, 
objectives:
-39.12254732126046, 11.357619622860454, 546.1583540095224, 

parameters:
0.36029773900977263, -90.31339313642832, 20, 
objectives:
-110.18357867569276, -67.62476963173185, 8137.638794275793, 

parameters:
-2.4348207381371325, -55.607753715526925, 17.999085527760943, 
objectives:
-67.67848721642521, -17.941033208354806, 3081.1515397858, 

parameters:
-1.9799111690930422, -35.78277668461221, 10.73159190477391, 
objectives:
-42.59432035188674, -9.211491865966753, 1274.5955635935527, 

parameters:
0.7112506221582482, -50.68347554578705, 17.35050846061297, 
objectives:
-67.52810655887953, -31.67209212628657, 2552.970062387301, 

parameters:
1.806593091881975, -69.8139727718476, 18.978928309113268, 
objectives:
-85.5291224813252, -50.79763823062656, 4859.275644478801, 

parameters:
0.15441084726622156, -66.14921082152671, 15.907981030212603, 
objectives:
-82.03334914198584, -46.83503047062552, 4360.833953990327, 

parameters:
0.1176360022892079, -74.39266436344586, 0.03613847733836103, 
objectives:
-74.41496461174962, -70.81323166622975, 5535.246210844003, 

parameters:
-0.8060670727290266, -46.25730704099847, 0, 
objectives:
-45.60756291526053, -38.38329462434442, 2141.3881988109447, 

parameters:
1.7259418230923338, -41.96570141550421, 13.22544199884212, 
objectives:
-52.212268237647045, -28.66515153233214, 1751.8735284731097, 

parameters:
-0.25286931840898386, -82.44933071944206, 17.686968105564322, 
objectives:
-100.07235593281375, -59.68694244804918, 6781.26911087056, 

parameters:
-0.0022015539019335506, -91.92722260567646, 0.4677629762928898, 
objectives:
-92.39498073512976, -87.45064856693625, 8451.14649786414, 

parameters:
-3.30042728546569, -33.194873690274235, 7.238500528241597, 
objectives:
-29.54055395186941, 2.138156246476547, 1106.5539590516655, 

parameters:
2.288999360637412, -62.22300728524531, 5.909748486407391, 
objectives:
-62.89323769865422, -56.22973816838909, 3872.032405206282, 

parameters:
2.8460036686456327, -38.743494668691156, 0.02058115324523992, 
objectives:
-30.664338939991993, -38.007191308084046, 1510.1375348715992, 

parameters:
1.093007456421431, -76.54902273822651, 10.656284985966318, 
objectives:
-86.01064242439999, -65.07010227815307, 5851.291262491346, 

parameters:
3.541717531451432, -93.36286288473408, 0.1761931119737759, 
objectives:
-80.99529292411744, -90.80977682597562, 8729.991735994274, 

parameters:
1.4496210470584712, -85.6786289341268, 10.95125128997702, 
objectives:
-94.52847904402893, -74.42446065230877, 7332.977605921889, 

parameters:
-1.072374052626695, -43.758275907800304, 13.75466140982627, 
objectives:
-56.36295120887957, -20.564132178720257, 1903.1820351220972, 

parameters:
-0.9276945954105993, -98.00480772005245, 10.290803894616337, 
objectives:
-107.43499435231475, -79.14260818143968, 9596.512149612192, 

parameters:
-0.6254257774518255, -34.40800190695646, 3.0630699576784584, 
objectives:
-37.0799144615337, -24.452071436369476, 1182.2386826745421, 

parameters:
-1.1474346553350654, -95.4095301419783, 10.375694499442739, 
objectives:
-104.46861835315714, -75.12749073293139, 9094.919353701887, 

parameters:
1.5718765798587893, -58.86642433958513, 3.447284287656871, 
objectives:
-59.842912644933435, -55.23585038905485, 3465.2794262227526, 

parameters:
-0.6482554232899904, -79.86722863045202, 20, 
objectives:
-99.44699353662713, -52.85397184346718, 6360.19444420272, 

parameters:
0.2563867164452516, -83.84470817052917, 8.132848515022923, 
objectives:
-91.91182253718253, -72.67167237291767, 7022.867973834548, 

parameters:
1.0522194888051337, -60.58481085229096, 16.177686287189925, 
objectives:
-75.65533128685955, -43.50883666770024, 3656.4487855733037, 

parameters:
2.8017590230413854, -77.35509790828996, 7.685841518167841, 
objectives:
-77.19108580326397, -69.02643885909384, 5984.975184506152, 

parameters:
0.48670478177129317, -97.61992038042919, 0, 
objectives:
-97.38303883583015, -95.32985796291533, 9530.885736625934, 

parameters:
0.42499048626682345, -98.36953305338973, 1.5958367674186977, 
objectives:
-99.78475290739112, -94.293041317621, 9676.149813287933, 

parameters:
-2.2744782002541717, -97.29177895078051, 2.7859191166576327, 
objectives:
-94.9044469840067, -76.23469594967473, 9469.077583374312, 

