Generation 1690 at Fri May 24 19:48:16 2019
parameters:
1.9842689832055664, 1.5132545282484013, 2.856877641438097, 
objectives:
2.5937002845219572, 4.370379634575885, 4.370385023537847, 

parameters:
0.05101637681523949, -100, 19.95971668145522, 
objectives:
-119.95711401075187, -76.24174615510238, 9981.042885989249, 

parameters:
-1.633392927026124, -6.2697431520143, 20, 
objectives:
-23.60177069795533, 26.931801010149165, 22.977651646289175, 

parameters:
-0.09310337269809921, -0.38187417318528993, 20, 
objectives:
-20.37320593517753, 23.999207555614866, -18.84550387784629, 

parameters:
1.9973066371654076, -100, 0, 
objectives:
-96.01076619713501, -99.99999274579665, 10004.989233802866, 

parameters:
-0.25286931840898386, -82.44933071944206, 17.686968105564322, 
objectives:
-100.07235593281375, -59.68694244804918, 6781.26911087056, 

parameters:
2.288999360637412, -62.22300728524531, 5.909748486407391, 
objectives:
-62.89323769865422, -56.22973816838909, 3872.032405206282, 

parameters:
0.36029773900977263, -90.31339313642832, 20, 
objectives:
-110.18357867569276, -67.62476963173185, 8137.638794275793, 

parameters:
-1.96557077632446, -23.677073878589667, 19.308941919411538, 
objectives:
-39.12254732126046, 11.357619622860454, 546.1583540095224, 

parameters:
1.806593091881975, -69.8139727718476, 18.978928309113268, 
objectives:
-85.5291224813252, -50.79763823062656, 4859.275644478801, 

parameters:
0.1176360022892079, -74.39266436344586, 0.03613847733836103, 
objectives:
-74.41496461174962, -70.81323166622975, 5535.246210844003, 

parameters:
0.15441084726622156, -66.14921082152671, 15.907981030212603, 
objectives:
-82.03334914198584, -46.83503047062552, 4360.833953990327, 

parameters:
1.093007456421431, -76.54902273822651, 10.656284985966318, 
objectives:
-86.01064242439999, -65.07010227815307, 5851.291262491346, 

parameters:
-0.9276945954105993, -98.00480772005245, 10.290803894616337, 
objectives:
-107.43499435231475, -79.14260818143968, 9596.512149612192, 

parameters:
0.7112506221582482, -50.68347554578705, 17.35050846061297, 
objectives:
-67.52810655887953, -31.67209212628657, 2552.970062387301, 

parameters:
3.541717531451432, -93.36286288473408, 0.1761931119737759, 
objectives:
-80.99529292411744, -90.80977682597562, 8729.991735994274, 

parameters:
2.8460036686456327, -38.743494668691156, 0.02058115324523992, 
objectives:
-30.664338939991993, -38.007191308084046, 1510.1375348715992, 

parameters:
-2.4348207381371325, -55.607753715526925, 17.999085527760943, 
objectives:
-67.67848721642521, -17.941033208354806, 3081.1515397858, 

parameters:
1.0675174259809683, -16.153149367796964, 0.01161733799297924, 
objectives:
-15.025173251016911, -15.272008278954827, 263.05221061513953, 

parameters:
-1.1474346553350654, -95.4095301419783, 10.375694499442739, 
objectives:
-104.46861835315714, -75.12749073293139, 9094.919353701887, 

parameters:
1.321170115289262, -8.55795581798435, 0.0, 
objectives:
-6.812465344450908, -8.097145805607957, 75.98409825610563, 

parameters:
-1.308064662422538, -86.62022088896974, 11.212521716627688, 
objectives:
-96.12170944451884, -64.46440736157331, 7494.561178298361, 

parameters:
-0.0022015539019335506, -91.92722260567646, 0.4677629762928898, 
objectives:
-92.39498073512976, -87.45064856693625, 8451.14649786414, 

parameters:
1.7259418230923338, -41.96570141550421, 13.22544199884212, 
objectives:
-52.212268237647045, -28.66515153233214, 1751.8735284731097, 

parameters:
-1.072374052626695, -43.758275907800304, 13.75466140982627, 
objectives:
-56.36295120887957, -20.564132178720257, 1903.1820351220972, 

parameters:
3.8772640870733346, -91.40558537586014, 2.989129215682558, 
objectives:
-79.36153779063407, -84.89233570756231, 8368.025085488884, 

parameters:
4.110092835323569, -30.66889481157761, 19.97307437065505, 
objectives:
-33.749106067254516, -6.2433286672387, 938.5008977079351, 

parameters:
2.1359273032840007, -60.19371442577388, 19.20740283148022, 
objectives:
-74.83893181234004, -40.9678353625156, 3609.638038985052, 

parameters:
-2.4172440732071934, -36.16001137326508, 18.51353979911358, 
objectives:
-48.830482262923354, 1.86557362813258, 1295.8759516250013, 

parameters:
-0.6254257774518255, -34.40800190695646, 3.0630699576784584, 
objectives:
-37.0799144615337, -24.452071436369476, 1182.2386826745421, 

parameters:
-0.8060670727290266, -46.25730704099847, 0, 
objectives:
-45.60756291526053, -38.38329462434442, 2141.3881988109447, 

parameters:
-0.5329396784131256, -11.827247084739042, 1.2566710269012917, 
objectives:
-12.799893410813247, -4.154792643358163, 139.91112727739394, 

parameters:
1.4496210470584712, -85.6786289341268, 10.95125128997702, 
objectives:
-94.52847904402893, -74.42446065230877, 7332.977605921889, 

parameters:
-1.0352830664189034, -53.83571177573852, 2.8639898009698963, 
objectives:
-55.62789054909469, -41.75877868147928, 2897.4916836270345, 

parameters:
-1.9799111690930422, -35.78277668461221, 10.73159190477391, 
objectives:
-42.59432035188674, -9.211491865966753, 1274.5955635935527, 

parameters:
0.5911930975702537, 1.6039593398197023, 15.338879444342323, 
objectives:
-13.38541082590791, 18.92757567249572, -11.416684601932756, 

