Generation 1695 at Fri May 24 19:48:16 2019
parameters:
0.05101637681523949, -100, 19.95971668145522, 
objectives:
-119.95711401075187, -76.24174615510238, 9981.042885989249, 

parameters:
1.9842689832055664, 1.5132545282484013, 2.856877641438097, 
objectives:
2.5937002845219572, 4.370379634575885, 4.370385023537847, 

parameters:
-1.633392927026124, -6.2697431520143, 20, 
objectives:
-23.60177069795533, 26.931801010149165, 22.977651646289175, 

parameters:
-0.09310337269809921, -0.38187417318528993, 20, 
objectives:
-20.37320593517753, 23.999207555614866, -18.84550387784629, 

parameters:
1.9973066371654076, -100, 0, 
objectives:
-96.01076619713501, -99.99999274579665, 10004.989233802866, 

parameters:
-1.308064662422538, -86.62022088896974, 11.212521716627688, 
objectives:
-96.12170944451884, -64.46440736157331, 7494.561178298361, 

parameters:
3.541717531451432, -93.36286288473408, 0.1761931119737759, 
objectives:
-80.99529292411744, -90.80977682597562, 8729.991735994274, 

parameters:
-1.96557077632446, -23.677073878589667, 19.308941919411538, 
objectives:
-39.12254732126046, 11.357619622860454, 546.1583540095224, 

parameters:
-0.9276945954105993, -98.00480772005245, 10.290803894616337, 
objectives:
-107.43499435231475, -79.14260818143968, 9596.512149612192, 

parameters:
0.7112506221582482, -50.68347554578705, 17.35050846061297, 
objectives:
-67.52810655887953, -31.67209212628657, 2552.970062387301, 

parameters:
-1.072374052626695, -43.758275907800304, 13.75466140982627, 
objectives:
-56.36295120887957, -20.564132178720257, 1903.1820351220972, 

parameters:
-0.25286931840898386, -82.44933071944206, 17.686968105564322, 
objectives:
-100.07235593281375, -59.68694244804918, 6781.26911087056, 

parameters:
2.288999360637412, -62.22300728524531, 5.909748486407391, 
objectives:
-62.89323769865422, -56.22973816838909, 3872.032405206282, 

parameters:
0.7486330284460072, -79.10346191828377, 10.885386637913205, 
objectives:
-89.42839714491673, -66.65215598287436, 6248.032752230738, 

parameters:
-0.5590158201769291, -32.20891946244967, 19.355034418584328, 
objectives:
-51.25145519382592, -6.305323075949541, 1019.3719572071931, 

parameters:
1.0430583231420325, -67.84460873815438, 18.268598961496213, 
objectives:
-85.02523703417472, -48.660272403750426, 4586.710306537233, 

parameters:
1.321170115289262, -8.55795581798435, 0.0, 
objectives:
-6.812465344450908, -8.097145805607957, 75.98409825610563, 

parameters:
-2.2721946994427316, -7.562365842518424, 7.125163970826252, 
objectives:
-9.52466106116903, 17.8144456782544, 56.22708191743879, 

parameters:
2.970794864844442, -65.50475280300437, 18.184218141463578, 
objectives:
-74.86334881548184, -46.37809199193245, 4282.514043770231, 

parameters:
-2.4348207381371325, -55.607753715526925, 17.999085527760943, 
objectives:
-67.67848721642521, -17.941033208354806, 3081.1515397858, 

parameters:
2.1359273032840007, -60.19371442577388, 19.20740283148022, 
objectives:
-74.83893181234004, -40.9678353625156, 3609.638038985052, 

parameters:
2.8460036686456327, -38.743494668691156, 0.02058115324523992, 
objectives:
-30.664338939991993, -38.007191308084046, 1510.1375348715992, 

parameters:
0.2474121902374521, -100, 13.281481209661717, 
objectives:
-113.22026841778363, -83.64695475941, 9987.779731582215, 

parameters:
-1.879943971482166, -93.82938626752828, 1.3387153993215613, 
objectives:
-91.63391233093769, -77.43670564636592, 8807.149201277616, 

parameters:
1.1181962325890975, -74.20035342862131, 0, 
objectives:
-72.94999061404486, -73.42277554440125, 5507.9428117468915, 

parameters:
1.0675174259809683, -16.153149367796964, 0.01161733799297924, 
objectives:
-15.025173251016911, -15.272008278954827, 263.05221061513953, 

parameters:
1.0480264549412135, -70.9016205568606, 14.183677361302887, 
objectives:
-83.98693846790684, -55.81168956506593, 5014.954479677992, 

parameters:
0.706593044518997, -27.608607265641524, 3.2785274591623814, 
objectives:
-30.38786099424128, -22.657178253992505, 760.4559414198342, 

parameters:
-1.65631397083681, -82.30459773176267, 0.358480044377262, 
objectives:
-79.91970180615073, -68.57748583404897, 6777.431703712885, 

parameters:
1.1225212505740234, -71.32355899758133, 0, 
objectives:
-70.06350503959106, -70.55359004188715, 5089.310122039455, 

parameters:
-0.7574858811986337, -75.96307327037444, 20, 
objectives:
-95.38928841015917, -48.359344885364635, 5751.962285540491, 

parameters:
-0.7850628695361214, -36.02710316091802, 0, 
objectives:
-35.41077945179373, -28.270527973649244, 1299.5684858765533, 

parameters:
-0.9510680876584734, -100, 5.106433083833379, 
objectives:
-104.20190257647103, -86.18476405817039, 9996.79809742353, 

parameters:
1.2131988453646838, -9.72657899056201, 7.196878536614215, 
objectives:
-15.451606088782022, -1.9106443970123275, 89.88131176142225, 

parameters:
-2.32214032845563, -19.421263282381027, 7.094088737410492, 
objectives:
-21.123016314751496, 6.353722473892007, 376.48371445119096, 

parameters:
1.7259418230923338, -41.96570141550421, 13.22544199884212, 
objectives:
-52.212268237647045, -28.66515153233214, 1751.8735284731097, 

parameters:
-0.6254257774518255, -34.40800190695646, 3.0630699576784584, 
objectives:
-37.0799144615337, -24.452071436369476, 1182.2386826745421, 

parameters:
1.214633174492325, -12.754142331001379, 7.768314824937621, 
objectives:
-19.047123407361696, -4.3690264554557565, 157.37516552308097, 

