Generation 1697 at Fri May 24 19:48:16 2019
parameters:
1.9842689832055664, 1.5132545282484013, 2.856877641438097, 
objectives:
2.5937002845219572, 4.370379634575885, 4.370385023537847, 

parameters:
0.05101637681523949, -100, 19.95971668145522, 
objectives:
-119.95711401075187, -76.24174615510238, 9981.042885989249, 

parameters:
-1.633392927026124, -6.2697431520143, 20, 
objectives:
-23.60177069795533, 26.931801010149165, 22.977651646289175, 

parameters:
-0.09310337269809921, -0.38187417318528993, 20, 
objectives:
-20.37320593517753, 23.999207555614866, -18.84550387784629, 

parameters:
1.9973066371654076, -100, 0, 
objectives:
-96.01076619713501, -99.99999274579665, 10004.989233802866, 

parameters:
3.541717531451432, -93.36286288473408, 0.1761931119737759, 
objectives:
-80.99529292411744, -90.80977682597562, 8729.991735994274, 

parameters:
-0.9276945954105993, -98.00480772005245, 10.290803894616337, 
objectives:
-107.43499435231475, -79.14260818143968, 9596.512149612192, 

parameters:
3.9739195517848223, -6.572796018563366, 14.994235089163064, 
objectives:
-5.774994503668747, 12.31779746751809, 44.99944901653706, 

parameters:
1.1181962325890975, -74.20035342862131, 0, 
objectives:
-72.94999061404486, -73.42277554440125, 5507.9428117468915, 

parameters:
-0.19846053920393514, -90.0500420744384, 0.8621663812372774, 
objectives:
-90.87282187005455, -84.35464695076426, 8109.187297812509, 

parameters:
-0.25286931840898386, -82.44933071944206, 17.686968105564322, 
objectives:
-100.07235593281375, -59.68694244804918, 6781.26911087056, 

parameters:
-0.5590158201769291, -32.20891946244967, 19.355034418584328, 
objectives:
-51.25145519382592, -6.305323075949541, 1019.3719572071931, 

parameters:
-1.308064662422538, -86.62022088896974, 11.212521716627688, 
objectives:
-96.12170944451884, -64.46440736157331, 7494.561178298361, 

parameters:
0.7486330284460072, -79.10346191828377, 10.885386637913205, 
objectives:
-89.42839714491673, -66.65215598287436, 6248.032752230738, 

parameters:
1.0430583231420325, -67.84460873815438, 18.268598961496213, 
objectives:
-85.02523703417472, -48.660272403750426, 4586.710306537233, 

parameters:
1.0480264549412135, -70.9016205568606, 14.183677361302887, 
objectives:
-83.98693846790684, -55.81168956506593, 5014.954479677992, 

parameters:
0.24005006193956957, -20.38434635672214, 11.081495181945177, 
objectives:
-31.408217506430127, -6.20542739029805, 405.49770524110323, 

parameters:
-2.4348207381371325, -55.607753715526925, 17.999085527760943, 
objectives:
-67.67848721642521, -17.941033208354806, 3081.1515397858, 

parameters:
1.1815303384344689, -44.04428492665696, 14.615226605104562, 
objectives:
-57.26349759112045, -28.7591657346492, 1927.679822036078, 

parameters:
2.970794864844442, -65.50475280300437, 18.184218141463578, 
objectives:
-74.86334881548184, -46.37809199193245, 4282.514043770231, 

parameters:
-1.96557077632446, -23.677073878589667, 19.308941919411538, 
objectives:
-39.12254732126046, 11.357619622860454, 546.1583540095224, 

parameters:
-0.9999794679250438, -35.63631380088786, 5.832489948807965, 
objectives:
-40.46884481342418, -20.803947044108067, 1266.1143303028146, 

parameters:
2.1359273032840007, -60.19371442577388, 19.20740283148022, 
objectives:
-74.83893181234004, -40.9678353625156, 3609.638038985052, 

parameters:
-1.65631397083681, -82.30459773176267, 0.358480044377262, 
objectives:
-79.91970180615073, -68.57748583404897, 6777.431703712885, 

parameters:
0.706593044518997, -27.608607265641524, 3.2785274591623814, 
objectives:
-30.38786099424128, -22.657178253992505, 760.4559414198342, 

parameters:
1.0675174259809683, -16.153149367796964, 0.01161733799297924, 
objectives:
-15.025173251016911, -15.272008278954827, 263.05221061513953, 

parameters:
0.2474121902374521, -100, 13.281481209661717, 
objectives:
-113.22026841778363, -83.64695475941, 9987.779731582215, 

parameters:
2.288999360637412, -62.22300728524531, 5.909748486407391, 
objectives:
-62.89323769865422, -56.22973816838909, 3872.032405206282, 

parameters:
1.2766223945595672, -14.62751967259795, 2.7461887191732393, 
objectives:
-15.743943653480187, -11.358055793371975, 213.8479077913578, 

parameters:
1.505439821893635, -51.70687011941459, 17.65091587338171, 
objectives:
-67.09143693545316, -33.81136447626427, 2659.215850729971, 

parameters:
3.1294835356439337, -15.708604552826758, 19.405198551743503, 
objectives:
-25.320135904703804, 4.972327056207465, 238.14872564521252, 

parameters:
-1.072374052626695, -43.758275907800304, 13.75466140982627, 
objectives:
-56.36295120887957, -20.564132178720257, 1903.1820351220972, 

parameters:
0.7112506221582482, -50.68347554578705, 17.35050846061297, 
objectives:
-67.52810655887953, -31.67209212628657, 2552.970062387301, 

parameters:
2.8460036686456327, -38.743494668691156, 0.02058115324523992, 
objectives:
-30.664338939991993, -38.007191308084046, 1510.1375348715992, 

parameters:
0.3813322221952715, -50.91021377243223, 10.895208011786288, 
objectives:
-61.66000752053413, -37.394920385742644, 2582.1000726066463, 

