[!]Generation 17 at Sun May 26 02:43:06 2019
size of front generated: 48
[!!!]Points in the front:
parameters:
0, 0.0, 20.0, 
objectives:
-20.0, 24.0, -19.0, 

parameters:
0, 0.0, 20.0, 
objectives:
-20.0, 24.0, -19.0, 

parameters:
1.9075284220028004, 0, 20.0, 
objectives:
-16.361335319251506, 20.00855099273729, -15.361335319251506, 

parameters:
1.5671644670980711, 0.0, 20.0, 
objectives:
-17.543995533065218, 20.187346598542497, -16.543995533065218, 

parameters:
1.6680150661095021, 0.036967336297238515, 20.0, 
objectives:
-17.180758402934476, 20.147181332627518, -16.180758402934476, 

parameters:
1.1253738331704561, 0.0, 20.0, 
objectives:
-18.733533735615236, 20.76497093170294, -17.733533735615232, 

parameters:
0.32143995325450336, 0.0, 20.0, 
objectives:
-19.896676356451742, 22.817563830530244, -18.896676356451742, 

parameters:
1.2051517972154258, 0.04910559609055757, 20.0, 
objectives:
-18.498503549577872, 20.680889261560424, -17.498503549577872, 

parameters:
0.1835522496923615, 0.0005195173684119447, 20.0, 
objectives:
-19.965789054264462, 23.30000194696609, -18.965789054264462, 

parameters:
1.4678861681510893, 0.0, 20.0, 
objectives:
-17.845310197350713, 20.283145130044932, -16.845310197350713, 

parameters:
0.848174614921404, 0.0, 20.0, 
objectives:
-19.280599822602927, 21.326701717711455, -18.280599822602927, 

parameters:
0.7875970951601725, 0.013975187812345038, 20.0, 
objectives:
-19.365715627882913, 21.4838959914764, -18.365715627882913, 

parameters:
1.5174791118670863, 0.03674485378585254, 20.0, 
objectives:
-17.660512291261227, 20.26957126127043, -16.660512291261227, 

parameters:
1.8188622083277686, 0.013908744996193307, 20.0, 
objectives:
-16.67783152212084, 20.046719644568086, -15.67783152212084, 

parameters:
0.8966790250448025, 0.03694732317011344, 20.0, 
objectives:
-19.159019402874588, 21.254264496946202, -18.159019402874588, 

parameters:
0.6174725099266521, 0.0, 20.0, 
objectives:
-19.61872769948488, 21.911382260808512, -18.61872769948488, 

parameters:
0.7004552462508914, 0.0, 20.0, 
objectives:
-19.509362447999603, 21.68881656699683, -18.509362447999603, 

parameters:
1.73264024941367, 0.0, 20.0, 
objectives:
-16.997957766111735, 20.071481236233584, -15.997957766111735, 

parameters:
1.8600287558084947, 1.0487162017129423e-05, 20.0, 
objectives:
-16.540282540403485, 20.019602436362536, -15.540282540403487, 

parameters:
1.3601785843659748, 0.0, 20.0, 
objectives:
-18.149914218632173, 20.40937144390393, -17.149914218632173, 

parameters:
0.5818866575602896, 0.0, 20.0, 
objectives:
-19.661407917753316, 22.011045452005526, -18.661407917753316, 

parameters:
1.4264771590954077, 0.0, 20.0, 
objectives:
-17.965162914579096, 20.328928449039275, -16.965162914579096, 

parameters:
0.9550714198887376, 0.0, 20.0, 
objectives:
-19.08783858291171, 21.09187573753334, -18.08783858291171, 

parameters:
0.7319349712390374, 0.001736789601408006, 20.0, 
objectives:
-19.4625344082759, 21.60972570676795, -18.4625344082759, 

parameters:
0.01758630391716142, 0, 20.0, 
objectives:
-19.999690721914533, 23.929964062416822, -18.999690721914533, 

parameters:
1.7799663680936728, 0.0, 20.0, 
objectives:
-16.83171972845542, 20.04841479916989, -15.83171972845542, 

parameters:
0.12485382407832002, 0.000884121897416089, 20.0, 
objectives:
-19.983527400715605, 23.517057302971118, -18.983527400715605, 

parameters:
0.3666080040257206, 0, 20.0, 
objectives:
-19.86559857138428, 22.66796941251284, -18.86559857138428, 

parameters:
1.391884763180965, 0.01636900378713202, 20.0, 
objectives:
-18.046287802237536, 20.386173145038605, -17.046287802237536, 

parameters:
1.6811148235621896, 0.0, 20.0, 
objectives:
-17.173852949999468, 20.101687755751772, -16.173852949999468, 

parameters:
1.270853711101257, 0, 20.0, 
objectives:
-18.38493084498016, 20.531654310614808, -17.38493084498016, 

parameters:
0.9897032636338452, 0.0, 20.0, 
objectives:
-19.020487449952515, 21.020699495512105, -18.020487449952515, 

parameters:
0.5119308714352451, 0.0, 20.0, 
objectives:
-19.73792678287155, 22.21434973138747, -18.73792678287155, 

parameters:
1.893715785954626, 0.0, 20.0, 
objectives:
-16.413840522026252, 20.011296334155244, -15.413840522026252, 

parameters:
1.2471027375597878, 0.0, 20.0, 
objectives:
-18.44473476197088, 20.566854287789965, -17.444734761970885, 

parameters:
0.44095253245027616, 0, 20.0, 
objectives:
-19.805560864125688, 22.430629006073207, -18.805560864125688, 

parameters:
1.7577563139858148, 0.010530917393584305, 20.0, 
objectives:
-16.899761823249417, 20.069212920807324, -15.899761823249417, 

parameters:
0.4228539958753509, 0.003554038802678412, 20.0, 
objectives:
-19.81764045936957, 22.490943557129025, -18.81764045936957, 

parameters:
0.5000496572434621, 0.0056553455948692355, 20.0, 
objectives:
-19.744294994695828, 22.255506376330324, -18.744294994695828, 

parameters:
1.3151729450667051, 0.0, 20.0, 
objectives:
-18.27032012456457, 20.46898809516861, -17.27032012456457, 

parameters:
1.5519716109794253, 0.0325288933685041, 20.0, 
objectives:
-17.558855225345425, 20.233258330736877, -16.558855225345425, 

parameters:
1.081078266612882, 0.0, 20.0, 
objectives:
-18.831269781457287, 20.844417152091186, -17.831269781457287, 

parameters:
1.3113384721614922, 0, 20.0, 
objectives:
-18.280391411429164, 20.474254699924867, -17.280391411429164, 

parameters:
1.075369858530294, 0.0, 20.0, 
objectives:
-18.843579667364537, 20.85494089851429, -17.843579667364537, 

parameters:
1.0357477998656492, 0, 20.0, 
objectives:
-18.927226495073466, 20.929782305463934, -17.927226495073466, 

parameters:
1.016651859569431, 0.032014246238763526, 20.0, 
objectives:
-18.934404750195256, 20.998987811527023, -17.934404750195256, 

parameters:
0.1377602850012533, 0.0037104462132764504, 20.0, 
objectives:
-19.977311657663098, 23.47164720233189, -18.977311657663098, 

parameters:
1.0280946996991005, 0.011399157650198215, 20.0, 
objectives:
-18.931622130800417, 20.95599907040318, -17.931622130800417, 

size of all points: 80
[!!!]All points:
0, 0.0, 20.0, -20.0, 24.0, -19.0, 

0, 0.0, 20.0, -20.0, 24.0, -19.0, 

1.9075284220028004, 0, 20.0, -16.361335319251506, 20.00855099273729, -15.361335319251506, 

1.5671644670980711, 0.0, 20.0, -17.543995533065218, 20.187346598542497, -16.543995533065218, 

1.6680150661095021, 0.036967336297238515, 20.0, -17.180758402934476, 20.147181332627518, -16.180758402934476, 

0.32143995325450336, 0.0, 20.0, -19.896676356451742, 22.817563830530244, -18.896676356451742, 

1.5174791118670863, 0.03674485378585254, 20.0, -17.660512291261227, 20.26957126127043, -16.660512291261227, 

0.1835522496923615, 0.0005195173684119447, 20.0, -19.965789054264462, 23.30000194696609, -18.965789054264462, 

1.4678861681510893, 0.0, 20.0, -17.845310197350713, 20.283145130044932, -16.845310197350713, 

1.8188622083277686, 0.013908744996193307, 20.0, -16.67783152212084, 20.046719644568086, -15.67783152212084, 

0.8966790250448025, 0.03694732317011344, 20.0, -19.159019402874588, 21.254264496946202, -18.159019402874588, 

0.7004552462508914, 0.0, 20.0, -19.509362447999603, 21.68881656699683, -18.509362447999603, 

1.3151729450667051, 0.0, 20.0, -18.27032012456457, 20.46898809516861, -17.27032012456457, 

1.73264024941367, 0.0, 20.0, -16.997957766111735, 20.071481236233584, -15.997957766111735, 

1.075369858530294, 0.0, 20.0, -18.843579667364537, 20.85494089851429, -17.843579667364537, 

0.7875970951601725, 0.013975187812345038, 20.0, -19.365715627882913, 21.4838959914764, -18.365715627882913, 

1.8600287558084947, 1.0487162017129423e-05, 20.0, -16.540282540403485, 20.019602436362536, -15.540282540403487, 

1.1253738331704561, 0.0, 20.0, -18.733533735615236, 20.76497093170294, -17.733533735615232, 

1.3601785843659748, 0.0, 20.0, -18.149914218632173, 20.40937144390393, -17.149914218632173, 

1.0280946996991005, 0.011399157650198215, 20.0, -18.931622130800417, 20.95599907040318, -17.931622130800417, 

0.6174725099266521, 0.0, 20.0, -19.61872769948488, 21.911382260808512, -18.61872769948488, 

1.270853711101257, 0, 20.0, -18.38493084498016, 20.531654310614808, -17.38493084498016, 

0.9550714198887376, 0.0, 20.0, -19.08783858291171, 21.09187573753334, -18.08783858291171, 

0.7319349712390374, 0.001736789601408006, 20.0, -19.4625344082759, 21.60972570676795, -18.4625344082759, 

1.7799663680936728, 0.0, 20.0, -16.83171972845542, 20.04841479916989, -15.83171972845542, 

0.3666080040257206, 0, 20.0, -19.86559857138428, 22.66796941251284, -18.86559857138428, 

0.5818866575602896, 0.0, 20.0, -19.661407917753316, 22.011045452005526, -18.661407917753316, 

0.9897032636338452, 0.0, 20.0, -19.020487449952515, 21.020699495512105, -18.020487449952515, 

1.6811148235621896, 0.0, 20.0, -17.173852949999468, 20.101687755751772, -16.173852949999468, 

1.2051517972154258, 0.04910559609055757, 20.0, -18.498503549577872, 20.680889261560424, -17.498503549577872, 

1.4264771590954077, 0.0, 20.0, -17.965162914579096, 20.328928449039275, -16.965162914579096, 

0.5119308714352451, 0.0, 20.0, -19.73792678287155, 22.21434973138747, -18.73792678287155, 

0.848174614921404, 0.0, 20.0, -19.280599822602927, 21.326701717711455, -18.280599822602927, 

1.893715785954626, 0.0, 20.0, -16.413840522026252, 20.011296334155244, -15.413840522026252, 

1.2300194029222264, 0.04848871888144146, 20.0, -18.438563549553407, 20.641358838757686, -17.438563549553407, 

0.44095253245027616, 0, 20.0, -19.805560864125688, 22.430629006073207, -18.805560864125688, 

1.7577563139858148, 0.010530917393584305, 20.0, -16.899761823249417, 20.069212920807324, -15.899761823249417, 

0.4228539958753509, 0.003554038802678412, 20.0, -19.81764045936957, 22.490943557129025, -18.81764045936957, 

0.5000496572434621, 0.0056553455948692355, 20.0, -19.744294994695828, 22.255506376330324, -18.744294994695828, 

1.391884763180965, 0.01636900378713202, 20.0, -18.046287802237536, 20.386173145038605, -17.046287802237536, 

0.7215033859261091, 1.7274296467493298, 20.0, -17.75200321734783, 23.361983238947733, -16.75200321734783, 

0.12485382407832002, 0.000884121897416089, 20.0, -19.983527400715605, 23.517057302971118, -18.983527400715605, 

2.3893843175777727, 44.18788743827956, 20.0, 29.89704485536616, 64.33950758505506, 30.89704485536616, 

0.0074934228184120885, 5.232068911795984, 20.0, -14.76787493681848, 29.202151371907874, -13.76787493681848, 

1.081078266612882, 0.0, 20.0, -18.831269781457287, 20.844417152091186, -17.831269781457287, 

3.526601248020752, 5.681679558639829, 20.0, -1.8814040788186475, 28.012190929098345, -0.8814040788186475, 

1.5519716109794253, 0.0325288933685041, 20.0, -17.558855225345425, 20.233258330736877, -16.558855225345425, 

7.850455742932631, 15.141837750636894, 20.0, 56.77149312238082, 69.36967015065031, 57.77149312238082, 

0.891985084869737, 34.852666171534025, 20.0, 15.648303563164099, 56.08036322368515, 16.6483035631641, 

11.051511540972461, 0, 20.0, 102.1359073402475, 101.92986117635766, 103.1359073402475, 

1.3552067911833316, 3.8738271397490753, 20.0, -14.289587413381502, 24.28958542188517, -13.289587413381502, 

1.3113384721614922, 0, 20.0, -18.280391411429164, 20.474254699924867, -17.280391411429164, 

24.793304609678312, 18.446783703318758, 20.0, 613.1547371716146, 557.9815187329013, 614.1547371716146, 

8.915249428782495, 0.00028639370199212905, 20.0, 59.48195877110861, 67.82096105597861, 60.48195877110861, 

1.007718850172467, 5.11516336745451, 20.0, -13.86933935155257, 26.09978524775756, -12.86933935155257, 

0.01758630391716142, 0, 20.0, -19.999690721914533, 23.929964062416822, -18.999690721914533, 

6.833939607738587, 0.00045595103136756123, 20.0, 26.703186513249605, 43.367428082295255, 27.703186513249605, 

3.2005641424014972, 5.954053182019305, 20.0, -3.8023359883544643, 27.39540744203955, -2.8023359883544643, 

1.016651859569431, 0.032014246238763526, 20.0, -18.934404750195256, 20.998987811527023, -17.934404750195256, 

10.653022662457781, 5.676085107695916, 20.0, 99.16297695453498, 100.55088630470385, 100.16297695453498, 

7.888906109035845, 24.778303513114608, 20.0, 67.01314311029768, 79.4575186741543, 68.01314311029768, 

0.9196505543040566, 40.756163682859096, 20.0, 21.601920824890854, 61.92331860767463, 22.601920824890854, 

2.2693905519699245, 0.0, 20.0, -14.849866522629641, 20.07257126949066, -13.849866522629641, 

0.2447605446799226, 1.8538832870698685, 20.0, -18.086208988698118, 24.93474883258219, -17.086208988698118, 

3.571649055212479, 0.0, 20.0, -7.243323026399807, 22.470080752750277, -6.243323026399807, 

0.5713672608771159, 3.873701217110881, 20.0, -15.7998382360869, 25.914692720404638, -14.7998382360869, 

3.726959145917035, 0.013872642307956835, 20.0, -6.095902882357409, 22.99626053397445, -5.095902882357409, 

20.51905718131323, 0, 20.0, 401.031707610002, 362.9554788847491, 402.031707610002, 

1.546738066916132, 18.126762557798177, 20.0, 0.5191612054456307, 38.332208937781104, 1.5191612054456307, 

7.856556927797443, 18.52735310622563, 20.0, 60.25283986594762, 72.82661215475785, 61.25283986594762, 

21.628869598291377, 0.011397229662957555, 20.0, 447.81939732955595, 405.30391893639046, 448.81939732955595, 

1.0357477998656492, 0, 20.0, -18.927226495073466, 20.929782305463934, -17.927226495073466, 

1.2471027375597878, 0.0, 20.0, -18.44473476197088, 20.566854287789965, -17.444734761970885, 

19.00506103057457, 0.7800142688339506, 20.0, 341.97235904469807, 309.9521149223998, 342.97235904469807, 

7.4640304999813445, 0.04495584820259827, 20.0, 35.75670715285436, 49.90058515292898, 36.75670715285436, 

0.1377602850012533, 0.0037104462132764504, 20.0, -19.977311657663098, 23.47164720233189, -18.977311657663098, 

4.646303912822688, 5.183017583629199, 20.0, 6.771157633940621, 32.185941982649865, 7.771157633940621, 

9.411154488196873, 0.005238981188143057, 20.0, 68.5750677818963, 74.9304498291088, 69.5750677818963, 

12.423976479129243, 41.468832046494654, 20.0, 175.8240236004513, 170.12811768393433, 176.8240236004513, 

1.267980133216842, 33.05996728710613, 20.0, 14.667740905338732, 53.595820372471366, 15.667740905338732, 

