Generation 170 at Sat May 25 04:36:26 2019
parameters:
0, 0.0, 20.0, 
objectives:
-20.0, 24.0, -19.0, 

parameters:
0, 0.0, 20.0, 
objectives:
-20.0, 24.0, -19.0, 

parameters:
2.003485383126764, 0.0, 20.0, 
objectives:
-15.986046319597403, 20.00001214789554, -14.986046319597403, 

parameters:
1.670978104335414, 0.0, 20.0, 
objectives:
-17.207832174831626, 20.108255407826718, -16.207832174831626, 

parameters:
1.0539329400634136, 0.0, 20.0, 
objectives:
-18.889225357849288, 20.895042881897055, -17.889225357849288, 

parameters:
1.5916250119341968, 0.0, 20.0, 
objectives:
-17.466729821385467, 20.166770130877744, -16.466729821385467, 

parameters:
1.7666474257768157, 0.0, 20.0, 
objectives:
-16.87895687299615, 20.054453423896586, -15.87895687299615, 

parameters:
1.2996345035074726, 0.0, 20.0, 
objectives:
-18.310950157292886, 20.490511828677224, -17.310950157292886, 

parameters:
1.3791657918870484, 0.0, 20.0, 
objectives:
-18.097901718488572, 20.385435113963236, -17.097901718488572, 

parameters:
1.9256138418811688, 0.0, 20.0, 
objectives:
-16.292011331955646, 20.00553330051968, -15.292011331955646, 

parameters:
1.5228803842599055, 0.0, 20.0, 
objectives:
-17.680835335236402, 20.227643127723976, -16.680835335236402, 

parameters:
0.8094809770621308, 0.0, 20.0, 
objectives:
-19.34474054777454, 21.41733554397694, -18.34474054777454, 

parameters:
0.41561317776197965, 0.0, 20.0, 
objectives:
-19.82726568647059, 22.51028160248149, -18.82726568647059, 

parameters:
0.30435310290112844, 0.0, 20.0, 
objectives:
-19.907369188754455, 22.87521839964103, -18.907369188754455, 

parameters:
0.8632979658007712, 0.0, 20.0, 
objectives:
-19.25471662224425, 21.292091514552666, -18.25471662224425, 

parameters:
0.9722506405500494, 0.0, 20.0, 
objectives:
-19.054728691950018, 21.056268745849785, -18.054728691950018, 

parameters:
0.7147112216209679, 0.0, 20.0, 
objectives:
-19.489187869689065, 21.651967243827066, -18.489187869689065, 

parameters:
1.1548183549425324, 0.0, 20.0, 
objectives:
-18.666394567087824, 20.714332013142048, -17.666394567087824, 

parameters:
0.9359462897180311, 0.0, 20.0, 
objectives:
-19.12400454276305, 21.132210298364825, -18.124004542763053, 

parameters:
1.9788455856619105, 0.0, 20.0, 
objectives:
-16.08417014810637, 20.000447509245987, -15.08417014810637, 

parameters:
1.8684415155530796, 0.0, 20.0, 
objectives:
-16.50892630295771, 20.017307634829972, -15.508926302957711, 

parameters:
0.06955407942574182, 0.0, 20.0, 
objectives:
-19.995162230035238, 23.726621452261796, -18.995162230035238, 

parameters:
0.2524337997605971, 0.0, 20.0, 
objectives:
-19.936277176738425, 23.053987624219186, -18.936277176738425, 

parameters:
0.6155893370627036, 0.0, 20.0, 
objectives:
-19.6210497680947, 21.916592883654484, -18.6210497680947, 

parameters:
1.2274826837795787, 0.0, 20.0, 
objectives:
-18.493286261021282, 20.596783003860402, -17.493286261021282, 

parameters:
0.5538520054716898, 0.0, 20.0, 
objectives:
-19.693247956034988, 22.091344022078253, -18.693247956034988, 

parameters:
0.17330990833825674, 0.0, 20.0, 
objectives:
-19.969963675671785, 23.336796690975188, -18.969963675671785, 

parameters:
1.4338870912357342, 0.0, 20.0, 
objectives:
-17.943967809587527, 20.320483825469537, -16.943967809587527, 

parameters:
0.46499641477254583, 0.0, 20.0, 
objectives:
-19.78377833424868, 22.35623600666114, -18.78377833424868, 

parameters:
1.2368701548556815, 0.0, 20.0, 
objectives:
-18.47015222002728, 20.582367160549992, -17.47015222002728, 

parameters:
1.157909122333388, 0.0, 20.0, 
objectives:
-18.659246464417123, 20.709117046249325, -17.659246464417123, 

parameters:
1.4728357496527476, 0.0, 20.0, 
objectives:
-17.83075485454483, 20.27790214684418, -16.83075485454483, 

parameters:
0.14188682607907602, 0.0, 20.0, 
objectives:
-19.979868128585206, 23.45258456709849, -18.979868128585206, 

parameters:
1.8114025874771655, 0.0, 20.0, 
objectives:
-16.71882066608103, 20.035568984010308, -15.71882066608103, 

parameters:
0.6598505307651363, 0.0, 20.0, 
objectives:
-19.564597277048968, 21.796000599890487, -18.564597277048968, 

parameters:
1.8482067628651448, 0.0, 20.0, 
objectives:
-16.584131761699542, 20.02304118683988, -15.584131761699542, 

parameters:
0.690609025752186, 0.0, 20.0, 
objectives:
-19.523059173549616, 21.71450472344164, -18.523059173549616, 

parameters:
1.819605642408753, 0.0, 20.0, 
objectives:
-16.689035306114228, 20.03254212425076, -15.68903530611423, 

parameters:
0.5137519798275516, 0.0, 20.0, 
objectives:
-19.73605890322327, 22.208933177466523, -18.73605890322327, 

parameters:
0.518013364255695, 0.0, 20.0, 
objectives:
-19.731662154452497, 22.196284388524724, -18.731662154452497, 

parameters:
1.4502700921110483, 0.0, 20.0, 
objectives:
-17.896716659928213, 20.302202971627594, -16.896716659928213, 

parameters:
1.4581276147870386, 0.0, 20.0, 
objectives:
-17.873863858995463, 20.293625681856383, -16.873863858995463, 

