Generation 1700 at Fri May 24 19:48:16 2019
parameters:
1.9842689832055664, 1.5132545282484013, 2.856877641438097, 
objectives:
2.5937002845219572, 4.370379634575885, 4.370385023537847, 

parameters:
0.05101637681523949, -100, 19.95971668145522, 
objectives:
-119.95711401075187, -76.24174615510238, 9981.042885989249, 

parameters:
-1.633392927026124, -6.2697431520143, 20, 
objectives:
-23.60177069795533, 26.931801010149165, 22.977651646289175, 

parameters:
-0.09310337269809921, -0.38187417318528993, 20, 
objectives:
-20.37320593517753, 23.999207555614866, -18.84550387784629, 

parameters:
1.9973066371654076, -100, 0, 
objectives:
-96.01076619713501, -99.99999274579665, 10004.989233802866, 

parameters:
-0.5590158201769291, -32.20891946244967, 19.355034418584328, 
objectives:
-51.25145519382592, -6.305323075949541, 1019.3719572071931, 

parameters:
1.1181962325890975, -74.20035342862131, 0, 
objectives:
-72.94999061404486, -73.42277554440125, 5507.9428117468915, 

parameters:
1.1815303384344689, -44.04428492665696, 14.615226605104562, 
objectives:
-57.26349759112045, -28.7591657346492, 1927.679822036078, 

parameters:
-0.9276945954105993, -98.00480772005245, 10.290803894616337, 
objectives:
-107.43499435231475, -79.14260818143968, 9596.512149612192, 

parameters:
1.0675174259809683, -16.153149367796964, 0.01161733799297924, 
objectives:
-15.025173251016911, -15.272008278954827, 263.05221061513953, 

parameters:
0.7486330284460072, -79.10346191828377, 10.885386637913205, 
objectives:
-89.42839714491673, -66.65215598287436, 6248.032752230738, 

parameters:
0.8374010372110138, -58.926794029847336, 20, 
objectives:
-78.22555353272526, -37.57515768156931, 3454.0682951331737, 

parameters:
1.8395916634052347, -1.929566602073245, 12.048446727826978, 
objectives:
-10.593915841830185, 10.144610960202833, -3.9411219679204503, 

parameters:
-0.25286931840898386, -82.44933071944206, 17.686968105564322, 
objectives:
-100.07235593281375, -59.68694244804918, 6781.26911087056, 

parameters:
1.0430583231420325, -67.84460873815438, 18.268598961496213, 
objectives:
-85.02523703417472, -48.660272403750426, 4586.710306537233, 

parameters:
-0.9999794679250438, -35.63631380088786, 5.832489948807965, 
objectives:
-40.46884481342418, -20.803947044108067, 1266.1143303028146, 

parameters:
1.0480264549412135, -70.9016205568606, 14.183677361302887, 
objectives:
-83.98693846790684, -55.81168956506593, 5014.954479677992, 

parameters:
-1.96557077632446, -23.677073878589667, 19.308941919411538, 
objectives:
-39.12254732126046, 11.357619622860454, 546.1583540095224, 

parameters:
1.0145344313337623, -53.04653209486402, 11.447789960590889, 
objectives:
-63.46504194309319, -40.62759974724646, 2804.51605744321, 

parameters:
-1.9358419500238675, -12.113096320559343, 16.607119316414764, 
objectives:
-24.972731581501897, 19.9848748514231, 134.86746721020575, 

parameters:
2.970794864844442, -65.50475280300437, 18.184218141463578, 
objectives:
-74.86334881548184, -46.37809199193245, 4282.514043770231, 

parameters:
-0.19846053920393514, -90.0500420744384, 0.8621663812372774, 
objectives:
-90.87282187005455, -84.35464695076426, 8109.187297812509, 

parameters:
0.706593044518997, -27.608607265641524, 3.2785274591623814, 
objectives:
-30.38786099424128, -22.657178253992505, 760.4559414198342, 

parameters:
-0.7565672433209811, -47.80420089499162, 20, 
objectives:
-67.23180690132531, -20.20553792804138, 2266.814017202383, 

parameters:
2.288999360637412, -62.22300728524531, 5.909748486407391, 
objectives:
-62.89323769865422, -56.22973816838909, 3872.032405206282, 

parameters:
0.09020212163792218, -19.131535279012816, 13.288480415939265, 
objectives:
-32.411879272204104, -2.1957269268772563, 353.7352981389207, 

parameters:
-1.308064662422538, -86.62022088896974, 11.212521716627688, 
objectives:
-96.12170944451884, -64.46440736157331, 7494.561178298361, 

parameters:
1.505439821893635, -51.70687011941459, 17.65091587338171, 
objectives:
-67.09143693545316, -33.81136447626427, 2659.215850729971, 

parameters:
-2.530392324954513, -41.756361041209026, 18.090213746013507, 
objectives:
-53.44368946903383, -3.141692677188761, 1732.9063589759742, 

parameters:
-0.3842903695857307, -93.3282472868559, 11.970304070494246, 
objectives:
-105.15087226919381, -75.67310264986239, 8699.33911665419, 

parameters:
3.541717531451432, -93.36286288473408, 0.1761931119737759, 
objectives:
-80.99529292411744, -90.80977682597562, 8729.991735994274, 

parameters:
-1.65631397083681, -82.30459773176267, 0.358480044377262, 
objectives:
-79.91970180615073, -68.57748583404897, 6777.431703712885, 

parameters:
0.3120521055235906, -96.5263516556687, 0, 
objectives:
-96.428975139107, -93.67718356120136, 9318.433940470379, 

parameters:
2.5385776999975636, -97.57723595681324, 1.9236119900021407, 
objectives:
-93.05647120789047, -95.36355802787644, 9526.83774172053, 

parameters:
2.66045821923169, -87.9793430528047, 0, 
objectives:
-80.90130511652724, -87.543137993454, 7748.442841939372, 

parameters:
-1.5882727038998952, -99.13558763369112, 0.7985152868020358, 
objectives:
-97.41149273853966, -85.46137134933602, 9830.588830372402, 

