Generation 1707 at Fri May 24 19:48:16 2019
parameters:
1.9842689832055664, 1.5132545282484013, 2.856877641438097, 
objectives:
2.5937002845219572, 4.370379634575885, 4.370385023537847, 

parameters:
0.05101637681523949, -100, 19.95971668145522, 
objectives:
-119.95711401075187, -76.24174615510238, 9981.042885989249, 

parameters:
-1.633392927026124, -6.2697431520143, 20, 
objectives:
-23.60177069795533, 26.931801010149165, 22.977651646289175, 

parameters:
-0.09310337269809921, -0.38187417318528993, 20, 
objectives:
-20.37320593517753, 23.999207555614866, -18.84550387784629, 

parameters:
1.9973066371654076, -100, 0, 
objectives:
-96.01076619713501, -99.99999274579665, 10004.989233802866, 

parameters:
-0.25286931840898386, -82.44933071944206, 17.686968105564322, 
objectives:
-100.07235593281375, -59.68694244804918, 6781.26911087056, 

parameters:
2.4702604901735183, -21.74554113299767, 18.177592603214908, 
objectives:
-33.82094684690027, -3.346803601164524, 461.7931534529909, 

parameters:
1.1815303384344689, -44.04428492665696, 14.615226605104562, 
objectives:
-57.26349759112045, -28.7591657346492, 1927.679822036078, 

parameters:
1.0145344313337623, -53.04653209486402, 11.447789960590889, 
objectives:
-63.46504194309319, -40.62759974724646, 2804.51605744321, 

parameters:
-1.1095934588638858, -91.84805635580385, 17.463910347014803, 
objectives:
-108.08076905886513, -64.71457452937997, 8420.83274363586, 

parameters:
1.505439821893635, -51.70687011941459, 17.65091587338171, 
objectives:
-67.09143693545316, -33.81136447626427, 2659.215850729971, 

parameters:
3.458668649750174, -6.106778668444946, 13.907888037987096, 
objectives:
-8.05227787766735, 9.928823599306146, 36.347246496151826, 

parameters:
1.0430583231420325, -67.84460873815438, 18.268598961496213, 
objectives:
-85.02523703417472, -48.660272403750426, 4586.710306537233, 

parameters:
4.397680454818278, -8.730688369326279, 19.52632439075547, 
objectives:
-8.917419377391047, 16.544507584846777, 77.03818839422439, 

parameters:
-0.19846053920393514, -90.0500420744384, 0.8621663812372774, 
objectives:
-90.87282187005455, -84.35464695076426, 8109.187297812509, 

parameters:
3.659859082229274, -40.966608970656665, 20, 
objectives:
-47.57204046888056, -18.21147679779766, 1672.6576190564633, 

parameters:
-0.9999794679250438, -35.63631380088786, 5.832489948807965, 
objectives:
-40.46884481342418, -20.803947044108067, 1266.1143303028146, 

parameters:
0.706593044518997, -27.608607265641524, 3.2785274591623814, 
objectives:
-30.38786099424128, -22.657178253992505, 760.4559414198342, 

parameters:
-1.308064662422538, -86.62022088896974, 11.212521716627688, 
objectives:
-96.12170944451884, -64.46440736157331, 7494.561178298361, 

parameters:
4.5844283071406675, -95.82960939032964, 1.4766969535575662, 
objectives:
-76.28932344057455, -87.6736427620221, 9203.85432185291, 

parameters:
0.8374010372110138, -58.926794029847336, 20, 
objectives:
-78.22555353272526, -37.57515768156931, 3454.0682951331737, 

parameters:
-0.8441467755014656, -73.34428720851669, 7.623069847371061, 
objectives:
-80.25477327729823, -57.63204648055024, 5373.473980056604, 

parameters:
0.707198435499202, -88.2053466351318, 16.63615503451065, 
objectives:
-104.34137204246994, -69.89785571544544, 7765.047149616418, 

parameters:
-0.3842903695857307, -93.3282472868559, 11.970304070494246, 
objectives:
-105.15087226919381, -75.67310264986239, 8699.33911665419, 

parameters:
-1.9358419500238675, -12.113096320559343, 16.607119316414764, 
objectives:
-24.972731581501897, 19.9848748514231, 134.86746721020575, 

parameters:
2.970794864844442, -65.50475280300437, 18.184218141463578, 
objectives:
-74.86334881548184, -46.37809199193245, 4282.514043770231, 

parameters:
-1.003119339229462, -77.60031099343503, 13.110778546626694, 
objectives:
-89.70484113132557, -55.47080668115434, 6010.7037361399425, 

parameters:
1.1257501275875137, -28.513811343655586, 16.66296405472323, 
objectives:
-43.90946204861551, -11.08653444951911, 798.641786636622, 

parameters:
2.5153387188278593, -49.314719396648485, 9.109028737919612, 
objectives:
-52.096819264133515, -39.940116663605735, 2430.1594493026932, 

parameters:
-0.9276945954105993, -98.00480772005245, 10.290803894616337, 
objectives:
-107.43499435231475, -79.14260818143968, 9596.512149612192, 

parameters:
0.23781451470952852, -98.27912697595855, 1.5217903572690419, 
objectives:
-99.74436158982105, -93.6520389341211, 9658.32156454272, 

parameters:
1.0480264549412135, -70.9016205568606, 14.183677361302887, 
objectives:
-83.98693846790684, -55.81168956506593, 5014.954479677992, 

parameters:
-1.5920240109627821, -61.79121404366123, 19.558447735438236, 
objectives:
-78.81512132761745, -29.330129812889837, 3802.1302257056004, 

parameters:
-0.7473620401285828, -77.28420454332839, 12.91395838989665, 
objectives:
-89.63961291419987, -56.822247973892246, 5961.492863524149, 

parameters:
0.06719137155976462, -99.86686808051638, 4.070860745670786, 
objectives:
-103.93321414577508, -92.06025814067257, 9970.324994146002, 

parameters:
2.1842208999131474, -63.826596436526636, 17.983202928831243, 
objectives:
-77.03897842574048, -45.80945616773059, 4061.6220306820205, 

parameters:
-0.5590158201769291, -32.20891946244967, 19.355034418584328, 
objectives:
-51.25145519382592, -6.305323075949541, 1019.3719572071931, 

parameters:
-0.041591303030847904, -31.352056685057086, 17.560669981395602, 
objectives:
-48.91099682996489, -9.623291655050288, 966.3925182381249, 

