Generation 1718 at Fri May 24 19:48:16 2019
parameters:
1.9842689832055664, 1.5132545282484013, 2.856877641438097, 
objectives:
2.5937002845219572, 4.370379634575885, 4.370385023537847, 

parameters:
0.05101637681523949, -100, 19.95971668145522, 
objectives:
-119.95711401075187, -76.24174615510238, 9981.042885989249, 

parameters:
-1.633392927026124, -6.2697431520143, 20, 
objectives:
-23.60177069795533, 26.931801010149165, 22.977651646289175, 

parameters:
-0.09310337269809921, -0.38187417318528993, 20, 
objectives:
-20.37320593517753, 23.999207555614866, -18.84550387784629, 

parameters:
1.9973066371654076, -100, 0, 
objectives:
-96.01076619713501, -99.99999274579665, 10004.989233802866, 

parameters:
-1.1095934588638858, -91.84805635580385, 17.463910347014803, 
objectives:
-108.08076905886513, -64.71457452937997, 8420.83274363586, 

parameters:
0.8567572642807394, -95.29631343520178, 6.464687649520776, 
objectives:
-101.02696807482474, -87.52462183290615, 9076.656699700596, 

parameters:
2.4702604901735183, -21.74554113299767, 18.177592603214908, 
objectives:
-33.82094684690027, -3.346803601164524, 461.7931534529909, 

parameters:
-0.5589655103836405, -83.25086995960022, 8.45938670277727, 
objectives:
-91.39781422057905, -68.24317877348994, 6923.560404769288, 

parameters:
2.7729592742740037, 4.7599943367198225, 14.562566101548239, 
objectives:
-2.1132686280462067, 19.920026477954256, 16.784283120838754, 

parameters:
1.9027718680457881, -96.78274167272755, 0.14100375337822396, 
objectives:
-93.30320464427932, -96.63228460970602, 9371.378622718363, 

parameters:
-0.8441467755014656, -73.34428720851669, 7.623069847371061, 
objectives:
-80.25477327729823, -57.63204648055024, 5373.473980056604, 

parameters:
-0.3714547871790841, 3.7068161399750092, 12.845601010417269, 
objectives:
-9.000806211524, 22.176214958026875, 2.032863544080218, 

parameters:
0.8120197729672867, -61.103349811815804, 8.085836869641678, 
objectives:
-68.52981056976763, -51.60621592235343, 3727.192897467178, 

parameters:
1.0145344313337623, -53.04653209486402, 11.447789960590889, 
objectives:
-63.46504194309319, -40.62759974724646, 2804.51605744321, 

parameters:
-0.23381791260948948, -30.8083678905927, 11.749134228308964, 
objectives:
-42.50283130264461, -14.069291195588718, 938.4610686700513, 

parameters:
4.237174866859813, -80.22950303338945, 15.81575846012382, 
objectives:
-78.09161064116479, -59.40879318835641, 6439.911049376871, 

parameters:
2.00095476448506, -55.35887832758778, 19.771675187751374, 
objectives:
-71.1267335458237, -35.58720222826119, 3049.837554470432, 

parameters:
1.1815303384344689, -44.04428492665696, 14.615226605104562, 
objectives:
-57.26349759112045, -28.7591657346492, 1927.679822036078, 

parameters:
-0.9999794679250438, -35.63631380088786, 5.832489948807965, 
objectives:
-40.46884481342418, -20.803947044108067, 1266.1143303028146, 

parameters:
4.248918700641885, -39.12867552551979, 8.656166865670764, 
objectives:
-29.73153226652623, -25.41487333775224, 1541.4503916404049, 

parameters:
2.970794864844442, -65.50475280300437, 18.184218141463578, 
objectives:
-74.86334881548184, -46.37809199193245, 4282.514043770231, 

parameters:
-0.8886190447734297, -36.762238214633754, 17.753963755211117, 
objectives:
-53.72655816311083, -10.664154473594877, 1335.4978386010014, 

parameters:
1.0700163388542874, -82.13826049673813, 8.031168376157027, 
objectives:
-89.02449390748002, -73.24222251058312, 6740.807604019268, 

parameters:
1.0430583231420325, -67.84460873815438, 18.268598961496213, 
objectives:
-85.02523703417472, -48.660272403750426, 4586.710306537233, 

parameters:
4.028701029967873, -62.02102885516999, 3.1240426513785025, 
objectives:
-48.914639517684286, -54.781358334798774, 3860.7144095913136, 

parameters:
0.9104133773258829, -70.03487918915992, 7.767644877799979, 
objectives:
-76.97367154934598, -61.080035303049556, 4898.94551068004, 

parameters:
0.9763251290077877, -40.18645221014004, 4.8979348906231035, 
objectives:
-44.13117634323107, -34.24060707801601, 1612.0062171047784, 

parameters:
1.3375343051787736, -47.59909104945701, 20, 
objectives:
-65.81009303192695, -27.160230252642037, 2248.4624667520284, 

parameters:
2.5153387188278593, -49.314719396648485, 9.109028737919612, 
objectives:
-52.096819264133515, -39.940116663605735, 2430.1594493026932, 

parameters:
-2.2197012318211815, -33.045999364830166, 19.29678199812617, 
objectives:
-47.415707804407866, 4.056661119129203, 1078.668365580778, 

parameters:
1.4612994601892049, -81.21065998752164, 1.803624127069706, 
objectives:
-80.87888800224209, -79.11683758885948, 6596.503067594128, 

parameters:
2.051847608194295, -54.92489241624994, 7.353574925844919, 
objectives:
-58.06838873484221, -47.568629315929556, 3014.600310618038, 

parameters:
0.7428147090632344, -100, 14.787337728784538, 
objectives:
-114.23556403678384, -83.6321474154677, 9986.764435963216, 

parameters:
0.8155319043260953, -37.33197489442819, 14.49874590932907, 
objectives:
-51.165628516783514, -21.430264315429756, 1380.8426958958617, 

parameters:
2.7011283007686098, -81.94447483676322, 0.17162523852087747, 
objectives:
-74.82000597807098, -81.28126870410367, 6723.021425131613, 

parameters:
4.663638439095807, -68.02983160994607, 0.5497879877908007, 
objectives:
-46.830096107124895, -60.385073887926524, 4650.257724380438, 

parameters:
0.554623275936617, -100, 14.607073552290654, 
objectives:
-114.29946657407999, -83.30381257324514, 9986.700533425921, 

