Generation 1721 at Fri May 24 19:48:16 2019
parameters:
1.9842689832055664, 1.5132545282484013, 2.856877641438097, 
objectives:
2.5937002845219572, 4.370379634575885, 4.370385023537847, 

parameters:
0.05101637681523949, -100, 19.95971668145522, 
objectives:
-119.95711401075187, -76.24174615510238, 9981.042885989249, 

parameters:
-1.633392927026124, -6.2697431520143, 20, 
objectives:
-23.60177069795533, 26.931801010149165, 22.977651646289175, 

parameters:
-0.09310337269809921, -0.38187417318528993, 20, 
objectives:
-20.37320593517753, 23.999207555614866, -18.84550387784629, 

parameters:
1.9973066371654076, -100, 0, 
objectives:
-96.01076619713501, -99.99999274579665, 10004.989233802866, 

parameters:
-0.5589655103836405, -83.25086995960022, 8.45938670277727, 
objectives:
-91.39781422057905, -68.24317877348994, 6923.560404769288, 

parameters:
-0.8441467755014656, -73.34428720851669, 7.623069847371061, 
objectives:
-80.25477327729823, -57.63204648055024, 5373.473980056604, 

parameters:
2.454885759822196, -79.00747959112391, 6.22852716455317, 
objectives:
-79.20954266189928, -72.57203137208172, 6242.979768271086, 

parameters:
1.5640516675544236, -90.50480586991047, 15.460156929072973, 
objectives:
-103.51870518020368, -74.85459799227542, 8179.105986239888, 

parameters:
-1.1095934588638858, -91.84805635580385, 17.463910347014803, 
objectives:
-108.08076905886513, -64.71457452937997, 8420.83274363586, 

parameters:
-1.50119220322869, -12.022937909786176, 20, 
objectives:
-29.769359878751565, 20.235408934163193, 127.80461401360819, 

parameters:
-0.17628498199255438, -50.6891207666135, 9.50935467707316, 
objectives:
-60.167399048810545, -36.443549766694005, 2560.908685810131, 

parameters:
0.8120197729672867, -61.103349811815804, 8.085836869641678, 
objectives:
-68.52981056976763, -51.60621592235343, 3727.192897467178, 

parameters:
-0.8886190447734297, -36.762238214633754, 17.753963755211117, 
objectives:
-53.72655816311083, -10.664154473594877, 1335.4978386010014, 

parameters:
4.248918700641885, -39.12867552551979, 8.656166865670764, 
objectives:
-29.73153226652623, -25.41487333775224, 1541.4503916404049, 

parameters:
2.500287754659576, -93.9740781390311, 0, 
objectives:
-87.72263928293049, -93.72379030156878, 8838.378800936825, 

parameters:
1.0430583231420325, -67.84460873815438, 18.268598961496213, 
objectives:
-85.02523703417472, -48.660272403750426, 4586.710306537233, 

parameters:
-2.1861861740375845, -45.936039661899436, 5.790015907365087, 
objectives:
-46.94664558171143, -22.62186907083092, 2110.1091338997862, 

parameters:
0.9104133773258829, -70.03487918915992, 7.767644877799979, 
objectives:
-76.97367154934598, -61.080035303049556, 4898.94551068004, 

parameters:
0.9763251290077877, -40.18645221014004, 4.8979348906231035, 
objectives:
-44.13117634323107, -34.24060707801601, 1612.0062171047784, 

parameters:
1.0145344313337623, -53.04653209486402, 11.447789960590889, 
objectives:
-63.46504194309319, -40.62759974724646, 2804.51605744321, 

parameters:
-0.23381791260948948, -30.8083678905927, 11.749134228308964, 
objectives:
-42.50283130264461, -14.069291195588718, 938.4610686700513, 

parameters:
2.4702604901735183, -21.74554113299767, 18.177592603214908, 
objectives:
-33.82094684690027, -3.346803601164524, 461.7931534529909, 

parameters:
1.032356103282374, -91.94098733624786, 11.529476819556315, 
objectives:
-102.40470503181982, -79.47517580583667, 8443.681434668517, 

parameters:
2.00095476448506, -55.35887832758778, 19.771675187751374, 
objectives:
-71.1267335458237, -35.58720222826119, 3049.837554470432, 

parameters:
0.8567572642807394, -95.29631343520178, 6.464687649520776, 
objectives:
-101.02696807482474, -87.52462183290615, 9076.656699700596, 

parameters:
1.4640629133630023, -98.54219505577473, 9.28751666577162, 
objectives:
-105.68623150726138, -88.96744982917015, 9704.420169958865, 

parameters:
2.9454277515637446, -4.9592351035139055, 4.703519357982103, 
objectives:
-0.9872098218141518, 0.6381178878950751, 29.56603809362433, 

parameters:
1.9027718680457881, -96.78274167272755, 0.14100375337822396, 
objectives:
-93.30320464427932, -96.63228460970602, 9371.378622718363, 

parameters:
4.028701029967873, -62.02102885516999, 3.1240426513785025, 
objectives:
-48.914639517684286, -54.781358334798774, 3860.7144095913136, 

parameters:
4.773130969792412, -18.30460869950802, 13.901000609906275, 
objectives:
-9.422830054622844, 3.2866472860200577, 344.94047828698984, 

parameters:
2.970794864844442, -65.50475280300437, 18.184218141463578, 
objectives:
-74.86334881548184, -46.37809199193245, 4282.514043770231, 

parameters:
-2.024411070695603, -28.527316142596096, 13.373650012280772, 
objectives:
-37.80272597172195, 1.042218335622005, 805.5323564704979, 

parameters:
-1.9078850948390684, -35.66515704171377, 12.953972405652687, 
objectives:
-44.97910391225737, -7.439618721595727, 1263.6894799395618, 

parameters:
-0.9999794679250438, -35.63631380088786, 5.832489948807965, 
objectives:
-40.46884481342418, -20.803947044108067, 1266.1143303028146, 

parameters:
-0.3714547871790841, 3.7068161399750092, 12.845601010417269, 
objectives:
-9.000806211524, 22.176214958026875, 2.032863544080218, 

parameters:
1.608710646521038, -65.4470053544584, 10.55286894776249, 
objectives:
-73.41192435799076, -54.74102904854992, 4276.345590862974, 

parameters:
-0.024009555371021007, -99.77432374759518, 0.40920652509542926, 
objectives:
-100.1829538139415, -95.26850254226655, 9955.507049223588, 

parameters:
0.4109177796300279, -61.23447833003825, 17.23547661018666, 
objectives:
-78.30110151860885, -41.47381941675563, 3733.5947131633534, 

parameters:
1.402446315852145, -16.84192824445535, 20, 
objectives:
-34.875072575608094, 3.5151421609833235, 266.6174026602301, 

