Generation 1726 at Fri May 24 19:48:16 2019
parameters:
1.9842689832055664, 1.5132545282484013, 2.856877641438097, 
objectives:
2.5937002845219572, 4.370379634575885, 4.370385023537847, 

parameters:
0.05101637681523949, -100, 19.95971668145522, 
objectives:
-119.95711401075187, -76.24174615510238, 9981.042885989249, 

parameters:
-1.633392927026124, -6.2697431520143, 20, 
objectives:
-23.60177069795533, 26.931801010149165, 22.977651646289175, 

parameters:
-0.09310337269809921, -0.38187417318528993, 20, 
objectives:
-20.37320593517753, 23.999207555614866, -18.84550387784629, 

parameters:
1.9973066371654076, -100, 0, 
objectives:
-96.01076619713501, -99.99999274579665, 10004.989233802866, 

parameters:
-2.1861861740375845, -45.936039661899436, 5.790015907365087, 
objectives:
-46.94664558171143, -22.62186907083092, 2110.1091338997862, 

parameters:
2.3819801332609254, 3.535070370451395, 19.166368456119965, 
objectives:
-9.957468730418835, 22.847347648777394, 0.004183423173135026, 

parameters:
1.0145344313337623, -53.04653209486402, 11.447789960590889, 
objectives:
-63.46504194309319, -40.62759974724646, 2804.51605744321, 

parameters:
-0.5060103195949492, -12.7246288364622, 20.0, 
objectives:
-32.46858239292562, 13.55545888545418, 143.17222546926195, 

parameters:
0.9763251290077877, -40.18645221014004, 4.8979348906231035, 
objectives:
-44.13117634323107, -34.24060707801601, 1612.0062171047784, 

parameters:
-0.23381791260948948, -30.8083678905927, 11.749134228308964, 
objectives:
-42.50283130264461, -14.069291195588718, 938.4610686700513, 

parameters:
0.8120197729672867, -61.103349811815804, 8.085836869641678, 
objectives:
-68.52981056976763, -51.60621592235343, 3727.192897467178, 

parameters:
-1.1095934588638858, -91.84805635580385, 17.463910347014803, 
objectives:
-108.08076905886513, -64.71457452937997, 8420.83274363586, 

parameters:
4.248918700641885, -39.12867552551979, 8.656166865670764, 
objectives:
-29.73153226652623, -25.41487333775224, 1541.4503916404049, 

parameters:
-0.5589655103836405, -83.25086995960022, 8.45938670277727, 
objectives:
-91.39781422057905, -68.24317877348994, 6923.560404769288, 

parameters:
2.4702604901735183, -21.74554113299767, 18.177592603214908, 
objectives:
-33.82094684690027, -3.346803601164524, 461.7931534529909, 

parameters:
2.1056851866914745, -26.039800178304617, 16.389038298824545, 
objectives:
-37.99492837167725, -9.63959252079406, 667.1160651326605, 

parameters:
2.9454277515637446, -4.9592351035139055, 4.703519357982103, 
objectives:
-0.9872098218141518, 0.6381178878950751, 29.56603809362433, 

parameters:
2.500287754659576, -93.9740781390311, 0, 
objectives:
-87.72263928293049, -93.72379030156878, 8838.378800936825, 

parameters:
1.2649378758144278, -75.58620413662203, 8.782609617500173, 
objectives:
-82.76874592445229, -66.26327819270965, 5707.091713995266, 

parameters:
-0.8886190447734297, -36.762238214633754, 17.753963755211117, 
objectives:
-53.72655816311083, -10.664154473594877, 1335.4978386010014, 

parameters:
1.4623541435533087, -63.96579962358176, 10.106055846064852, 
objectives:
-71.93337582847909, -53.57068071056261, 4084.655945279315, 

parameters:
-0.2713205163070609, -89.18042442606789, 0.07185899085365477, 
objectives:
-89.17866859435242, -83.94966854741686, 7954.149856645321, 

parameters:
-1.0854661960414744, -56.13917165400582, 2.132109044682431, 
objectives:
-57.093043835939504, -44.486960962408745, 3151.652721815997, 

parameters:
0.6624469834201792, -88.62009053481684, 17.504048484668182, 
objectives:
-105.68530301364254, -69.32699397798689, 7837.455233920307, 

parameters:
1.5640516675544236, -90.50480586991047, 15.460156929072973, 
objectives:
-103.51870518020368, -74.85459799227542, 8179.105986239888, 

parameters:
-0.8441467755014656, -73.34428720851669, 7.623069847371061, 
objectives:
-80.25477327729823, -57.63204648055024, 5373.473980056604, 

parameters:
0.9104133773258829, -70.03487918915992, 7.767644877799979, 
objectives:
-76.97367154934598, -61.080035303049556, 4898.94551068004, 

parameters:
1.9027718680457881, -96.78274167272755, 0.14100375337822396, 
objectives:
-93.30320464427932, -96.63228460970602, 9371.378622718363, 

parameters:
3.2692813607488898, -64.8429298950348, 4.177442511891821, 
objectives:
-58.332171791186504, -59.054412210398425, 4212.116315476246, 

parameters:
2.454885759822196, -79.00747959112391, 6.22852716455317, 
objectives:
-79.20954266189928, -72.57203137208172, 6242.979768271086, 

parameters:
1.4640629133630023, -98.54219505577473, 9.28751666577162, 
objectives:
-105.68623150726138, -88.96744982917015, 9704.420169958865, 

parameters:
-1.4349150991532675, -68.87899823668016, 10.367433413396066, 
objectives:
-77.1874503082982, -46.712923084893, 4737.007946016971, 

parameters:
0.0702149687273732, -93.33374709497598, 0, 
objectives:
-93.32881695314259, -89.60967682805209, 8712.19327693077, 

parameters:
0.3429146960192586, -53.51569832510001, 2.2562873894577207, 
objectives:
-55.65439522581175, -48.513479230973346, 2862.7912703224006, 

parameters:
2.0360819263376113, -80.43838222399793, 15.265466446814925, 
objectives:
-91.55821906005418, -65.17161387177478, 6460.213497977931, 

