Generation 1728 at Fri May 24 19:48:16 2019
parameters:
0.05101637681523949, -100, 19.95971668145522, 
objectives:
-119.95711401075187, -76.24174615510238, 9981.042885989249, 

parameters:
1.9842689832055664, 1.5132545282484013, 2.856877641438097, 
objectives:
2.5937002845219572, 4.370379634575885, 4.370385023537847, 

parameters:
-1.633392927026124, -6.2697431520143, 20, 
objectives:
-23.60177069795533, 26.931801010149165, 22.977651646289175, 

parameters:
-0.09310337269809921, -0.38187417318528993, 20, 
objectives:
-20.37320593517753, 23.999207555614866, -18.84550387784629, 

parameters:
1.9973066371654076, -100, 0, 
objectives:
-96.01076619713501, -99.99999274579665, 10004.989233802866, 

parameters:
2.3819801332609254, 3.535070370451395, 19.166368456119965, 
objectives:
-9.957468730418835, 22.847347648777394, 0.004183423173135026, 

parameters:
-0.0725847265443883, -45.57426262915791, 1.7955069221655509, 
objectives:
-47.36450100879593, -39.48314825828728, 2076.223175811821, 

parameters:
4.248918700641885, -39.12867552551979, 8.656166865670764, 
objectives:
-29.73153226652623, -25.41487333775224, 1541.4503916404049, 

parameters:
-0.23381791260948948, -30.8083678905927, 11.749134228308964, 
objectives:
-42.50283130264461, -14.069291195588718, 938.4610686700513, 

parameters:
-1.1095934588638858, -91.84805635580385, 17.463910347014803, 
objectives:
-108.08076905886513, -64.71457452937997, 8420.83274363586, 

parameters:
-0.5060103195949492, -12.7246288364622, 20.0, 
objectives:
-32.46858239292562, 13.55545888545418, 143.17222546926195, 

parameters:
0.9104133773258829, -70.03487918915992, 7.767644877799979, 
objectives:
-76.97367154934598, -61.080035303049556, 4898.94551068004, 

parameters:
2.500287754659576, -93.9740781390311, 0, 
objectives:
-87.72263928293049, -93.72379030156878, 8838.378800936825, 

parameters:
-0.2713205163070609, -89.18042442606789, 0.07185899085365477, 
objectives:
-89.17866859435242, -83.94966854741686, 7954.149856645321, 

parameters:
1.9027718680457881, -96.78274167272755, 0.14100375337822396, 
objectives:
-93.30320464427932, -96.63228460970602, 9371.378622718363, 

parameters:
-0.8886190447734297, -36.762238214633754, 17.753963755211117, 
objectives:
-53.72655816311083, -10.664154473594877, 1335.4978386010014, 

parameters:
-0.4058749521147572, -52.08979347563792, 15.244228516949168, 
objectives:
-67.16928751583293, -31.057330673475565, 2699.267090294416, 

parameters:
2.4933606413930454, -75.7212533456649, 3.2840117188870206, 
objectives:
-72.78841777650398, -72.19383690430213, 5737.641043807529, 

parameters:
2.4702604901735183, -21.74554113299767, 18.177592603214908, 
objectives:
-33.82094684690027, -3.346803601164524, 461.7931534529909, 

parameters:
2.1056851866914745, -26.039800178304617, 16.389038298824545, 
objectives:
-37.99492837167725, -9.63959252079406, 667.1160651326605, 

parameters:
2.9454277515637446, -4.9592351035139055, 4.703519357982103, 
objectives:
-0.9872098218141518, 0.6381178878950751, 29.56603809362433, 

parameters:
-0.8728899363573603, -81.84597788724002, 5.524739626710781, 
objectives:
-86.60878067295685, -68.06774167410585, 6695.001293532867, 

parameters:
0.8120197729672867, -61.103349811815804, 8.085836869641678, 
objectives:
-68.52981056976763, -51.60621592235343, 3727.192897467178, 

parameters:
0.6624469834201792, -88.62009053481684, 17.504048484668182, 
objectives:
-105.68530301364254, -69.32699397798689, 7837.455233920307, 

parameters:
-0.8441467755014656, -73.34428720851669, 7.623069847371061, 
objectives:
-80.25477327729823, -57.63204648055024, 5373.473980056604, 

parameters:
0.9763251290077877, -40.18645221014004, 4.8979348906231035, 
objectives:
-44.13117634323107, -34.24060707801601, 1612.0062171047784, 

parameters:
-0.5589655103836405, -83.25086995960022, 8.45938670277727, 
objectives:
-91.39781422057905, -68.24317877348994, 6923.560404769288, 

parameters:
1.5640516675544236, -90.50480586991047, 15.460156929072973, 
objectives:
-103.51870518020368, -74.85459799227542, 8179.105986239888, 

parameters:
3.2692813607488898, -64.8429298950348, 4.177442511891821, 
objectives:
-58.332171791186504, -59.054412210398425, 4212.116315476246, 

parameters:
1.0145344313337623, -53.04653209486402, 11.447789960590889, 
objectives:
-63.46504194309319, -40.62759974724646, 2804.51605744321, 

parameters:
-0.07235489024708186, -54.15372066095999, 4.2275655959302, 
objectives:
-58.376051026747525, -45.631500273898794, 2929.4031310594974, 

parameters:
1.4623541435533087, -63.96579962358176, 10.106055846064852, 
objectives:
-71.93337582847909, -53.57068071056261, 4084.655945279315, 

parameters:
-0.3637650509096538, -56.1561750408906, 2.3426664603414156, 
objectives:
-58.36651648896871, -48.22612336464727, 3152.3056537750667, 

parameters:
1.2649378758144278, -75.58620413662203, 8.782609617500173, 
objectives:
-82.76874592445229, -66.26327819270965, 5707.091713995266, 

