Generation 1729 at Fri May 24 19:48:16 2019
parameters:
0.05101637681523949, -100, 19.95971668145522, 
objectives:
-119.95711401075187, -76.24174615510238, 9981.042885989249, 

parameters:
1.9842689832055664, 1.5132545282484013, 2.856877641438097, 
objectives:
2.5937002845219572, 4.370379634575885, 4.370385023537847, 

parameters:
-1.633392927026124, -6.2697431520143, 20, 
objectives:
-23.60177069795533, 26.931801010149165, 22.977651646289175, 

parameters:
-0.09310337269809921, -0.38187417318528993, 20, 
objectives:
-20.37320593517753, 23.999207555614866, -18.84550387784629, 

parameters:
1.9973066371654076, -100, 0, 
objectives:
-96.01076619713501, -99.99999274579665, 10004.989233802866, 

parameters:
0.8120197729672867, -61.103349811815804, 8.085836869641678, 
objectives:
-68.52981056976763, -51.60621592235343, 3727.192897467178, 

parameters:
4.248918700641885, -39.12867552551979, 8.656166865670764, 
objectives:
-29.73153226652623, -25.41487333775224, 1541.4503916404049, 

parameters:
-0.8441467755014656, -73.34428720851669, 7.623069847371061, 
objectives:
-80.25477327729823, -57.63204648055024, 5373.473980056604, 

parameters:
-0.5060103195949492, -12.7246288364622, 20.0, 
objectives:
-32.46858239292562, 13.55545888545418, 143.17222546926195, 

parameters:
2.6840575192231855, -53.62859412381088, 10.49842592913219, 
objectives:
-56.922855286444545, -42.66223350507291, 2873.731846533809, 

parameters:
2.500287754659576, -93.9740781390311, 0, 
objectives:
-87.72263928293049, -93.72379030156878, 8838.378800936825, 

parameters:
1.9027718680457881, -96.78274167272755, 0.14100375337822396, 
objectives:
-93.30320464427932, -96.63228460970602, 9371.378622718363, 

parameters:
-1.1095934588638858, -91.84805635580385, 17.463910347014803, 
objectives:
-108.08076905886513, -64.71457452937997, 8420.83274363586, 

parameters:
-0.8728899363573603, -81.84597788724002, 5.524739626710781, 
objectives:
-86.60878067295685, -68.06774167410585, 6695.001293532867, 

parameters:
-0.23381791260948948, -30.8083678905927, 11.749134228308964, 
objectives:
-42.50283130264461, -14.069291195588718, 938.4610686700513, 

parameters:
2.3819801332609254, 3.535070370451395, 19.166368456119965, 
objectives:
-9.957468730418835, 22.847347648777394, 0.004183423173135026, 

parameters:
3.745126369010825, -20.76371132061675, 9.937831268329244, 
objectives:
-16.675571069085787, -7.780414008470601, 436.2198480574391, 

parameters:
-0.0725847265443883, -45.57426262915791, 1.7955069221655509, 
objectives:
-47.36450100879593, -39.48314825828728, 2076.223175811821, 

parameters:
0.9104133773258829, -70.03487918915992, 7.767644877799979, 
objectives:
-76.97367154934598, -61.080035303049556, 4898.94551068004, 

parameters:
0.6624469834201792, -88.62009053481684, 17.504048484668182, 
objectives:
-105.68530301364254, -69.32699397798689, 7837.455233920307, 

parameters:
0.9237688729220115, -100, 15.606781551082426, 
objectives:
-114.75343262050282, -83.23494501002602, 9986.246567379496, 

parameters:
1.5640516675544236, -90.50480586991047, 15.460156929072973, 
objectives:
-103.51870518020368, -74.85459799227542, 8179.105986239888, 

parameters:
-0.5589655103836405, -83.25086995960022, 8.45938670277727, 
objectives:
-91.39781422057905, -68.24317877348994, 6923.560404769288, 

parameters:
3.2692813607488898, -64.8429298950348, 4.177442511891821, 
objectives:
-58.332171791186504, -59.054412210398425, 4212.116315476246, 

parameters:
-0.2713205163070609, -89.18042442606789, 0.07185899085365477, 
objectives:
-89.17866859435242, -83.94966854741686, 7954.149856645321, 

parameters:
2.1056851866914745, -26.039800178304617, 16.389038298824545, 
objectives:
-37.99492837167725, -9.63959252079406, 667.1160651326605, 

parameters:
2.4933606413930454, -75.7212533456649, 3.2840117188870206, 
objectives:
-72.78841777650398, -72.19383690430213, 5737.641043807529, 

parameters:
1.3440540668388778, -41.27205479564772, 11.311152510256873, 
objectives:
-50.77672597131847, -29.53063721816023, 1694.8778358792772, 

parameters:
-0.4058749521147572, -52.08979347563792, 15.244228516949168, 
objectives:
-67.16928751583293, -31.057330673475565, 2699.267090294416, 

parameters:
-0.8886190447734297, -36.762238214633754, 17.753963755211117, 
objectives:
-53.72655816311083, -10.664154473594877, 1335.4978386010014, 

parameters:
2.9287864443878284, -77.14547881286802, 6.9832155258282445, 
objectives:
-75.55090430186637, -69.2996190277612, 5954.019475777671, 

parameters:
2.4702604901735183, -21.74554113299767, 18.177592603214908, 
objectives:
-33.82094684690027, -3.346803601164524, 461.7931534529909, 

parameters:
2.792833966618913, -7.262221551394098, 5.750965176471037, 
objectives:
-5.213265162764804, -0.8826706762983818, 55.78881825016219, 

parameters:
1.0145344313337623, -53.04653209486402, 11.447789960590889, 
objectives:
-63.46504194309319, -40.62759974724646, 2804.51605744321, 

parameters:
2.9454277515637446, -4.9592351035139055, 4.703519357982103, 
objectives:
-0.9872098218141518, 0.6381178878950751, 29.56603809362433, 

parameters:
0.4104150239184967, -67.65045520602592, 6.562620074047185, 
objectives:
-74.04463478821509, -58.5610547357947, 4571.189910000331, 

parameters:
0.9763251290077877, -40.18645221014004, 4.8979348906231035, 
objectives:
-44.13117634323107, -34.24060707801601, 1612.0062171047784, 

parameters:
0.06962656247667809, -32.885459279425696, 15.337591573761117, 
objectives:
-48.218202994984495, -13.821526097368974, 1067.1206883032069, 

parameters:
-1.3464625929358003, -61.410693740265025, 9.946503662184128, 
objectives:
-69.54423588827376, -40.265378192162295, 3764.139763512617, 

parameters:
1.704965508635518, -40.58030465093917, 8.645427243288054, 
objectives:
-46.31882450859045, -31.847832056556413, 1642.0226057053837, 

