Generation 173 at Fri May 24 19:55:16 2019
parameters:
0, 0.0, 20.0, 
objectives:
-20.0, 24.0, -19.0, 

parameters:
0, 0.0, 20.0, 
objectives:
-20.0, 24.0, -19.0, 

parameters:
1.9979647189482492, 0.0, 20.0, 
objectives:
-16.008136981838042, 20.000004142368958, -15.008136981838044, 

parameters:
1.6325218135279336, 0.0, 20.0, 
objectives:
-17.33487252835547, 20.135040217532797, -16.33487252835547, 

parameters:
1.397122187121091, 0.0, 20.0, 
objectives:
-18.04804959425398, 20.363461657261656, -17.04804959425398, 

parameters:
1.815295032253213, 0.0, 20.0, 
objectives:
-16.704703945876805, 20.034115925110342, -15.704703945876807, 

parameters:
0.1152111064878359, 0.0, 20.0, 
objectives:
-19.986726400941848, 23.55242917310681, -18.986726400941848, 

parameters:
0.23499038774718434, 0.0, 20.0, 
objectives:
-19.94477951766643, 23.115258931344833, -18.94477951766643, 

parameters:
1.8899236400560266, 0.0, 20.0, 
objectives:
-16.42818863475738, 20.012116805018515, -15.428188634757378, 

parameters:
0.8109492059886592, 0.0, 20.0, 
objectives:
-19.342361385306365, 21.413841790739, -18.34236138530636, 

parameters:
0.44798321156280313, 0.0, 20.0, 
objectives:
-19.79931104215788, 22.40875611159091, -18.79931104215788, 

parameters:
0.9211768423159765, 0.0, 20.0, 
objectives:
-19.151433225180767, 21.16385940555533, -18.151433225180767, 

parameters:
1.732147206383789, 0.0, 20.0, 
objectives:
-16.999666055416835, 20.071745119048007, -15.999666055416835, 

parameters:
1.0386902136500833, 0.0, 20.0, 
objectives:
-18.921122640067544, 20.924116505332123, -17.921122640067544, 

parameters:
1.5073670194390767, 0.0, 20.0, 
objectives:
-17.727844668707355, 20.24268725353634, -16.727844668707355, 

parameters:
1.1614813588442292, 0.0, 20.0, 
objectives:
-18.65096105305736, 20.70311351156572, -17.65096105305736, 

parameters:
0.7202593136720292, 0.0, 20.0, 
objectives:
-19.4812265210687, 21.637736224243184, -18.4812265210687, 

parameters:
1.2930505283539395, 0.0, 20.0, 
objectives:
-18.328020331123597, 20.499777555460643, -17.328020331123597, 

parameters:
1.1008663303508723, 0.014189185868118681, 20.0, 
objectives:
-18.773904136831685, 20.822630541764827, -17.773904136831685, 

parameters:
0.6201652299502569, 0.0, 20.0, 
objectives:
-19.615395087560746, 21.903943992638226, -18.615395087560746, 

parameters:
1.3588584651203028, 0.0, 20.0, 
objectives:
-18.153503671770896, 20.411062467747893, -17.153503671770896, 

parameters:
0.5392845972875137, 0.0, 20.0, 
objectives:
-19.709172123128443, 22.1336894877215, -18.709172123128443, 

parameters:
1.5717515718706467, 0.0, 20.0, 
objectives:
-17.52959699632215, 20.18339671619526, -16.52959699632215, 

parameters:
0.3352418724054407, 0.0, 20.0, 
objectives:
-19.887612886986094, 22.77141962339214, -18.887612886986094, 

parameters:
1.8807480467500224, 0.0, 20.0, 
objectives:
-16.462786784645974, 20.014221028353933, -15.462786784645976, 

parameters:
1.7490504245856089, 0.0, 20.0, 
objectives:
-16.940822612256902, 20.062975689400663, -15.940822612256902, 

parameters:
0.363458258028102, 0.0, 20.0, 
objectives:
-19.867898094671176, 22.678268873216414, -18.867898094671176, 

parameters:
1.2250725131689022, 0.0, 20.0, 
objectives:
-18.49919733747803, 20.600512609846362, -17.49919733747803, 

parameters:
0.7626800804679217, 0.0, 20.0, 
objectives:
-19.418319094857445, 21.53096058327087, -18.418319094857445, 

parameters:
0.9691463986223481, 0.0, 20.0, 
objectives:
-19.060755258037332, 21.062659147473276, -18.060755258037332, 

parameters:
1.2427617325235951, 0.0, 20.0, 
objectives:
-18.455543276174954, 20.57340979373067, -17.455543276174954, 

parameters:
1.5400073122523845, 0.0, 20.0, 
objectives:
-17.628377478209188, 20.211593272781275, -16.628377478209188, 

parameters:
0.5812705174567389, 0.0, 20.0, 
objectives:
-19.662124585535576, 22.01279334463747, -18.662124585535576, 

parameters:
0.9589607295891776, 0.0, 20.0, 
objectives:
-19.080394319105793, 21.083762762537496, -18.080394319105793, 

parameters:
1.5110265011883512, 0.0, 20.0, 
objectives:
-17.71679891270649, 20.239095082540107, -16.71679891270649, 

parameters:
1.7438061863995775, 0.0, 20.0, 
objectives:
-16.95913998427456, 20.065635270127128, -15.959139984274561, 

parameters:
0, 0.0, 20.0, 
objectives:
-20.0, 24.0, -19.0, 

