Generation 1734 at Fri May 24 19:48:16 2019
parameters:
0.05101637681523949, -100, 19.95971668145522, 
objectives:
-119.95711401075187, -76.24174615510238, 9981.042885989249, 

parameters:
1.9842689832055664, 1.5132545282484013, 2.856877641438097, 
objectives:
2.5937002845219572, 4.370379634575885, 4.370385023537847, 

parameters:
-1.633392927026124, -6.2697431520143, 20, 
objectives:
-23.60177069795533, 26.931801010149165, 22.977651646289175, 

parameters:
-0.09310337269809921, -0.38187417318528993, 20, 
objectives:
-20.37320593517753, 23.999207555614866, -18.84550387784629, 

parameters:
1.9973066371654076, -100, 0, 
objectives:
-96.01076619713501, -99.99999274579665, 10004.989233802866, 

parameters:
-1.1095934588638858, -91.84805635580385, 17.463910347014803, 
objectives:
-108.08076905886513, -64.71457452937997, 8420.83274363586, 

parameters:
1.9575587154663805, -31.444586210092574, 2.204890117813707, 
objectives:
-29.817440203407894, -29.237894829646002, 991.3891479306286, 

parameters:
-0.23381791260948948, -30.8083678905927, 11.749134228308964, 
objectives:
-42.50283130264461, -14.069291195588718, 938.4610686700513, 

parameters:
1.9885890996958842, -87.41568579623119, 7.040568192677869, 
objectives:
-90.50176738147977, -80.37498739490756, 7639.416041640166, 

parameters:
2.4933606413930454, -75.7212533456649, 3.2840117188870206, 
objectives:
-72.78841777650398, -72.19383690430213, 5737.641043807529, 

parameters:
2.500287754659576, -93.9740781390311, 0, 
objectives:
-87.72263928293049, -93.72379030156878, 8838.378800936825, 

parameters:
0.9328317506657067, -66.13160582402227, 19.952063621493732, 
objectives:
-85.21349437046597, -45.04069413014132, 4355.307400317412, 

parameters:
0.8120197729672867, -61.103349811815804, 8.085836869641678, 
objectives:
-68.52981056976763, -51.60621592235343, 3727.192897467178, 

parameters:
-0.8728899363573603, -81.84597788724002, 5.524739626710781, 
objectives:
-86.60878067295685, -68.06774167410585, 6695.001293532867, 

parameters:
-0.8441467755014656, -73.34428720851669, 7.623069847371061, 
objectives:
-80.25477327729823, -57.63204648055024, 5373.473980056604, 

parameters:
-0.4058749521147572, -52.08979347563792, 15.244228516949168, 
objectives:
-67.16928751583293, -31.057330673475565, 2699.267090294416, 

parameters:
3.2602418827729016, -0.1638422014012333, 19.132561090357026, 
objectives:
-8.667226157571665, 20.55692849205078, -7.476539689210428, 

parameters:
1.9027718680457881, -96.78274167272755, 0.14100375337822396, 
objectives:
-93.30320464427932, -96.63228460970602, 9371.378622718363, 

parameters:
-0.0725847265443883, -45.57426262915791, 1.7955069221655509, 
objectives:
-47.36450100879593, -39.48314825828728, 2076.223175811821, 

parameters:
0.9104133773258829, -70.03487918915992, 7.767644877799979, 
objectives:
-76.97367154934598, -61.080035303049556, 4898.94551068004, 

parameters:
-0.2713205163070609, -89.18042442606789, 0.07185899085365477, 
objectives:
-89.17866859435242, -83.94966854741686, 7954.149856645321, 

parameters:
-2.955678176674307, -19.275956233290167, 6.208093477484548, 
objectives:
-16.748016226705957, 11.490883434960365, 375.0904287143022, 

parameters:
1.5640516675544236, -90.50480586991047, 15.460156929072973, 
objectives:
-103.51870518020368, -74.85459799227542, 8179.105986239888, 

parameters:
2.1056851866914745, -26.039800178304617, 16.389038298824545, 
objectives:
-37.99492837167725, -9.63959252079406, 667.1160651326605, 

parameters:
1.685328513382316, -53.673395094943515, 2.009719658139426, 
objectives:
-52.84278255506349, -51.56465729231391, 2882.6639535577865, 

parameters:
0.4191201286164832, -44.537367409690184, 7.735186884865697, 
objectives:
-52.096892612344384, -34.302999357078924, 1977.017570583079, 

parameters:
3.2692813607488898, -64.8429298950348, 4.177442511891821, 
objectives:
-58.332171791186504, -59.054412210398425, 4212.116315476246, 

parameters:
-0.8886190447734297, -36.762238214633754, 17.753963755211117, 
objectives:
-53.72655816311083, -10.664154473594877, 1335.4978386010014, 

parameters:
1.158903598982494, -79.6099205026062, 15.380168452213308, 
objectives:
-93.64703140308494, -63.52230889458829, 6324.702331530801, 

parameters:
3.4269226514199813, -13.607020575530916, 11.112291530131156, 
objectives:
-12.975513246846717, -0.4586207922643304, 186.78251627160589, 

parameters:
-0.21011814866636835, -26.786452515290172, 20, 
objectives:
-46.742302878891195, -1.901830284225717, 698.5581879902942, 

parameters:
0.6510561126286158, -6.461999640564903, 20, 
objectives:
-26.03812557877382, 15.35764997071172, 23.181313416452014, 

parameters:
3.710121187579134, -63.865444225894635, 0.0, 
objectives:
-50.100444999371035, -60.94092974968757, 4093.5599653973823, 

parameters:
-1.678113278479027, -30.318624320784515, 6.0164802840509, 
objectives:
-33.51904042942779, -10.773626747409878, 917.0185645962231, 

parameters:
-0.5060103195949492, -12.7246288364622, 20.0, 
objectives:
-32.46858239292562, 13.55545888545418, 143.17222546926195, 

