Generation 1738 at Fri May 24 19:48:17 2019
parameters:
1.9842689832055664, 1.5132545282484013, 2.856877641438097, 
objectives:
2.5937002845219572, 4.370379634575885, 4.370385023537847, 

parameters:
0.05101637681523949, -100, 19.95971668145522, 
objectives:
-119.95711401075187, -76.24174615510238, 9981.042885989249, 

parameters:
-1.633392927026124, -6.2697431520143, 20, 
objectives:
-23.60177069795533, 26.931801010149165, 22.977651646289175, 

parameters:
-0.09310337269809921, -0.38187417318528993, 20, 
objectives:
-20.37320593517753, 23.999207555614866, -18.84550387784629, 

parameters:
1.9973066371654076, -100, 0, 
objectives:
-96.01076619713501, -99.99999274579665, 10004.989233802866, 

parameters:
1.5640516675544236, -90.50480586991047, 15.460156929072973, 
objectives:
-103.51870518020368, -74.85459799227542, 8179.105986239888, 

parameters:
1.9885890996958842, -87.41568579623119, 7.040568192677869, 
objectives:
-90.50176738147977, -80.37498739490756, 7639.416041640166, 

parameters:
-0.8441467755014656, -73.34428720851669, 7.623069847371061, 
objectives:
-80.25477327729823, -57.63204648055024, 5373.473980056604, 

parameters:
-1.114609384178742, -94.6145880245118, 15.890008477686612, 
objectives:
-109.26224242289909, -69.02378793081091, 8938.272612649704, 

parameters:
1.9027718680457881, -96.78274167272755, 0.14100375337822396, 
objectives:
-93.30320464427932, -96.63228460970602, 9371.378622718363, 

parameters:
2.431843999922616, -92.38023407584339, 4.289697022001374, 
objectives:
-90.75606585788513, -87.90404781357284, 8536.731816125575, 

parameters:
1.9575587154663805, -31.444586210092574, 2.204890117813707, 
objectives:
-29.817440203407894, -29.237894829646002, 991.3891479306286, 

parameters:
0.9328317506657067, -66.13160582402227, 19.952063621493732, 
objectives:
-85.21349437046597, -45.04069413014132, 4355.307400317412, 

parameters:
0.9212627864242195, -12.397800765632692, 2.133061899645623, 
objectives:
-13.682137543628198, -9.101064890033829, 153.42112704632706, 

parameters:
2.532293296962905, -57.49477991138515, 14.503634363734971, 
objectives:
-65.58590493327686, -42.707809393658536, 3298.558592036726, 

parameters:
-0.8728899363573603, -81.84597788724002, 5.524739626710781, 
objectives:
-86.60878067295685, -68.06774167410585, 6695.001293532867, 

parameters:
0.9104133773258829, -70.03487918915992, 7.767644877799979, 
objectives:
-76.97367154934598, -61.080035303049556, 4898.94551068004, 

parameters:
0.8120197729672867, -61.103349811815804, 8.085836869641678, 
objectives:
-68.52981056976763, -51.60621592235343, 3727.192897467178, 

parameters:
-0.0725847265443883, -45.57426262915791, 1.7955069221655509, 
objectives:
-47.36450100879593, -39.48314825828728, 2076.223175811821, 

parameters:
1.9951261541888117, -64.21299919796506, 0.5617881556012763, 
objectives:
-60.7942589824381, -63.651187287990794, 4127.72800621339, 

parameters:
1.685328513382316, -53.673395094943515, 2.009719658139426, 
objectives:
-52.84278255506349, -51.56465729231391, 2882.6639535577865, 

parameters:
3.379895586546479, -76.45508695026506, 10.19686905906128, 
objectives:
-75.22826183336997, -64.35410606143331, 5847.607145689485, 

parameters:
2.500287754659576, -93.9740781390311, 0, 
objectives:
-87.72263928293049, -93.72379030156878, 8838.378800936825, 

parameters:
-1.0006429705889581, -16.458662115772956, 0.22011549839097322, 
objectives:
-15.677491259574834, -7.234688380437056, 272.668729497378, 

parameters:
0.3095869461505095, -38.13625287577532, 20, 
objectives:
-58.04040879854852, -15.27875658315056, 1435.4696274823082, 

parameters:
0.0716819346769455, -26.286358972664274, 0, 
objectives:
-26.281220672905246, -22.567948411613028, 691.9778063395266, 

parameters:
-1.426723408001916, -84.43345749234766, 3.122033595254342, 
objectives:
-85.5199514046614, -69.56899058214505, 7128.922250199766, 

parameters:
1.1861400866769107, -1.1833050875306421, 19.924298469166523, 
objectives:
-19.700675251475257, 19.40336134015015, -16.117159233768714, 

parameters:
2.7237590003401815, -42.43267787449835, 0, 
objectives:
-35.01381478256421, -41.90885078392493, 1808.9510146928762, 

parameters:
2.4933606413930454, -75.7212533456649, 3.2840117188870206, 
objectives:
-72.78841777650398, -72.19383690430213, 5737.641043807529, 

parameters:
1.7592086929065691, -53.53999516147986, 18.82510932641173, 
objectives:
-69.27028926269355, -34.65690538149636, 2851.800787790073, 

parameters:
-0.8886190447734297, -36.762238214633754, 17.753963755211117, 
objectives:
-53.72655816311083, -10.664154473594877, 1335.4978386010014, 

parameters:
-0.23381791260948948, -30.8083678905927, 11.749134228308964, 
objectives:
-42.50283130264461, -14.069291195588718, 938.4610686700513, 

parameters:
-1.1897085361061657, -16.831841026403886, 18.17055325408479, 
objectives:
-33.5869878796048, 11.512952772989443, 267.5557254849321, 

parameters:
2.2384365801994015, -48.31763198115813, 14.20147007517254, 
objectives:
-57.508503732755884, -34.0593099032084, 2326.4026885150374, 

parameters:
3.5340557872344895, -49.313984771718886, 7.41358266912129, 
objectives:
-44.238017133554585, -39.547074944249964, 2437.9450617034868, 

parameters:
0.3503650369234376, -24.463251492772805, 0, 
objectives:
-24.340495833674442, -21.741955981368193, 599.5734292577492, 

parameters:
-2.955678176674307, -19.275956233290167, 6.208093477484548, 
objectives:
-16.748016226705957, 11.490883434960365, 375.0904287143022, 

parameters:
0.07062139767425302, -71.55452023720008, 1.9490339854217424, 
objectives:
-73.49856684081234, -65.88298446066588, 5119.105319772264, 

parameters:
2.1056851866914745, -26.039800178304617, 16.389038298824545, 
objectives:
-37.99492837167725, -9.63959252079406, 667.1160651326605, 

parameters:
3.1542744373973095, -10.658363021629073, 15.864342827093326, 
objectives:
-16.573258622304287, 6.5383292822931285, 108.68580670015481, 

