Generation 1739 at Fri May 24 19:48:17 2019
parameters:
1.9842689832055664, 1.5132545282484013, 2.856877641438097, 
objectives:
2.5937002845219572, 4.370379634575885, 4.370385023537847, 

parameters:
0.05101637681523949, -100, 19.95971668145522, 
objectives:
-119.95711401075187, -76.24174615510238, 9981.042885989249, 

parameters:
-1.633392927026124, -6.2697431520143, 20, 
objectives:
-23.60177069795533, 26.931801010149165, 22.977651646289175, 

parameters:
-0.09310337269809921, -0.38187417318528993, 20, 
objectives:
-20.37320593517753, 23.999207555614866, -18.84550387784629, 

parameters:
1.9973066371654076, -100, 0, 
objectives:
-96.01076619713501, -99.99999274579665, 10004.989233802866, 

parameters:
-0.0725847265443883, -45.57426262915791, 1.7955069221655509, 
objectives:
-47.36450100879593, -39.48314825828728, 2076.223175811821, 

parameters:
1.685328513382316, -53.673395094943515, 2.009719658139426, 
objectives:
-52.84278255506349, -51.56465729231391, 2882.6639535577865, 

parameters:
0.9212627864242195, -12.397800765632692, 2.133061899645623, 
objectives:
-13.682137543628198, -9.101064890033829, 153.42112704632706, 

parameters:
1.9575587154663805, -31.444586210092574, 2.204890117813707, 
objectives:
-29.817440203407894, -29.237894829646002, 991.3891479306286, 

parameters:
-0.8441467755014656, -73.34428720851669, 7.623069847371061, 
objectives:
-80.25477327729823, -57.63204648055024, 5373.473980056604, 

parameters:
1.9885890996958842, -87.41568579623119, 7.040568192677869, 
objectives:
-90.50176738147977, -80.37498739490756, 7639.416041640166, 

parameters:
1.5640516675544236, -90.50480586991047, 15.460156929072973, 
objectives:
-103.51870518020368, -74.85459799227542, 8179.105986239888, 

parameters:
-1.114609384178742, -94.6145880245118, 15.890008477686612, 
objectives:
-109.26224242289909, -69.02378793081091, 8938.272612649704, 

parameters:
1.9027718680457881, -96.78274167272755, 0.14100375337822396, 
objectives:
-93.30320464427932, -96.63228460970602, 9371.378622718363, 

parameters:
1.1861400866769107, -1.1833050875306421, 19.924298469166523, 
objectives:
-19.700675251475257, 19.40336134015015, -16.117159233768714, 

parameters:
2.431843999922616, -92.38023407584339, 4.289697022001374, 
objectives:
-90.75606585788513, -87.90404781357284, 8536.731816125575, 

parameters:
0.9104133773258829, -70.03487918915992, 7.767644877799979, 
objectives:
-76.97367154934598, -61.080035303049556, 4898.94551068004, 

parameters:
0.9328317506657067, -66.13160582402227, 19.952063621493732, 
objectives:
-85.21349437046597, -45.04069413014132, 4355.307400317412, 

parameters:
2.7237590003401815, -42.43267787449835, 0, 
objectives:
-35.01381478256421, -41.90885078392493, 1808.9510146928762, 

parameters:
0.8120197729672867, -61.103349811815804, 8.085836869641678, 
objectives:
-68.52981056976763, -51.60621592235343, 3727.192897467178, 

parameters:
2.532293296962905, -57.49477991138515, 14.503634363734971, 
objectives:
-65.58590493327686, -42.707809393658536, 3298.558592036726, 

parameters:
-0.8728899363573603, -81.84597788724002, 5.524739626710781, 
objectives:
-86.60878067295685, -68.06774167410585, 6695.001293532867, 

parameters:
0.0716819346769455, -26.286358972664274, 0, 
objectives:
-26.281220672905246, -22.567948411613028, 691.9778063395266, 

parameters:
0.3095869461505095, -38.13625287577532, 20, 
objectives:
-58.04040879854852, -15.27875658315056, 1435.4696274823082, 

parameters:
0.19295531771156416, -20.085913280152813, 14.742354917298478, 
objectives:
-34.79103644281812, -2.0781478790674193, 389.7387891351538, 

parameters:
2.4933606413930454, -75.7212533456649, 3.2840117188870206, 
objectives:
-72.78841777650398, -72.19383690430213, 5737.641043807529, 

parameters:
1.9951261541888117, -64.21299919796506, 0.5617881556012763, 
objectives:
-60.7942589824381, -63.651187287990794, 4127.72800621339, 

parameters:
2.500287754659576, -93.9740781390311, 0, 
objectives:
-87.72263928293049, -93.72379030156878, 8838.378800936825, 

parameters:
-1.426723408001916, -84.43345749234766, 3.122033595254342, 
objectives:
-85.5199514046614, -69.56899058214505, 7128.922250199766, 

parameters:
-1.0006429705889581, -16.458662115772956, 0.22011549839097322, 
objectives:
-15.677491259574834, -7.234688380437056, 272.668729497378, 

parameters:
3.292960261010783, -77.5801874669047, 0.9325823429409033, 
objectives:
-67.6691825292494, -74.97585888741072, 6029.596492337732, 

parameters:
4.315946043976921, -36.960236230736214, 14.64171363646544, 
objectives:
-32.97455961268162, -16.954916515658425, 1371.0447388498803, 

parameters:
1.848974497815794, -27.537399192792847, 6.534633125562803, 
objectives:
-30.653325624782482, -20.979957364920054, 756.1924278712386, 

parameters:
3.379895586546479, -76.45508695026506, 10.19686905906128, 
objectives:
-75.22826183336997, -64.35410606143331, 5847.607145689485, 

parameters:
1.8775108595047392, -100, 0, 
objectives:
-96.47495297244177, -99.98499641046074, 10004.525047027559, 

parameters:
-1.5442829674459546, -45.0775852083256, 16.484090101511296, 
objectives:
-59.17686542629322, -16.031553353486803, 2018.8894079958875, 

