Generation 1748 at Fri May 24 19:48:17 2019
parameters:
1.9842689832055664, 1.5132545282484013, 2.856877641438097, 
objectives:
2.5937002845219572, 4.370379634575885, 4.370385023537847, 

parameters:
0.05101637681523949, -100, 19.95971668145522, 
objectives:
-119.95711401075187, -76.24174615510238, 9981.042885989249, 

parameters:
-1.633392927026124, -6.2697431520143, 20, 
objectives:
-23.60177069795533, 26.931801010149165, 22.977651646289175, 

parameters:
-0.09310337269809921, -0.38187417318528993, 20, 
objectives:
-20.37320593517753, 23.999207555614866, -18.84550387784629, 

parameters:
1.9973066371654076, -100, 0, 
objectives:
-96.01076619713501, -99.99999274579665, 10004.989233802866, 

parameters:
0.3095869461505095, -38.13625287577532, 20, 
objectives:
-58.04040879854852, -15.27875658315056, 1435.4696274823082, 

parameters:
1.5640516675544236, -90.50480586991047, 15.460156929072973, 
objectives:
-103.51870518020368, -74.85459799227542, 8179.105986239888, 

parameters:
2.500287754659576, -93.9740781390311, 0, 
objectives:
-87.72263928293049, -93.72379030156878, 8838.378800936825, 

parameters:
2.1739388903089556, -0.44213556077959093, 13.178599350736285, 
objectives:
-8.894724612718143, 12.766718527518604, -7.257105197832668, 

parameters:
1.95784192899939, -40.35092368282662, 17.737641023691474, 
objectives:
-54.25541968757004, -22.61150535618465, 1615.2925460525546, 

parameters:
-1.2646068691817056, -45.313178868657594, 0, 
objectives:
-43.71394833507604, -34.65552085834921, 2055.883409716539, 

parameters:
0.19295531771156416, -20.085913280152813, 14.742354917298478, 
objectives:
-34.79103644281812, -2.0781478790674193, 389.7387891351538, 

parameters:
1.9575587154663805, -31.444586210092574, 2.204890117813707, 
objectives:
-29.817440203407894, -29.237894829646002, 991.3891479306286, 

parameters:
-0.8728899363573603, -81.84597788724002, 5.524739626710781, 
objectives:
-86.60878067295685, -68.06774167410585, 6695.001293532867, 

parameters:
0.8120197729672867, -61.103349811815804, 8.085836869641678, 
objectives:
-68.52981056976763, -51.60621592235343, 3727.192897467178, 

parameters:
-0.929188159063624, -49.36552219497895, 0.23901628222768595, 
objectives:
-48.74114784226259, -40.54636264155272, 2438.5791559356758, 

parameters:
1.8000196949779945, -52.370191929468795, 4.066432374827432, 
objectives:
-53.19655340198756, -48.26376743224466, 2742.81064125688, 

parameters:
1.9885890996958842, -87.41568579623119, 7.040568192677869, 
objectives:
-90.50176738147977, -80.37498739490756, 7639.416041640166, 

parameters:
1.5215130761051245, -18.02719269933788, 13.540869334193625, 
objectives:
-29.253059992772627, -4.257373628805878, 314.75380932562626, 

parameters:
-0.8441467755014656, -73.34428720851669, 7.623069847371061, 
objectives:
-80.25477327729823, -57.63204648055024, 5373.473980056604, 

parameters:
0.6003407381585073, -64.8578032852306, 20, 
objectives:
-84.4973942833379, -42.89875723597193, 4187.895055987562, 

parameters:
1.9027718680457881, -96.78274167272755, 0.14100375337822396, 
objectives:
-93.30320464427932, -96.63228460970602, 9371.378622718363, 

parameters:
3.198376989491578, -86.25392649828157, 0.7213901849243866, 
objectives:
-76.74570131629675, -84.09642890441428, 7450.248061552945, 

parameters:
2.532293296962905, -57.49477991138515, 14.503634363734971, 
objectives:
-65.58590493327686, -42.707809393658536, 3298.558592036726, 

parameters:
0.5436995661212506, -96.35964039774962, 19.290469461514373, 
objectives:
-115.35450064106355, -74.9483599825198, 9267.185437340308, 

parameters:
-1.4884900369622969, -13.92959865097539, 18.529397842404013, 
objectives:
-30.24339390324338, 16.769361929413833, 178.7199233249874, 

parameters:
0.9104133773258829, -70.03487918915992, 7.767644877799979, 
objectives:
-76.97367154934598, -61.080035303049556, 4898.94551068004, 

parameters:
0.7348854750759721, -8.719597344237634, 6.752574818440387, 
objectives:
-14.932115501200384, -0.3665077646234991, 70.81885968867326, 

parameters:
-1.7637975008334892, -100, 1.0289476553095709, 
objectives:
-97.91796603136311, -84.80488071741001, 10003.082033968636, 

parameters:
2.4933606413930454, -75.7212533456649, 3.2840117188870206, 
objectives:
-72.78841777650398, -72.19383690430213, 5737.641043807529, 

parameters:
2.702576015454613, -77.83352992292893, 9.776544011220084, 
objectives:
-80.30615681483849, -67.56337285421677, 6056.585753371564, 

parameters:
1.9951261541888117, -64.21299919796506, 0.5617881556012763, 
objectives:
-60.7942589824381, -63.651187287990794, 4127.72800621339, 

parameters:
-1.4374318529858257, -100, 11.790871705670842, 
objectives:
-109.72466137369257, -76.3931905504076, 9991.275338626308, 

parameters:
-0.004851268767443739, -51.11136758888351, 11.195506457561963, 
objectives:
-62.30685051163682, -35.89643252144312, 2602.1764138832186, 

parameters:
-0.703916554838182, -60.03650146047611, 18.578056679873868, 
objectives:
-78.11905962417472, -34.14728004507426, 3587.2989494500516, 

parameters:
-0.441026683326805, -5.185739867337075, 13.137264133981317, 
objectives:
-18.12849946591215, 13.910135535357703, 14.949138373114069, 

parameters:
-0.021219780053363557, -76.28725259337064, 0.7049154210335863, 
objectives:
-76.99171773533871, -71.49700777305809, 5820.040443102767, 

parameters:
-1.7291584114664522, -77.7296335099449, 3.18013894214088, 
objectives:
-77.91978364014061, -60.642872109993036, 6042.705775460155, 

