Generation 1750 at Fri May 24 19:48:17 2019
parameters:
1.9842689832055664, 1.5132545282484013, 2.856877641438097, 
objectives:
2.5937002845219572, 4.370379634575885, 4.370385023537847, 

parameters:
0.05101637681523949, -100, 19.95971668145522, 
objectives:
-119.95711401075187, -76.24174615510238, 9981.042885989249, 

parameters:
-1.633392927026124, -6.2697431520143, 20, 
objectives:
-23.60177069795533, 26.931801010149165, 22.977651646289175, 

parameters:
-0.09310337269809921, -0.38187417318528993, 20, 
objectives:
-20.37320593517753, 23.999207555614866, -18.84550387784629, 

parameters:
1.9973066371654076, -100, 0, 
objectives:
-96.01076619713501, -99.99999274579665, 10004.989233802866, 

parameters:
2.4933606413930454, -75.7212533456649, 3.2840117188870206, 
objectives:
-72.78841777650398, -72.19383690430213, 5737.641043807529, 

parameters:
1.5640516675544236, -90.50480586991047, 15.460156929072973, 
objectives:
-103.51870518020368, -74.85459799227542, 8179.105986239888, 

parameters:
2.500287754659576, -93.9740781390311, 0, 
objectives:
-87.72263928293049, -93.72379030156878, 8838.378800936825, 

parameters:
-0.8728899363573603, -81.84597788724002, 5.524739626710781, 
objectives:
-86.60878067295685, -68.06774167410585, 6695.001293532867, 

parameters:
0.19295531771156416, -20.085913280152813, 14.742354917298478, 
objectives:
-34.79103644281812, -2.0781478790674193, 389.7387891351538, 

parameters:
2.1739388903089556, -0.44213556077959093, 13.178599350736285, 
objectives:
-8.894724612718143, 12.766718527518604, -7.257105197832668, 

parameters:
1.666886194623345, -20.213316433678088, 10.762075666102685, 
objectives:
-28.196882513954876, -9.340275960242888, 401.5945951677238, 

parameters:
-1.2646068691817056, -45.313178868657594, 0, 
objectives:
-43.71394833507604, -34.65552085834921, 2055.883409716539, 

parameters:
0.5436995661212506, -96.35964039774962, 19.290469461514373, 
objectives:
-115.35450064106355, -74.9483599825198, 9267.185437340308, 

parameters:
1.1670372326209884, -31.411260136528103, 9.263554250954085, 
objectives:
-39.31283848515854, -21.453878913734314, 979.7656850160092, 

parameters:
0.8120197729672867, -61.103349811815804, 8.085836869641678, 
objectives:
-68.52981056976763, -51.60621592235343, 3727.192897467178, 

parameters:
2.532293296962905, -57.49477991138515, 14.503634363734971, 
objectives:
-65.58590493327686, -42.707809393658536, 3298.558592036726, 

parameters:
2.586443699058327, -3.7746286820757007, 17.56566502341586, 
objectives:
-14.65060269709304, 14.134952553505373, 4.371847672531203, 

parameters:
0.9104133773258829, -70.03487918915992, 7.767644877799979, 
objectives:
-76.97367154934598, -61.080035303049556, 4898.94551068004, 

parameters:
3.198376989491578, -86.25392649828157, 0.7213901849243866, 
objectives:
-76.74570131629675, -84.09642890441428, 7450.248061552945, 

parameters:
2.3496994427869518, -52.88639714862901, 13.165297293718629, 
objectives:
-60.53060697091433, -39.59881015462487, 2790.3267935402296, 

parameters:
1.485942813458621, -49.340211453411015, 2.042416473327164, 
objectives:
-49.17460188186886, -47.03354018904901, 2435.6220758388536, 

parameters:
1.9575587154663805, -31.444586210092574, 2.204890117813707, 
objectives:
-29.817440203407894, -29.237894829646002, 991.3891479306286, 

parameters:
1.95784192899939, -40.35092368282662, 17.737641023691474, 
objectives:
-54.25541968757004, -22.61150535618465, 1615.2925460525546, 

parameters:
0.6003407381585073, -64.8578032852306, 20, 
objectives:
-84.4973942833379, -42.89875723597193, 4187.895055987562, 

parameters:
1.9885890996958842, -87.41568579623119, 7.040568192677869, 
objectives:
-90.50176738147977, -80.37498739490756, 7639.416041640166, 

parameters:
0.3095869461505095, -38.13625287577532, 20, 
objectives:
-58.04040879854852, -15.27875658315056, 1435.4696274823082, 

parameters:
2.3885113858795597, -71.4910327216423, 15.993489933164433, 
objectives:
-81.77953601433043, -55.346601691519815, 5101.679256314241, 

parameters:
0.5480252593689425, -34.07178116011258, 17.227609029426734, 
objectives:
-50.99905850463291, -14.735941483255218, 1144.9589940780822, 

parameters:
-0.8441467755014656, -73.34428720851669, 7.623069847371061, 
objectives:
-80.25477327729823, -57.63204648055024, 5373.473980056604, 

parameters:
-2.2596285833996186, -89.82402743295673, 6.2489441532495125, 
objectives:
-90.96705025128966, -65.43064761119217, 8068.212881458229, 

parameters:
4.355781224258032, -63.23951183310977, 0, 
objectives:
-44.26668175951097, -57.6898066565431, 4019.2086869636296, 

parameters:
5.220662328946466, -85.46809710649333, 1.139646874870221, 
objectives:
-59.352428828482815, -73.95578439452824, 7331.911291282985, 

parameters:
2.3994365459182423, -97.39785653175296, 0, 
objectives:
-91.64056079386489, -97.23830697753787, 9493.099752717822, 

parameters:
1.8000196949779945, -52.370191929468795, 4.066432374827432, 
objectives:
-53.19655340198756, -48.26376743224466, 2742.81064125688, 

parameters:
1.9027718680457881, -96.78274167272755, 0.14100375337822396, 
objectives:
-93.30320464427932, -96.63228460970602, 9371.378622718363, 

