Generation 1757 at Fri May 24 19:48:17 2019
parameters:
1.9842689832055664, 1.5132545282484013, 2.856877641438097, 
objectives:
2.5937002845219572, 4.370379634575885, 4.370385023537847, 

parameters:
0.05101637681523949, -100, 19.95971668145522, 
objectives:
-119.95711401075187, -76.24174615510238, 9981.042885989249, 

parameters:
-1.1729419060606414, -2.3488570711496397, 20, 
objectives:
-20.97306435615647, 27.718703268086095, -12.107077744317166, 

parameters:
-0.09310337269809921, -0.38187417318528993, 20, 
objectives:
-20.37320593517753, 23.999207555614866, -18.84550387784629, 

parameters:
1.9973066371654076, -100, 0, 
objectives:
-96.01076619713501, -99.99999274579665, 10004.989233802866, 

parameters:
1.1727719489855195, -50.30021071820517, 11.043370745337434, 
objectives:
-59.96818741921531, -38.57253372448252, 2521.443221594832, 

parameters:
0.5436995661212506, -96.35964039774962, 19.290469461514373, 
objectives:
-115.35450064106355, -74.9483599825198, 9267.185437340308, 

parameters:
2.532293296962905, -57.49477991138515, 14.503634363734971, 
objectives:
-65.58590493327686, -42.707809393658536, 3298.558592036726, 

parameters:
-0.8728899363573603, -81.84597788724002, 5.524739626710781, 
objectives:
-86.60878067295685, -68.06774167410585, 6695.001293532867, 

parameters:
-0.8401566805851999, -19.967015539914563, 7.391565339184899, 
objectives:
-26.65271763116752, -4.508960230456921, 392.9960074799366, 

parameters:
1.2570542360055643, -0.19829860414263578, 12.122393126026752, 
objectives:
-10.740506377909854, 12.476062930121392, -9.502885437362302, 

parameters:
1.9885890996958842, -87.41568579623119, 7.040568192677869, 
objectives:
-90.50176738147977, -80.37498739490756, 7639.416041640166, 

parameters:
2.500287754659576, -93.9740781390311, 0, 
objectives:
-87.72263928293049, -93.72379030156878, 8838.378800936825, 

parameters:
3.8955116826974128, -42.58209145945117, 20, 
objectives:
-47.40708018941914, -18.98912692020879, 1809.4095243310962, 

parameters:
2.1492071760654214, -36.84722542211264, 8.049105302237209, 
objectives:
-40.27723923869875, -28.77585733848602, 1355.2880074913983, 

parameters:
0.5480252593689425, -34.07178116011258, 17.227609029426734, 
objectives:
-50.99905850463291, -14.735941483255218, 1144.9589940780822, 

parameters:
-1.2646068691817056, -45.313178868657594, 0, 
objectives:
-43.71394833507604, -34.65552085834921, 2055.883409716539, 

parameters:
2.586443699058327, -3.7746286820757007, 17.56566502341586, 
objectives:
-14.65060269709304, 14.134952553505373, 4.371847672531203, 

parameters:
-1.4191685430618308, -99.92796551586007, 2.4380686843909816, 
objectives:
-100.35199484663481, -85.79918330560552, 9986.174262808145, 

parameters:
-0.8441467755014656, -73.34428720851669, 7.623069847371061, 
objectives:
-80.25477327729823, -57.63204648055024, 5373.473980056604, 

parameters:
-1.2410777897856997, -75.83405588639678, 6.914249317492904, 
objectives:
-81.20803112359033, -58.41522132946173, 5746.4300569439565, 

parameters:
0.8120197729672867, -61.103349811815804, 8.085836869641678, 
objectives:
-68.52981056976763, -51.60621592235343, 3727.192897467178, 

parameters:
-0.5799914723840742, -23.650218534612186, 12.415119460431548, 
objectives:
-35.72894788700549, -4.578743076606095, 548.2541073825205, 

parameters:
1.1717950604848726, -88.73453652246047, 1.295689732211372, 
objectives:
-88.6571225908951, -86.75292336841184, 7874.895385787437, 

parameters:
-1.3248348616469063, -63.785136521142675, 7.2339033709789575, 
objectives:
-69.26385248148665, -45.49670629294111, 4064.0649250604647, 

parameters:
1.630473502474578, -65.77158086242447, 14.76905952223757, 
objectives:
-77.88219654239032, -50.8659715078135, 4314.790233462475, 

parameters:
-0.09055298527546118, -68.71981140734935, 2.7605885507939503, 
objectives:
-71.47220011500102, -61.588811072311266, 4720.660091154011, 

parameters:
-0.0005007229301112748, -94.6651017130524, 0.19597320860283163, 
objectives:
-94.86107467093177, -90.46712536200566, 8962.285509384676, 

parameters:
0.182975148307979, -32.19063537848775, 3.9003636948226243, 
objectives:
-36.05751916841204, -24.988692371998717, 1033.370122280823, 

parameters:
2.4933606413930454, -75.7212533456649, 3.2840117188870206, 
objectives:
-72.78841777650398, -72.19383690430213, 5737.641043807529, 

parameters:
1.3139914995024489, -81.17782452371324, 19.382818879174305, 
objectives:
-98.83406974212285, -61.32439798178403, 6573.18294918437, 

parameters:
-1.633392927026124, -6.2697431520143, 20, 
objectives:
-23.60177069795533, 26.931801010149165, 22.977651646289175, 

parameters:
-0.7536316433948307, -97.44059034261012, 2.0791002428943473, 
objectives:
-98.95172993157847, -87.77900287221047, 9494.157506727395, 

parameters:
0.9104133773258829, -70.03487918915992, 7.767644877799979, 
objectives:
-76.97367154934598, -61.080035303049556, 4898.94551068004, 

parameters:
-0.5965936938267772, -28.95333214630397, 13.47772367359784, 
objectives:
-42.075131784387935, -8.733309661885144, 826.173642736115, 

parameters:
3.782475379366271, -87.87791623518423, 1.777516170913073, 
objectives:
-75.3483124105853, -82.92318158622422, 7736.057765662655, 

parameters:
0.19774193781310112, -31.245412949146505, 14.227257430433886, 
objectives:
-45.43356850561031, -13.770021395994943, 963.0876748062283, 

parameters:
2.7397122668172216, -29.79590261893466, 18.51786677742745, 
objectives:
-40.80774609141335, -10.73086160382734, 877.7839694045587, 

