Generation 1759 at Fri May 24 19:48:17 2019
parameters:
0.05101637681523949, -100, 19.95971668145522, 
objectives:
-119.95711401075187, -76.24174615510238, 9981.042885989249, 

parameters:
1.9842689832055664, 1.5132545282484013, 2.856877641438097, 
objectives:
2.5937002845219572, 4.370379634575885, 4.370385023537847, 

parameters:
-1.1729419060606414, -2.3488570711496397, 20, 
objectives:
-20.97306435615647, 27.718703268086095, -12.107077744317166, 

parameters:
-0.09310337269809921, -0.38187417318528993, 20, 
objectives:
-20.37320593517753, 23.999207555614866, -18.84550387784629, 

parameters:
1.9973066371654076, -100, 0, 
objectives:
-96.01076619713501, -99.99999274579665, 10004.989233802866, 

parameters:
1.1727719489855195, -50.30021071820517, 11.043370745337434, 
objectives:
-59.96818741921531, -38.57253372448252, 2521.443221594832, 

parameters:
0.5480252593689425, -34.07178116011258, 17.227609029426734, 
objectives:
-50.99905850463291, -14.735941483255218, 1144.9589940780822, 

parameters:
0.5436995661212506, -96.35964039774962, 19.290469461514373, 
objectives:
-115.35450064106355, -74.9483599825198, 9267.185437340308, 

parameters:
2.532293296962905, -57.49477991138515, 14.503634363734971, 
objectives:
-65.58590493327686, -42.707809393658536, 3298.558592036726, 

parameters:
-0.5799914723840742, -23.650218534612186, 12.415119460431548, 
objectives:
-35.72894788700549, -4.578743076606095, 548.2541073825205, 

parameters:
1.9885890996958842, -87.41568579623119, 7.040568192677869, 
objectives:
-90.50176738147977, -80.37498739490756, 7639.416041640166, 

parameters:
1.1717950604848726, -88.73453652246047, 1.295689732211372, 
objectives:
-88.6571225908951, -86.75292336841184, 7874.895385787437, 

parameters:
1.449070719789554, -100, 4.725359677661086, 
objectives:
-102.62555372670967, -94.97111725054572, 9998.37444627329, 

parameters:
-1.2646068691817056, -45.313178868657594, 0, 
objectives:
-43.71394833507604, -34.65552085834921, 2055.883409716539, 

parameters:
3.892851547103682, -82.3983867839397, 5.49427916403758, 
objectives:
-72.73837278018975, -73.32122064052932, 6800.154158599478, 

parameters:
0.8120197729672867, -61.103349811815804, 8.085836869641678, 
objectives:
-68.52981056976763, -51.60621592235343, 3727.192897467178, 

parameters:
-1.8021243703372414, -80.91663944562634, 0, 
objectives:
-77.66898719946295, -66.46048971811398, 6551.750191419657, 

parameters:
2.1492071760654214, -36.84722542211264, 8.049105302237209, 
objectives:
-40.27723923869875, -28.77585733848602, 1355.2880074913983, 

parameters:
-0.09055298527546118, -68.71981140734935, 2.7605885507939503, 
objectives:
-71.47220011500102, -61.588811072311266, 4720.660091154011, 

parameters:
-1.2410777897856997, -75.83405588639678, 6.914249317492904, 
objectives:
-81.20803112359033, -58.41522132946173, 5746.4300569439565, 

parameters:
-0.8401566805851999, -19.967015539914563, 7.391565339184899, 
objectives:
-26.65271763116752, -4.508960230456921, 392.9960074799366, 

parameters:
2.500287754659576, -93.9740781390311, 0, 
objectives:
-87.72263928293049, -93.72379030156878, 8838.378800936825, 

parameters:
0.08370022014620451, 1.4122859871397395, 3.406274111758075, 
objectives:
-1.9869823977658123, 8.49076494516552, -0.40471667543428325, 

parameters:
2.586443699058327, -3.7746286820757007, 17.56566502341586, 
objectives:
-14.65060269709304, 14.134952553505373, 4.371847672531203, 

parameters:
-0.08174682388918475, -12.792600960086048, 14.681672226524004, 
objectives:
-27.467590643394082, 6.222741105210664, 149.97564964068644, 

parameters:
3.3522843302030125, -43.67889748385287, 18.06667850961798, 
objectives:
-50.50776576294619, -23.783546064522284, 1902.0172171258355, 

parameters:
-0.8441467755014656, -73.34428720851669, 7.623069847371061, 
objectives:
-80.25477327729823, -57.63204648055024, 5373.473980056604, 

parameters:
-0.0005007229301112748, -94.6651017130524, 0.19597320860283163, 
objectives:
-94.86107467093177, -90.46712536200566, 8962.285509384676, 

parameters:
2.4857620767405204, -68.41296837370896, 20, 
objectives:
-82.23395527154761, -48.1770035785097, 4667.513254804265, 

parameters:
4.556124774597343, -66.31573108631514, 3.0259798898310457, 
objectives:
-48.5834380144465, -56.755977333173774, 4416.508482584332, 

parameters:
2.319975252123614, -38.42756279188117, 17.91670102304143, 
objectives:
-50.96197864445658, -20.40847760686817, 1465.1431662713949, 

parameters:
-0.8728899363573603, -81.84597788724002, 5.524739626710781, 
objectives:
-86.60878067295685, -68.06774167410585, 6695.001293532867, 

parameters:
1.630473502474578, -65.77158086242447, 14.76905952223757, 
objectives:
-77.88219654239032, -50.8659715078135, 4314.790233462475, 

parameters:
1.2570542360055643, -0.19829860414263578, 12.122393126026752, 
objectives:
-10.740506377909854, 12.476062930121392, -9.502885437362302, 

parameters:
2.7446393880149453, 0.3099522290862211, 18.591052046826192, 
objectives:
-10.748054447496918, 19.455492094095685, -9.961936292267621, 

