Generation 1761 at Fri May 24 19:48:17 2019
parameters:
0.05101637681523949, -100, 19.95971668145522, 
objectives:
-119.95711401075187, -76.24174615510238, 9981.042885989249, 

parameters:
1.9842689832055664, 1.5132545282484013, 2.856877641438097, 
objectives:
2.5937002845219572, 4.370379634575885, 4.370385023537847, 

parameters:
-1.1729419060606414, -2.3488570711496397, 20, 
objectives:
-20.97306435615647, 27.718703268086095, -12.107077744317166, 

parameters:
-0.09310337269809921, -0.38187417318528993, 20, 
objectives:
-20.37320593517753, 23.999207555614866, -18.84550387784629, 

parameters:
1.9973066371654076, -100, 0, 
objectives:
-96.01076619713501, -99.99999274579665, 10004.989233802866, 

parameters:
1.1727719489855195, -50.30021071820517, 11.043370745337434, 
objectives:
-59.96818741921531, -38.57253372448252, 2521.443221594832, 

parameters:
0.5436995661212506, -96.35964039774962, 19.290469461514373, 
objectives:
-115.35450064106355, -74.9483599825198, 9267.185437340308, 

parameters:
3.3522843302030125, -43.67889748385287, 18.06667850961798, 
objectives:
-50.50776576294619, -23.783546064522284, 1902.0172171258355, 

parameters:
1.9885890996958842, -87.41568579623119, 7.040568192677869, 
objectives:
-90.50176738147977, -80.37498739490756, 7639.416041640166, 

parameters:
2.532293296962905, -57.49477991138515, 14.503634363734971, 
objectives:
-65.58590493327686, -42.707809393658536, 3298.558592036726, 

parameters:
2.500287754659576, -93.9740781390311, 0, 
objectives:
-87.72263928293049, -93.72379030156878, 8838.378800936825, 

parameters:
1.449070719789554, -100, 4.725359677661086, 
objectives:
-102.62555372670967, -94.97111725054572, 9998.37444627329, 

parameters:
2.1492071760654214, -36.84722542211264, 8.049105302237209, 
objectives:
-40.27723923869875, -28.77585733848602, 1355.2880074913983, 

parameters:
3.892851547103682, -82.3983867839397, 5.49427916403758, 
objectives:
-72.73837278018975, -73.32122064052932, 6800.154158599478, 

parameters:
1.2263843836089485, -9.011594891251534, 5.296353656508761, 
objectives:
-12.803929891400394, -3.1167601128186666, 78.41650748388189, 

parameters:
0.8120197729672867, -61.103349811815804, 8.085836869641678, 
objectives:
-68.52981056976763, -51.60621592235343, 3727.192897467178, 

parameters:
1.1717950604848726, -88.73453652246047, 1.295689732211372, 
objectives:
-88.6571225908951, -86.75292336841184, 7874.895385787437, 

parameters:
3.9232236738598907, -90.99884741103703, 19.388556147093784, 
objectives:
-94.99571956299611, -67.91150196424812, 8277.793357985242, 

parameters:
2.586443699058327, -3.7746286820757007, 17.56566502341586, 
objectives:
-14.65060269709304, 14.134952553505373, 4.371847672531203, 

parameters:
-1.6781328060370606, -65.73500601835914, 19.319567055137885, 
objectives:
-82.23844335879922, -32.886778024375204, 4305.5875788932735, 

parameters:
0.08370022014620451, 1.4122859871397395, 3.406274111758075, 
objectives:
-1.9869823977658123, 8.49076494516552, -0.40471667543428325, 

parameters:
0.5802021855861129, -30.881689575505426, 13.286801690848833, 
objectives:
-43.83185669019535, -15.579062050842143, 941.7285839231905, 

parameters:
-1.8021243703372414, -80.91663944562634, 0, 
objectives:
-77.66898719946295, -66.46048971811398, 6551.750191419657, 

parameters:
-0.09055298527546118, -68.71981140734935, 2.7605885507939503, 
objectives:
-71.47220011500102, -61.588811072311266, 4720.660091154011, 

parameters:
-2.1091238052450993, -30.140202286075954, 5.014539567085641, 
objectives:
-30.70633862731003, -8.240764272158348, 908.8656575043442, 

parameters:
0.5480252593689425, -34.07178116011258, 17.227609029426734, 
objectives:
-50.99905850463291, -14.735941483255218, 1144.9589940780822, 

parameters:
-2.7331365337153137, -55.58947444372456, 19.910611612020606, 
objectives:
-68.0300507438158, -13.276281384913343, 3078.749092629415, 

parameters:
-0.5799914723840742, -23.650218534612186, 12.415119460431548, 
objectives:
-35.72894788700549, -4.578743076606095, 548.2541073825205, 

parameters:
2.872948277211139, -75.93514886002421, 8.212931112819827, 
objectives:
-75.8942481693136, -66.96017905251848, 5767.1877330847465, 

parameters:
-0.8441467755014656, -73.34428720851669, 7.623069847371061, 
objectives:
-80.25477327729823, -57.63204648055024, 5373.473980056604, 

parameters:
-0.6687978658625191, -64.34712025104889, 3.6938993280533703, 
objectives:
-67.59372899372, -53.530738874163184, 4138.305275860275, 

parameters:
1.2921488148844358, -71.47648739814558, 8.38269052798473, 
objectives:
-78.18952936632306, -62.59274356989135, 5103.175208809087, 

parameters:
-0.8401566805851999, -19.967015539914563, 7.391565339184899, 
objectives:
-26.65271763116752, -4.508960230456921, 392.9960074799366, 

parameters:
3.7279592566979076, -16.150539788501533, 19.81729869579599, 
objectives:
-22.07015826469791, 6.652602100102444, 255.92031698377477, 

parameters:
2.0797869963592053, -27.177865966426502, 19.717833844041714, 
objectives:
-42.57018586024337, -7.453666157596764, 724.244078595227, 

parameters:
-1.2410777897856997, -75.83405588639678, 6.914249317492904, 
objectives:
-81.20803112359033, -58.41522132946173, 5746.4300569439565, 

