Generation 1763 at Fri May 24 19:48:17 2019
parameters:
0.05101637681523949, -100, 19.95971668145522, 
objectives:
-119.95711401075187, -76.24174615510238, 9981.042885989249, 

parameters:
1.9842689832055664, 1.5132545282484013, 2.856877641438097, 
objectives:
2.5937002845219572, 4.370379634575885, 4.370385023537847, 

parameters:
-1.1729419060606414, -2.3488570711496397, 20, 
objectives:
-20.97306435615647, 27.718703268086095, -12.107077744317166, 

parameters:
-0.09310337269809921, -0.38187417318528993, 20, 
objectives:
-20.37320593517753, 23.999207555614866, -18.84550387784629, 

parameters:
1.9973066371654076, -100, 0, 
objectives:
-96.01076619713501, -99.99999274579665, 10004.989233802866, 

parameters:
1.9885890996958842, -87.41568579623119, 7.040568192677869, 
objectives:
-90.50176738147977, -80.37498739490756, 7639.416041640166, 

parameters:
0.5436995661212506, -96.35964039774962, 19.290469461514373, 
objectives:
-115.35450064106355, -74.9483599825198, 9267.185437340308, 

parameters:
0.15744465196025537, -91.67987178206953, 0.6535786784851939, 
objectives:
-92.30866164212382, -87.63128289299448, 8405.570100116654, 

parameters:
1.2263843836089485, -9.011594891251534, 5.296353656508761, 
objectives:
-12.803929891400394, -3.1167601128186666, 78.41650748388189, 

parameters:
-2.6141613766543963, -22.551720056739768, 19.353237297622766, 
objectives:
-35.07111765117092, 18.09200245069219, 497.0606799231276, 

parameters:
0.8120197729672867, -61.103349811815804, 8.085836869641678, 
objectives:
-68.52981056976763, -51.60621592235343, 3727.192897467178, 

parameters:
2.500287754659576, -93.9740781390311, 0, 
objectives:
-87.72263928293049, -93.72379030156878, 8838.378800936825, 

parameters:
2.872948277211139, -75.93514886002421, 8.212931112819827, 
objectives:
-75.8942481693136, -66.96017905251848, 5767.1877330847465, 

parameters:
0.08370022014620451, 1.4122859871397395, 3.406274111758075, 
objectives:
-1.9869823977658123, 8.49076494516552, -0.40471667543428325, 

parameters:
3.892851547103682, -82.3983867839397, 5.49427916403758, 
objectives:
-72.73837278018975, -73.32122064052932, 6800.154158599478, 

parameters:
1.449070719789554, -100, 4.725359677661086, 
objectives:
-102.62555372670967, -94.97111725054572, 9998.37444627329, 

parameters:
-1.6781328060370606, -65.73500601835914, 19.319567055137885, 
objectives:
-82.23844335879922, -32.886778024375204, 4305.5875788932735, 

parameters:
3.3522843302030125, -43.67889748385287, 18.06667850961798, 
objectives:
-50.50776576294619, -23.783546064522284, 1902.0172171258355, 

parameters:
-0.09055298527546118, -68.71981140734935, 2.7605885507939503, 
objectives:
-71.47220011500102, -61.588811072311266, 4720.660091154011, 

parameters:
2.7107638119442097, -56.81199258719293, 13.401685992551412, 
objectives:
-62.86543813559805, -42.90512139827205, 3222.5490561788592, 

parameters:
-2.1091238052450993, -30.140202286075954, 5.014539567085641, 
objectives:
-30.70633862731003, -8.240764272158348, 908.8656575043442, 

parameters:
0.6941998525281052, -40.4229355287414, 18.33623184945773, 
objectives:
-58.27725394294909, -20.381589654146044, 1617.159398346576, 

parameters:
-1.8021243703372414, -80.91663944562634, 0, 
objectives:
-77.66898719946295, -66.46048971811398, 6551.750191419657, 

parameters:
3.4618076069306127, -46.90440747920386, 20, 
objectives:
-54.920295571801205, -24.767525999523656, 2193.007552882598, 

parameters:
2.1492071760654214, -36.84722542211264, 8.049105302237209, 
objectives:
-40.27723923869875, -28.77585733848602, 1355.2880074913983, 

parameters:
1.8059543346013354, -31.786621910765994, 1.0442913847424227, 
objectives:
-29.569442236843066, -30.70467680576356, 1013.6065121719117, 

parameters:
1.1727719489855195, -50.30021071820517, 11.043370745337434, 
objectives:
-59.96818741921531, -38.57253372448252, 2521.443221594832, 

parameters:
0.5802021855861129, -30.881689575505426, 13.286801690848833, 
objectives:
-43.83185669019535, -15.579062050842143, 941.7285839231905, 

parameters:
2.586443699058327, -3.7746286820757007, 17.56566502341586, 
objectives:
-14.65060269709304, 14.134952553505373, 4.371847672531203, 

parameters:
-0.8441467755014656, -73.34428720851669, 7.623069847371061, 
objectives:
-80.25477327729823, -57.63204648055024, 5373.473980056604, 

parameters:
-0.7987808515626726, -51.55312862168961, 16.056945756801657, 
objectives:
-66.97202352966808, -27.663008609814074, 2643.306175776494, 

parameters:
-2.7331365337153137, -55.58947444372456, 19.910611612020606, 
objectives:
-68.0300507438158, -13.276281384913343, 3078.749092629415, 

parameters:
-1.2561143371528392, -81.91864606672347, 18.252015521829197, 
objectives:
-98.59283836055174, -53.064349968282, 6694.99038111128, 

parameters:
-0.12381114639819923, -72.94736646468535, 6.981888281570268, 
objectives:
-79.91392554628317, -61.454904397549846, 5315.351715051502, 

parameters:
0.2981581814740948, -56.98288973925665, 19.972573600351424, 
objectives:
-76.86656503842813, -34.11405056362167, 3228.1660477371092, 

