Generation 1768 at Fri May 24 19:48:17 2019
parameters:
0.05101637681523949, -100, 19.95971668145522, 
objectives:
-119.95711401075187, -76.24174615510238, 9981.042885989249, 

parameters:
1.9842689832055664, 1.5132545282484013, 2.856877641438097, 
objectives:
2.5937002845219572, 4.370379634575885, 4.370385023537847, 

parameters:
-1.1729419060606414, -2.3488570711496397, 20, 
objectives:
-20.97306435615647, 27.718703268086095, -12.107077744317166, 

parameters:
-0.09310337269809921, -0.38187417318528993, 20, 
objectives:
-20.37320593517753, 23.999207555614866, -18.84550387784629, 

parameters:
1.9973066371654076, -100, 0, 
objectives:
-96.01076619713501, -99.99999274579665, 10004.989233802866, 

parameters:
1.9885890996958842, -87.41568579623119, 7.040568192677869, 
objectives:
-90.50176738147977, -80.37498739490756, 7639.416041640166, 

parameters:
-0.09055298527546118, -68.71981140734935, 2.7605885507939503, 
objectives:
-71.47220011500102, -61.588811072311266, 4720.660091154011, 

parameters:
2.478645747396761, -93.70320573100703, 20, 
objectives:
-107.55952098991898, -73.47410397950603, 8767.434449008517, 

parameters:
1.012569221184076, -18.269120461680448, 20.0, 
objectives:
-37.24382403399112, 2.705899081272573, 315.78605887108057, 

parameters:
0.5802021855861129, -30.881689575505426, 13.286801690848833, 
objectives:
-43.83185669019535, -15.579062050842143, 941.7285839231905, 

parameters:
1.1454998518262538, -73.76675454696792, 3.12388579724744, 
objectives:
-75.57847043368139, -69.91269824649153, 5440.722360505898, 

parameters:
0.5436995661212506, -96.35964039774962, 19.290469461514373, 
objectives:
-115.35450064106355, -74.9483599825198, 9267.185437340308, 

parameters:
3.552486147372071, -36.563839645514946, 1.123124242320996, 
objectives:
-25.066806060565483, -33.030502165411775, 1349.41140320788, 

parameters:
1.449070719789554, -100, 4.725359677661086, 
objectives:
-102.62555372670967, -94.97111725054572, 9998.37444627329, 

parameters:
0.6506887226675199, -77.62831312510708, 3.392007708150062, 
objectives:
-80.59692501945045, -72.41566449382042, 6024.186386755329, 

parameters:
2.8852046024529194, -28.512322202984464, 18.068608212304614, 
objectives:
-38.25652481727357, -9.660126802476018, 804.2083147925117, 

parameters:
-3.047408389884782, -88.0322343647609, 20, 
objectives:
-98.74553647002074, -42.555902910481606, 7739.9609851469295, 

parameters:
1.2263843836089485, -9.011594891251534, 5.296353656508761, 
objectives:
-12.803929891400394, -3.1167601128186666, 78.41650748388189, 

parameters:
0.6941998525281052, -40.4229355287414, 18.33623184945773, 
objectives:
-58.27725394294909, -20.381589654146044, 1617.159398346576, 

parameters:
3.3522843302030125, -43.67889748385287, 18.06667850961798, 
objectives:
-50.50776576294619, -23.783546064522284, 1902.0172171258355, 

parameters:
2.7107638119442097, -56.81199258719293, 13.401685992551412, 
objectives:
-62.86543813559805, -42.90512139827205, 3222.5490561788592, 

parameters:
3.635864213844513, -0.739477145222925, 18.736305803541164, 
objectives:
-6.25627436724891, 20.672880384455365, -3.969970773718938, 

parameters:
1.4535971587631704, -48.747921705703064, 18.34535071331373, 
objectives:
-64.98032771905244, -30.104014927477653, 2361.127464612007, 

parameters:
0.8120197729672867, -61.103349811815804, 8.085836869641678, 
objectives:
-68.52981056976763, -51.60621592235343, 3727.192897467178, 

parameters:
-0.209216502092886, -83.024720778226, 3.6209395892349185, 
objectives:
-86.60188882271294, -74.52314363587155, 6890.527092257905, 

parameters:
0.08370022014620451, 1.4122859871397395, 3.406274111758075, 
objectives:
-1.9869823977658123, 8.49076494516552, -0.40471667543428325, 

parameters:
1.2430893514587702, -66.31446606348295, 19.1745495419764, 
objectives:
-83.94374446974918, -46.56700279163144, 4380.979130878566, 

parameters:
0.19748093818634516, -62.90811519056143, 6.046572071615459, 
objectives:
-68.91568854122994, -53.6124681507444, 3952.423383478277, 

parameters:
2.586443699058327, -3.7746286820757007, 17.56566502341586, 
objectives:
-14.65060269709304, 14.134952553505373, 4.371847672531203, 

parameters:
-1.0781184126924415, -51.570452292249385, 19.328350678517456, 
objectives:
-69.73646365898037, -22.767288651175694, 2642.345538260439, 

parameters:
1.1727719489855195, -50.30021071820517, 11.043370745337434, 
objectives:
-59.96818741921531, -38.57253372448252, 2521.443221594832, 

parameters:
-1.7181650598227223, -74.08161889366582, 15.200027023558102, 
objectives:
-86.32955474442831, -45.05684045802121, 5476.838322055582, 

parameters:
2.346942241827281, -43.28818241897821, 12.398243703455238, 
objectives:
-50.17828823596018, -30.76956979635883, 1867.9766313217524, 

parameters:
1.8562360832181803, -81.59436370219969, 5.88182033816175, 
objectives:
-84.03057164372026, -75.69187530026949, 6656.2039800253215, 

parameters:
-0.4273003585162056, -64.45155696148746, 19.89360085467122, 
objectives:
-84.1625722197706, -38.66616907636333, 4135.292179501578, 

parameters:
1.5998713930238413, -7.358345268829311, 19.985620742314044, 
objectives:
-24.78437753692731, 12.787378375605414, 37.7192128272047, 

