Generation 177 at Sat May 25 04:36:26 2019
parameters:
0, 0.0, 20.0, 
objectives:
-20.0, 24.0, -19.0, 

parameters:
0, 0.0, 20.0, 
objectives:
-20.0, 24.0, -19.0, 

parameters:
2.003485383126764, 0.0, 20.0, 
objectives:
-15.986046319597403, 20.00001214789554, -14.986046319597403, 

parameters:
1.9256138418811688, 0.0, 20.0, 
objectives:
-16.292011331955646, 20.00553330051968, -15.292011331955646, 

parameters:
1.269297297395188, 0.0, 20.0, 
objectives:
-18.388884370825274, 20.533926439593976, -17.388884370825274, 

parameters:
0.5212107034050728, 0.0, 20.0, 
objectives:
-19.72833940265599, 22.18681778372372, -18.72833940265599, 

parameters:
0.20828951143300314, 0.0, 20.0, 
objectives:
-19.956615479427, 23.210226474840987, -18.956615479427, 

parameters:
1.1548183549425324, 0.0, 20.0, 
objectives:
-18.666394567087824, 20.714332013142048, -17.666394567087824, 

parameters:
1.8684415155530796, 0.0, 20.0, 
objectives:
-16.50892630295771, 20.017307634829972, -15.508926302957711, 

parameters:
1.0539329400634136, 0.0, 20.0, 
objectives:
-18.889225357849288, 20.895042881897055, -17.889225357849288, 

parameters:
0.08158650986697231, 0.0, 20.0, 
objectives:
-19.993343641407726, 23.680310319124384, -18.993343641407726, 

parameters:
0.41561317776197965, 0.0, 20.0, 
objectives:
-19.82726568647059, 22.51028160248149, -18.82726568647059, 

parameters:
0.8094809770621308, 0.0, 20.0, 
objectives:
-19.34474054777454, 21.41733554397694, -18.34474054777454, 

parameters:
1.5346612047402104, 0.0, 20.0, 
objectives:
-17.644814986665327, 20.21654019437383, -16.644814986665327, 

parameters:
1.670978104335414, 0.0, 20.0, 
objectives:
-17.207832174831626, 20.108255407826718, -16.207832174831626, 

parameters:
1.2014412152733087, 0.0, 20.0, 
objectives:
-18.556539006242595, 20.63769613266417, -17.556539006242595, 

parameters:
1.7277439989903853, 0.0, 20.0, 
objectives:
-17.01490067395271, 20.074123330085747, -16.01490067395271, 

parameters:
1.4338870912357342, 0.0, 20.0, 
objectives:
-17.943967809587527, 20.320483825469537, -16.943967809587527, 

parameters:
1.4820365430141333, 0.0, 20.0, 
objectives:
-17.803567685170716, 20.268286142772748, -16.803567685170716, 

parameters:
1.3559914364731325, 0.0, 20.0, 
objectives:
-18.16128722421153, 20.41474702989594, -17.16128722421153, 

parameters:
1.5916250119341968, 0.0, 20.0, 
objectives:
-17.466729821385467, 20.166770130877744, -16.466729821385467, 

parameters:
0.30435310290112844, 0.0, 20.0, 
objectives:
-19.907369188754455, 22.87521839964103, -18.907369188754455, 

parameters:
0.9532631946975534, 0.0, 20.0, 
objectives:
-19.091289281635014, 21.09565793957477, -18.091289281635014, 

parameters:
1.0112887850261383, 0.0, 20.0, 
objectives:
-18.977294993280356, 20.97754986661509, -17.977294993280356, 

parameters:
0.6155893370627036, 0.0, 20.0, 
objectives:
-19.6210497680947, 21.916592883654484, -18.6210497680947, 

parameters:
1.8095444260228466, 0.0, 20.0, 
objectives:
-16.725548970249648, 20.036273325658968, -15.725548970249648, 

parameters:
0.7147112216209679, 0.0, 20.0, 
objectives:
-19.489187869689065, 21.651967243827066, -18.489187869689065, 

parameters:
1.6262064498802187, 0.0, 20.0, 
objectives:
-17.355452582367974, 20.13972161811115, -16.355452582367974, 

parameters:
0.3501679611758787, 0.0, 20.0, 
objectives:
-19.877382398965928, 22.721945756330555, -18.877382398965928, 

parameters:
0.9061659491559976, 0.0, 20.0, 
objectives:
-19.17886327259021, 21.1964729307858, -18.17886327259021, 

parameters:
1.7666474257768157, 0.0, 20.0, 
objectives:
-16.87895687299615, 20.054453423896586, -15.87895687299615, 

parameters:
0.6370073094455198, 0.0, 20.0, 
objectives:
-19.59422168771298, 21.85774907450494, -18.59422168771298, 

parameters:
0.7035717315369527, 0.0, 20.0, 
objectives:
-19.504986818582093, 21.680726255270095, -18.504986818582093, 

parameters:
1.3791657918870484, 0.0, 20.0, 
objectives:
-18.097901718488572, 20.385435113963236, -17.097901718488572, 

parameters:
1.7907948895144252, 0.0, 20.0, 
objectives:
-16.79305366368902, 20.043766778253282, -15.793053663689017, 

parameters:
0.8631365363014777, 0.0, 20.0, 
objectives:
-19.25499531970149, 21.2924585350926, -18.25499531970149, 

parameters:
0.8632979658007712, 0.0, 20.0, 
objectives:
-19.25471662224425, 21.292091514552666, -18.25471662224425, 

parameters:
1.3747847120942835, 0.0, 20.0, 
objectives:
-18.109966995391837, 20.390894156231028, -17.109966995391837, 

