Generation 1777 at Fri May 24 19:48:17 2019
parameters:
0.05101637681523949, -100, 19.95971668145522, 
objectives:
-119.95711401075187, -76.24174615510238, 9981.042885989249, 

parameters:
1.9842689832055664, 1.5132545282484013, 2.856877641438097, 
objectives:
2.5937002845219572, 4.370379634575885, 4.370385023537847, 

parameters:
-0.09310337269809921, -0.38187417318528993, 20, 
objectives:
-20.37320593517753, 23.999207555614866, -18.84550387784629, 

parameters:
1.9973066371654076, -100, 0, 
objectives:
-96.01076619713501, -99.99999274579665, 10004.989233802866, 

parameters:
3.3522843302030125, -43.67889748385287, 18.06667850961798, 
objectives:
-50.50776576294619, -23.783546064522284, 1902.0172171258355, 

parameters:
3.3019315431241507, -73.69551967181158, 14.380559670223516, 
objectives:
-77.17332742655687, -57.619934258606435, 5428.551811943623, 

parameters:
3.552486147372071, -36.563839645514946, 1.123124242320996, 
objectives:
-25.066806060565483, -33.030502165411775, 1349.41140320788, 

parameters:
2.478645747396761, -93.70320573100703, 20, 
objectives:
-107.55952098991898, -73.47410397950603, 8767.434449008517, 

parameters:
-0.3270523870492501, -52.74388702411609, 7.297044748506959, 
objectives:
-59.933968508748436, -40.031669463537526, 2775.7275369280896, 

parameters:
4.568625194879384, -79.34642594941377, 8.788416434201714, 
objectives:
-67.26250621232879, -63.960174123442904, 6308.939230682888, 

parameters:
0.5802021855861129, -30.881689575505426, 13.286801690848833, 
objectives:
-43.83185669019535, -15.579062050842143, 941.7285839231905, 

parameters:
0.08370022014620451, 1.4122859871397395, 3.406274111758075, 
objectives:
-1.9869823977658123, 8.49076494516552, -0.40471667543428325, 

parameters:
-0.209216502092886, -83.024720778226, 3.6209395892349185, 
objectives:
-86.60188882271294, -74.52314363587155, 6890.527092257905, 

parameters:
-0.7662523832692765, -61.27524329709171, 0.2822835790378585, 
objectives:
-60.97038416126372, -53.3408074701109, 3755.960300253611, 

parameters:
-0.09055298527546118, -68.71981140734935, 2.7605885507939503, 
objectives:
-71.47220011500102, -61.588811072311266, 4720.660091154011, 

parameters:
2.930437020141451, -46.560350596774626, 2.2893280992194924, 
objectives:
-40.262217566978606, -43.40530944910543, 2175.1643807243677, 

parameters:
0.5436995661212506, -96.35964039774962, 19.290469461514373, 
objectives:
-115.35450064106355, -74.9483599825198, 9267.185437340308, 

parameters:
3.618834439548926, -91.28306761561193, 1.7472978335432883, 
objectives:
-79.93440274828983, -86.91514483939896, 8344.947098183702, 

parameters:
2.7304256664399142, -59.24136302826479, 19.999017478245996, 
objectives:
-71.78515618655695, -38.7088238958246, 3497.9953002883663, 

parameters:
0.0018018818059584163, -21.36041722160766, 5.269551420342536, 
objectives:
-26.62996539517215, -12.098070081710913, 451.99787570758855, 

parameters:
-0.36080174104381885, -27.722427423808973, 18.904639656096002, 
objectives:
-46.496889183564726, -3.244402907197447, 750.7585205086, 

parameters:
1.2263843836089485, -9.011594891251534, 5.296353656508761, 
objectives:
-12.803929891400394, -3.1167601128186666, 78.41650748388189, 

parameters:
1.7131226595192721, -86.37470233008844, 8.947502139519424, 
objectives:
-92.38741522304949, -77.34490158208772, 7455.576489718424, 

parameters:
-0.8583176997888762, -9.716324263313417, 18.881339639160206, 
objectives:
-27.860954628702757, 17.33499544877316, 77.2623268244637, 

parameters:
1.4543259079224973, -79.80162819511558, 14.297892326315168, 
objectives:
-91.98445667497616, -65.20597565403581, 6357.117034111605, 

parameters:
1.449070719789554, -100, 4.725359677661086, 
objectives:
-102.62555372670967, -94.97111725054572, 9998.37444627329, 

parameters:
-0.7850249170370168, -90.1653460883776, 0.6146886604083495, 
objectives:
-90.16377062841697, -81.7942936394522, 8130.7912106968715, 

parameters:
1.5362462434344157, -94.21704890062853, 3.5967505599440317, 
objectives:
-95.4537469401062, -90.40523079395581, 8876.615605503948, 

parameters:
1.012569221184076, -18.269120461680448, 20.0, 
objectives:
-37.24382403399112, 2.705899081272573, 315.78605887108057, 

parameters:
-3.047408389884782, -88.0322343647609, 20, 
objectives:
-98.74553647002074, -42.555902910481606, 7739.9609851469295, 

parameters:
4.055777119791968, -54.2587027376462, 0.8388416112233804, 
objectives:
-38.64821630344155, -49.19364156016266, 2960.61730920646, 

parameters:
2.3176113064721013, -54.69830287061002, 20, 
objectives:
-69.3269807027227, -34.59742592861111, 2978.2756590928716, 

parameters:
4.341112509010172, -28.081710834375144, 0, 
objectives:
-9.236453018490558, -22.600903054531244, 808.427741201347, 

parameters:
0.18594178061664213, -63.901803487961956, 18.380796345943534, 
objectives:
-82.2480254881266, -42.230199918706106, 4066.094267013942, 

parameters:
0.7898901657672585, -65.00196180759673, 5.875879455461028, 
objectives:
-70.25391478908193, -57.66171654122891, 4221.003085854778, 

parameters:
0.6203106768495316, -4.001384718857594, 4.66431526948998, 
objectives:
-8.28091465253405, 2.566473179047784, 12.731549734630612, 

parameters:
1.151964222539013, -4.196137053109908, 20, 
objectives:
-22.869115483099996, 16.523027626743954, -0.06541226150818602, 

parameters:
2.3420987642718667, -100, 18.234528954752157, 
objectives:
-112.74910233314836, -81.6484394807315, 9988.250897666852, 

