Generation 1778 at Fri May 24 19:48:17 2019
parameters:
0.05101637681523949, -100, 19.95971668145522, 
objectives:
-119.95711401075187, -76.24174615510238, 9981.042885989249, 

parameters:
1.9842689832055664, 1.5132545282484013, 2.856877641438097, 
objectives:
2.5937002845219572, 4.370379634575885, 4.370385023537847, 

parameters:
-0.09310337269809921, -0.38187417318528993, 20, 
objectives:
-20.37320593517753, 23.999207555614866, -18.84550387784629, 

parameters:
1.9973066371654076, -100, 0, 
objectives:
-96.01076619713501, -99.99999274579665, 10004.989233802866, 

parameters:
3.3019315431241507, -73.69551967181158, 14.380559670223516, 
objectives:
-77.17332742655687, -57.619934258606435, 5428.551811943623, 

parameters:
-0.7662523832692765, -61.27524329709171, 0.2822835790378585, 
objectives:
-60.97038416126372, -53.3408074701109, 3755.960300253611, 

parameters:
3.3522843302030125, -43.67889748385287, 18.06667850961798, 
objectives:
-50.50776576294619, -23.783546064522284, 1902.0172171258355, 

parameters:
-0.09055298527546118, -68.71981140734935, 2.7605885507939503, 
objectives:
-71.47220011500102, -61.588811072311266, 4720.660091154011, 

parameters:
3.552486147372071, -36.563839645514946, 1.123124242320996, 
objectives:
-25.066806060565483, -33.030502165411775, 1349.41140320788, 

parameters:
-0.3270523870492501, -52.74388702411609, 7.297044748506959, 
objectives:
-59.933968508748436, -40.031669463537526, 2775.7275369280896, 

parameters:
0.5436995661212506, -96.35964039774962, 19.290469461514373, 
objectives:
-115.35450064106355, -74.9483599825198, 9267.185437340308, 

parameters:
1.2263843836089485, -9.011594891251534, 5.296353656508761, 
objectives:
-12.803929891400394, -3.1167601128186666, 78.41650748388189, 

parameters:
1.0073316471061269, -9.605909190012722, 19.521874736818308, 
objectives:
-28.113066879569487, 10.90135600564262, 74.76633367721412, 

parameters:
2.478645747396761, -93.70320573100703, 20, 
objectives:
-107.55952098991898, -73.47410397950603, 8767.434449008517, 

parameters:
2.930437020141451, -46.560350596774626, 2.2893280992194924, 
objectives:
-40.262217566978606, -43.40530944910543, 2175.1643807243677, 

parameters:
4.568625194879384, -79.34642594941377, 8.788416434201714, 
objectives:
-67.26250621232879, -63.960174123442904, 6308.939230682888, 

parameters:
-0.7850249170370168, -90.1653460883776, 0.6146886604083495, 
objectives:
-90.16377062841697, -81.7942936394522, 8130.7912106968715, 

parameters:
0.5802021855861129, -30.881689575505426, 13.286801690848833, 
objectives:
-43.83185669019535, -15.579062050842143, 941.7285839231905, 

parameters:
2.7304256664399142, -59.24136302826479, 19.999017478245996, 
objectives:
-71.78515618655695, -38.7088238958246, 3497.9953002883663, 

parameters:
-0.2559233842915865, -80.72209217167155, 5.257405426187777, 
objectives:
-85.91400081923206, -70.37549642969017, 6511.864255924277, 

parameters:
1.012569221184076, -18.269120461680448, 20.0, 
objectives:
-37.24382403399112, 2.705899081272573, 315.78605887108057, 

parameters:
0.08370022014620451, 1.4122859871397395, 3.406274111758075, 
objectives:
-1.9869823977658123, 8.49076494516552, -0.40471667543428325, 

parameters:
-0.36080174104381885, -27.722427423808973, 18.904639656096002, 
objectives:
-46.496889183564726, -3.244402907197447, 750.7585205086, 

parameters:
0.0018018818059584163, -21.36041722160766, 5.269551420342536, 
objectives:
-26.62996539517215, -12.098070081710913, 451.99787570758855, 

parameters:
1.7131226595192721, -86.37470233008844, 8.947502139519424, 
objectives:
-92.38741522304949, -77.34490158208772, 7455.576489718424, 

parameters:
1.449070719789554, -100, 4.725359677661086, 
objectives:
-102.62555372670967, -94.97111725054572, 9998.37444627329, 

parameters:
1.5362462434344157, -94.21704890062853, 3.5967505599440317, 
objectives:
-95.4537469401062, -90.40523079395581, 8876.615605503948, 

parameters:
-3.047408389884782, -88.0322343647609, 20, 
objectives:
-98.74553647002074, -42.555902910481606, 7739.9609851469295, 

parameters:
-0.209216502092886, -83.024720778226, 3.6209395892349185, 
objectives:
-86.60188882271294, -74.52314363587155, 6890.527092257905, 

parameters:
-0.21440179338359355, -45.76874319407338, 14.238994722243877, 
objectives:
-59.961769787311155, -26.62617316928903, 2081.584826971801, 

parameters:
1.4543259079224973, -79.80162819511558, 14.297892326315168, 
objectives:
-91.98445667497616, -65.20597565403581, 6357.117034111605, 

parameters:
1.189071227861664, -88.96094838772902, 0, 
objectives:
-87.54705800280057, -88.30334291424722, 7916.464228429115, 

parameters:
1.293297479808598, -88.41584017514694, 0, 
objectives:
-86.74322180386767, -87.91641172310206, 7820.033412248406, 

