Generation 178 at Fri May 24 19:55:16 2019
parameters:
0, 0.0, 20.0, 
objectives:
-20.0, 24.0, -19.0, 

parameters:
0, 0, 20.0, 
objectives:
-20.0, 24.0, -19.0, 

parameters:
1.9979647189482492, 0.0, 20.0, 
objectives:
-16.008136981838042, 20.000004142368958, -15.008136981838044, 

parameters:
0.8113311104869143, 0.0, 20.0, 
objectives:
-19.34174182915607, 21.412933728896274, -18.34174182915607, 

parameters:
0.5392845972875137, 0.0, 20.0, 
objectives:
-19.709172123128443, 22.1336894877215, -18.709172123128443, 

parameters:
1.2250725131689022, 0.0, 20.0, 
objectives:
-18.49919733747803, 20.600512609846362, -17.49919733747803, 

parameters:
0.6428749348156471, 0.0, 20.0, 
objectives:
-19.586711818185776, 21.841788442551636, -18.586711818185776, 

parameters:
0.7186871335129229, 0.0, 20.0, 
objectives:
-19.483488804122977, 21.64176266182533, -18.483488804122977, 

parameters:
0.9211768423159765, 0.0, 20.0, 
objectives:
-19.151433225180767, 21.16385940555533, -18.151433225180767, 

parameters:
1.5717515718706467, 0.0, 20.0, 
objectives:
-17.52959699632215, 20.18339671619526, -16.52959699632215, 

parameters:
1.8899236400560266, 0.0, 20.0, 
objectives:
-16.42818863475738, 20.012116805018515, -15.428188634757378, 

parameters:
1.2930505283539395, 0.0, 20.0, 
objectives:
-18.328020331123597, 20.499777555460643, -17.328020331123597, 

parameters:
1.9720525591380695, 0.0, 20.0, 
objectives:
-16.11100870399699, 20.00078105945073, -15.11100870399699, 

parameters:
0.33631612616485485, 0.0, 20.0, 
objectives:
-19.886891463281465, 22.767844032059116, -18.886891463281465, 

parameters:
0.23499038774718434, 0.0, 20.0, 
objectives:
-19.94477951766643, 23.115258931344833, -18.94477951766643, 

parameters:
1.0386902136500833, 0.0, 20.0, 
objectives:
-18.921122640067544, 20.924116505332123, -17.921122640067544, 

parameters:
0.15482957328391703, 0.0, 20.0, 
objectives:
-19.976027803236722, 23.40465390362761, -18.976027803236722, 

parameters:
1.1396673959164654, 0.0, 20.0, 
objectives:
-18.70115822668498, 20.740172189649154, -17.70115822668498, 

parameters:
1.5073670194390767, 0.0, 20.0, 
objectives:
-17.727844668707355, 20.24268725353634, -16.727844668707355, 

parameters:
1.466752996260321, 0.0, 20.0, 
objectives:
-17.84863564796137, 20.284352366997346, -16.84863564796137, 

parameters:
0.9691463986223481, 0.0, 20.0, 
objectives:
-19.060755258037332, 21.062659147473276, -18.060755258037332, 

parameters:
1.3560441504391754, 0.0, 20.0, 
objectives:
-18.161144262059697, 20.414679136183604, -17.161144262059693, 

parameters:
0.04921206625417838, 0.0, 20.0, 
objectives:
-19.997578172534993, 23.80557356244829, -18.997578172534993, 

parameters:
1.7490504245856089, 0.0, 20.0, 
objectives:
-16.940822612256902, 20.062975689400663, -15.940822612256902, 

parameters:
1.1008663303508723, 0.014189185868118681, 20.0, 
objectives:
-18.773904136831685, 20.822630541764827, -17.773904136831685, 

parameters:
0.44798321156280313, 0.0, 20.0, 
objectives:
-19.79931104215788, 22.40875611159091, -18.79931104215788, 

parameters:
1.6539976870762239, 0.0, 20.0, 
objectives:
-17.2642916511465, 20.119717600548604, -16.2642916511465, 

parameters:
1.6325218135279336, 0.0, 20.0, 
objectives:
-17.33487252835547, 20.135040217532797, -16.33487252835547, 

parameters:
1.7155995223231315, 0.0, 20.0, 
objectives:
-17.05671827900464, 20.080883631702832, -16.05671827900464, 

parameters:
1.815295032253213, 0.0, 20.0, 
objectives:
-16.704703945876805, 20.034115925110342, -15.704703945876807, 

parameters:
0.41457391507484853, 0.0, 20.0, 
objectives:
-19.82812846893951, 22.513575870761095, -18.82812846893951, 

parameters:
1.4021059147756632, 0.0, 20.0, 
objectives:
-18.034099003751102, 20.357477337146246, -17.034099003751102, 

parameters:
1.8619954835723336, 0.0, 20.0, 
objectives:
-16.53297281915623, 20.019045246554434, -15.532972819156232, 

parameters:
1.397122187121091, 0.0, 20.0, 
objectives:
-18.04804959425398, 20.363461657261656, -17.04804959425398, 

parameters:
1.8463040060380387, 0.0, 20.0, 
objectives:
-16.59116151728789, 20.023622458559956, -15.59116151728789, 

parameters:
1.732147206383789, 0.0, 20.0, 
objectives:
-16.999666055416835, 20.071745119048007, -15.999666055416835, 

parameters:
1.8241741685502857, 0.0, 20.0, 
objectives:
-16.672388602793873, 20.030914723004983, -15.672388602793873, 

parameters:
0, 0.0, 20.0, 
objectives:
-20.0, 24.0, -19.0, 

