Generation 1780 at Fri May 24 19:48:17 2019
parameters:
5.18662244760252, -16.877867628042047, 3.3722623874926754, 
objectives:
6.650922398439636, -3.3510426169850955, 309.3912056961913, 

parameters:
0.05101637681523949, -100, 19.95971668145522, 
objectives:
-119.95711401075187, -76.24174615510238, 9981.042885989249, 

parameters:
-0.09310337269809921, -0.38187417318528993, 20, 
objectives:
-20.37320593517753, 23.999207555614866, -18.84550387784629, 

parameters:
1.9973066371654076, -100, 0, 
objectives:
-96.01076619713501, -99.99999274579665, 10004.989233802866, 

parameters:
3.3019315431241507, -73.69551967181158, 14.380559670223516, 
objectives:
-77.17332742655687, -57.619934258606435, 5428.551811943623, 

parameters:
3.3522843302030125, -43.67889748385287, 18.06667850961798, 
objectives:
-50.50776576294619, -23.783546064522284, 1902.0172171258355, 

parameters:
-0.7850249170370168, -90.1653460883776, 0.6146886604083495, 
objectives:
-90.16377062841697, -81.7942936394522, 8130.7912106968715, 

parameters:
4.451058401838482, -40.88101456862567, 14.520081951091443, 
objectives:
-35.58917562314017, -20.353245328311218, 1677.5491911056702, 

parameters:
1.2263843836089485, -9.011594891251534, 5.296353656508761, 
objectives:
-12.803929891400394, -3.1167601128186666, 78.41650748388189, 

parameters:
2.077055438651482, -49.7546888160479, 19.924823240248116, 
objectives:
-65.36535276106432, -29.823928035174013, 2460.9183952367457, 

parameters:
-0.7662523832692765, -61.27524329709171, 0.2822835790378585, 
objectives:
-60.97038416126372, -53.3408074701109, 3755.960300253611, 

parameters:
-0.36080174104381885, -27.722427423808973, 18.904639656096002, 
objectives:
-46.496889183564726, -3.244402907197447, 750.7585205086, 

parameters:
0.0018018818059584163, -21.36041722160766, 5.269551420342536, 
objectives:
-26.62996539517215, -12.098070081710913, 451.99787570758855, 

parameters:
-0.3270523870492501, -52.74388702411609, 7.297044748506959, 
objectives:
-59.933968508748436, -40.031669463537526, 2775.7275369280896, 

parameters:
2.478645747396761, -93.70320573100703, 20, 
objectives:
-107.55952098991898, -73.47410397950603, 8767.434449008517, 

parameters:
4.568625194879384, -79.34642594941377, 8.788416434201714, 
objectives:
-67.26250621232879, -63.960174123442904, 6308.939230682888, 

parameters:
-1.204142991590632, -14.881070018603538, 20, 
objectives:
-33.4311096744067, 15.385462291955827, 203.8962052427779, 

parameters:
3.771210598539642, -69.3619629203685, 20, 
objectives:
-75.13993354183077, -46.22477593598934, 4806.303929545112, 

parameters:
3.552486147372071, -36.563839645514946, 1.123124242320996, 
objectives:
-25.066806060565483, -33.030502165411775, 1349.41140320788, 

parameters:
0.08370022014620451, 1.4122859871397395, 3.406274111758075, 
objectives:
-1.9869823977658123, 8.49076494516552, -0.40471667543428325, 

parameters:
1.7131226595192721, -86.37470233008844, 8.947502139519424, 
objectives:
-92.38741522304949, -77.34490158208772, 7455.576489718424, 

parameters:
1.9842689832055664, 1.5132545282484013, 2.856877641438097, 
objectives:
2.5937002845219572, 4.370379634575885, 4.370385023537847, 

parameters:
-3.047408389884782, -88.0322343647609, 20, 
objectives:
-98.74553647002074, -42.555902910481606, 7739.9609851469295, 

parameters:
0.5436995661212506, -96.35964039774962, 19.290469461514373, 
objectives:
-115.35450064106355, -74.9483599825198, 9267.185437340308, 

parameters:
-0.2559233842915865, -80.72209217167155, 5.257405426187777, 
objectives:
-85.91400081923206, -70.37549642969017, 6511.864255924277, 

parameters:
-0.18577481843791066, -65.20872841381129, 2.5624248841216097, 
objectives:
-67.73664101476726, -57.868691972772396, 4250.650348745244, 

parameters:
1.5362462434344157, -94.21704890062853, 3.5967505599440317, 
objectives:
-95.4537469401062, -90.40523079395581, 8876.615605503948, 

parameters:
-0.6999976431499764, -94.92528796115933, 18.431443373470454, 
objectives:
-112.86673463421427, -69.20385731467344, 8993.868847835964, 

parameters:
1.449070719789554, -100, 4.725359677661086, 
objectives:
-102.62555372670967, -94.97111725054572, 9998.37444627329, 

parameters:
-0.2741535919781679, -56.716857747716496, 17.246519979828808, 
objectives:
-73.88821753555077, -34.29856320798048, 3200.6305929868745, 

parameters:
-0.09055298527546118, -68.71981140734935, 2.7605885507939503, 
objectives:
-71.47220011500102, -61.588811072311266, 4720.660091154011, 

parameters:
-0.209216502092886, -83.024720778226, 3.6209395892349185, 
objectives:
-86.60188882271294, -74.52314363587155, 6890.527092257905, 

parameters:
1.0073316471061269, -9.605909190012722, 19.521874736818308, 
objectives:
-28.113066879569487, 10.90135600564262, 74.76633367721412, 

parameters:
2.3234461713355814, -59.18520487611629, 18.95899653029391, 
objectives:
-72.74579929531623, -40.12159092007073, 3490.327881808659, 

