Generation 1785 at Fri May 24 19:48:17 2019
parameters:
5.18662244760252, -16.877867628042047, 3.3722623874926754, 
objectives:
6.650922398439636, -3.3510426169850955, 309.3912056961913, 

parameters:
0.05101637681523949, -100, 19.95971668145522, 
objectives:
-119.95711401075187, -76.24174615510238, 9981.042885989249, 

parameters:
-0.09310337269809921, -0.38187417318528993, 20, 
objectives:
-20.37320593517753, 23.999207555614866, -18.84550387784629, 

parameters:
1.9973066371654076, -100, 0, 
objectives:
-96.01076619713501, -99.99999274579665, 10004.989233802866, 

parameters:
2.478645747396761, -93.70320573100703, 20, 
objectives:
-107.55952098991898, -73.47410397950603, 8767.434449008517, 

parameters:
-0.7850249170370168, -90.1653460883776, 0.6146886604083495, 
objectives:
-90.16377062841697, -81.7942936394522, 8130.7912106968715, 

parameters:
0.726860811984047, -9.985110983146066, 19.91557848376125, 
objectives:
-29.37236282690921, 11.551350892677105, 81.31518950198107, 

parameters:
3.3943877574811205, -23.39553898209202, 2.646733299002468, 
objectives:
-14.520404032956778, -18.804488464876325, 557.2263792117226, 

parameters:
4.22197580340978, -56.23075163077841, 3.6728132232360404, 
objectives:
-42.07848516943679, -47.62076193660383, 3177.04969542363, 

parameters:
3.771210598539642, -69.3619629203685, 20, 
objectives:
-75.13993354183077, -46.22477593598934, 4806.303929545112, 

parameters:
2.655710576381693, -0.09594975576013809, 12.266150983298262, 
objectives:
-5.309302073552816, 12.600157587516936, -4.204145962162247, 

parameters:
1.5362462434344157, -94.21704890062853, 3.5967505599440317, 
objectives:
-95.4537469401062, -90.40523079395581, 8876.615605503948, 

parameters:
1.7131226595192721, -86.37470233008844, 8.947502139519424, 
objectives:
-92.38741522304949, -77.34490158208772, 7455.576489718424, 

parameters:
-1.4525344079617681, -52.0850573600154, 3.876761197751187, 
objectives:
-53.85196235145374, -36.28830232410429, 2712.0862952046564, 

parameters:
-0.7662523832692765, -61.27524329709171, 0.2822835790378585, 
objectives:
-60.97038416126372, -53.3408074701109, 3755.960300253611, 

parameters:
0.5436995661212506, -96.35964039774962, 19.290469461514373, 
objectives:
-115.35450064106355, -74.9483599825198, 9267.185437340308, 

parameters:
1.9842689832055664, 1.5132545282484013, 2.856877641438097, 
objectives:
2.5937002845219572, 4.370379634575885, 4.370385023537847, 

parameters:
-1.2692639308898253, -36.13143376865905, 17.677091009078296, 
objectives:
-52.19749385147946, -7.76625610976356, 1290.414446096175, 

parameters:
2.9366494572689654, -80.00634833409877, 11.715390792336212, 
objectives:
-83.09782909155687, -67.41364533596033, 6398.924292999692, 

parameters:
3.6532884666322625, -37.65505420313996, 18.202280093331524, 
objectives:
-42.510817676043175, -16.71941135590918, 1414.0473435685053, 

parameters:
-0.18577481843791066, -65.20872841381129, 2.5624248841216097, 
objectives:
-67.73664101476726, -57.868691972772396, 4250.650348745244, 

parameters:
2.077055438651482, -49.7546888160479, 19.924823240248116, 
objectives:
-65.36535276106432, -29.823928035174013, 2460.9183952367457, 

parameters:
2.684905495079885, -45.01123944162778, 19.966285043119903, 
objectives:
-57.768806967237516, -24.57585886131725, 2014.2541085459386, 

parameters:
1.1440028647699303, -74.5847761610318, 10.498821826642567, 
objectives:
-83.77485543307256, -63.353223238867145, 5554.698755719176, 

parameters:
-1.2462792234498226, -59.95839014427097, 20, 
objectives:
-78.40517824146828, -29.42006134766899, 3577.561760595413, 

parameters:
-0.02391786404773577, -28.22929267098675, 17.565948565525364, 
objectives:
-45.794669172291506, -6.56710058504984, 780.3275882029216, 

parameters:
1.1012722900202014, -67.63520898078055, 6.040679694281316, 
objectives:
-72.46308801829554, -60.7868177898137, 4570.693614836342, 

parameters:
3.3019315431241507, -73.69551967181158, 14.380559670223516, 
objectives:
-77.17332742655687, -57.619934258606435, 5428.551811943623, 

parameters:
-1.3942335754668211, -81.56761858203097, 16.258656150992017, 
objectives:
-95.882387470064, -53.78814086621268, 6639.961632255651, 

parameters:
-0.6999976431499764, -94.92528796115933, 18.431443373470454, 
objectives:
-112.86673463421427, -69.20385731467344, 8993.868847835964, 

parameters:
3.3522843302030125, -43.67889748385287, 18.06667850961798, 
objectives:
-50.50776576294619, -23.783546064522284, 1902.0172171258355, 

parameters:
0.08370022014620451, 1.4122859871397395, 3.406274111758075, 
objectives:
-1.9869823977658123, 8.49076494516552, -0.40471667543428325, 

parameters:
1.12129896766238, -54.62619264067811, 19.98978840097934, 
objectives:
-73.35866966677673, -33.86428873546757, 2966.288445390377, 

parameters:
2.5591519556674305, -88.41360039095059, 11.696945457940974, 
objectives:
-93.56128711669513, -76.40400402348291, 7812.817047364953, 

parameters:
0.4853177452059395, -41.9768012997502, 4.012363797443182, 
objectives:
-45.75363178338161, -35.670175169318995, 1759.2750168750788, 

parameters:
2.920436608097156, -80.82120003675212, 14.746911604099962, 
objectives:
-87.03916165893806, -65.22708488312675, 6526.848413758514, 

parameters:
-0.2559233842915865, -80.72209217167155, 5.257405426187777, 
objectives:
-85.91400081923206, -70.37549642969017, 6511.864255924277, 

