Generation 1787 at Fri May 24 19:48:17 2019
parameters:
5.18662244760252, -16.877867628042047, 3.3722623874926754, 
objectives:
6.650922398439636, -3.3510426169850955, 309.3912056961913, 

parameters:
0.05101637681523949, -100, 19.95971668145522, 
objectives:
-119.95711401075187, -76.24174615510238, 9981.042885989249, 

parameters:
-0.09310337269809921, -0.38187417318528993, 20, 
objectives:
-20.37320593517753, 23.999207555614866, -18.84550387784629, 

parameters:
1.9973066371654076, -100, 0, 
objectives:
-96.01076619713501, -99.99999274579665, 10004.989233802866, 

parameters:
3.771210598539642, -69.3619629203685, 20, 
objectives:
-75.13993354183077, -46.22477593598934, 4806.303929545112, 

parameters:
-0.7850249170370168, -90.1653460883776, 0.6146886604083495, 
objectives:
-90.16377062841697, -81.7942936394522, 8130.7912106968715, 

parameters:
1.9842689832055664, 1.5132545282484013, 2.856877641438097, 
objectives:
2.5937002845219572, 4.370379634575885, 4.370385023537847, 

parameters:
-1.4525344079617681, -52.0850573600154, 3.876761197751187, 
objectives:
-53.85196235145374, -36.28830232410429, 2712.0862952046564, 

parameters:
2.655710576381693, -0.09594975576013809, 12.266150983298262, 
objectives:
-5.309302073552816, 12.600157587516936, -4.204145962162247, 

parameters:
-0.18577481843791066, -65.20872841381129, 2.5624248841216097, 
objectives:
-67.73664101476726, -57.868691972772396, 4250.650348745244, 

parameters:
2.478645747396761, -93.70320573100703, 20, 
objectives:
-107.55952098991898, -73.47410397950603, 8767.434449008517, 

parameters:
2.5387107274716842, -75.46301466460174, 17.19199881391571, 
objectives:
-86.20996132073765, -57.98080660279296, 5684.919635613762, 

parameters:
3.8948868367020353, -35.95826355899395, 17.27467378800767, 
objectives:
-38.06279387628683, -15.092993647079634, 1291.8921878607791, 

parameters:
0.726860811984047, -9.985110983146066, 19.91557848376125, 
objectives:
-29.37236282690921, 11.551350892677105, 81.31518950198107, 

parameters:
1.670143342547132, -97.56442534529667, 6.272410252012621, 
objectives:
-101.04745681265479, -91.18320967881807, 9516.334061490608, 

parameters:
1.9067983386152454, -43.73283001836954, 3.3043740359175287, 
objectives:
-43.40132415014121, -40.41976943276713, 1913.8919272838323, 

parameters:
1.7131226595192721, -86.37470233008844, 8.947502139519424, 
objectives:
-92.38741522304949, -77.34490158208772, 7455.576489718424, 

parameters:
2.684905495079885, -45.01123944162778, 19.966285043119903, 
objectives:
-57.768806967237516, -24.57585886131725, 2014.2541085459386, 

parameters:
6.287154463953282, -79.33273869351609, 0, 
objectives:
-39.80442743990841, -60.95304529572154, 6334.211739867314, 

parameters:
3.3943877574811205, -23.39553898209202, 2.646733299002468, 
objectives:
-14.520404032956778, -18.804488464876325, 557.2263792117226, 

parameters:
-0.02391786404773577, -28.22929267098675, 17.565948565525364, 
objectives:
-45.794669172291506, -6.56710058504984, 780.3275882029216, 

parameters:
-1.2462792234498226, -59.95839014427097, 20, 
objectives:
-78.40517824146828, -29.42006134766899, 3577.561760595413, 

parameters:
4.753176575292976, -33.727745205936046, 14.508152118974532, 
objectives:
-25.643209768996716, -11.639611832219554, 1146.6453321134813, 

parameters:
2.9366494572689654, -80.00634833409877, 11.715390792336212, 
objectives:
-83.09782909155687, -67.41364533596033, 6398.924292999692, 

parameters:
-0.7662523832692765, -61.27524329709171, 0.2822835790378585, 
objectives:
-60.97038416126372, -53.3408074701109, 3755.960300253611, 

parameters:
-0.6999976431499764, -94.92528796115933, 18.431443373470454, 
objectives:
-112.86673463421427, -69.20385731467344, 8993.868847835964, 

parameters:
2.077055438651482, -49.7546888160479, 19.924823240248116, 
objectives:
-65.36535276106432, -29.823928035174013, 2460.9183952367457, 

parameters:
0.7276782001882189, 2.1352986881867864, 17.757323204378057, 
objectives:
-15.092508953162106, 21.511424654841132, -11.66830715357668, 

parameters:
4.22197580340978, -56.23075163077841, 3.6728132232360404, 
objectives:
-42.07848516943679, -47.62076193660383, 3177.04969542363, 

parameters:
-1.6790370549453746, -55.54475281147228, 9.240452315311757, 
objectives:
-61.966039694904396, -32.76898684449939, 3079.7982780041257, 

parameters:
0.5436995661212506, -96.35964039774962, 19.290469461514373, 
objectives:
-115.35450064106355, -74.9483599825198, 9267.185437340308, 

parameters:
1.5362462434344157, -94.21704890062853, 3.5967505599440317, 
objectives:
-95.4537469401062, -90.40523079395581, 8876.615605503948, 

parameters:
-1.3942335754668211, -81.56761858203097, 16.258656150992017, 
objectives:
-95.882387470064, -53.78814086621268, 6639.961632255651, 

parameters:
-0.7092253257488257, -85.02814683526968, 1.6834994129511687, 
objectives:
-86.20864568553732, -76.00474555663969, 7229.6052553899135, 

parameters:
2.8301052583824, -100, 4.763143926505882, 
objectives:
-96.75364815298217, -94.54778133350001, 10004.246351847018, 

parameters:
3.0596812821435986, -26.742969509794186, 4.325348626605932, 
objectives:
-21.70666858810022, -21.294696463462756, 721.2227191234755, 

parameters:
-2.2592609559927253, -35.24486918665058, 8.655824163130424, 
objectives:
-38.79643328250784, -8.447741132276095, 1239.6492398882544, 

