Generation 1791 at Fri May 24 19:48:17 2019
parameters:
0.05101637681523949, -100, 19.95971668145522, 
objectives:
-119.95711401075187, -76.24174615510238, 9981.042885989249, 

parameters:
5.18662244760252, -16.877867628042047, 3.3722623874926754, 
objectives:
6.650922398439636, -3.3510426169850955, 309.3912056961913, 

parameters:
-0.09310337269809921, -0.38187417318528993, 20, 
objectives:
-20.37320593517753, 23.999207555614866, -18.84550387784629, 

parameters:
1.9973066371654076, -100, 0, 
objectives:
-96.01076619713501, -99.99999274579665, 10004.989233802866, 

parameters:
-0.6999976431499764, -94.92528796115933, 18.431443373470454, 
objectives:
-112.86673463421427, -69.20385731467344, 8993.868847835964, 

parameters:
-0.7850249170370168, -90.1653460883776, 0.6146886604083495, 
objectives:
-90.16377062841697, -81.7942936394522, 8130.7912106968715, 

parameters:
1.670143342547132, -97.56442534529667, 6.272410252012621, 
objectives:
-101.04745681265479, -91.18320967881807, 9516.334061490608, 

parameters:
-1.2272308036903254, -82.27075439874486, 4.964153286014765, 
objectives:
-85.72881223923322, -66.89158245244239, 6766.018971498108, 

parameters:
2.655710576381693, -0.09594975576013809, 12.266150983298262, 
objectives:
-5.309302073552816, 12.600157587516936, -4.204145962162247, 

parameters:
3.8948868367020353, -35.95826355899395, 17.27467378800767, 
objectives:
-38.06279387628683, -15.092993647079634, 1291.8921878607791, 

parameters:
1.1670272425706842, -77.47748881480891, 13.59589161423555, 
objectives:
-89.71142784414232, -63.18775358595396, 5991.527334019505, 

parameters:
3.610472788835258, -73.14924853763891, 18.005083533773494, 
objectives:
-78.11881831249255, -52.55054240028661, 5346.842991846414, 

parameters:
-0.18577481843791066, -65.20872841381129, 2.5624248841216097, 
objectives:
-67.73664101476726, -57.868691972772396, 4250.650348745244, 

parameters:
1.9842689832055664, 1.5132545282484013, 2.856877641438097, 
objectives:
2.5937002845219572, 4.370379634575885, 4.370385023537847, 

parameters:
-1.4187333647029903, -86.87554778000863, 4.665623473102477, 
objectives:
-89.52836689298964, -70.52218648797273, 7545.707982963581, 

parameters:
1.9067983386152454, -43.73283001836954, 3.3043740359175287, 
objectives:
-43.40132415014121, -40.41976943276713, 1913.8919272838323, 

parameters:
3.771210598539642, -69.3619629203685, 20, 
objectives:
-75.13993354183077, -46.22477593598934, 4806.303929545112, 

parameters:
1.7236880069668428, -100, 4.604264593244964, 
objectives:
-101.63316424788364, -95.31938708926108, 9999.366835752116, 

parameters:
3.3943877574811205, -23.39553898209202, 2.646733299002468, 
objectives:
-14.520404032956778, -18.804488464876325, 557.2263792117226, 

parameters:
3.91271898384202, -31.939188862076993, 14.534077253961485, 
objectives:
-31.163896269520748, -13.746617696965856, 1021.8870777599792, 

parameters:
-3.5571479463254727, -64.0501393242798, 19.97492282123595, 
objectives:
-71.37176063346823, -13.193323205694426, 4096.098726150465, 

parameters:
1.0320501171232768, -88.77343404055347, 8.206756760078719, 
objectives:
-95.91506335637801, -79.62975030471368, 7874.580962036673, 

parameters:
3.4236372489855587, -11.215383512664356, 10.306114229772737, 
objectives:
-9.800205729795689, 1.1174737338075502, 128.20000511901216, 

parameters:
-1.899883195143227, -70.61467256946929, 16.958271586460476, 
objectives:
-83.96338800074213, -38.44731204724827, 4974.083266662085, 

parameters:
-2.0168128170216475, -53.07252853969074, 7.001805203829822, 
objectives:
-56.00679980461777, -29.93593812887153, 2814.7590143313605, 

parameters:
2.684905495079885, -45.01123944162778, 19.966285043119903, 
objectives:
-57.768806967237516, -24.57585886131725, 2014.2541085459386, 

parameters:
0.7276782001882189, 2.1352986881867864, 17.757323204378057, 
objectives:
-15.092508953162106, 21.511424654841132, -11.66830715357668, 

parameters:
2.385008976906841, -16.468656051886853, 14.791454970798108, 
objectives:
-25.571843202758743, -1.5289691687898905, 263.1134450044776, 

parameters:
-0.7662523832692765, -61.27524329709171, 0.2822835790378585, 
objectives:
-60.97038416126372, -53.3408074701109, 3755.960300253611, 

parameters:
-1.740780494501656, -47.96509709533639, 7.355659170645426, 
objectives:
-52.29043953594439, -26.615999216646912, 2297.3251969244393, 

parameters:
3.8016768600039406, -59.40836918300158, 19.42854091891514, 
objectives:
-64.3841631540273, -36.73378875621278, 3525.3785350127864, 

parameters:
-2.652973055357009, -49.90023983766388, 20, 
objectives:
-62.86197380521358, -8.250081583785544, 2478.0722018888277, 

parameters:
-1.6790370549453746, -55.54475281147228, 9.240452315311757, 
objectives:
-61.966039694904396, -32.76898684449939, 3079.7982780041257, 

parameters:
-0.02391786404773577, -28.22929267098675, 17.565948565525364, 
objectives:
-45.794669172291506, -6.56710058504984, 780.3275882029216, 

parameters:
0.777987146059431, -57.19625525915807, 7.531439527461428, 
objectives:
-64.1224307871858, -48.17150031650067, 3265.4854401427397, 

parameters:
4.0994082836121, -48.117745862189864, 15.63272395936915, 
objectives:
-46.94532154581151, -28.077506761521605, 2317.4898911746677, 

