Generation 1799 at Fri May 24 19:48:17 2019
parameters:
0.05101637681523949, -100, 19.95971668145522, 
objectives:
-119.95711401075187, -76.24174615510238, 9981.042885989249, 

parameters:
5.18662244760252, -16.877867628042047, 3.3722623874926754, 
objectives:
6.650922398439636, -3.3510426169850955, 309.3912056961913, 

parameters:
-0.09310337269809921, -0.38187417318528993, 20, 
objectives:
-20.37320593517753, 23.999207555614866, -18.84550387784629, 

parameters:
1.9973066371654076, -100, 0, 
objectives:
-96.01076619713501, -99.99999274579665, 10004.989233802866, 

parameters:
-0.18577481843791066, -65.20872841381129, 2.5624248841216097, 
objectives:
-67.73664101476726, -57.868691972772396, 4250.650348745244, 

parameters:
-0.6999976431499764, -94.92528796115933, 18.431443373470454, 
objectives:
-112.86673463421427, -69.20385731467344, 8993.868847835964, 

parameters:
-0.08584696594277541, -35.27355462085382, 2.1614411618076317, 
objectives:
-37.42762608109987, -28.76135589371351, 1243.069584130112, 

parameters:
-0.2514228887677721, -90.53236641120256, 0, 
objectives:
-90.46915294220622, -85.46346138713514, 8197.172581481234, 

parameters:
1.2334266005979537, -21.92907229278586, 2.608227320531189, 
objectives:
-23.015958434254426, -18.73321019558386, 480.79732548076, 

parameters:
3.91271898384202, -31.939188862076993, 14.534077253961485, 
objectives:
-31.163896269520748, -13.746617696965856, 1021.8870777599792, 

parameters:
-3.0679212549606136, -69.18679524455408, 19.946071451285103, 
objectives:
-79.72072586920008, -23.556897946787412, 4777.278705587205, 

parameters:
0.7291712353376276, -0.14791927798360405, 2.1134534645620118, 
objectives:
-1.729682052101814, 3.580539935671699, -0.5598826613190191, 

parameters:
4.641111050174481, -77.65848759140657, 1.1837349719878323, 
objectives:
-57.302310783342726, -69.49928504006499, 6052.196871792712, 

parameters:
3.3874021713911935, -85.00654010129618, 1.435483367100316, 
objectives:
-74.96752999765073, -81.64617194901487, 7237.150870096922, 

parameters:
1.670143342547132, -97.56442534529667, 6.272410252012621, 
objectives:
-101.04745681265479, -91.18320967881807, 9516.334061490608, 

parameters:
-0.263757061710595, -88.3598662055831, 11.350020209398362, 
objectives:
-99.64031862737926, -71.88524996174016, 7797.185503446751, 

parameters:
-1.2272308036903254, -82.27075439874486, 4.964153286014765, 
objectives:
-85.72881223923322, -66.89158245244239, 6766.018971498108, 

parameters:
2.833153520852743, -53.07519468470714, 1.8296432419932518, 
objectives:
-46.8780790539801, -50.55140665340457, 2824.173406450292, 

parameters:
-0.7662523832692765, -61.27524329709171, 0.2822835790378585, 
objectives:
-60.97038416126372, -53.3408074701109, 3755.960300253611, 

parameters:
1.7236880069668428, -100, 4.604264593244964, 
objectives:
-101.63316424788364, -95.31938708926108, 9999.366835752116, 

parameters:
-1.1295099743811061, -83.69970921484915, 7.379088407772478, 
objectives:
-89.80300484039523, -66.52678812732583, 7000.538027024758, 

parameters:
4.128398086329085, -58.425483132062254, 9.145439748958372, 
objectives:
-50.527252121814975, -44.74996496921457, 3422.4353102251384, 

parameters:
3.610472788835258, -73.14924853763891, 18.005083533773494, 
objectives:
-78.11881831249255, -52.55054240028661, 5346.842991846414, 

parameters:
2.6552782078737582, -2.6249371771794934, 18.6481905508742, 
objectives:
-14.222625366844417, 16.45264290340895, -3.7073930055258764, 

parameters:
-2.8576034369466035, -15.72348613344354, 1.6904267123842023, 
objectives:
-9.248015442978701, 9.563251729576116, 254.7034868790561, 

parameters:
1.2087962062806124, -42.73280088387753, 7.2480495638438915, 
objectives:
-48.51966217940302, -34.85874787683769, 1821.3054100855989, 

parameters:
0.09260774811104966, -45.55458809986331, 8.060702229046052, 
objectives:
-53.60671413389916, -33.85574066825126, 2068.168370914172, 

parameters:
-0.2581123503217176, -48.21034603543484, 1.7945859247111122, 
objectives:
-49.93830997475735, -41.316688724048255, 2323.5095009170454, 

parameters:
2.68098308488035, -71.48628468757101, 2.922660736565253, 
objectives:
-67.2212751227217, -68.09988598911261, 5115.5539079973, 

parameters:
-1.9091303052951991, -17.946574605565907, 1.776153634669611, 
objectives:
-16.077949717638976, -0.8891212271189586, 324.94816496107006, 

parameters:
3.4363332499234285, -11.654047594233283, 20, 
objectives:
-19.84566138970397, 10.409005610602314, 128.6252115331839, 

parameters:
3.255681542699473, -17.4186671759834, 4.442004422270485, 
objectives:
-11.261209290779867, -11.399926617036787, 310.5674240728851, 

parameters:
1.9291541868370519, -100.0, 19.54060320114128, 
objectives:
-115.81896732455036, -80.454377669616, 9985.18103267545, 

parameters:
1.9067983386152454, -43.73283001836954, 3.3043740359175287, 
objectives:
-43.40132415014121, -40.41976943276713, 1913.8919272838323, 

parameters:
4.334748889778258, -60.237713570234796, 1.4518593238293147, 
objectives:
-42.89952495663028, -53.334801868084675, 3646.920324783254, 

parameters:
0.6215062925359025, -59.07242646028007, 8.535647415966368, 
objectives:
-67.22180380458472, -48.63653414279559, 3482.4021905608924, 

parameters:
3.0103714342800854, -33.127375677886036, 20, 
objectives:
-44.0650395055565, -12.106525242676838, 1087.4853554761248, 

