Generation 18 at Fri May 24 19:55:15 2019
parameters:
0, 0.0, 20.0, 
objectives:
-20.0, 24.0, -19.0, 

parameters:
0, 0.0, 20.0, 
objectives:
-20.0, 24.0, -19.0, 

parameters:
2.047356912711333, 0.0, 20.0, 
objectives:
-15.80832967197312, 20.00224267718155, -14.80832967197312, 

parameters:
1.778087626493761, 0.0, 20.0, 
objectives:
-16.838404392509783, 20.049245101515172, -15.838404392509783, 

parameters:
0.31631771386181523, 0, 20.0, 
objectives:
-19.899943103897236, 22.834786040655505, -18.899943103897236, 

parameters:
1.5989405629486304, 0.0, 20.0, 
objectives:
-17.443389076157516, 20.160848672047962, -16.443389076157516, 

parameters:
1.1670203813552016, 0.0, 20.0, 
objectives:
-18.63806342950156, 20.693855045077633, -17.63806342950156, 

parameters:
0.15153938893816654, 0.0, 20.0, 
objectives:
-19.977035813600246, 23.416806630647088, -18.977035813600246, 

parameters:
1.70359340883675, 0.0, 20.0, 
objectives:
-17.09776949736798, 20.08785686728502, -16.09776949736798, 

parameters:
1.088555930656053, 0.0, 20.0, 
objectives:
-18.815045985833535, 20.830730291542253, -17.815045985833535, 

parameters:
1.67154338120765, 0.0, 20.0, 
objectives:
-17.205942724740897, 20.107883750428503, -16.205942724740897, 

parameters:
0.18430623052848727, 0.0, 20.0, 
objectives:
-19.96603121338838, 23.29674386449767, -18.96603121338838, 

parameters:
1.460495285241167, 0.0, 20.0, 
objectives:
-17.86695352178832, 20.29106533724701, -16.86695352178832, 

parameters:
0.7866768161686788, 0.0, 20.0, 
objectives:
-19.381139586902712, 21.472153148422574, -18.381139586902712, 

parameters:
0.38664541386527007, 0.0, 20.0, 
objectives:
-19.850505323936954, 22.602913020601967, -18.850505323936954, 

parameters:
1.4097314590055787, 0.0, 20.0, 
objectives:
-18.01265721349, 20.34841695048768, -17.01265721349, 

parameters:
0.8771937534368276, 0, 20.0, 
objectives:
-19.23053111893141, 21.26069386732128, -18.23053111893141, 

parameters:
0.5493419729079387, 0.0, 20.0, 
objectives:
-19.698223396801612, 22.10440871156663, -18.698223396801612, 

parameters:
1.5416781560337225, 0.0, 20.0, 
objectives:
-17.623228463208463, 20.21005891265665, -16.623228463208463, 

parameters:
0.6542609745089292, 0.0, 20.0, 
objectives:
-19.571942577234626, 21.811013524729656, -18.571942577234626, 

parameters:
0.950124895771643, 0.0, 20.0, 
objectives:
-19.097262682434923, 21.102237734478503, -18.097262682434923, 

parameters:
1.5156397790208316, 0.0, 20.0, 
objectives:
-17.702836060249684, 20.234604823666988, -16.702836060249684, 

parameters:
0.4535526186315195, 0, 20.0, 
objectives:
-19.79429002213249, 22.39149950334143, -18.79429002213249, 

parameters:
0.9996124095214423, 0.0, 20.0, 
objectives:
-19.000775030730736, 21.000775331183494, -18.000775030730736, 

parameters:
0.6131911448370726, 0.0, 20.0, 
objectives:
-19.6239966198934, 21.92323880075831, -18.6239966198934, 

parameters:
1.7760630969965547, 0.0, 20.0, 
objectives:
-16.845599875487007, 20.050147736526775, -15.845599875487007, 

parameters:
0.7207954597715589, 0, 20.0, 
objectives:
-19.480453905172705, 21.636364255741057, -18.480453905172705, 

parameters:
1.0430663030121912, 0.0, 20.0, 
objectives:
-18.91201268752048, 20.915722100430756, -17.91201268752048, 

parameters:
0.49933566714728966, 0.0, 20.0, 
objectives:
-19.75066389151457, 22.25199343989627, -18.75066389151457, 

parameters:
1.3683831625810994, 0.0, 20.0, 
objectives:
-18.12752752036455, 20.398939829311054, -17.12752752036455, 

parameters:
1.232205733625022, 0.0, 20.0, 
objectives:
-18.48166903002162, 20.58950803547829, -17.48166903002162, 

parameters:
1.2844039490233883, 0.0, 20.0, 
objectives:
-18.350306495733125, 20.512077708173322, -17.350306495733125, 

parameters:
0.75490357676513, 0.0, 20.0, 
objectives:
-19.430120589787215, 21.550265103152267, -18.430120589787215, 

parameters:
1.235173930877468, 0.0, 20.0, 
objectives:
-18.474345360480704, 20.584958916009423, -17.474345360480704, 

parameters:
0.9040023801202697, 0.0, 20.0, 
objectives:
-19.182779696736887, 21.201210782782034, -18.182779696736887, 

parameters:
1.3408617749721843, 0.0, 20.0, 
objectives:
-18.202089700418444, 20.434463199692818, -17.202089700418444, 

parameters:
1.295376583556221, 0.0, 20.0, 
objectives:
-18.321999506774212, 20.496494159000903, -17.321999506774212, 

parameters:
1.3157679570436382, 0.0, 20.0, 
objectives:
-18.26875468321721, 20.468173488608237, -17.26875468321721, 

parameters:
1.3252460135224846, 0.0, 20.0, 
objectives:
-18.243723003642764, 20.4552929422673, -17.243723003642764, 

parameters:
0.8900843759998491, 0.0, 20.0, 
objectives:
-19.207749803600958, 21.231912692399643, -18.207749803600958, 

parameters:
0.9000262542302133, 0.0, 20.0, 
objectives:
-19.18995274169633, 21.209942241382816, -18.18995274169633, 

