Generation 180 at Fri May 24 19:55:16 2019
parameters:
0, 0.0, 20.0, 
objectives:
-20.0, 24.0, -19.0, 

parameters:
0, 0.0, 20.0, 
objectives:
-20.0, 24.0, -19.0, 

parameters:
1.9979647189482492, 0.0, 20.0, 
objectives:
-16.008136981838042, 20.000004142368958, -15.008136981838044, 

parameters:
1.8899236400560266, 0.0, 20.0, 
objectives:
-16.42818863475738, 20.012116805018515, -15.428188634757378, 

parameters:
1.815295032253213, 0.0, 20.0, 
objectives:
-16.704703945876805, 20.034115925110342, -15.704703945876807, 

parameters:
0.9211768423159765, 0.0, 20.0, 
objectives:
-19.151433225180767, 21.16385940555533, -18.151433225180767, 

parameters:
1.466752996260321, 0.0, 20.0, 
objectives:
-17.84863564796137, 20.284352366997346, -16.84863564796137, 

parameters:
1.3560441504391754, 0.0, 20.0, 
objectives:
-18.161144262059697, 20.414679136183604, -17.161144262059693, 

parameters:
1.0798619211458775, 0.0, 20.0, 
objectives:
-18.833898231259134, 20.846654084157354, -17.833898231259134, 

parameters:
1.5717515718706467, 0.0, 20.0, 
objectives:
-17.52959699632215, 20.18339671619526, -16.52959699632215, 

parameters:
0.33631612616485485, 0.0, 20.0, 
objectives:
-19.886891463281465, 22.767844032059116, -18.886891463281465, 

parameters:
1.9720525591380695, 0.0, 20.0, 
objectives:
-16.11100870399699, 20.00078105945073, -15.11100870399699, 

parameters:
0.8113311104869143, 0.0, 20.0, 
objectives:
-19.34174182915607, 21.412933728896274, -18.34174182915607, 

parameters:
1.6325218135279336, 0.0, 20.0, 
objectives:
-17.33487252835547, 20.135040217532797, -16.33487252835547, 

parameters:
1.1440082752245884, 0.0, 20.0, 
objectives:
-18.69124506621766, 20.732721832883986, -17.69124506621766, 

parameters:
1.7490504245856089, 0.0, 20.0, 
objectives:
-16.940822612256902, 20.062975689400663, -15.940822612256902, 

parameters:
1.5073670194390767, 0.0, 20.0, 
objectives:
-17.727844668707355, 20.24268725353634, -16.727844668707355, 

parameters:
0.7417411436365715, 0, 20.0, 
objectives:
-19.449820075836712, 21.583215349617003, -18.449820075836712, 

parameters:
1.6808492787649207, 0.0, 20.0, 
objectives:
-17.174745702075445, 20.101857182864872, -16.174745702075445, 

parameters:
1.2930505283539395, 0.0, 20.0, 
objectives:
-18.328020331123597, 20.499777555460643, -17.328020331123597, 

parameters:
0.15482957328391703, 0.0, 20.0, 
objectives:
-19.976027803236722, 23.40465390362761, -18.976027803236722, 

parameters:
0.41876526166848926, 0.0, 20.0, 
objectives:
-19.824635655619723, 22.50030329770632, -18.824635655619723, 

parameters:
0.8874348617470891, 0.0, 20.0, 
objectives:
-19.212459366155926, 21.23780118685572, -18.212459366155926, 

parameters:
1.223565403285003, 0.0, 20.0, 
objectives:
-18.502887703884006, 20.60285068297598, -17.502887703884006, 

parameters:
1.7155995223231315, 0.0, 20.0, 
objectives:
-17.05671827900464, 20.080883631702832, -16.05671827900464, 

parameters:
0.23499038774718434, 0.0, 20.0, 
objectives:
-19.94477951766643, 23.115258931344833, -18.94477951766643, 

parameters:
0.48584850164645454, 0.0, 20.0, 
objectives:
-19.763951233447894, 22.292654759966286, -18.763951233447894, 

parameters:
1.2250725131689022, 0.0, 20.0, 
objectives:
-18.49919733747803, 20.600512609846362, -17.49919733747803, 

parameters:
0.6983645653704098, 0.0, 20.0, 
objectives:
-19.512286933835, 21.69425480468336, -18.512286933835, 

parameters:
0.09397010662477716, 0.0, 20.0, 
objectives:
-19.991169619060926, 23.632949954439965, -18.991169619060926, 

parameters:
0.5392845972875137, 0.0, 20.0, 
objectives:
-19.709172123128443, 22.1336894877215, -18.709172123128443, 

parameters:
1.3160920583477704, 0.0, 20.0, 
objectives:
-18.267901693953927, 20.46773007265499, -17.26790169395393, 

parameters:
0.573458259293329, 0.0, 20.0, 
objectives:
-19.671145624848265, 22.03502133797842, -18.671145624848265, 

parameters:
1.0987469841043347, 0.0, 20.0, 
objectives:
-18.79275506492163, 20.81225699866103, -17.79275506492163, 

parameters:
0.04921206625417838, 0.0, 20.0, 
objectives:
-19.997578172534993, 23.80557356244829, -18.997578172534993, 

parameters:
0.6176442543102877, 0.0, 20.0, 
objectives:
-19.61851557511749, 21.91090740764136, -18.61851557511749, 

parameters:
0.22732840008846822, 0.0, 20.0, 
objectives:
-19.948321798513216, 23.14236460113291, -18.948321798513216, 

parameters:
0.44798321156280313, 0.0, 20.0, 
objectives:
-19.79931104215788, 22.40875611159091, -18.79931104215788, 

parameters:
0.6585374252822805, 0.0, 20.0, 
objectives:
-19.566328459502586, 21.799521839368293, -18.566328459502586, 

parameters:
0.6428749348156471, 0.0, 20.0, 
objectives:
-19.586711818185776, 21.841788442551636, -18.586711818185776, 

parameters:
0.9046378504997907, 0.0, 20.0, 
objectives:
-19.18163035944312, 21.199818238557718, -18.18163035944312, 

parameters:
1.081887302211061, 0.0, 20.0, 
objectives:
-18.829519865314474, 20.842930925841284, -17.829519865314474, 

