Generation 1800 at Fri May 24 19:48:17 2019
parameters:
5.18662244760252, -16.877867628042047, 3.3722623874926754, 
objectives:
6.650922398439636, -3.3510426169850955, 309.3912056961913, 

parameters:
0.05101637681523949, -100, 19.95971668145522, 
objectives:
-119.95711401075187, -76.24174615510238, 9981.042885989249, 

parameters:
-0.09310337269809921, -0.38187417318528993, 20, 
objectives:
-20.37320593517753, 23.999207555614866, -18.84550387784629, 

parameters:
1.9973066371654076, -100, 0, 
objectives:
-96.01076619713501, -99.99999274579665, 10004.989233802866, 

parameters:
3.91271898384202, -31.939188862076993, 14.534077253961485, 
objectives:
-31.163896269520748, -13.746617696965856, 1021.8870777599792, 

parameters:
2.833153520852743, -53.07519468470714, 1.8296432419932518, 
objectives:
-46.8780790539801, -50.55140665340457, 2824.173406450292, 

parameters:
-0.08584696594277541, -35.27355462085382, 2.1614411618076317, 
objectives:
-37.42762608109987, -28.76135589371351, 1243.069584130112, 

parameters:
0.7291712353376276, -0.14791927798360405, 2.1134534645620118, 
objectives:
-1.729682052101814, 3.580539935671699, -0.5598826613190191, 

parameters:
-2.8576034369466035, -15.72348613344354, 1.6904267123842023, 
objectives:
-9.248015442978701, 9.563251729576116, 254.7034868790561, 

parameters:
-0.18577481843791066, -65.20872841381129, 2.5624248841216097, 
objectives:
-67.73664101476726, -57.868691972772396, 4250.650348745244, 

parameters:
3.3874021713911935, -85.00654010129618, 1.435483367100316, 
objectives:
-74.96752999765073, -81.64617194901487, 7237.150870096922, 

parameters:
-0.7058374068394262, -87.99466942715244, 19.037578218271882, 
objectives:
-106.53404120053051, -61.63553513662905, 7725.5224758204595, 

parameters:
-3.0679212549606136, -69.18679524455408, 19.946071451285103, 
objectives:
-79.72072586920008, -23.556897946787412, 4777.278705587205, 

parameters:
-0.2514228887677721, -90.53236641120256, 0, 
objectives:
-90.46915294220622, -85.46346138713514, 8197.172581481234, 

parameters:
1.2334266005979537, -21.92907229278586, 2.608227320531189, 
objectives:
-23.015958434254426, -18.73321019558386, 480.79732548076, 

parameters:
-1.2272308036903254, -82.27075439874486, 4.964153286014765, 
objectives:
-85.72881223923322, -66.89158245244239, 6766.018971498108, 

parameters:
-0.4200429152636538, -77.39342737677057, 0.7405987455361049, 
objectives:
-77.9575900716435, -70.79622091951667, 5990.178438428588, 

parameters:
2.6552782078737582, -2.6249371771794934, 18.6481905508742, 
objectives:
-14.222625366844417, 16.45264290340895, -3.7073930055258764, 

parameters:
-0.2581123503217176, -48.21034603543484, 1.7945859247111122, 
objectives:
-49.93830997475735, -41.316688724048255, 2323.5095009170454, 

parameters:
1.0635409687108308, -94.63722557325384, 18.094789668664774, 
objectives:
-111.60089584979224, -75.66548038730602, 8940.240793926392, 

parameters:
1.670143342547132, -97.56442534529667, 6.272410252012621, 
objectives:
-101.04745681265479, -91.18320967881807, 9516.334061490608, 

parameters:
4.128398086329085, -58.425483132062254, 9.145439748958372, 
objectives:
-50.527252121814975, -44.74996496921457, 3422.4353102251384, 

parameters:
-0.6999976431499764, -94.92528796115933, 18.431443373470454, 
objectives:
-112.86673463421427, -69.20385731467344, 8993.868847835964, 

parameters:
-0.7662523832692765, -61.27524329709171, 0.2822835790378585, 
objectives:
-60.97038416126372, -53.3408074701109, 3755.960300253611, 

parameters:
0.09260774811104966, -45.55458809986331, 8.060702229046052, 
objectives:
-53.60671413389916, -33.85574066825126, 2068.168370914172, 

parameters:
1.2087962062806124, -42.73280088387753, 7.2480495638438915, 
objectives:
-48.51966217940302, -34.85874787683769, 1821.3054100855989, 

parameters:
1.2514407571059278, -39.69530056892717, 17.334159741800004, 
objectives:
-55.463356342181314, -21.800799887005024, 1560.9488314842158, 

parameters:
2.68098308488035, -71.48628468757101, 2.922660736565253, 
objectives:
-67.2212751227217, -68.09988598911261, 5115.5539079973, 

parameters:
-1.1295099743811061, -83.69970921484915, 7.379088407772478, 
objectives:
-89.80300484039523, -66.52678812732583, 7000.538027024758, 

parameters:
3.610472788835258, -73.14924853763891, 18.005083533773494, 
objectives:
-78.11881831249255, -52.55054240028661, 5346.842991846414, 

parameters:
-0.263757061710595, -88.3598662055831, 11.350020209398362, 
objectives:
-99.64031862737926, -71.88524996174016, 7797.185503446751, 

parameters:
-0.44737788925286837, -59.44621344536754, 0, 
objectives:
-59.24606646957519, -53.45655491256372, 3535.052439967989, 

parameters:
3.1120805505254543, -99.63115029060644, 0.6759720862307916, 
objectives:
-90.62207702387842, -97.71845505351865, 9936.375181496136, 

parameters:
2.4886460857861508, -37.041720775067404, 20, 
objectives:
-50.84836143476868, -16.80294577791328, 1359.2824373183587, 

parameters:
1.7236880069668428, -100, 4.604264593244964, 
objectives:
-101.63316424788364, -95.31938708926108, 9999.366835752116, 

parameters:
1.2343801126538014, -97.93091826671595, 0.3904279981501553, 
objectives:
-96.7976520023509, -96.95431645666578, 9592.598018826566, 

parameters:
-1.9091303052951991, -17.946574605565907, 1.776153634669611, 
objectives:
-16.077949717638976, -0.8891212271189586, 324.94816496107006, 

parameters:
-1.5305379766607212, -17.91468845790301, 4.722965411098791, 
objectives:
-20.29510737100111, -0.727024642160643, 319.55564363062524, 

