Generation 1804 at Fri May 24 19:48:17 2019
parameters:
0.05101637681523949, -100, 19.95971668145522, 
objectives:
-119.95711401075187, -76.24174615510238, 9981.042885989249, 

parameters:
0.7291712353376276, -0.14791927798360405, 2.1134534645620118, 
objectives:
-1.729682052101814, 3.580539935671699, -0.5598826613190191, 

parameters:
-0.09310337269809921, -0.38187417318528993, 20, 
objectives:
-20.37320593517753, 23.999207555614866, -18.84550387784629, 

parameters:
1.9973066371654076, -100, 0, 
objectives:
-96.01076619713501, -99.99999274579665, 10004.989233802866, 

parameters:
3.6459663304075094, -32.01198807167855, 11.813526655842232, 
objectives:
-30.532444245055583, -17.48925625500116, 1027.246924127913, 

parameters:
1.670143342547132, -97.56442534529667, 6.272410252012621, 
objectives:
-101.04745681265479, -91.18320967881807, 9516.334061490608, 

parameters:
1.350749337440167, -23.58180014506847, 16.778201214641783, 
objectives:
-38.5354775871152, -6.382072507592305, 542.1476206399046, 

parameters:
-0.6999976431499764, -94.92528796115933, 18.431443373470454, 
objectives:
-112.86673463421427, -69.20385731467344, 8993.868847835964, 

parameters:
-3.0679212549606136, -69.18679524455408, 19.946071451285103, 
objectives:
-79.72072586920008, -23.556897946787412, 4777.278705587205, 

parameters:
-0.7662523832692765, -61.27524329709171, 0.2822835790378585, 
objectives:
-60.97038416126372, -53.3408074701109, 3755.960300253611, 

parameters:
0.7682908541523932, -55.31822238216172, 6.928627011686869, 
objectives:
-61.65657855727438, -46.87248795051021, 3054.7673713471854, 

parameters:
0.5858060606918644, -79.17975457293187, 2.3374354309938163, 
objectives:
-81.17402126318237, -74.84237464396219, 6268.439267539476, 

parameters:
1.2514407571059278, -39.69530056892717, 17.334159741800004, 
objectives:
-55.463356342181314, -21.800799887005024, 1560.9488314842158, 

parameters:
-1.2272308036903254, -82.27075439874486, 4.964153286014765, 
objectives:
-85.72881223923322, -66.89158245244239, 6766.018971498108, 

parameters:
-0.2581123503217176, -48.21034603543484, 1.7945859247111122, 
objectives:
-49.93830997475735, -41.316688724048255, 2323.5095009170454, 

parameters:
2.6552782078737582, -2.6249371771794934, 18.6481905508742, 
objectives:
-14.222625366844417, 16.45264290340895, -3.7073930055258764, 

parameters:
-0.7058374068394262, -87.99466942715244, 19.037578218271882, 
objectives:
-106.53404120053051, -61.63553513662905, 7725.5224758204595, 

parameters:
-0.18577481843791066, -65.20872841381129, 2.5624248841216097, 
objectives:
-67.73664101476726, -57.868691972772396, 4250.650348745244, 

parameters:
-3.5730539118208795, -74.87569089496361, 11.741137541308388, 
objectives:
-73.85011417949352, -32.07562344959321, 5608.394663713607, 

parameters:
-0.7388565365300557, -19.340443306037702, 16.977684812605457, 
objectives:
-35.77221913706997, 5.138576634261167, 358.6209714430263, 

parameters:
3.3874021713911935, -85.00654010129618, 1.435483367100316, 
objectives:
-74.96752999765073, -81.64617194901487, 7237.150870096922, 

parameters:
1.5937909456447215, -45.42378083601129, 2.5682142341834284, 
objectives:
-45.45182549177562, -42.69056080598765, 2064.291820782222, 

parameters:
-0.0961896267540503, -90.75141295511315, 5.541445051073777, 
objectives:
-96.28360556189185, -80.81595695272809, 8231.2867607427, 

parameters:
-1.5131594366057968, -73.60577410841407, 0, 
objectives:
-71.3161226278249, -61.26348488140171, 5421.099633579468, 

parameters:
1.2087962062806124, -42.73280088387753, 7.2480495638438915, 
objectives:
-48.51966217940302, -34.85874787683769, 1821.3054100855989, 

parameters:
-0.2514228887677721, -90.53236641120256, 0, 
objectives:
-90.46915294220622, -85.46346138713514, 8197.172581481234, 

parameters:
-0.061513279737271595, -10.278177328540657, 2.5035245463265836, 
objectives:
-12.777917991283203, -3.524815779680951, 104.14118853418461, 

parameters:
2.9188155863865, -94.95985531731434, 6.125283300270859, 
objectives:
-92.56565419025243, -87.9903499352567, 9020.768323012333, 

parameters:
1.2956618991955553, -63.98173176614159, 0, 
objectives:
-62.30299200911456, -63.48563960589678, 4096.34073955152, 

parameters:
1.4110192402232251, -1.999061846568198, 2.0207089237653717, 
objectives:
-2.0287954740534424, 0.36854541258440077, 4.966514638919409, 

parameters:
0.25987634978007007, -13.215009434860136, 10.566264295747168, 
objectives:
-23.71373801343229, 0.3792851789417657, 165.13774578487025, 

parameters:
0.7317581112478955, -14.285635304723407, 9.878468345041616, 
objectives:
-23.628633716387938, -2.7987294712962854, 195.7363776478953, 

