Generation 1808 at Fri May 24 19:48:17 2019
parameters:
4.577022004796943, -21.64564459170618, 0, 
objectives:
-0.6965141593107553, -15.004602178498526, 490.4830602228544, 

parameters:
0.05101637681523949, -100, 19.95971668145522, 
objectives:
-119.95711401075187, -76.24174615510238, 9981.042885989249, 

parameters:
-2.8079830873039544, -10.791093455851861, 19.844025814965008, 
objectives:
-22.750350252231822, 32.169633726914014, 105.4884411765489, 

parameters:
-0.09310337269809921, -0.38187417318528993, 20, 
objectives:
-20.37320593517753, 23.999207555614866, -18.84550387784629, 

parameters:
1.9973066371654076, -100, 0, 
objectives:
-96.01076619713501, -99.99999274579665, 10004.989233802866, 

parameters:
1.2514407571059278, -39.69530056892717, 17.334159741800004, 
objectives:
-55.463356342181314, -21.800799887005024, 1560.9488314842158, 

parameters:
-0.6999976431499764, -94.92528796115933, 18.431443373470454, 
objectives:
-112.86673463421427, -69.20385731467344, 8993.868847835964, 

parameters:
3.6459663304075094, -32.01198807167855, 11.813526655842232, 
objectives:
-30.532444245055583, -17.48925625500116, 1027.246924127913, 

parameters:
-0.7058374068394262, -87.99466942715244, 19.037578218271882, 
objectives:
-106.53404120053051, -61.63553513662905, 7725.5224758204595, 

parameters:
1.670143342547132, -97.56442534529667, 6.272410252012621, 
objectives:
-101.04745681265479, -91.18320967881807, 9516.334061490608, 

parameters:
-0.18577481843791066, -65.20872841381129, 2.5624248841216097, 
objectives:
-67.73664101476726, -57.868691972772396, 4250.650348745244, 

parameters:
3.3874021713911935, -85.00654010129618, 1.435483367100316, 
objectives:
-74.96752999765073, -81.64617194901487, 7237.150870096922, 

parameters:
-1.9721846051099625, -72.35657972859218, 1.7778890276550683, 
objectives:
-70.2449566396145, -54.80044016386452, 5238.586253109094, 

parameters:
-1.2272308036903254, -82.27075439874486, 4.964153286014765, 
objectives:
-85.72881223923322, -66.89158245244239, 6766.018971498108, 

parameters:
-0.061513279737271595, -10.278177328540657, 2.5035245463265836, 
objectives:
-12.777917991283203, -3.524815779680951, 104.14118853418461, 

parameters:
-2.226814979356279, -15.006450184743073, 8.538231045150138, 
objectives:
-18.585976277607706, 11.397745730117684, 222.6140210543108, 

parameters:
-0.2581123503217176, -48.21034603543484, 1.7945859247111122, 
objectives:
-49.93830997475735, -41.316688724048255, 2323.5095009170454, 

parameters:
-3.7697587242973483, -36.76906911595073, 19.77943549212199, 
objectives:
-42.33742376865675, 16.300482112776628, 1347.3960890008555, 

parameters:
1.5148620495421303, -91.17698385901183, 0, 
objectives:
-88.88217682986884, -90.94162502803736, 8316.537192655645, 

parameters:
-0.37353562171735716, -89.13820146300178, 0, 
objectives:
-88.99867260231001, -83.50453011544057, 7946.758488919384, 

parameters:
-1.6801482862983974, -44.24824541755637, 19.322850747741136, 
objectives:
-60.74819790134606, -11.3819032606702, 1942.4072700485085, 

parameters:
0.5858060606918644, -79.17975457293187, 2.3374354309938163, 
objectives:
-81.17402126318237, -74.84237464396219, 6268.439267539476, 

parameters:
0.7682908541523932, -55.31822238216172, 6.928627011686869, 
objectives:
-61.65657855727438, -46.87248795051021, 3054.7673713471854, 

parameters:
1.4110192402232251, -1.999061846568198, 2.0207089237653717, 
objectives:
-2.0287954740534424, 0.36854541258440077, 4.966514638919409, 

parameters:
3.3174753670679964, -75.49231654254014, 2.4133494387298353, 
objectives:
-66.90002317016705, -71.34322576097935, 5708.682150331452, 

parameters:
0.22325204432485535, -61.096249856902105, 19.949306853262687, 
objectives:
-80.99571523486956, -37.99010970564362, 3713.852281199043, 

parameters:
0.4611910374575281, -98.86125382512328, 18.229530372466726, 
objectives:
-116.87808702455887, -78.26379042945553, 9756.530674676018, 

parameters:
-0.2704962915941793, -38.64688145901553, 0.0, 
objectives:
-38.57371321524933, -33.49172804887261, 1494.6546147509648, 

parameters:
1.350749337440167, -23.58180014506847, 16.778201214641783, 
objectives:
-38.5354775871152, -6.382072507592305, 542.1476206399046, 

parameters:
3.1228534716686887, -51.07525142128734, 4.214233983130743, 
objectives:
-45.53727159890491, -45.600217519318164, 2615.219287570097, 

parameters:
2.840139722408289, -54.35129845952152, 0.699928183613741, 
objectives:
-46.98483300033383, -52.945535522739505, 2962.4301096951745, 

parameters:
1.4056703336779686, -37.47730427166391, 0, 
objectives:
-35.50139518468158, -37.124076519393455, 1407.5242445578604, 

parameters:
2.329882131297962, -53.31383040518359, 18.800115842642338, 
objectives:
-66.6855955020844, -34.40489234199157, 2829.9927473757775, 

parameters:
0.7291712353376276, -0.14791927798360405, 2.1134534645620118, 
objectives:
-1.729682052101814, 3.580539935671699, -0.5598826613190191, 

parameters:
0.27520561816066935, -59.656840997442295, 1.3876071784166228, 
objectives:
-60.96871004359172, -55.29431815940115, 3558.6268087479625, 

