Generation 1811 at Fri May 24 19:48:17 2019
parameters:
4.577022004796943, -21.64564459170618, 0, 
objectives:
-0.6965141593107553, -15.004602178498526, 490.4830602228544, 

parameters:
0.05101637681523949, -100, 19.95971668145522, 
objectives:
-119.95711401075187, -76.24174615510238, 9981.042885989249, 

parameters:
-2.8079830873039544, -10.791093455851861, 19.844025814965008, 
objectives:
-22.750350252231822, 32.169633726914014, 105.4884411765489, 

parameters:
-0.09310337269809921, -0.38187417318528993, 20, 
objectives:
-20.37320593517753, 23.999207555614866, -18.84550387784629, 

parameters:
1.9973066371654076, -100, 0, 
objectives:
-96.01076619713501, -99.99999274579665, 10004.989233802866, 

parameters:
-1.9620282490408507, -12.533298523837036, 9.113571066429385, 
objectives:
-17.797314740232117, 12.277940388790059, 152.81955567122054, 

parameters:
0.22325204432485535, -61.096249856902105, 19.949306853262687, 
objectives:
-80.99571523486956, -37.99010970564362, 3713.852281199043, 

parameters:
-0.18577481843791066, -65.20872841381129, 2.5624248841216097, 
objectives:
-67.73664101476726, -57.868691972772396, 4250.650348745244, 

parameters:
-1.2272308036903254, -82.27075439874486, 4.964153286014765, 
objectives:
-85.72881223923322, -66.89158245244239, 6766.018971498108, 

parameters:
-0.6999976431499764, -94.92528796115933, 18.431443373470454, 
objectives:
-112.86673463421427, -69.20385731467344, 8993.868847835964, 

parameters:
-0.8472051281635309, -71.36016235951425, 2.031619536758423, 
objectives:
-72.67402536708609, -61.22196578091512, 5091.958908968662, 

parameters:
3.3874021713911935, -85.00654010129618, 1.435483367100316, 
objectives:
-74.96752999765073, -81.64617194901487, 7237.150870096922, 

parameters:
1.6074285962318529, -73.72776981950588, 19.27087963040206, 
objectives:
-90.41482275792404, -54.30277788204732, 5420.096989619624, 

parameters:
0.04479444468811078, -29.117037343094147, 17.010697013152132, 
objectives:
-46.125727813971366, -8.283511566419541, 831.7931731682618, 

parameters:
3.0488104889932304, -43.67946922982678, 2.407039374251952, 
objectives:
-36.79126320628359, -40.17242641375261, 1915.7842382229273, 

parameters:
0.40882841362779887, -48.156794121517166, 0.6310227092546097, 
objectives:
-48.62067615898235, -44.99394439498433, 2319.6129380247253, 

parameters:
1.5148620495421303, -91.17698385901183, 0, 
objectives:
-88.88217682986884, -90.94162502803736, 8316.537192655645, 

parameters:
-1.2397004740706623, -49.961469870651555, 13.529811088623674, 
objectives:
-61.95442369386421, -25.935999620334208, 2485.1555178128106, 

parameters:
0.03696134830657061, -55.75448238772133, 3.5856610341107475, 
objectives:
-59.33877728056344, -48.315300605568225, 3105.978011429886, 

parameters:
3.3174753670679964, -75.49231654254014, 2.4133494387298353, 
objectives:
-66.90002317016705, -71.34322576097935, 5708.682150331452, 

parameters:
0.5858060606918644, -79.17975457293187, 2.3374354309938163, 
objectives:
-81.17402126318237, -74.84237464396219, 6268.439267539476, 

parameters:
-1.1359442051246051, -39.86574152203705, 0.0, 
objectives:
-38.57537228488088, -30.031595464382455, 1591.567716339025, 

parameters:
2.277034409029767, -16.346727819012948, 17.616558266873074, 
objectives:
-28.778400385980483, 1.346578511646598, 255.78383782192424, 

parameters:
1.2514407571059278, -39.69530056892717, 17.334159741800004, 
objectives:
-55.463356342181314, -21.800799887005024, 1560.9488314842158, 

parameters:
0.4611910374575281, -98.86125382512328, 18.229530372466726, 
objectives:
-116.87808702455887, -78.26379042945553, 9756.530674676018, 

parameters:
1.9090276094480203, -13.289159085377419, 17.90456376450145, 
objectives:
-27.549336436244047, 4.623680654966773, 163.34157184560257, 

parameters:
-0.7058374068394262, -87.99466942715244, 19.037578218271882, 
objectives:
-106.53404120053051, -61.63553513662905, 7725.5224758204595, 

parameters:
-0.27884215782182054, -31.279439806671146, 13.105566329679656, 
objectives:
-44.30725318737207, -12.980751896725478, 966.3755412384626, 

parameters:
4.170465753367786, -36.83817379679124, 11.354511447898211, 
objectives:
-30.799900644675915, -20.772740762350637, 1364.089321834712, 

parameters:
0.8559444530536668, -97.2869511167771, 0.8718506912571033, 
objectives:
-97.42616090132087, -95.10623733102132, 9465.611647813634, 

parameters:
2.8375558892998893, 4.547995089694181, 18.261241254230605, 
objectives:
-5.661522739635938, 23.510736211625712, 11.474741506552263, 

parameters:
3.413088683534423, -35.51408774741002, 16.978343227770605, 
objectives:
-40.84325661350988, -16.538924892106362, 1256.9212596646382, 

parameters:
4.296696433507103, -3.3953856800451705, 20, 
objectives:
-4.93378543833251, 21.879428827639074, 10.990244157968462, 

parameters:
3.5588362380474665, -96.26599871756797, 20, 
objectives:
-103.60068334832812, -73.836028300518, 9260.807824460038, 

parameters:
1.670143342547132, -97.56442534529667, 6.272410252012621, 
objectives:
-101.04745681265479, -91.18320967881807, 9516.334061490608, 

parameters:
-0.8681267414181608, -100, 7.4175961504772605, 
objectives:
-106.66395211131196, -84.35625284468478, 9994.336047888688, 

parameters:
0.7682908541523932, -55.31822238216172, 6.928627011686869, 
objectives:
-61.65657855727438, -46.87248795051021, 3054.7673713471854, 

parameters:
-0.37353562171735716, -89.13820146300178, 0, 
objectives:
-88.99867260231001, -83.50453011544057, 7946.758488919384, 

