Generation 1814 at Fri May 24 19:48:17 2019
parameters:
1.207426384917279, 5.138367385790737, 3.5714429190675827, 
objectives:
3.0248029417175633, 9.337983240183613, 25.289254947284757, 

parameters:
0.05101637681523949, -100, 19.95971668145522, 
objectives:
-119.95711401075187, -76.24174615510238, 9981.042885989249, 

parameters:
-2.8079830873039544, -10.791093455851861, 19.844025814965008, 
objectives:
-22.750350252231822, 32.169633726914014, 105.4884411765489, 

parameters:
-0.09310337269809921, -0.38187417318528993, 20, 
objectives:
-20.37320593517753, 23.999207555614866, -18.84550387784629, 

parameters:
1.9973066371654076, -100, 0, 
objectives:
-96.01076619713501, -99.99999274579665, 10004.989233802866, 

parameters:
-2.6395420561102654, -18.29934990498238, 1.7541017278693558, 
objectives:
-13.086269366876927, 4.9801023133028455, 341.07928748308404, 

parameters:
0.03696134830657061, -55.75448238772133, 3.5856610341107475, 
objectives:
-59.33877728056344, -48.315300605568225, 3105.978011429886, 

parameters:
-0.18577481843791066, -65.20872841381129, 2.5624248841216097, 
objectives:
-67.73664101476726, -57.868691972772396, 4250.650348745244, 

parameters:
0.22325204432485535, -61.096249856902105, 19.949306853262687, 
objectives:
-80.99571523486956, -37.99010970564362, 3713.852281199043, 

parameters:
4.577022004796943, -21.64564459170618, 0, 
objectives:
-0.6965141593107553, -15.004602178498526, 490.4830602228544, 

parameters:
3.3874021713911935, -85.00654010129618, 1.435483367100316, 
objectives:
-74.96752999765073, -81.64617194901487, 7237.150870096922, 

parameters:
-0.6999976431499764, -94.92528796115933, 18.431443373470454, 
objectives:
-112.86673463421427, -69.20385731467344, 8993.868847835964, 

parameters:
1.5148620495421303, -91.17698385901183, 0, 
objectives:
-88.88217682986884, -90.94162502803736, 8316.537192655645, 

parameters:
-0.8472051281635309, -71.36016235951425, 2.031619536758423, 
objectives:
-72.67402536708609, -61.22196578091512, 5091.958908968662, 

parameters:
2.8183136184506865, -21.848792808333243, 18.77673357041048, 
objectives:
-32.68263472679912, -2.402422059780907, 467.53590526300854, 

parameters:
1.6074285962318529, -73.72776981950588, 19.27087963040206, 
objectives:
-90.41482275792404, -54.30277788204732, 5420.096989619624, 

parameters:
-1.2272308036903254, -82.27075439874486, 4.964153286014765, 
objectives:
-85.72881223923322, -66.89158245244239, 6766.018971498108, 

parameters:
-1.2397004740706623, -49.961469870651555, 13.529811088623674, 
objectives:
-61.95442369386421, -25.935999620334208, 2485.1555178128106, 

parameters:
-1.1359442051246051, -39.86574152203705, 0.0, 
objectives:
-38.57537228488088, -30.031595464382455, 1591.567716339025, 

parameters:
-0.17599149809192238, -79.1111681116752, 0.05200422957078939, 
objectives:
-79.13219933384535, -74.32422488233608, 6259.555888771564, 

parameters:
-0.7058374068394262, -87.99466942715244, 19.037578218271882, 
objectives:
-106.53404120053051, -61.63553513662905, 7725.5224758204595, 

parameters:
3.9905831552477906, -35.26199828820157, 3.673817535543332, 
objectives:
-23.01106190479749, -27.625759454701985, 1256.6594596605344, 

parameters:
0.8559444530536668, -97.2869511167771, 0.8718506912571033, 
objectives:
-97.42616090132087, -95.10623733102132, 9465.611647813634, 

parameters:
0.3470591918934516, -97.9495809316003, 6.511888419409482, 
objectives:
-104.34101926833205, -88.70547919708687, 9588.728966339384, 

parameters:
0.40882841362779887, -48.156794121517166, 0.6310227092546097, 
objectives:
-48.62067615898235, -44.99394439498433, 2319.6129380247253, 

parameters:
-0.27884215782182054, -31.279439806671146, 13.105566329679656, 
objectives:
-44.30725318737207, -12.980751896725478, 966.3755412384626, 

parameters:
3.3174753670679964, -75.49231654254014, 2.4133494387298353, 
objectives:
-66.90002317016705, -71.34322576097935, 5708.682150331452, 

parameters:
0.04479444468811078, -29.117037343094147, 17.010697013152132, 
objectives:
-46.125727813971366, -8.283511566419541, 831.7931731682618, 

parameters:
0.4611910374575281, -98.86125382512328, 18.229530372466726, 
objectives:
-116.87808702455887, -78.26379042945553, 9756.530674676018, 

parameters:
1.2514407571059278, -39.69530056892717, 17.334159741800004, 
objectives:
-55.463356342181314, -21.800799887005024, 1560.9488314842158, 

parameters:
3.0488104889932304, -43.67946922982678, 2.407039374251952, 
objectives:
-36.79126320628359, -40.17242641375261, 1915.7842382229273, 

parameters:
-2.212049629674937, -38.653727468153, 0, 
objectives:
-33.760563904007974, -20.91236538530823, 1500.0038107463909, 

parameters:
-1.873893028743486, -87.61191640527487, 0.40463492947978774, 
objectives:
-84.50507625158122, -72.20023427764771, 7679.954736358566, 

parameters:
-0.5254874967244184, -46.998758373970304, 0, 
objectives:
-46.72262126475661, -40.62067127785893, 2210.1594258040577, 

parameters:
3.356512676858595, -96.52079019327043, 20, 
objectives:
-105.25461284335798, -74.68066355079236, 9308.529116883243, 

