Generation 1818 at Fri May 24 19:48:17 2019
parameters:
4.577022004796943, -21.64564459170618, 0, 
objectives:
-0.6965141593107553, -15.004602178498526, 490.4830602228544, 

parameters:
0.05101637681523949, -100, 19.95971668145522, 
objectives:
-119.95711401075187, -76.24174615510238, 9981.042885989249, 

parameters:
-2.8079830873039544, -10.791093455851861, 19.844025814965008, 
objectives:
-22.750350252231822, 32.169633726914014, 105.4884411765489, 

parameters:
-0.09310337269809921, -0.38187417318528993, 20, 
objectives:
-20.37320593517753, 23.999207555614866, -18.84550387784629, 

parameters:
1.9973066371654076, -100, 0, 
objectives:
-96.01076619713501, -99.99999274579665, 10004.989233802866, 

parameters:
1.5256960283484207, -2.5210764870087043, 15.597269256119375, 
objectives:
-15.790597372209934, 13.301157026635133, -5.91369423185308, 

parameters:
-1.1359442051246051, -39.86574152203705, 0.0, 
objectives:
-38.57537228488088, -30.031595464382455, 1591.567716339025, 

parameters:
-1.2272308036903254, -82.27075439874486, 4.964153286014765, 
objectives:
-85.72881223923322, -66.89158245244239, 6766.018971498108, 

parameters:
-0.6999976431499764, -94.92528796115933, 18.431443373470454, 
objectives:
-112.86673463421427, -69.20385731467344, 8993.868847835964, 

parameters:
-0.20842677370883944, -0.9534668969880542, 0, 
objectives:
-0.9100251769893785, 3.923681917845979, 1.9525408436507046, 

parameters:
-0.7058374068394262, -87.99466942715244, 19.037578218271882, 
objectives:
-106.53404120053051, -61.63553513662905, 7725.5224758204595, 

parameters:
-1.2397004740706623, -49.961469870651555, 13.529811088623674, 
objectives:
-61.95442369386421, -25.935999620334208, 2485.1555178128106, 

parameters:
1.3155107683402143, -77.88450367891934, 0.9786251631009819, 
objectives:
-77.13256026040126, -76.43735300756015, 6067.747856730119, 

parameters:
3.3874021713911935, -85.00654010129618, 1.435483367100316, 
objectives:
-74.96752999765073, -81.64617194901487, 7237.150870096922, 

parameters:
0.40461372228227754, -17.500672225217233, 14.418042652498311, 
objectives:
-31.755002613456423, -0.5373721975889119, 293.01919794625076, 

parameters:
-0.18577481843791066, -65.20872841381129, 2.5624248841216097, 
objectives:
-67.73664101476726, -57.868691972772396, 4250.650348745244, 

parameters:
-0.27884215782182054, -31.279439806671146, 13.105566329679656, 
objectives:
-44.30725318737207, -12.980751896725478, 966.3755412384626, 

parameters:
0.3470591918934516, -97.9495809316003, 6.511888419409482, 
objectives:
-104.34101926833205, -88.70547919708687, 9588.728966339384, 

parameters:
-0.5609856248548812, -33.5257373933551, 19.098184769398333, 
objectives:
-52.30921729145962, -7.8689052532434225, 1106.1915878701038, 

parameters:
1.5148620495421303, -91.17698385901183, 0, 
objectives:
-88.88217682986884, -90.94162502803736, 8316.537192655645, 

parameters:
0.03696134830657061, -55.75448238772133, 3.5856610341107475, 
objectives:
-59.33877728056344, -48.315300605568225, 3105.978011429886, 

parameters:
-0.3365592495269967, -46.10986709879001, 3.86396817164393, 
objectives:
-49.86056314199177, -36.78638980059592, 2123.3691478248757, 

parameters:
3.803630572213197, -22.364360515344952, 16.579423194473772, 
objectives:
-24.476178179943833, -2.531854079849076, 499.05280359572146, 

parameters:
3.3174753670679964, -75.49231654254014, 2.4133494387298353, 
objectives:
-66.90002317016705, -71.34322576097935, 5708.682150331452, 

parameters:
1.6074285962318529, -73.72776981950588, 19.27087963040206, 
objectives:
-90.41482275792404, -54.30277788204732, 5420.096989619624, 

parameters:
-0.8472051281635309, -71.36016235951425, 2.031619536758423, 
objectives:
-72.67402536708609, -61.22196578091512, 5091.958908968662, 

parameters:
-0.7221303825907288, -52.5280142263999, 3.462671617069384, 
objectives:
-55.46921355400865, -41.65534878950697, 2757.2510792412613, 

parameters:
0.8559444530536668, -97.2869511167771, 0.8718506912571033, 
objectives:
-97.42616090132087, -95.10623733102132, 9465.611647813634, 

parameters:
0.5649265572222176, -60.548914074027, 12.396689143563592, 
objectives:
-72.62646120253564, -46.092789144297335, 3655.0934484153972, 

parameters:
2.962739594289433, -96.76319524235488, 4.165131620574677, 
objectives:
-92.15050095935925, -91.67119609536763, 9368.728647793085, 

parameters:
0.40882841362779887, -48.156794121517166, 0.6310227092546097, 
objectives:
-48.62067615898235, -44.99394439498433, 2319.6129380247253, 

parameters:
1.5699306173837466, -58.44992886349813, 18.23521834929802, 
objectives:
-74.22046506939724, -40.02975084033619, 3401.6236479420927, 

parameters:
-0.3485449599484964, -64.02705411777764, 13.11200288655095, 
objectives:
-77.01757341522308, -45.3993878023272, 4087.473139703381, 

