Generation 1820 at Fri May 24 19:48:17 2019
parameters:
4.577022004796943, -21.64564459170618, 0, 
objectives:
-0.6965141593107553, -15.004602178498526, 490.4830602228544, 

parameters:
0.05101637681523949, -100, 19.95971668145522, 
objectives:
-119.95711401075187, -76.24174615510238, 9981.042885989249, 

parameters:
-2.8079830873039544, -10.791093455851861, 19.844025814965008, 
objectives:
-22.750350252231822, 32.169633726914014, 105.4884411765489, 

parameters:
-0.09310337269809921, -0.38187417318528993, 20, 
objectives:
-20.37320593517753, 23.999207555614866, -18.84550387784629, 

parameters:
1.9973066371654076, -100, 0, 
objectives:
-96.01076619713501, -99.99999274579665, 10004.989233802866, 

parameters:
1.5256960283484207, -2.5210764870087043, 15.597269256119375, 
objectives:
-15.790597372209934, 13.301157026635133, -5.91369423185308, 

parameters:
-1.1359442051246051, -39.86574152203705, 0.0, 
objectives:
-38.57537228488088, -30.031595464382455, 1591.567716339025, 

parameters:
-0.3365592495269967, -46.10986709879001, 3.86396817164393, 
objectives:
-49.86056314199177, -36.78638980059592, 2123.3691478248757, 

parameters:
-0.20842677370883944, -0.9534668969880542, 0, 
objectives:
-0.9100251769893785, 3.923681917845979, 1.9525408436507046, 

parameters:
-1.2397004740706623, -49.961469870651555, 13.529811088623674, 
objectives:
-61.95442369386421, -25.935999620334208, 2485.1555178128106, 

parameters:
-1.2272308036903254, -82.27075439874486, 4.964153286014765, 
objectives:
-85.72881223923322, -66.89158245244239, 6766.018971498108, 

parameters:
-0.6999976431499764, -94.92528796115933, 18.431443373470454, 
objectives:
-112.86673463421427, -69.20385731467344, 8993.868847835964, 

parameters:
1.3155107683402143, -77.88450367891934, 0.9786251631009819, 
objectives:
-77.13256026040126, -76.43735300756015, 6067.747856730119, 

parameters:
0.40461372228227754, -17.500672225217233, 14.418042652498311, 
objectives:
-31.755002613456423, -0.5373721975889119, 293.01919794625076, 

parameters:
-0.27884215782182054, -31.279439806671146, 13.105566329679656, 
objectives:
-44.30725318737207, -12.980751896725478, 966.3755412384626, 

parameters:
-0.5609856248548812, -33.5257373933551, 19.098184769398333, 
objectives:
-52.30921729145962, -7.8689052532434225, 1106.1915878701038, 

parameters:
-0.7058374068394262, -87.99466942715244, 19.037578218271882, 
objectives:
-106.53404120053051, -61.63553513662905, 7725.5224758204595, 

parameters:
1.6074285962318529, -73.72776981950588, 19.27087963040206, 
objectives:
-90.41482275792404, -54.30277788204732, 5420.096989619624, 

parameters:
0.3470591918934516, -97.9495809316003, 6.511888419409482, 
objectives:
-104.34101926833205, -88.70547919708687, 9588.728966339384, 

parameters:
0.5649265572222176, -60.548914074027, 12.396689143563592, 
objectives:
-72.62646120253564, -46.092789144297335, 3655.0934484153972, 

parameters:
-2.034151817692025, -28.52382293417368, 8.272553387209618, 
objectives:
-32.65860270396353, -3.976888658776195, 810.4736950103024, 

parameters:
3.3874021713911935, -85.00654010129618, 1.435483367100316, 
objectives:
-74.96752999765073, -81.64617194901487, 7237.150870096922, 

parameters:
0.03696134830657061, -55.75448238772133, 3.5856610341107475, 
objectives:
-59.33877728056344, -48.315300605568225, 3105.978011429886, 

parameters:
0.8559444530536668, -97.2869511167771, 0.8718506912571033, 
objectives:
-97.42616090132087, -95.10623733102132, 9465.611647813634, 

parameters:
-0.18577481843791066, -65.20872841381129, 2.5624248841216097, 
objectives:
-67.73664101476726, -57.868691972772396, 4250.650348745244, 

parameters:
-0.7221303825907288, -52.5280142263999, 3.462671617069384, 
objectives:
-55.46921355400865, -41.65534878950697, 2757.2510792412613, 

parameters:
1.5148620495421303, -91.17698385901183, 0, 
objectives:
-88.88217682986884, -90.94162502803736, 8316.537192655645, 

parameters:
3.3174753670679964, -75.49231654254014, 2.4133494387298353, 
objectives:
-66.90002317016705, -71.34322576097935, 5708.682150331452, 

parameters:
3.463917905189235, -69.56746402292363, 0, 
objectives:
-57.56873676903305, -67.42440838978999, 4852.630777834664, 

parameters:
3.4278963605226753, -90.65582359447976, 5.913635119010793, 
objectives:
-84.81898525500594, -82.70330045907507, 8225.315189932908, 

parameters:
1.6823445869762321, -70.98939521240796, 0.0, 
objectives:
-68.15911190307973, -70.88849025098466, 5043.324515932778, 

parameters:
1.073454708599645, -61.754769177409244, 19.17344326243346, 
objectives:
-79.77590742842796, -41.72283973795962, 3796.630377904076, 

parameters:
-0.899394558188452, -94.91024992356458, 0, 
objectives:
-94.10133935226558, -86.50376111951176, 9009.764451124789, 

parameters:
3.6402072771703278, -63.67597871313956, 13.963187008052916, 
objectives:
-64.38805670042866, -47.02251179300414, 4054.918187088913, 

parameters:
2.7893558714645312, -86.53863751911862, 0.7875647931731073, 
objectives:
-79.54569613461807, -85.12799003413, 7496.928725049906, 

parameters:
1.9738685180877062, -96.39857840754507, 4.636370863297283, 
objectives:
-97.1387923441446, -91.76152468990085, 9292.945705059015, 

parameters:
-0.91544260492488, -61.231638155619855, 2.0158493130580064, 
objectives:
-62.40945230576621, -50.71598325995068, 3749.135697070615, 

parameters:
2.722348454027509, -100, 15.95798780175912, 
objectives:
-108.54680669661315, -83.52022490920496, 9992.453193303387, 

