Generation 1825 at Fri May 24 19:48:17 2019
parameters:
-0.20842677370883944, -0.9534668969880542, 0, 
objectives:
-0.9100251769893785, 3.923681917845979, 1.9525408436507046, 

parameters:
0.05101637681523949, -100, 19.95971668145522, 
objectives:
-119.95711401075187, -76.24174615510238, 9981.042885989249, 

parameters:
-0.09310337269809921, -0.38187417318528993, 20, 
objectives:
-20.37320593517753, 23.999207555614866, -18.84550387784629, 

parameters:
1.9973066371654076, -100, 0, 
objectives:
-96.01076619713501, -99.99999274579665, 10004.989233802866, 

parameters:
-0.7058374068394262, -87.99466942715244, 19.037578218271882, 
objectives:
-106.53404120053051, -61.63553513662905, 7725.5224758204595, 

parameters:
1.5148620495421303, -91.17698385901183, 0, 
objectives:
-88.88217682986884, -90.94162502803736, 8316.537192655645, 

parameters:
-0.17226780530938623, -94.704576653264, 19.763350388623152, 
objectives:
-114.43825084514104, -70.2224788466572, 8950.22316488208, 

parameters:
0.3470591918934516, -97.9495809316003, 6.511888419409482, 
objectives:
-104.34101926833205, -88.70547919708687, 9588.728966339384, 

parameters:
3.2297067974785953, -20.30081168936745, 0.5701833455551414, 
objectives:
-10.439989037243148, -18.218449536047245, 422.98377789928236, 

parameters:
1.3853531304997446, -36.53085597583827, 4.485321077430047, 
objectives:
-39.09697375708288, -31.66774412422176, 1332.9373205461943, 

parameters:
-1.2272308036903254, -82.27075439874486, 4.964153286014765, 
objectives:
-85.72881223923322, -66.89158245244239, 6766.018971498108, 

parameters:
-2.034151817692025, -28.52382293417368, 8.272553387209618, 
objectives:
-32.65860270396353, -3.976888658776195, 810.4736950103024, 

parameters:
0.30307801401832246, -54.01806345223671, 4.567474603964734, 
objectives:
-58.49368177362015, -46.571044621763974, 2914.475560808488, 

parameters:
0.35566143877829925, -93.43274305304301, 5.762010088620442, 
objectives:
-99.06825808262961, -84.96688366050192, 8725.041959386372, 

parameters:
-0.1664849810254181, -7.872671110600657, 17.248464272952752, 
objectives:
-25.093418134646377, 14.0694503353608, 45.758203391640464, 

parameters:
-1.2397004740706623, -49.961469870651555, 13.529811088623674, 
objectives:
-61.95442369386421, -25.935999620334208, 2485.1555178128106, 

parameters:
0.5649265572222176, -60.548914074027, 12.396689143563592, 
objectives:
-72.62646120253564, -46.092789144297335, 3655.0934484153972, 

parameters:
-0.18577481843791066, -65.20872841381129, 2.5624248841216097, 
objectives:
-67.73664101476726, -57.868691972772396, 4250.650348745244, 

parameters:
1.6074285962318529, -73.72776981950588, 19.27087963040206, 
objectives:
-90.41482275792404, -54.30277788204732, 5420.096989619624, 

parameters:
-0.3365592495269967, -46.10986709879001, 3.86396817164393, 
objectives:
-49.86056314199177, -36.78638980059592, 2123.3691478248757, 

parameters:
-0.27884215782182054, -31.279439806671146, 13.105566329679656, 
objectives:
-44.30725318737207, -12.980751896725478, 966.3755412384626, 

parameters:
0.0476693792280658, -78.84545823726367, 3.91129472947336, 
objectives:
-82.75448059702103, -71.1225686549866, 6213.697262284332, 

parameters:
-0.7221303825907288, -52.5280142263999, 3.462671617069384, 
objectives:
-55.46921355400865, -41.65534878950697, 2757.2510792412613, 

parameters:
2.3002243534354396, -34.18874575946881, 11.695092783223807, 
objectives:
-40.59280646655513, -22.403518313849276, 1163.4662758985103, 

parameters:
2.2484510671136766, -78.12590455643428, 0, 
objectives:
-73.07037235522965, -78.06417662368436, 6109.712494962282, 

parameters:
-0.35888862058209114, -14.007996469343126, 0, 
objectives:
-13.87919542735981, -8.443640945031447, 197.3527661271128, 

parameters:
1.5256960283484207, -2.5210764870087043, 15.597269256119375, 
objectives:
-15.790597372209934, 13.301157026635133, -5.91369423185308, 

parameters:
2.7827950937623367, -22.165426926585603, 15.69960198307974, 
objectives:
-30.12108037579761, -5.853056784687476, 484.35049738859414, 

parameters:
-2.0654141449504673, -68.70839819802212, 15.907479545337727, 
objectives:
-80.34994215319837, -36.27332648272105, 4710.202438982793, 

parameters:
0.6536742431530946, -84.83963271071826, 8.04653532901796, 
objectives:
-92.45887802357444, -74.98050433815091, 7191.144033176719, 

parameters:
3.3874021713911935, -85.00654010129618, 1.435483367100316, 
objectives:
-74.96752999765073, -81.64617194901487, 7237.150870096922, 

parameters:
-1.3432822309690593, -73.63956393190936, 3.977764852016451, 
objectives:
-75.8129216318886, -58.484263003979464, 5421.6120183817875, 

parameters:
3.463917905189235, -69.56746402292363, 0, 
objectives:
-57.56873676903305, -67.42440838978999, 4852.630777834664, 

parameters:
3.313216186427754, -47.051604476349176, 2.04734882428385, 
objectives:
-38.12155180262616, -43.27971889976947, 2223.7835364725247, 

parameters:
-0.16282157371921957, -66.89539515845075, 3.0176923118288155, 
objectives:
-69.88657660541116, -59.199905686876654, 4473.002711958316, 

parameters:
-1.2087950854702971, -49.036636523486585, 0, 
objectives:
-47.57545096482944, -38.74027062294826, 2407.0529070951957, 

