Generation 1828 at Fri May 24 19:48:17 2019
parameters:
-0.20842677370883944, -0.9534668969880542, 0, 
objectives:
-0.9100251769893785, 3.923681917845979, 1.9525408436507046, 

parameters:
0.05101637681523949, -100, 19.95971668145522, 
objectives:
-119.95711401075187, -76.24174615510238, 9981.042885989249, 

parameters:
-0.09310337269809921, -0.38187417318528993, 20, 
objectives:
-20.37320593517753, 23.999207555614866, -18.84550387784629, 

parameters:
1.9973066371654076, -100, 0, 
objectives:
-96.01076619713501, -99.99999274579665, 10004.989233802866, 

parameters:
1.5148620495421303, -91.17698385901183, 0, 
objectives:
-88.88217682986884, -90.94162502803736, 8316.537192655645, 

parameters:
1.3853531304997446, -36.53085597583827, 4.485321077430047, 
objectives:
-39.09697375708288, -31.66774412422176, 1332.9373205461943, 

parameters:
0.35566143877829925, -93.43274305304301, 5.762010088620442, 
objectives:
-99.06825808262961, -84.96688366050192, 8725.041959386372, 

parameters:
4.8090724065805635, -12.241345640985042, 16.82298498735141, 
objectives:
-5.937153216601882, 12.472527131778687, 157.15473552644664, 

parameters:
-0.18577481843791066, -65.20872841381129, 2.5624248841216097, 
objectives:
-67.73664101476726, -57.868691972772396, 4250.650348745244, 

parameters:
-1.608885513653124, -9.656094666540408, 17.446114708594553, 
objectives:
-24.513696779092086, 20.814074692709518, 79.38256209663844, 

parameters:
-0.17226780530938623, -94.704576653264, 19.763350388623152, 
objectives:
-114.43825084514104, -70.2224788466572, 8950.22316488208, 

parameters:
0.5649265572222176, -60.548914074027, 12.396689143563592, 
objectives:
-72.62646120253564, -46.092789144297335, 3655.0934484153972, 

parameters:
0.3470591918934516, -97.9495809316003, 6.511888419409482, 
objectives:
-104.34101926833205, -88.70547919708687, 9588.728966339384, 

parameters:
-1.2272308036903254, -82.27075439874486, 4.964153286014765, 
objectives:
-85.72881223923322, -66.89158245244239, 6766.018971498108, 

parameters:
3.2297067974785953, -20.30081168936745, 0.5701833455551414, 
objectives:
-10.439989037243148, -18.218449536047245, 422.98377789928236, 

parameters:
-2.0654141449504673, -68.70839819802212, 15.907479545337727, 
objectives:
-80.34994215319837, -36.27332648272105, 4710.202438982793, 

parameters:
-0.27884215782182054, -31.279439806671146, 13.105566329679656, 
objectives:
-44.30725318737207, -12.980751896725478, 966.3755412384626, 

parameters:
0.0476693792280658, -78.84545823726367, 3.91129472947336, 
objectives:
-82.75448059702103, -71.1225686549866, 6213.697262284332, 

parameters:
-1.1580286341506643, -71.54093429177264, 6.815071698822571, 
objectives:
-77.01497567308238, -54.75271773883456, 5113.6312379584215, 

parameters:
0.3942920636739052, -42.67976979527852, 16.71273006045262, 
objectives:
-59.23703362425491, -23.388741758045292, 1806.0054859489921, 

parameters:
2.7827950937623367, -22.165426926585603, 15.69960198307974, 
objectives:
-30.12108037579761, -5.853056784687476, 484.35049738859414, 

parameters:
1.297592453834176, -58.49569649874833, 8.086231068437895, 
objectives:
-64.89818139093883, -49.91608906939974, 3416.344023981487, 

parameters:
1.6074285962318529, -73.72776981950588, 19.27087963040206, 
objectives:
-90.41482275792404, -54.30277788204732, 5420.096989619624, 

parameters:
-0.7058374068394262, -87.99466942715244, 19.037578218271882, 
objectives:
-106.53404120053051, -61.63553513662905, 7725.5224758204595, 

parameters:
-0.04865458744755635, -76.92374628817872, 9.03357661570131, 
objectives:
-85.95495563500033, -63.6931840538075, 5909.231533661267, 

parameters:
-1.2397004740706623, -49.961469870651555, 13.529811088623674, 
objectives:
-61.95442369386421, -25.935999620334208, 2485.1555178128106, 

parameters:
-0.7221303825907288, -52.5280142263999, 3.462671617069384, 
objectives:
-55.46921355400865, -41.65534878950697, 2757.2510792412613, 

parameters:
0.928401200092904, -86.57495405168186, 6.440498559836911, 
objectives:
-92.15352382318483, -78.98613150388262, 7490.644099279322, 

parameters:
-0.9267996981455944, -96.18949851187078, 12.375294844754016, 
objectives:
-107.70583567614204, -75.24804719405162, 9241.90328680092, 

parameters:
0.6536742431530946, -84.83963271071826, 8.04653532901796, 
objectives:
-92.45887802357444, -74.98050433815091, 7191.144033176719, 

parameters:
2.932553509824774, -48.83547689239872, 7.52707084923464, 
objectives:
-47.762677653647756, -40.43874999447757, 2386.9766025467598, 

parameters:
3.1622535001562735, -54.82809146184091, 4.807159943509088, 
objectives:
-49.635404206099395, -48.67009831970631, 3012.312300603734, 

parameters:
-1.0993338725394641, -31.164600035303145, 3.332066827011598, 
objectives:
-33.288131899002124, -18.226662754821074, 970.1087634967179, 

parameters:
2.1831869538236974, -23.56464470284123, 12.482971441777742, 
objectives:
-31.281310869272975, -11.04811580101228, 548.5758138047114, 

parameters:
-0.3325541760819418, -32.37270711532853, 19.751487309562922, 
objectives:
-52.01360214486192, -7.180410821408302, 1029.3512709453091, 

parameters:
1.4204875050498202, -45.14924279401365, 14.14384436461303, 
objectives:
-57.27530240662402, -30.66956369759724, 2027.3280652601834, 

parameters:
3.6164562713362476, -15.710587406654767, 4.479291659794928, 
objectives:
-7.11112310396242, -8.618364869717555, 256.42202096483175, 

parameters:
2.302486788539886, -62.78044441695111, 0.5823721974670826, 
objectives:
-58.06137120301747, -62.10657396224286, 3947.103274403822, 

parameters:
-0.3365592495269967, -46.10986709879001, 3.86396817164393, 
objectives:
-49.86056314199177, -36.78638980059592, 2123.3691478248757, 

