Generation 183 at Sat May 25 04:36:26 2019
parameters:
0, 0.0, 20.0, 
objectives:
-20.0, 24.0, -19.0, 

parameters:
0, 0.0, 20.0, 
objectives:
-20.0, 24.0, -19.0, 

parameters:
2.003485383126764, 0.0, 20.0, 
objectives:
-15.986046319597403, 20.00001214789554, -14.986046319597403, 

parameters:
0.5212107034050728, 0.0, 20.0, 
objectives:
-19.72833940265599, 22.18681778372372, -18.72833940265599, 

parameters:
1.9256138418811688, 0.0, 20.0, 
objectives:
-16.292011331955646, 20.00553330051968, -15.292011331955646, 

parameters:
1.5312727000595991, 0.0, 20.0, 
objectives:
-17.655203918052184, 20.21970528170942, -16.655203918052184, 

parameters:
1.6262064498802187, 0.0, 20.0, 
objectives:
-17.355452582367974, 20.13972161811115, -16.355452582367974, 

parameters:
1.0112887850261383, 0.0, 20.0, 
objectives:
-18.977294993280356, 20.97754986661509, -17.977294993280356, 

parameters:
0.2724655757853229, 0.0, 20.0, 
objectives:
-19.92576251001197, 22.984375186846737, -18.92576251001197, 

parameters:
0.40768455544534554, 0.0, 20.0, 
objectives:
-19.83379330325133, 22.53546847496729, -18.83379330325133, 

parameters:
0.16015571781669105, 0.0, 20.0, 
objectives:
-19.97435014605062, 23.385026982682614, -18.97435014605062, 

parameters:
1.4338870912357342, 0.0, 20.0, 
objectives:
-17.943967809587527, 20.320483825469537, -16.943967809587527, 

parameters:
0.6385250073332925, 0.0, 20.0, 
objectives:
-19.59228581501002, 21.85361415565681, -18.59228581501002, 

parameters:
1.670978104335414, 0.0, 20.0, 
objectives:
-17.207832174831626, 20.108255407826718, -16.207832174831626, 

parameters:
1.105677048545813, 0.0, 20.0, 
objectives:
-18.77747826431902, 20.799813541497727, -17.77747826431902, 

parameters:
1.269297297395188, 0.0, 20.0, 
objectives:
-18.388884370825274, 20.533926439593976, -17.388884370825274, 

parameters:
1.7277439989903853, 0.0, 20.0, 
objectives:
-17.01490067395271, 20.074123330085747, -16.01490067395271, 

parameters:
1.4820365430141333, 0.0, 20.0, 
objectives:
-17.803567685170716, 20.268286142772748, -16.803567685170716, 

parameters:
0.08158650986697231, 0.0, 20.0, 
objectives:
-19.993343641407726, 23.680310319124384, -18.993343641407726, 

parameters:
1.8095444260228466, 0.0, 20.0, 
objectives:
-16.725548970249648, 20.036273325658968, -15.725548970249648, 

parameters:
1.2014412152733087, 0.0, 20.0, 
objectives:
-18.556539006242595, 20.63769613266417, -17.556539006242595, 

parameters:
0.3501679611758787, 0.0, 20.0, 
objectives:
-19.877382398965928, 22.721945756330555, -18.877382398965928, 

parameters:
1.7628372942467163, 0.0, 20.0, 
objectives:
-16.892404674012916, 20.05624614900022, -15.892404674012916, 

parameters:
1.1303615865085883, 0.0, 20.0, 
objectives:
-18.72228268374579, 20.75627097021986, -17.72228268374579, 

parameters:
1.8684415155530796, 0.0, 20.0, 
objectives:
-16.50892630295771, 20.017307634829972, -15.508926302957711, 

parameters:
1.3452272261041682, 0.0, 20.0, 
objectives:
-18.190363710148084, 20.42872738543524, -17.190363710148084, 

parameters:
0.7147112216209679, 0.0, 20.0, 
objectives:
-19.489187869689065, 21.651967243827066, -18.489187869689065, 

parameters:
1.368688795100335, 0.0, 20.0, 
objectives:
-18.126690982166792, 20.398553837431866, -17.126690982166792, 

parameters:
0.7697219621550638, 0.0, 20.0, 
objectives:
-19.407528100976158, 21.513584050403587, -18.407528100976158, 

parameters:
0.9532631946975534, 0.0, 20.0, 
objectives:
-19.091289281635014, 21.09565793957477, -18.091289281635014, 

parameters:
0.8681005466457254, 0.0, 20.0, 
objectives:
-19.24640144091339, 21.281196372503707, -18.24640144091339, 

parameters:
1.8503300963542049, 0.0, 20.0, 
objectives:
-16.57627853452584, 20.022401080057342, -15.576278534525839, 

parameters:
1.234283254379242, 0.0, 20.0, 
objectives:
-18.476544847958987, 20.586322134524046, -17.476544847958987, 

parameters:
0.6655556261853557, 0.0, 20.0, 
objectives:
-19.557035708453018, 21.780741786805557, -18.557035708453018, 

parameters:
0.8094809770621308, 0.0, 20.0, 
objectives:
-19.34474054777454, 21.41733554397694, -18.34474054777454, 

parameters:
0.92550212018636, 0.0, 20.0, 
objectives:
-19.143445825530552, 21.154545693724007, -18.143445825530552, 

parameters:
0.8407547769968396, 0.0, 20.0, 
objectives:
-19.293131404956995, 21.343849487055646, -18.293131404956995, 

parameters:
0.9279450644745459, 0.0, 20.0, 
objectives:
-19.138917957317332, 21.149301784784484, -18.138917957317332, 

parameters:
1.3559914364731325, 0.0, 20.0, 
objectives:
-18.16128722421153, 20.41474702989594, -17.16128722421153, 

parameters:
0, 0.0, 20.0, 
objectives:
-20.0, 24.0, -19.0, 

