Generation 1833 at Fri May 24 19:48:17 2019
parameters:
-0.20842677370883944, -0.9534668969880542, 0, 
objectives:
-0.9100251769893785, 3.923681917845979, 1.9525408436507046, 

parameters:
0.05101637681523949, -100, 19.95971668145522, 
objectives:
-119.95711401075187, -76.24174615510238, 9981.042885989249, 

parameters:
-0.09310337269809921, -0.38187417318528993, 20, 
objectives:
-20.37320593517753, 23.999207555614866, -18.84550387784629, 

parameters:
1.9973066371654076, -100, 0, 
objectives:
-96.01076619713501, -99.99999274579665, 10004.989233802866, 

parameters:
-1.1580286341506643, -71.54093429177264, 6.815071698822571, 
objectives:
-77.01497567308238, -54.75271773883456, 5113.6312379584215, 

parameters:
-1.2192850238715844, -24.654050244202125, 6.808136771146923, 
objectives:
-29.975531045911517, -7.482117408131334, 603.5007126419334, 

parameters:
1.297592453834176, -58.49569649874833, 8.086231068437895, 
objectives:
-64.89818139093883, -49.91608906939974, 3416.344023981487, 

parameters:
-0.7221303825907288, -52.5280142263999, 3.462671617069384, 
objectives:
-55.46921355400865, -41.65534878950697, 2757.2510792412613, 

parameters:
-0.49037772798163337, -9.239764187247879, 16.41475591081029, 
objectives:
-25.414049781957736, 13.376972951589373, 70.1989566412386, 

parameters:
0.870307460970968, -67.10785712369761, 6.218784550963851, 
objectives:
-72.56920659803973, -59.612867339995894, 4499.00313826027, 

parameters:
0.3470591918934516, -97.9495809316003, 6.511888419409482, 
objectives:
-104.34101926833205, -88.70547919708687, 9588.728966339384, 

parameters:
0.928401200092904, -86.57495405168186, 6.440498559836911, 
objectives:
-92.15352382318483, -78.98613150388262, 7490.644099279322, 

parameters:
4.3023019651250785, -90.70527750310774, 1.0260216819396888, 
objectives:
-73.22149698592833, -84.37866148254926, 8245.931147432964, 

parameters:
0.0476693792280658, -78.84545823726367, 3.91129472947336, 
objectives:
-82.75448059702103, -71.1225686549866, 6213.697262284332, 

parameters:
-1.2272308036903254, -82.27075439874486, 4.964153286014765, 
objectives:
-85.72881223923322, -66.89158245244239, 6766.018971498108, 

parameters:
0.3942920636739052, -42.67976979527852, 16.71273006045262, 
objectives:
-59.23703362425491, -23.388741758045292, 1806.0054859489921, 

parameters:
0.5649265572222176, -60.548914074027, 12.396689143563592, 
objectives:
-72.62646120253564, -46.092789144297335, 3655.0934484153972, 

parameters:
-0.17226780530938623, -94.704576653264, 19.763350388623152, 
objectives:
-114.43825084514104, -70.2224788466572, 8950.22316488208, 

parameters:
0.35566143877829925, -93.43274305304301, 5.762010088620442, 
objectives:
-99.06825808262961, -84.96688366050192, 8725.041959386372, 

parameters:
-0.04865458744755635, -76.92374628817872, 9.03357661570131, 
objectives:
-85.95495563500033, -63.6931840538075, 5909.231533661267, 

parameters:
3.1569187187011956, -48.97319242354244, 12.195505908292859, 
objectives:
-51.2025625353493, -35.439225593568366, 2397.144206041508, 

parameters:
3.1301249988739324, -74.61711383735069, 5.9533132411036265, 
objectives:
-70.77274456987878, -67.38661808316725, 5572.558046683623, 

parameters:
-0.9267996981455944, -96.18949851187078, 12.375294844754016, 
objectives:
-107.70583567614204, -75.24804719405162, 9241.90328680092, 

parameters:
1.2224139845781812, -33.96514447103654, 3.8718869358612547, 
objectives:
-36.342735457205485, -29.488617523795703, 1152.2534479522149, 

parameters:
1.9350207557788528, -95.61513944475237, 0, 
objectives:
-91.87083411945741, -95.61091714257282, 9146.999196364737, 

parameters:
-2.410209735440578, -48.234066732646724, 3.9561945848929296, 
objectives:
-46.38115034872711, -24.827922237178942, 2329.378109953337, 

parameters:
1.311753193132271, -1.1955184045034182, 6.738040883083849, 
objectives:
-6.2128628478945584, 6.016206145744056, -2.588080187884742, 

parameters:
-0.27884215782182054, -31.279439806671146, 13.105566329679656, 
objectives:
-44.30725318737207, -12.980751896725478, 966.3755412384626, 

parameters:
1.7036288801471782, -6.612608198495163, 8.445934747946254, 
objectives:
-12.15619158516989, 1.9211623901339063, 39.18300380013072, 

parameters:
1.3853531304997446, -36.53085597583827, 4.485321077430047, 
objectives:
-39.09697375708288, -31.66774412422176, 1332.9373205461943, 

parameters:
0.8030023169356073, -39.51746686974633, 3.1759065459610976, 
objectives:
-42.048560694703475, -34.9087568705237, 1560.0990939765416, 

parameters:
1.9997069218429886, -17.532587451523675, 2.6003372837139804, 
objectives:
-16.134096961970894, -14.932250081914887, 309.7901132348782, 

parameters:
2.600958726416585, -99.76237378269192, 0.09748568797200316, 
objectives:
-93.09487317414134, -99.30373670386368, 9960.19872336609, 

parameters:
3.2297067974785953, -20.30081168936745, 0.5701833455551414, 
objectives:
-10.439989037243148, -18.218449536047245, 422.98377789928236, 

parameters:
1.9355770705144313, -21.81178097131192, 0, 
objectives:
-18.06532237541069, -21.807630657468415, 480.5002477363859, 

parameters:
1.8415369845029883, -20.132297980313425, 3.1219439454897686, 
objectives:
-19.862983460510833, -16.98524350754325, 406.5787364879346, 

