Generation 1835 at Fri May 24 19:48:17 2019
parameters:
4.54919452234579, -14.868922201274252, 3.840627900233298, 
objectives:
1.985620700633386, -4.529901588283175, 238.939390329454, 

parameters:
0.05101637681523949, -100, 19.95971668145522, 
objectives:
-119.95711401075187, -76.24174615510238, 9981.042885989249, 

parameters:
-0.09310337269809921, -0.38187417318528993, 20, 
objectives:
-20.37320593517753, 23.999207555614866, -18.84550387784629, 

parameters:
1.9973066371654076, -100, 0, 
objectives:
-96.01076619713501, -99.99999274579665, 10004.989233802866, 

parameters:
3.1569187187011956, -48.97319242354244, 12.195505908292859, 
objectives:
-51.2025625353493, -35.439225593568366, 2397.144206041508, 

parameters:
0.3470591918934516, -97.9495809316003, 6.511888419409482, 
objectives:
-104.34101926833205, -88.70547919708687, 9588.728966339384, 

parameters:
0.3942920636739052, -42.67976979527852, 16.71273006045262, 
objectives:
-59.23703362425491, -23.388741758045292, 1806.0054859489921, 

parameters:
3.6003732363873246, -36.7391158894063, 16.543167520782884, 
objectives:
-40.319595968895044, -17.634753872878573, 1347.1821562557377, 

parameters:
-0.17226780530938623, -94.704576653264, 19.763350388623152, 
objectives:
-114.43825084514104, -70.2224788466572, 8950.22316488208, 

parameters:
-1.1580286341506643, -71.54093429177264, 6.815071698822571, 
objectives:
-77.01497567308238, -54.75271773883456, 5113.6312379584215, 

parameters:
0.0476693792280658, -78.84545823726367, 3.91129472947336, 
objectives:
-82.75448059702103, -71.1225686549866, 6213.697262284332, 

parameters:
-0.7221303825907288, -52.5280142263999, 3.462671617069384, 
objectives:
-55.46921355400865, -41.65534878950697, 2757.2510792412613, 

parameters:
1.297592453834176, -58.49569649874833, 8.086231068437895, 
objectives:
-64.89818139093883, -49.91608906939974, 3416.344023981487, 

parameters:
-0.04865458744755635, -76.92374628817872, 9.03357661570131, 
objectives:
-85.95495563500033, -63.6931840538075, 5909.231533661267, 

parameters:
0.928401200092904, -86.57495405168186, 6.440498559836911, 
objectives:
-92.15352382318483, -78.98613150388262, 7490.644099279322, 

parameters:
1.2224139845781812, -33.96514447103654, 3.8718869358612547, 
objectives:
-36.342735457205485, -29.488617523795703, 1152.2534479522149, 

parameters:
0.3940799343682213, -62.55935981294899, 5.453254338789608, 
objectives:
-67.85731515706694, -54.52712621696061, 3909.3755448618995, 

parameters:
3.1301249988739324, -74.61711383735069, 5.9533132411036265, 
objectives:
-70.77274456987878, -67.38661808316725, 5572.558046683623, 

parameters:
1.4836962214818428, -46.91627973361259, 20, 
objectives:
-64.7149252559731, -26.649710141900464, 2184.338658520227, 

parameters:
-0.5510769981169821, -82.97496003122258, 2.649940983700997, 
objectives:
-85.32121515706996, -73.81702519720002, 6883.497737057138, 

parameters:
-0.49037772798163337, -9.239764187247879, 16.41475591081029, 
objectives:
-25.414049781957736, 13.376972951589373, 70.1989566412386, 

parameters:
2.8183586190032077, -17.254548123215304, 7.84076743645165, 
objectives:
-17.152170254357287, -8.744069857466819, 298.8218088052108, 

parameters:
4.3023019651250785, -90.70527750310774, 1.0260216819396888, 
objectives:
-73.22149698592833, -84.37866148254926, 8245.931147432964, 

parameters:
3.773563765840326, -52.904444654907664, 5.114229789220666, 
objectives:
-43.77889094926531, -44.64468643418528, 2809.0058179498305, 

parameters:
-0.27884215782182054, -31.279439806671146, 13.105566329679656, 
objectives:
-44.30725318737207, -12.980751896725478, 966.3755412384626, 

parameters:
1.9350207557788528, -95.61513944475237, 0, 
objectives:
-91.87083411945741, -95.61091714257282, 9146.999196364737, 

parameters:
0.8146719778344684, -68.18894188000151, 7.304223753672577, 
objectives:
-74.82947520220536, -59.479715606198084, 4644.09126139202, 

parameters:
0.35566143877829925, -93.43274305304301, 5.762010088620442, 
objectives:
-99.06825808262961, -84.96688366050192, 8725.041959386372, 

parameters:
-1.024826899657453, 0.775633809083037, 6.5160988528256025, 
objectives:
-4.690194869481058, 16.44131043479996, -3.8642208727714342, 

parameters:
0.7905382430106567, -84.51302110491923, 7.583604238391471, 
objectives:
-91.47167462964833, -75.46661912490801, 7136.492082755794, 

parameters:
-1.2192850238715844, -24.654050244202125, 6.808136771146923, 
objectives:
-29.975531045911517, -7.482117408131334, 603.5007126419334, 

parameters:
-0.10195901477922287, -89.59765017186224, 7.010040551417159, 
objectives:
-96.59729508258465, -78.16937792063344, 8021.739271408684, 

parameters:
0.870307460970968, -67.10785712369761, 6.218784550963851, 
objectives:
-72.56920659803973, -59.612867339995894, 4499.00313826027, 

parameters:
1.910437124259885, -9.395949561816767, 16.258875815798703, 
objectives:
-22.00505537186509, 6.870947762692776, 76.67476235815639, 

parameters:
1.5784746451547291, -17.059338055584313, 18.117001666324587, 
objectives:
-32.68475751651255, 1.235347235517704, 276.3955954337789, 

parameters:
-0.7575426756727581, -25.566520332181454, 20, 
objectives:
-44.992649426716014, 2.0375212759750205, 635.2208328013131, 

parameters:
1.7036288801471782, -6.612608198495163, 8.445934747946254, 
objectives:
-12.15619158516989, 1.9211623901339063, 39.18300380013072, 

parameters:
0.5649265572222176, -60.548914074027, 12.396689143563592, 
objectives:
-72.62646120253564, -46.092789144297335, 3655.0934484153972, 

parameters:
2.935488541432432, -100, 9.104629657515499, 
objectives:
-100.48753668063439, -90.02023153133312, 10000.512463319366, 

parameters:
-0.20842677370883944, -0.9534668969880542, 0, 
objectives:
-0.9100251769893785, 3.923681917845979, 1.9525408436507046, 

parameters:
1.311753193132271, -1.1955184045034182, 6.738040883083849, 
objectives:
-6.2128628478945584, 6.016206145744056, -2.588080187884742, 

parameters:
0.5625070594608945, -100, 0.07354291711790123, 
objectives:
-99.75712872517457, -97.86007112878234, 10001.242871274826, 

