Generation 1836 at Fri May 24 19:48:17 2019
parameters:
4.54919452234579, -14.868922201274252, 3.840627900233298, 
objectives:
1.985620700633386, -4.529901588283175, 238.939390329454, 

parameters:
0.05101637681523949, -100, 19.95971668145522, 
objectives:
-119.95711401075187, -76.24174615510238, 9981.042885989249, 

parameters:
-0.09310337269809921, -0.38187417318528993, 20, 
objectives:
-20.37320593517753, 23.999207555614866, -18.84550387784629, 

parameters:
1.9973066371654076, -100, 0, 
objectives:
-96.01076619713501, -99.99999274579665, 10004.989233802866, 

parameters:
0.3470591918934516, -97.9495809316003, 6.511888419409482, 
objectives:
-104.34101926833205, -88.70547919708687, 9588.728966339384, 

parameters:
0.8146719778344684, -68.18894188000151, 7.304223753672577, 
objectives:
-74.82947520220536, -59.479715606198084, 4644.09126139202, 

parameters:
1.297592453834176, -58.49569649874833, 8.086231068437895, 
objectives:
-64.89818139093883, -49.91608906939974, 3416.344023981487, 

parameters:
1.2224139845781812, -33.96514447103654, 3.8718869358612547, 
objectives:
-36.342735457205485, -29.488617523795703, 1152.2534479522149, 

parameters:
0.3940799343682213, -62.55935981294899, 5.453254338789608, 
objectives:
-67.85731515706694, -54.52712621696061, 3909.3755448618995, 

parameters:
-1.8235780320262027, -17.64309722091315, 9.092834996680365, 
objectives:
-23.410495378704955, 6.069486742760585, 306.5114813888014, 

parameters:
4.3023019651250785, -90.70527750310774, 1.0260216819396888, 
objectives:
-73.22149698592833, -84.37866148254926, 8245.931147432964, 

parameters:
-0.17226780530938623, -94.704576653264, 19.763350388623152, 
objectives:
-114.43825084514104, -70.2224788466572, 8950.22316488208, 

parameters:
-1.1580286341506643, -71.54093429177264, 6.815071698822571, 
objectives:
-77.01497567308238, -54.75271773883456, 5113.6312379584215, 

parameters:
0.0476693792280658, -78.84545823726367, 3.91129472947336, 
objectives:
-82.75448059702103, -71.1225686549866, 6213.697262284332, 

parameters:
1.2794547458150811, -23.16649869176372, 6.78422158773481, 
objectives:
-28.313715832909796, -15.863091640700503, 532.5394444943441, 

parameters:
0.928401200092904, -86.57495405168186, 6.440498559836911, 
objectives:
-92.15352382318483, -78.98613150388262, 7490.644099279322, 

parameters:
-0.7221303825907288, -52.5280142263999, 3.462671617069384, 
objectives:
-55.46921355400865, -41.65534878950697, 2757.2510792412613, 

parameters:
2.8183586190032077, -17.254548123215304, 7.84076743645165, 
objectives:
-17.152170254357287, -8.744069857466819, 298.8218088052108, 

parameters:
-0.27884215782182054, -31.279439806671146, 13.105566329679656, 
objectives:
-44.30725318737207, -12.980751896725478, 966.3755412384626, 

parameters:
0.3942920636739052, -42.67976979527852, 16.71273006045262, 
objectives:
-59.23703362425491, -23.388741758045292, 1806.0054859489921, 

parameters:
-0.04865458744755635, -76.92374628817872, 9.03357661570131, 
objectives:
-85.95495563500033, -63.6931840538075, 5909.231533661267, 

parameters:
3.1301249988739324, -74.61711383735069, 5.9533132411036265, 
objectives:
-70.77274456987878, -67.38661808316725, 5572.558046683623, 

parameters:
0.35566143877829925, -93.43274305304301, 5.762010088620442, 
objectives:
-99.06825808262961, -84.96688366050192, 8725.041959386372, 

parameters:
1.147797477710208, 7.4468741283594575, 15.02339301111724, 
objectives:
-6.259079832919866, 23.19651627847378, 42.74998032235011, 

parameters:
0.6425027500249905, -45.14874855514129, 7.2685559981915695, 
objectives:
-52.004494769543186, -36.03739377326001, 2032.5537498809708, 

parameters:
3.773563765840326, -52.904444654907664, 5.114229789220666, 
objectives:
-43.77889094926531, -44.64468643418528, 2809.0058179498305, 

parameters:
1.4836962214818428, -46.91627973361259, 20, 
objectives:
-64.7149252559731, -26.649710141900464, 2184.338658520227, 

parameters:
3.6003732363873246, -36.7391158894063, 16.543167520782884, 
objectives:
-40.319595968895044, -17.634753872878573, 1347.1821562557377, 

parameters:
-0.5510769981169821, -82.97496003122258, 2.649940983700997, 
objectives:
-85.32121515706996, -73.81702519720002, 6883.497737057138, 

parameters:
-1.024826899657453, 0.775633809083037, 6.5160988528256025, 
objectives:
-4.690194869481058, 16.44131043479996, -3.8642208727714342, 

parameters:
-0.49037772798163337, -9.239764187247879, 16.41475591081029, 
objectives:
-25.414049781957736, 13.376972951589373, 70.1989566412386, 

parameters:
1.1950582042611946, -39.00147678807156, 14.18216371273601, 
objectives:
-51.75547638923558, -24.171381780808336, 1509.3611920493204, 

parameters:
0.7905382430106567, -84.51302110491923, 7.583604238391471, 
objectives:
-91.47167462964833, -75.46661912490801, 7136.492082755794, 

parameters:
1.9350207557788528, -95.61513944475237, 0, 
objectives:
-91.87083411945741, -95.61091714257282, 9146.999196364737, 

parameters:
3.2269195252861502, -99.9529599068536, 4.194453582654011, 
objectives:
-93.73440386683461, -94.2531748026712, 9997.812750181101, 

