Generation 1842 at Fri May 24 19:48:17 2019
parameters:
3.52491378414936, -0.37133142871060265, 6.842510624955822, 
objectives:
5.2111751320197355, 8.79654124533394, 6.720393590678596, 

parameters:
0.05101637681523949, -100, 19.95971668145522, 
objectives:
-119.95711401075187, -76.24174615510238, 9981.042885989249, 

parameters:
-0.09310337269809921, -0.38187417318528993, 20, 
objectives:
-20.37320593517753, 23.999207555614866, -18.84550387784629, 

parameters:
1.9973066371654076, -100, 0, 
objectives:
-96.01076619713501, -99.99999274579665, 10004.989233802866, 

parameters:
0.928401200092904, -86.57495405168186, 6.440498559836911, 
objectives:
-92.15352382318483, -78.98613150388262, 7490.644099279322, 

parameters:
0.35566143877829925, -93.43274305304301, 5.762010088620442, 
objectives:
-99.06825808262961, -84.96688366050192, 8725.041959386372, 

parameters:
0.8146719778344684, -68.18894188000151, 7.304223753672577, 
objectives:
-74.82947520220536, -59.479715606198084, 4644.09126139202, 

parameters:
-0.04865458744755635, -76.92374628817872, 9.03357661570131, 
objectives:
-85.95495563500033, -63.6931840538075, 5909.231533661267, 

parameters:
0.3470591918934516, -97.9495809316003, 6.511888419409482, 
objectives:
-104.34101926833205, -88.70547919708687, 9588.728966339384, 

parameters:
0.0476693792280658, -78.84545823726367, 3.91129472947336, 
objectives:
-82.75448059702103, -71.1225686549866, 6213.697262284332, 

parameters:
-0.17226780530938623, -94.704576653264, 19.763350388623152, 
objectives:
-114.43825084514104, -70.2224788466572, 8950.22316488208, 

parameters:
2.863866311412359, -71.75520463137472, 3.4734944405558763, 
objectives:
-67.02696882228797, -67.53544518682564, 5154.537627499548, 

parameters:
1.2224139845781812, -33.96514447103654, 3.8718869358612547, 
objectives:
-36.342735457205485, -29.488617523795703, 1152.2534479522149, 

parameters:
2.71825554776494, -49.494889714150034, 6.828975503567654, 
objectives:
-48.93495199476281, -42.15002317868726, 2451.304045535262, 

parameters:
-0.5510769981169821, -82.97496003122258, 2.649940983700997, 
objectives:
-85.32121515706996, -73.81702519720002, 6883.497737057138, 

parameters:
1.297592453834176, -58.49569649874833, 8.086231068437895, 
objectives:
-64.89818139093883, -49.91608906939974, 3416.344023981487, 

parameters:
-0.9622365097845289, -89.82031982399756, 20, 
objectives:
-108.89442072323526, -61.045474684097144, 8049.615752385973, 

parameters:
0.3940799343682213, -62.55935981294899, 5.453254338789608, 
objectives:
-67.85731515706694, -54.52712621696061, 3909.3755448618995, 

parameters:
-2.499970626618291, -67.83850594411773, 7.093766240897556, 
objectives:
-68.68241905106103, -40.49500406279275, 4602.218975623153, 

parameters:
3.183054320581771, -16.85714965975305, 4.716772708124167, 
objectives:
-11.442087560102934, -10.740759426181686, 290.57855675096243, 

parameters:
-1.024826899657453, 0.775633809083037, 6.5160988528256025, 
objectives:
-4.690194869481058, 16.44131043479996, -3.8642208727714342, 

parameters:
3.6003732363873246, -36.7391158894063, 16.543167520782884, 
objectives:
-40.319595968895044, -17.634753872878573, 1347.1821562557377, 

parameters:
1.9160321050058517, -52.964467733291116, 4.731263373865162, 
objectives:
-54.024552079743124, -48.226153752036204, 2805.1747579243834, 

parameters:
0.6425027500249905, -45.14874855514129, 7.2685559981915695, 
objectives:
-52.004494769543186, -36.03739377326001, 2032.5537498809708, 

parameters:
3.4900981758740555, -44.74694700752785, 11.983734359941412, 
objectives:
-44.54989609022985, -30.54282007384325, 2003.4863174118038, 

parameters:
-0.6721597743371586, -12.450908114404783, 7.070254749331509, 
objectives:
-19.06936410149931, 1.759784494512341, 149.40665688625634, 

parameters:
-0.32100622845930216, -18.922751326174406, 5.280238564073021, 
objectives:
-24.09994489153776, -8.255442849554512, 353.8933241868719, 

parameters:
0.056341670182537884, -42.16904985759111, 17.74856076896222, 
objectives:
-59.91443624275438, -20.64268138556008, 1761.4833795068416, 

parameters:
1.1370604041436114, -100, 5.4817644846055185, 
objectives:
-104.18885812193429, -93.77357076929769, 9996.811141878065, 

parameters:
4.54919452234579, -14.868922201274252, 3.840627900233298, 
objectives:
1.985620700633386, -4.529901588283175, 238.939390329454, 

parameters:
1.147797477710208, 7.4468741283594575, 15.02339301111724, 
objectives:
-6.259079832919866, 23.19651627847378, 42.74998032235011, 

parameters:
1.2794547458150811, -23.16649869176372, 6.78422158773481, 
objectives:
-28.313715832909796, -15.863091640700503, 532.5394444943441, 

parameters:
4.391759403813931, -10.721621472362383, 8.709015209641223, 
objectives:
-0.1430860210155096, 3.707906783011211, 126.531702447969, 

parameters:
2.3201545708899394, -24.679352106347835, 0.573024871287454, 
objectives:
-19.86925974481381, -24.003828285798658, 614.8805127506295, 

parameters:
1.5283011336274424, -54.63149412673947, 1.1645184003903688, 
objectives:
-53.46030817208291, -53.24447590581194, 2986.7713364746255, 

parameters:
-0.5522205266295477, -89.4388847601368, 7.103111244520423, 
objectives:
-96.23704849462621, -75.82194389906718, 7993.515943402541, 

parameters:
0.3942920636739052, -42.67976979527852, 16.71273006045262, 
objectives:
-59.23703362425491, -23.388741758045292, 1806.0054859489921, 

parameters:
1.1395897455923059, -24.57555464383248, 7.683327987713392, 
objectives:
-30.960217843286735, -16.151920850229175, 598.5732228525419, 

parameters:
-0.6690581868961063, -14.829987543281398, 15.805272392039784, 
objectives:
-30.187621077868478, 8.099156453795516, 205.57089699929435, 

