Generation 1846 at Fri May 24 19:48:17 2019
parameters:
3.52491378414936, -0.37133142871060265, 6.842510624955822, 
objectives:
5.2111751320197355, 8.79654124533394, 6.720393590678596, 

parameters:
0.05101637681523949, -100, 19.95971668145522, 
objectives:
-119.95711401075187, -76.24174615510238, 9981.042885989249, 

parameters:
-0.09310337269809921, -0.38187417318528993, 20, 
objectives:
-20.37320593517753, 23.999207555614866, -18.84550387784629, 

parameters:
1.9973066371654076, -100, 0, 
objectives:
-96.01076619713501, -99.99999274579665, 10004.989233802866, 

parameters:
0.7782938060534779, -21.630968847300778, 7.696673911938822, 
objectives:
-28.721901510698395, -12.44172891103466, 461.80788060949914, 

parameters:
-0.9622365097845289, -89.82031982399756, 20, 
objectives:
-108.89442072323526, -61.045474684097144, 8049.615752385973, 

parameters:
1.297592453834176, -58.49569649874833, 8.086231068437895, 
objectives:
-64.89818139093883, -49.91608906939974, 3416.344023981487, 

parameters:
-1.687076180225576, -23.679580579518962, 10.204283702924162, 
objectives:
-31.037638244558604, 0.1192338821920238, 554.364478756892, 

parameters:
0.35566143877829925, -93.43274305304301, 5.762010088620442, 
objectives:
-99.06825808262961, -84.96688366050192, 8725.041959386372, 

parameters:
0.0476693792280658, -78.84545823726367, 3.91129472947336, 
objectives:
-82.75448059702103, -71.1225686549866, 6213.697262284332, 

parameters:
2.863866311412359, -71.75520463137472, 3.4734944405558763, 
objectives:
-67.02696882228797, -67.53544518682564, 5154.537627499548, 

parameters:
0.8146719778344684, -68.18894188000151, 7.304223753672577, 
objectives:
-74.82947520220536, -59.479715606198084, 4644.09126139202, 

parameters:
-0.04865458744755635, -76.92374628817872, 9.03357661570131, 
objectives:
-85.95495563500033, -63.6931840538075, 5909.231533661267, 

parameters:
-0.5510769981169821, -82.97496003122258, 2.649940983700997, 
objectives:
-85.32121515706996, -73.81702519720002, 6883.497737057138, 

parameters:
0.056341670182537884, -42.16904985759111, 17.74856076896222, 
objectives:
-59.91443624275438, -20.64268138556008, 1761.4833795068416, 

parameters:
2.71825554776494, -49.494889714150034, 6.828975503567654, 
objectives:
-48.93495199476281, -42.15002317868726, 2451.304045535262, 

parameters:
-1.7595943824503033, -4.707446141525439, 9.18893937310175, 
objectives:
-10.800213123876524, 18.61604315212819, 17.06728219301166, 

parameters:
3.0776410422289193, -96.50610922511044, 6.111436125428791, 
objectives:
-93.14567096572732, -89.2333628837854, 9317.789556028327, 

parameters:
-1.024826899657453, 0.775633809083037, 6.5160988528256025, 
objectives:
-4.690194869481058, 16.44131043479996, -3.8642208727714342, 

parameters:
2.244829695659954, -36.13147860001804, 9.986316110768776, 
objectives:
-41.078534348270054, -26.085220909372318, 1301.53669007531, 

parameters:
-0.17226780530938623, -94.704576653264, 19.763350388623152, 
objectives:
-114.43825084514104, -70.2224788466572, 8950.22316488208, 

parameters:
0.6425027500249905, -45.14874855514129, 7.2685559981915695, 
objectives:
-52.004494769543186, -36.03739377326001, 2032.5537498809708, 

parameters:
2.484622018396145, -100, 8.197438262215053, 
objectives:
-102.02409168791613, -91.56770323707059, 9998.975908312083, 

parameters:
2.500709480125499, -15.538882779656335, 8.676669274614621, 
objectives:
-17.962004150281413, -6.611503521554166, 240.03375666927514, 

parameters:
1.9160321050058517, -52.964467733291116, 4.731263373865162, 
objectives:
-54.024552079743124, -48.226153752036204, 2805.1747579243834, 

parameters:
4.54919452234579, -14.868922201274252, 3.840627900233298, 
objectives:
1.985620700633386, -4.529901588283175, 238.939390329454, 

parameters:
1.2224139845781812, -33.96514447103654, 3.8718869358612547, 
objectives:
-36.342735457205485, -29.488617523795703, 1152.2534479522149, 

parameters:
2.520836729950962, -88.54835015178088, 8.46858785264592, 
objectives:
-90.66232018535695, -79.80849139986894, 7839.696344568817, 

parameters:
1.9600347462788017, -86.93257350070894, 8.872517377508778, 
objectives:
-91.9633546715975, -78.05845890169516, 7553.241554285273, 

parameters:
0.7569103811844727, -41.06564295133206, 5.070437079668607, 
objectives:
-45.56316670585584, -34.44993407125652, 1682.8895072517646, 

parameters:
0.3940799343682213, -62.55935981294899, 5.453254338789608, 
objectives:
-67.85731515706694, -54.52712621696061, 3909.3755448618995, 

parameters:
0.7823844106098508, -30.792154683045133, 7.177450923036845, 
objectives:
-37.35748024011666, -22.13211603648237, 942.5914644675067, 

parameters:
-0.03642023254640914, -66.21598604566825, 4.755562227149964, 
objectives:
-70.97022183947948, -57.313416454993906, 4380.80257220632, 

parameters:
2.7662245512896604, -51.20597909491517, 3.043771450045004, 
objectives:
-46.597752276802495, -47.57510758187112, 2627.6605218870022, 

parameters:
1.5728163138665336, -64.24678267261898, 6.944463048321342, 
objectives:
-68.7174945637756, -57.11983372259907, 4124.178371891578, 

