Generation 185 at Fri May 24 19:55:16 2019
parameters:
0, 0.0, 20.0, 
objectives:
-20.0, 24.0, -19.0, 

parameters:
0, 0.0, 20.0, 
objectives:
-20.0, 24.0, -19.0, 

parameters:
1.9979647189482492, 0.0, 20.0, 
objectives:
-16.008136981838042, 20.000004142368958, -15.008136981838044, 

parameters:
1.6782179178997354, 0.0, 20.0, 
objectives:
-17.18358462004028, 20.10354370836078, -16.18358462004028, 

parameters:
0.41876526166848926, 0.0, 20.0, 
objectives:
-19.824635655619723, 22.50030329770632, -18.824635655619723, 

parameters:
1.0798619211458775, 0.0, 20.0, 
objectives:
-18.833898231259134, 20.846654084157354, -17.833898231259134, 

parameters:
1.8899236400560266, 0.0, 20.0, 
objectives:
-16.42818863475738, 20.012116805018515, -15.428188634757378, 

parameters:
0.5520835553840913, 0.0, 20.0, 
objectives:
-19.695203747874462, 22.096462030589173, -18.695203747874462, 

parameters:
1.7490504245856089, 0.0, 20.0, 
objectives:
-16.940822612256902, 20.062975689400663, -15.940822612256902, 

parameters:
1.466752996260321, 0.0, 20.0, 
objectives:
-17.84863564796137, 20.284352366997346, -16.84863564796137, 

parameters:
1.5717515718706467, 0.0, 20.0, 
objectives:
-17.52959699632215, 20.18339671619526, -16.52959699632215, 

parameters:
1.001562397325933, 0.0, 20.0, 
objectives:
-18.99687276426273, 20.99687764643354, -17.99687276426273, 

parameters:
1.1727778579257668, 0.0, 20.0, 
objectives:
-18.62459209595905, 20.684296472337884, -17.62459209595905, 

parameters:
1.2930505283539395, 0.0, 20.0, 
objectives:
-18.328020331123597, 20.499777555460643, -17.328020331123597, 

parameters:
0.33002275564147876, 0.0, 20.0, 
objectives:
-19.891084980758805, 22.78882399667528, -18.891084980758805, 

parameters:
1.9720525591380695, 0.0, 20.0, 
objectives:
-16.11100870399699, 20.00078105945073, -15.11100870399699, 

parameters:
0.23499038774718434, 0.0, 20.0, 
objectives:
-19.94477951766643, 23.115258931344833, -18.94477951766643, 

parameters:
1.2250725131689022, 0.0, 20.0, 
objectives:
-18.49919733747803, 20.600512609846362, -17.49919733747803, 

parameters:
0.6237509574107418, 0.0, 20.0, 
objectives:
-19.61093474312918, 21.89406142722785, -18.61093474312918, 

parameters:
1.3715462690626241, 0.0, 20.0, 
objectives:
-18.118860831820395, 20.394954091929108, -17.118860831820395, 

parameters:
0.15482957328391703, 0.0, 20.0, 
objectives:
-19.976027803236722, 23.40465390362761, -18.976027803236722, 

parameters:
0.891003063379388, 0.0, 20.0, 
objectives:
-19.206113541048545, 21.2298742054339, -18.206113541048545, 

parameters:
0.926373990932981, 0.0, 20.0, 
objectives:
-19.1418312289229, 21.152672807345176, -18.1418312289229, 

parameters:
0.06874798967367643, 0.0, 20.0, 
objectives:
-19.99527371391583, 23.729734327389465, -18.99527371391583, 

parameters:
0.6983645653704098, 0.0, 20.0, 
objectives:
-19.512286933835, 21.69425480468336, -18.512286933835, 

parameters:
0.7417411436365715, 0, 20.0, 
objectives:
-19.449820075836712, 21.583215349617003, -18.449820075836712, 

parameters:
1.838441707214697, 0.0, 20.0, 
objectives:
-16.62013208917351, 20.026101081967703, -15.62013208917351, 

parameters:
1.3560441504391754, 0.0, 20.0, 
objectives:
-18.161144262059697, 20.414679136183604, -17.161144262059693, 

parameters:
1.8135753500460252, 0.0, 20.0, 
objectives:
-16.710944449705437, 20.034754150110462, -15.710944449705437, 

parameters:
0.8113311104869143, 0.0, 20.0, 
objectives:
-19.34174182915607, 21.412933728896274, -18.34174182915607, 

parameters:
0.8088983660326489, 0.0, 20.0, 
objectives:
-19.34568343342971, 21.418723102439692, -18.345683433429713, 

parameters:
1.5505539175762297, 0.0, 20.0, 
objectives:
-17.595782548689005, 20.202001781006075, -16.595782548689005, 

parameters:
1.5073670194390767, 0.0, 20.0, 
objectives:
-17.727844668707355, 20.24268725353634, -16.727844668707355, 

parameters:
1.5175655436605524, 0.0, 20.0, 
objectives:
-17.69699482069425, 20.23274300466354, -16.69699482069425, 

parameters:
1.815295032253213, 0.0, 20.0, 
objectives:
-16.704703945876805, 20.034115925110342, -15.704703945876807, 

parameters:
0, 0.0, 20.0, 
objectives:
-20.0, 24.0, -19.0, 

parameters:
0, 0.0, 20.0, 
objectives:
-20.0, 24.0, -19.0, 

