Generation 1851 at Fri May 24 19:48:17 2019
parameters:
0.05101637681523949, -100, 19.95971668145522, 
objectives:
-119.95711401075187, -76.24174615510238, 9981.042885989249, 

parameters:
5.2070840740965005, -9.11011249145858, 3.976913382946241, 
objectives:
14.02669868030459, 5.15218914981107, 107.13096077879283, 

parameters:
-0.09310337269809921, -0.38187417318528993, 20, 
objectives:
-20.37320593517753, 23.999207555614866, -18.84550387784629, 

parameters:
1.9973066371654076, -100, 0, 
objectives:
-96.01076619713501, -99.99999274579665, 10004.989233802866, 

parameters:
-0.15238661416947918, -0.37397166331368675, 11.85807404981706, 
objectives:
-12.208824032952709, 16.116870523359328, -10.694997564677417, 

parameters:
4.648194493166377, -5.055962176599987, 6.721968948467157, 
objectives:
9.827780921235089, 8.678940845503895, 41.44649662904475, 

parameters:
1.297592453834176, -58.49569649874833, 8.086231068437895, 
objectives:
-64.89818139093883, -49.91608906939974, 3416.344023981487, 

parameters:
3.0776410422289193, -96.50610922511044, 6.111436125428791, 
objectives:
-93.14567096572732, -89.2333628837854, 9317.789556028327, 

parameters:
0.0476693792280658, -78.84545823726367, 3.91129472947336, 
objectives:
-82.75448059702103, -71.1225686549866, 6213.697262284332, 

parameters:
-0.9622365097845289, -89.82031982399756, 20, 
objectives:
-108.89442072323526, -61.045474684097144, 8049.615752385973, 

parameters:
0.7505930045215007, -63.67535195268592, 7.79581191574991, 
objectives:
-70.90777400999922, -54.318522196585405, 4048.3180242411095, 

parameters:
-1.0873931395030434, -73.06672420695779, 5.6513998835923145, 
objectives:
-77.53570025071183, -57.88332792551501, 5335.277210291877, 

parameters:
2.520836729950962, -88.54835015178088, 8.46858785264592, 
objectives:
-90.66232018535695, -79.80849139986894, 7839.696344568817, 

parameters:
3.380295268061678, -39.47984110214909, 13.54611484402854, 
objectives:
-41.599559846897456, -24.02851123108709, 1557.5381347061923, 

parameters:
1.2224139845781812, -33.96514447103654, 3.8718869358612547, 
objectives:
-36.342735457205485, -29.488617523795703, 1152.2534479522149, 

parameters:
0.8146719778344684, -68.18894188000151, 7.304223753672577, 
objectives:
-74.82947520220536, -59.479715606198084, 4644.09126139202, 

parameters:
0.7637660297324322, -21.475774639812713, 4.550523720218925, 
objectives:
-25.442959811858394, -15.396976490350275, 458.2417112079772, 

parameters:
-2.0909579702535828, -94.57148222761433, 13.566089848851885, 
objectives:
-103.76546684309923, -64.26945526438112, 8935.571266112489, 

parameters:
2.0124695636498724, -84.22229540329582, 18.798584827858463, 
objectives:
-98.97084648653717, -65.42355508541974, 7079.646491916783, 

parameters:
2.048238558132992, -45.81648797416277, 12.303521639853649, 
objectives:
-53.9247284229937, -33.51063937581837, 2092.042329837771, 

parameters:
-1.687076180225576, -23.679580579518962, 10.204283702924162, 
objectives:
-31.037638244558604, 0.1192338821920238, 554.364478756892, 

parameters:
-0.17226780530938623, -94.704576653264, 19.763350388623152, 
objectives:
-114.43825084514104, -70.2224788466572, 8950.22316488208, 

parameters:
2.500709480125499, -15.538882779656335, 8.676669274614621, 
objectives:
-17.962004150281413, -6.611503521554166, 240.03375666927514, 

parameters:
-2.9334685234366646, -74.28364267946172, 20, 
objectives:
-85.67840510146803, -29.94453100772138, 5507.6648073079405, 

parameters:
-0.5510769981169821, -82.97496003122258, 2.649940983700997, 
objectives:
-85.32121515706996, -73.81702519720002, 6883.497737057138, 

parameters:
2.71825554776494, -49.494889714150034, 6.828975503567654, 
objectives:
-48.93495199476281, -42.15002317868726, 2451.304045535262, 

parameters:
1.9160321050058517, -52.964467733291116, 4.731263373865162, 
objectives:
-54.024552079743124, -48.226153752036204, 2805.1747579243834, 

parameters:
1.6959033672033392, -52.22521705478565, 7.79060145629265, 
objectives:
-57.139730280186676, -44.342140836414735, 2723.558783194073, 

parameters:
0.056341670182537884, -42.16904985759111, 17.74856076896222, 
objectives:
-59.91443624275438, -20.64268138556008, 1761.4833795068416, 

parameters:
1.5986164068104878, -100, 8.26621758520167, 
objectives:
-105.710643169078, -91.57267362591661, 9995.289356830921, 

parameters:
4.482751735502451, -65.20993264116365, 4.701514504596702, 
objectives:
-49.81638402361011, -54.34436195642651, 4268.728863682653, 

parameters:
1.9600347462788017, -86.93257350070894, 8.872517377508778, 
objectives:
-91.9633546715975, -78.05845890169516, 7553.241554285273, 

parameters:
1.1945549180438633, -42.27573494956346, 2.7379949577424547, 
objectives:
-43.58676845508313, -38.88899821177367, 1786.9267320202214, 

parameters:
1.9066762893461096, -28.15542665674272, 19.81869344446398, 
objectives:
-44.338705628852054, -8.328023897308526, 777.5447712511092, 

parameters:
-0.08574712325495393, -23.905111961001793, 10.019907853005742, 
objectives:
-33.917667244861036, -9.534863045829736, 562.4418225841717, 

parameters:
0.45068937380408797, -27.325901622013404, 6.7518711694448275, 
objectives:
-33.874651879798314, -18.17366703612501, 741.1561491981698, 

