Generation 1852 at Fri May 24 19:48:17 2019
parameters:
0.05101637681523949, -100, 19.95971668145522, 
objectives:
-119.95711401075187, -76.24174615510238, 9981.042885989249, 

parameters:
5.2070840740965005, -9.11011249145858, 3.976913382946241, 
objectives:
14.02669868030459, 5.15218914981107, 107.13096077879283, 

parameters:
-0.09310337269809921, -0.38187417318528993, 20, 
objectives:
-20.37320593517753, 23.999207555614866, -18.84550387784629, 

parameters:
1.9973066371654076, -100, 0, 
objectives:
-96.01076619713501, -99.99999274579665, 10004.989233802866, 

parameters:
1.297592453834176, -58.49569649874833, 8.086231068437895, 
objectives:
-64.89818139093883, -49.91608906939974, 3416.344023981487, 

parameters:
0.7505930045215007, -63.67535195268592, 7.79581191574991, 
objectives:
-70.90777400999922, -54.318522196585405, 4048.3180242411095, 

parameters:
3.0649120742444733, 0.759367070709624, 11.599247451408253, 
objectives:
-1.4461943578490697, 13.492652247989543, -0.628923080480579, 

parameters:
3.380295268061678, -39.47984110214909, 13.54611484402854, 
objectives:
-41.599559846897456, -24.02851123108709, 1557.5381347061923, 

parameters:
0.0476693792280658, -78.84545823726367, 3.91129472947336, 
objectives:
-82.75448059702103, -71.1225686549866, 6213.697262284332, 

parameters:
2.71825554776494, -49.494889714150034, 6.828975503567654, 
objectives:
-48.93495199476281, -42.15002317868726, 2451.304045535262, 

parameters:
1.2224139845781812, -33.96514447103654, 3.8718869358612547, 
objectives:
-36.342735457205485, -29.488617523795703, 1152.2534479522149, 

parameters:
-0.15238661416947918, -0.37397166331368675, 11.85807404981706, 
objectives:
-12.208824032952709, 16.116870523359328, -10.694997564677417, 

parameters:
4.648194493166377, -5.055962176599987, 6.721968948467157, 
objectives:
9.827780921235089, 8.678940845503895, 41.44649662904475, 

parameters:
-1.0873931395030434, -73.06672420695779, 5.6513998835923145, 
objectives:
-77.53570025071183, -57.88332792551501, 5335.277210291877, 

parameters:
0.7637660297324322, -21.475774639812713, 4.550523720218925, 
objectives:
-25.442959811858394, -15.396976490350275, 458.2417112079772, 

parameters:
2.048238558132992, -45.81648797416277, 12.303521639853649, 
objectives:
-53.9247284229937, -33.51063937581837, 2092.042329837771, 

parameters:
-0.9622365097845289, -89.82031982399756, 20, 
objectives:
-108.89442072323526, -61.045474684097144, 8049.615752385973, 

parameters:
-2.9334685234366646, -74.28364267946172, 20, 
objectives:
-85.67840510146803, -29.94453100772138, 5507.6648073079405, 

parameters:
2.0124695636498724, -84.22229540329582, 18.798584827858463, 
objectives:
-98.97084648653717, -65.42355508541974, 7079.646491916783, 

parameters:
2.520836729950962, -88.54835015178088, 8.46858785264592, 
objectives:
-90.66232018535695, -79.80849139986894, 7839.696344568817, 

parameters:
3.0776410422289193, -96.50610922511044, 6.111436125428791, 
objectives:
-93.14567096572732, -89.2333628837854, 9317.789556028327, 

parameters:
0.056341670182537884, -42.16904985759111, 17.74856076896222, 
objectives:
-59.91443624275438, -20.64268138556008, 1761.4833795068416, 

parameters:
0.8146719778344684, -68.18894188000151, 7.304223753672577, 
objectives:
-74.82947520220536, -59.479715606198084, 4644.09126139202, 

parameters:
2.8972623947926333, -18.042009151823095, 8.04313994801682, 
objectives:
-17.691019715560373, -9.193789398697264, 326.86508367073105, 

parameters:
-0.8699318192905185, -91.87624620884115, 10.209462390762969, 
objectives:
-101.32892722939, -73.430275170702, 8432.791936407048, 

parameters:
-0.7737943869577603, -88.38833454007627, 12.572018153944764, 
objectives:
-100.36159494073371, -68.12238108501313, 7801.524422367783, 

parameters:
3.366671777964332, -95.7260413102909, 6.300823226909796, 
objectives:
-90.69238567665919, -87.55742633469691, 9169.50864057315, 

parameters:
-0.5510769981169821, -82.97496003122258, 2.649940983700997, 
objectives:
-85.32121515706996, -73.81702519720002, 6883.497737057138, 

parameters:
1.9160321050058517, -52.964467733291116, 4.731263373865162, 
objectives:
-54.024552079743124, -48.226153752036204, 2805.1747579243834, 

parameters:
-0.17226780530938623, -94.704576653264, 19.763350388623152, 
objectives:
-114.43825084514104, -70.2224788466572, 8950.22316488208, 

parameters:
1.5986164068104878, -100, 8.26621758520167, 
objectives:
-105.710643169078, -91.57267362591661, 9995.289356830921, 

parameters:
-1.7474559160366703, -67.23590272837353, 8.51463978064815, 
objectives:
-72.69694033053013, -44.67783710508715, 4516.2055780971505, 

parameters:
-2.0909579702535828, -94.57148222761433, 13.566089848851885, 
objectives:
-103.76546684309923, -64.26945526438112, 8935.571266112489, 

parameters:
3.3645312072624742, -25.6930809613216, 4.1831243390671276, 
objectives:
-18.556135055745642, -19.648011206661284, 668.2713551906023, 

parameters:
-1.687076180225576, -23.679580579518962, 10.204283702924162, 
objectives:
-31.037638244558604, 0.1192338821920238, 554.364478756892, 

parameters:
-1.8637209388289553, -25.32468880657615, 9.43452757431867, 
objectives:
-31.285760643065338, -0.9618217391121782, 636.3787913134342, 

parameters:
2.500709480125499, -15.538882779656335, 8.676669274614621, 
objectives:
-17.962004150281413, -6.611503521554166, 240.03375666927514, 

parameters:
-0.5553487608068276, -48.326641317760156, 8.444072205292992, 
objectives:
-56.46230127692347, -33.35276182311018, 2328.3286010962793, 

parameters:
1.6959033672033392, -52.22521705478565, 7.79060145629265, 
objectives:
-57.139730280186676, -44.342140836414735, 2723.558783194073, 

