Generation 1856 at Fri May 24 19:48:17 2019
parameters:
3.0649120742444733, 0.759367070709624, 11.599247451408253, 
objectives:
-1.4461943578490697, 13.492652247989543, -0.628923080480579, 

parameters:
0.05101637681523949, -100, 19.95971668145522, 
objectives:
-119.95711401075187, -76.24174615510238, 9981.042885989249, 

parameters:
-0.09310337269809921, -0.38187417318528993, 20, 
objectives:
-20.37320593517753, 23.999207555614866, -18.84550387784629, 

parameters:
1.9973066371654076, -100, 0, 
objectives:
-96.01076619713501, -99.99999274579665, 10004.989233802866, 

parameters:
1.9160321050058517, -52.964467733291116, 4.731263373865162, 
objectives:
-54.024552079743124, -48.226153752036204, 2805.1747579243834, 

parameters:
1.297592453834176, -58.49569649874833, 8.086231068437895, 
objectives:
-64.89818139093883, -49.91608906939974, 3416.344023981487, 

parameters:
0.0476693792280658, -78.84545823726367, 3.91129472947336, 
objectives:
-82.75448059702103, -71.1225686549866, 6213.697262284332, 

parameters:
0.7505930045215007, -63.67535195268592, 7.79581191574991, 
objectives:
-70.90777400999922, -54.318522196585405, 4048.3180242411095, 

parameters:
-0.17226780530938623, -94.704576653264, 19.763350388623152, 
objectives:
-114.43825084514104, -70.2224788466572, 8950.22316488208, 

parameters:
1.4673663523202873, -96.84309754851495, 6.554498586239579, 
objectives:
-101.24443212283278, -90.00490035963477, 9375.184208216862, 

parameters:
2.159404648034893, -5.882504676013163, 8.403296660248683, 
objectives:
-9.622772902307144, 2.546201826050649, 31.86359303702274, 

parameters:
0.056341670182537884, -42.16904985759111, 17.74856076896222, 
objectives:
-59.91443624275438, -20.64268138556008, 1761.4833795068416, 

parameters:
-0.26826871666122715, -96.99583337552707, 7.061615047772551, 
objectives:
-103.98548031896055, -84.78917535677056, 9402.202045269578, 

parameters:
-1.0873931395030434, -73.06672420695779, 5.6513998835923145, 
objectives:
-77.53570025071183, -57.88332792551501, 5335.277210291877, 

parameters:
-0.9622365097845289, -89.82031982399756, 20, 
objectives:
-108.89442072323526, -61.045474684097144, 8049.615752385973, 

parameters:
4.654554604048785, -49.13487077430676, 1.239613378343421, 
objectives:
-28.709605590578438, -40.84859725008674, 2435.660791191553, 

parameters:
0.7637660297324322, -21.475774639812713, 4.550523720218925, 
objectives:
-25.442959811858394, -15.396976490350275, 458.2417112079772, 

parameters:
3.698778307281375, -44.457605828473284, 6.649231195487385, 
objectives:
-37.425876057545395, -34.92252689569612, 1984.5104457708296, 

parameters:
-1.1555631324011468, -92.80129788102988, 2.4845550769418696, 
objectives:
-93.950526805007, -80.35916412151867, 8611.931659479664, 

parameters:
0.8146719778344684, -68.18894188000151, 7.304223753672577, 
objectives:
-74.82947520220536, -59.479715606198084, 4644.09126139202, 

parameters:
2.0124695636498724, -84.22229540329582, 18.798584827858463, 
objectives:
-98.97084648653717, -65.42355508541974, 7079.646491916783, 

parameters:
4.676100116861791, -16.96962538336357, 7.709812526311275, 
objectives:
-2.8135256067599883, -2.0983010215846036, 303.1242854283008, 

parameters:
-0.5510769981169821, -82.97496003122258, 2.649940983700997, 
objectives:
-85.32121515706996, -73.81702519720002, 6883.497737057138, 

parameters:
1.1485779181828708, -26.946748975504107, 20, 
objectives:
-45.62751774136681, -6.221829414098291, 708.4465115829689, 

parameters:
1.5510819002270257, -67.0457809217696, 4.353517206183649, 
objectives:
-68.99344306674138, -62.49073625528218, 4494.189077264953, 

parameters:
3.380295268061678, -39.47984110214909, 13.54611484402854, 
objectives:
-41.599559846897456, -24.02851123108709, 1557.5381347061923, 

parameters:
-2.3201690812518803, -17.50146582810188, 20, 
objectives:
-32.11828126250468, 21.16239506250283, 292.68449069781497, 

parameters:
1.2224139845781812, -33.96514447103654, 3.8718869358612547, 
objectives:
-36.342735457205485, -29.488617523795703, 1152.2534479522149, 

parameters:
-2.0718954940021606, -48.18556781421619, 1.6588324037189677, 
objectives:
-45.551649279868705, -29.946402496422124, 2325.482864112775, 

parameters:
-1.0828828406146096, -29.804781120698323, 10.544628646892956, 
objectives:
-39.17677452109371, -9.755985864849361, 879.9529842523397, 

parameters:
3.8211136145724236, -30.482239317336234, 0, 
objectives:
-15.881330061865501, -27.165784520155196, 944.7678230548296, 

parameters:
2.520836729950962, -88.54835015178088, 8.46858785264592, 
objectives:
-90.66232018535695, -79.80849139986894, 7839.696344568817, 

parameters:
-2.9334685234366646, -74.28364267946172, 20, 
objectives:
-85.67840510146803, -29.94453100772138, 5507.6648073079405, 

parameters:
-0.5534269070373211, -85.99143684537228, 1.5153083595394135, 
objectives:
-87.2004638634788, -77.95613951625067, 7394.318183713542, 

parameters:
-0.15238661416947918, -0.37397166331368675, 11.85807404981706, 
objectives:
-12.208824032952709, 16.116870523359328, -10.694997564677417, 

parameters:
1.7642912166467162, -86.63503171111658, 8.205341492593698, 
objectives:
-91.72764970657353, -78.374131587973, 7501.536101590718, 

parameters:
-0.7507634610409246, -23.58061613755328, 7.991752107202707, 
objectives:
-31.008722470321842, -8.022164411752726, 549.6173510938696, 

parameters:
-1.4859573613956023, -6.905139654876518, 9.245475262799301, 
objectives:
-13.942545637790039, 14.492234333390973, 41.64354767043467, 

parameters:
3.081722456845262, -31.36704614985908, 6.195236950224064, 
objectives:
-28.065269799058743, -24.001685725991663, 988.1933605181895, 

