Generation 1862 at Fri May 24 19:48:17 2019
parameters:
3.0649120742444733, 0.759367070709624, 11.599247451408253, 
objectives:
-1.4461943578490697, 13.492652247989543, -0.628923080480579, 

parameters:
0.05101637681523949, -100, 19.95971668145522, 
objectives:
-119.95711401075187, -76.24174615510238, 9981.042885989249, 

parameters:
-0.09310337269809921, -0.38187417318528993, 20, 
objectives:
-20.37320593517753, 23.999207555614866, -18.84550387784629, 

parameters:
1.9973066371654076, -100, 0, 
objectives:
-96.01076619713501, -99.99999274579665, 10004.989233802866, 

parameters:
-0.17226780530938623, -94.704576653264, 19.763350388623152, 
objectives:
-114.43825084514104, -70.2224788466572, 8950.22316488208, 

parameters:
3.0224621715603557, -17.81373975871168, 20.0, 
objectives:
-28.678462180198338, 3.231689133560238, 307.46460176961864, 

parameters:
-0.9622365097845289, -89.82031982399756, 20, 
objectives:
-108.89442072323526, -61.045474684097144, 8049.615752385973, 

parameters:
1.1485779181828708, -26.946748975504107, 20, 
objectives:
-45.62751774136681, -6.221829414098291, 708.4465115829689, 

parameters:
3.599709847227169, -86.28439116918724, 1.1120492922009686, 
objectives:
-74.43852947716397, -82.61327028167071, 7457.842021129341, 

parameters:
-0.22040842819139217, -98.0220010679658, 4.1363694508636275, 
objectives:
-102.10979064361163, -88.9554180291188, 9605.224903792643, 

parameters:
1.297592453834176, -58.49569649874833, 8.086231068437895, 
objectives:
-64.89818139093883, -49.91608906939974, 3416.344023981487, 

parameters:
0.7637660297324322, -21.475774639812713, 4.550523720218925, 
objectives:
-25.442959811858394, -15.396976490350275, 458.2417112079772, 

parameters:
-1.6078980725578176, -5.882391291736667, 8.00267158982183, 
objectives:
-11.299726669823352, 15.137208800051578, 30.18519193101269, 

parameters:
1.135854530416875, -47.29659263878581, 4.463652001229851, 
objectives:
-50.47007912574713, -42.08619324495492, 2234.7941887522866, 

parameters:
-0.05602840740691917, -81.04822109588268, 0, 
objectives:
-81.04508191344613, -76.82096828381844, 6569.817281989519, 

parameters:
-1.0873931395030434, -73.06672420695779, 5.6513998835923145, 
objectives:
-77.53570025071183, -57.88332792551501, 5335.277210291877, 

parameters:
3.698778307281375, -44.457605828473284, 6.649231195487385, 
objectives:
-37.425876057545395, -34.92252689569612, 1984.5104457708296, 

parameters:
1.9160321050058517, -52.964467733291116, 4.731263373865162, 
objectives:
-54.024552079743124, -48.226153752036204, 2805.1747579243834, 

parameters:
1.5510819002270257, -67.0457809217696, 4.353517206183649, 
objectives:
-68.99344306674138, -62.49073625528218, 4494.189077264953, 

parameters:
0.056341670182537884, -42.16904985759111, 17.74856076896222, 
objectives:
-59.91443624275438, -20.64268138556008, 1761.4833795068416, 

parameters:
1.2224139845781812, -33.96514447103654, 3.8718869358612547, 
objectives:
-36.342735457205485, -29.488617523795703, 1152.2534479522149, 

parameters:
1.0552514726628697, -78.22104207243994, 16.66545394323978, 
objectives:
-93.77294034512256, -60.66303834929448, 6103.979524625736, 

parameters:
0.7505930045215007, -63.67535195268592, 7.79581191574991, 
objectives:
-70.90777400999922, -54.318522196585405, 4048.3180242411095, 

parameters:
-2.1151797141203392, -74.65671406552703, 15.576138017471084, 
objectives:
-85.7588668599719, -42.14587196854839, 5563.522802267416, 

parameters:
3.380295268061678, -39.47984110214909, 13.54611484402854, 
objectives:
-41.599559846897456, -24.02851123108709, 1557.5381347061923, 

parameters:
2.3477651008323344, -95.9996923220039, 0, 
objectives:
-90.48769135331763, -95.87875175664698, 9222.452926888102, 

parameters:
2.0124695636498724, -84.22229540329582, 18.798584827858463, 
objectives:
-98.97084648653717, -65.42355508541974, 7079.646491916783, 

parameters:
-0.4382690757171579, -29.317664192570206, 5.088136808133767, 
objectives:
-34.213721217974, -18.284371298837833, 855.6293766829094, 

parameters:
2.0043466524602604, 3.7008315615209417, 20, 
objectives:
-12.281762935250406, 23.70085045490855, -1.2864402500218155, 

parameters:
-0.5510769981169821, -82.97496003122258, 2.649940983700997, 
objectives:
-85.32121515706996, -73.81702519720002, 6883.497737057138, 

parameters:
-2.4494394509212434, -52.22044267377004, 6.900453764296818, 
objectives:
-53.121142814337496, -25.522477482058886, 2727.073932903935, 

parameters:
2.060198387652, -98.63050343715742, 2.794723406874074, 
objectives:
-97.18080944754759, -95.83215618440744, 9730.42590225673, 

parameters:
1.9314184340414493, -64.11734298959557, 7.294380871551502, 
objectives:
-67.68134669379195, -56.81825868685474, 4108.469668341244, 

