Generation 1869 at Fri May 24 19:48:17 2019
parameters:
2.505870826066837, -4.962852231787288, 0, 
objectives:
1.3165363651456037, -4.706946939121744, 31.909290871488956, 

parameters:
0.05101637681523949, -100, 19.95971668145522, 
objectives:
-119.95711401075187, -76.24174615510238, 9981.042885989249, 

parameters:
-0.09310337269809921, -0.38187417318528993, 20, 
objectives:
-20.37320593517753, 23.999207555614866, -18.84550387784629, 

parameters:
1.9973066371654076, -100, 0, 
objectives:
-96.01076619713501, -99.99999274579665, 10004.989233802866, 

parameters:
-0.22040842819139217, -98.0220010679658, 4.1363694508636275, 
objectives:
-102.10979064361163, -88.9554180291188, 9605.224903792643, 

parameters:
3.599709847227169, -86.28439116918724, 1.1120492922009686, 
objectives:
-74.43852947716397, -82.61327028167071, 7457.842021129341, 

parameters:
1.135854530416875, -47.29659263878581, 4.463652001229851, 
objectives:
-50.47007912574713, -42.08619324495492, 2234.7941887522866, 

parameters:
-0.17226780530938623, -94.704576653264, 19.763350388623152, 
objectives:
-114.43825084514104, -70.2224788466572, 8950.22316488208, 

parameters:
1.5510819002270257, -67.0457809217696, 4.353517206183649, 
objectives:
-68.99344306674138, -62.49073625528218, 4494.189077264953, 

parameters:
-0.5510769981169821, -82.97496003122258, 2.649940983700997, 
objectives:
-85.32121515706996, -73.81702519720002, 6883.497737057138, 

parameters:
-0.05602840740691917, -81.04822109588268, 0, 
objectives:
-81.04508191344613, -76.82096828381844, 6569.817281989519, 

parameters:
2.2635666770926015, -71.48283539987911, 4.759747112875796, 
objectives:
-71.11884841111086, -66.65362089372967, 5111.159743794978, 

parameters:
0.056341670182537884, -42.16904985759111, 17.74856076896222, 
objectives:
-59.91443624275438, -20.64268138556008, 1761.4833795068416, 

parameters:
0.7505930045215007, -63.67535195268592, 7.79581191574991, 
objectives:
-70.90777400999922, -54.318522196585405, 4048.3180242411095, 

parameters:
2.2280791946774214, -59.04559991645273, 3.1672172114408372, 
objectives:
-57.24848023013918, -55.826362585967196, 3489.179989180116, 

parameters:
4.157720701703254, -56.97448961933229, 19.045611596001876, 
objectives:
-58.73345978196237, -33.27311939677163, 3245.3334972207726, 

parameters:
-0.9622365097845289, -89.82031982399756, 20, 
objectives:
-108.89442072323526, -61.045474684097144, 8049.615752385973, 

parameters:
-0.09659215691165568, -26.68804351851404, 8.457607077529417, 
objectives:
-35.13632055126661, -13.834737768561155, 704.8033898133467, 

parameters:
-1.101652401652445, -90.43248711288847, 2.7752215275132985, 
objectives:
-91.99407062633516, -78.03701796469879, 8177.473141909292, 

parameters:
3.0649120742444733, 0.759367070709624, 11.599247451408253, 
objectives:
-1.4461943578490697, 13.492652247989543, -0.628923080480579, 

parameters:
1.0552514726628697, -78.22104207243994, 16.66545394323978, 
objectives:
-93.77294034512256, -60.66303834929448, 6103.979524625736, 

parameters:
1.2224139845781812, -33.96514447103654, 3.8718869358612547, 
objectives:
-36.342735457205485, -29.488617523795703, 1152.2534479522149, 

parameters:
-1.224984914391615, -74.29017744006053, 15.138042783676058, 
objectives:
-87.92763218324956, -48.75160695833098, 5506.39300933249, 

parameters:
2.484196585273766, -93.8226272915302, 0, 
objectives:
-87.65139461724435, -93.58818095833942, 8809.856624559672, 

parameters:
3.587904055275893, -8.055251312868092, 17.314263256446445, 
objectives:
-12.496459059449338, 11.78045123233998, 61.445865966881875, 

parameters:
3.380295268061678, -39.47984110214909, 13.54611484402854, 
objectives:
-41.599559846897456, -24.02851123108709, 1557.5381347061923, 

parameters:
2.233643300738265, -17.576367339139097, 16.418472386381787, 
objectives:
-29.005677330587954, -1.1033057607774381, 298.4993788489067, 

parameters:
-0.6533148814489704, -26.164583615771498, 20, 
objectives:
-45.73776328144882, 0.8754962443470689, 666.012256121021, 

parameters:
-0.5534036175540928, -92.9364824792344, 17.957374869235572, 
objectives:
-110.58760178454801, -68.4592375758605, 8620.538656307728, 

parameters:
2.2079804759557438, 0.7550615821802467, 16.59609013891685, 
objectives:
-10.96585077453485, 17.394407599475873, -10.15079436383056, 

parameters:
5.28471781288103, -23.209913802975226, 3.419846419155129, 
objectives:
1.298482139651699, -9.000696273562163, 564.2084946841669, 

parameters:
0.8019856150163804, -50.295353640600005, 3.230365568129548, 
objectives:
-52.88253828203635, -45.629749605842775, 2528.03541319158, 

parameters:
1.9160321050058517, -52.964467733291116, 4.731263373865162, 
objectives:
-54.024552079743124, -48.226153752036204, 2805.1747579243834, 

parameters:
0.8802634478420298, -10.745075994463804, 14.844322263120745, 
objectives:
-24.814534519977812, 5.35305621489556, 102.38719960128829, 

parameters:
-0.019905726538065327, -45.996670200813966, 19.748696165757643, 
objectives:
-65.74497012862261, -22.167954890955052, 2096.945369634639, 

parameters:
0.1655839867416165, -31.59537212309943, 1.3957699341614955, 
objectives:
-32.963724000595676, -26.83452007923915, 997.8991877196323, 

parameters:
3.8188214214434724, -45.402169106395895, 9.848731243363774, 
objectives:
-40.66750330088413, -32.24532649993047, 2067.0916253712817, 

parameters:
0.5828237605106805, -14.291912612309144, 17.747211842104054, 
objectives:
-31.69944091859739, 5.463687723568, 187.85123781159294, 

parameters:
-1.0880119134580832, -75.69725390810724, 19.194211283035184, 
objectives:
-93.70769526731571, -46.96722504741301, 5713.063807869249, 

parameters:
2.938632711985833, -0.9512640319248833, 19.496153395987008, 
objectives:
-11.81185521195868, 19.425920732072004, -8.95568792159981, 

