Generation 187 at Sat May 25 04:36:26 2019
parameters:
0, 0.0, 20.0, 
objectives:
-20.0, 24.0, -19.0, 

parameters:
0, 0.0, 20.0, 
objectives:
-20.0, 24.0, -19.0, 

parameters:
2.003485383126764, 0.0, 20.0, 
objectives:
-15.986046319597403, 20.00001214789554, -14.986046319597403, 

parameters:
0.40768455544534554, 0.0, 20.0, 
objectives:
-19.83379330325133, 22.53546847496729, -18.83379330325133, 

parameters:
0.5212107034050728, 0.0, 20.0, 
objectives:
-19.72833940265599, 22.18681778372372, -18.72833940265599, 

parameters:
0.2724655757853229, 0.0, 20.0, 
objectives:
-19.92576251001197, 22.984375186846737, -18.92576251001197, 

parameters:
1.9256138418811688, 0.0, 20.0, 
objectives:
-16.292011331955646, 20.00553330051968, -15.292011331955646, 

parameters:
0.6385250073332925, 0.0, 20.0, 
objectives:
-19.59228581501002, 21.85361415565681, -18.59228581501002, 

parameters:
1.7615991324384104, 0.0, 20.0, 
objectives:
-16.89676849659224, 20.05683497365412, -15.896768496592241, 

parameters:
1.8684415155530796, 0.0, 20.0, 
objectives:
-16.50892630295771, 20.017307634829972, -15.508926302957711, 

parameters:
1.1934874466620082, 0.0, 20.0, 
objectives:
-18.5755877146602, 20.650462498691766, -17.5755877146602, 

parameters:
0.7147112216209679, 0.0, 20.0, 
objectives:
-19.489187869689065, 21.651967243827066, -18.489187869689065, 

parameters:
0.16015571781669105, 0.0, 20.0, 
objectives:
-19.97435014605062, 23.385026982682614, -18.97435014605062, 

parameters:
1.8095444260228466, 0.0, 20.0, 
objectives:
-16.725548970249648, 20.036273325658968, -15.725548970249648, 

parameters:
1.4338870912357342, 0.0, 20.0, 
objectives:
-17.943967809587527, 20.320483825469537, -16.943967809587527, 

parameters:
1.6854019001817577, 0.0, 20.0, 
objectives:
-17.15942043486372, 20.098971964409248, -16.15942043486372, 

parameters:
0.7965322546960196, 0.0, 20.0, 
objectives:
-19.365536367228874, 21.448334613987047, -18.365536367228877, 

parameters:
0.9444485028874549, 0.0, 20.0, 
objectives:
-19.108017025393647, 21.114188963056534, -18.108017025393647, 

parameters:
1.5638990059799291, 0.0, 20.0, 
objectives:
-17.55421989909499, 20.190184076985293, -16.55421989909499, 

parameters:
1.4820365430141333, 0.0, 20.0, 
objectives:
-17.803567685170716, 20.268286142772748, -16.803567685170716, 

parameters:
1.6262064498802187, 0.0, 20.0, 
objectives:
-17.355452582367974, 20.13972161811115, -16.355452582367974, 

parameters:
0.08158650986697231, 0.0, 20.0, 
objectives:
-19.993343641407726, 23.680310319124384, -18.993343641407726, 

parameters:
1.1303615865085883, 0.0, 20.0, 
objectives:
-18.72228268374579, 20.75627097021986, -17.72228268374579, 

parameters:
1.3469902143743193, 0.0, 20.0, 
objectives:
-18.185617362379826, 20.426421780122897, -17.185617362379826, 

parameters:
1.368688795100335, 0.0, 20.0, 
objectives:
-18.126690982166792, 20.398553837431866, -17.126690982166792, 

parameters:
1.5312727000595991, 0.0, 20.0, 
objectives:
-17.655203918052184, 20.21970528170942, -16.655203918052184, 

parameters:
1.0112887850261383, 0.0, 20.0, 
objectives:
-18.977294993280356, 20.97754986661509, -17.977294993280356, 

parameters:
0.8918963599855954, 0.0, 20.0, 
objectives:
-19.204520883044445, 21.227893677013174, -18.204520883044445, 

parameters:
1.0919173379110505, 0.0, 20.0, 
objectives:
-18.807716527169244, 20.824614121186553, -17.807716527169244, 

parameters:
0.8479441032468115, 0.0, 20.0, 
objectives:
-19.28099079776896, 21.327232789243794, -18.28099079776896, 

parameters:
1.269297297395188, 0.0, 20.0, 
objectives:
-18.388884370825274, 20.533926439593976, -17.388884370825274, 

parameters:
1.276984369041049, 0.0, 20.0, 
objectives:
-18.369310921224834, 20.52275160261097, -17.369310921224834, 

parameters:
1.6569744288779118, 0.0, 20.0, 
objectives:
-17.25443574204472, 20.117666542443637, -16.25443574204472, 

parameters:
1.0423600367606598, 0.0, 20.0, 
objectives:
-18.913485553764318, 20.917074299193043, -17.913485553764318, 

parameters:
1.0398127831008055, 0.0, 20.0, 
objectives:
-18.918789376100158, 20.921959491496622, -17.918789376100158, 

