Generation 1871 at Fri May 24 19:48:17 2019
parameters:
2.505870826066837, -4.962852231787288, 0, 
objectives:
1.3165363651456037, -4.706946939121744, 31.909290871488956, 

parameters:
0.05101637681523949, -100, 19.95971668145522, 
objectives:
-119.95711401075187, -76.24174615510238, 9981.042885989249, 

parameters:
-0.09310337269809921, -0.38187417318528993, 20, 
objectives:
-20.37320593517753, 23.999207555614866, -18.84550387784629, 

parameters:
1.9973066371654076, -100, 0, 
objectives:
-96.01076619713501, -99.99999274579665, 10004.989233802866, 

parameters:
-0.22040842819139217, -98.0220010679658, 4.1363694508636275, 
objectives:
-102.10979064361163, -88.9554180291188, 9605.224903792643, 

parameters:
3.599709847227169, -86.28439116918724, 1.1120492922009686, 
objectives:
-74.43852947716397, -82.61327028167071, 7457.842021129341, 

parameters:
1.5510819002270257, -67.0457809217696, 4.353517206183649, 
objectives:
-68.99344306674138, -62.49073625528218, 4494.189077264953, 

parameters:
4.4682424435505945, -43.51584137313132, 0.7514920136516681, 
objectives:
-24.302142852436003, -36.67212859933504, 1913.8421489322232, 

parameters:
-1.224984914391615, -74.29017744006053, 15.138042783676058, 
objectives:
-87.92763218324956, -48.75160695833098, 5506.39300933249, 

parameters:
-0.17226780530938623, -94.704576653264, 19.763350388623152, 
objectives:
-114.43825084514104, -70.2224788466572, 8950.22316488208, 

parameters:
-0.09659215691165568, -26.68804351851404, 8.457607077529417, 
objectives:
-35.13632055126661, -13.834737768561155, 704.8033898133467, 

parameters:
1.135854530416875, -47.29659263878581, 4.463652001229851, 
objectives:
-50.47007912574713, -42.08619324495492, 2234.7941887522866, 

parameters:
-0.5510769981169821, -82.97496003122258, 2.649940983700997, 
objectives:
-85.32121515706996, -73.81702519720002, 6883.497737057138, 

parameters:
2.870272259098228, -56.74453995946166, 4.442104308620599, 
objectives:
-52.94818142673341, -51.54506184588513, 3224.7391737436697, 

parameters:
2.2280791946774214, -59.04559991645273, 3.1672172114408372, 
objectives:
-57.24848023013918, -55.826362585967196, 3489.179989180116, 

parameters:
3.380295268061678, -39.47984110214909, 13.54611484402854, 
objectives:
-41.599559846897456, -24.02851123108709, 1557.5381347061923, 

parameters:
0.056341670182537884, -42.16904985759111, 17.74856076896222, 
objectives:
-59.91443624275438, -20.64268138556008, 1761.4833795068416, 

parameters:
-0.05602840740691917, -81.04822109588268, 0, 
objectives:
-81.04508191344613, -76.82096828381844, 6569.817281989519, 

parameters:
1.0552514726628697, -78.22104207243994, 16.66545394323978, 
objectives:
-93.77294034512256, -60.66303834929448, 6103.979524625736, 

parameters:
2.2635666770926015, -71.48283539987911, 4.759747112875796, 
objectives:
-71.11884841111086, -66.65362089372967, 5111.159743794978, 

parameters:
2.2079804759557438, 0.7550615821802467, 16.59609013891685, 
objectives:
-10.96585077453485, 17.394407599475873, -10.15079436383056, 

parameters:
-0.6533148814489704, -26.164583615771498, 20, 
objectives:
-45.73776328144882, 0.8754962443470689, 666.012256121021, 

parameters:
0.2582030105428046, -51.003007673206994, 8.884343923563666, 
objectives:
-59.82068280211729, -39.08480699716118, 2593.489116584301, 

parameters:
-0.9622365097845289, -89.82031982399756, 20, 
objectives:
-108.89442072323526, -61.045474684097144, 8049.615752385973, 

parameters:
3.8005286757442818, -36.43623696723618, 17.97433097884415, 
objectives:
-39.96654973092574, -15.220002476214567, 1325.0690515688984, 

parameters:
3.587904055275893, -8.055251312868092, 17.314263256446445, 
objectives:
-12.496459059449338, 11.78045123233998, 61.445865966881875, 

parameters:
0.7505930045215007, -63.67535195268592, 7.79581191574991, 
objectives:
-70.90777400999922, -54.318522196585405, 4048.3180242411095, 

parameters:
-1.101652401652445, -90.43248711288847, 2.7752215275132985, 
objectives:
-91.99407062633516, -78.03701796469879, 8177.473141909292, 

parameters:
-0.5534036175540928, -92.9364824792344, 17.957374869235572, 
objectives:
-110.58760178454801, -68.4592375758605, 8620.538656307728, 

parameters:
3.0649120742444733, 0.759367070709624, 11.599247451408253, 
objectives:
-1.4461943578490697, 13.492652247989543, -0.628923080480579, 

parameters:
4.0295755223232, -25.22386606062811, 20, 
objectives:
-28.98638717052182, -1.10468925981462, 633.480897934613, 

parameters:
4.733071260477517, -22.970721538977593, 15.807762457918956, 
objectives:
-16.37652044013832, 0.30671943378952626, 535.2482491200883, 

parameters:
2.8905121281598314, -32.62693242814828, 17.621672056720165, 
objectives:
-41.893544121829365, -14.212248521028364, 1056.2501079772726, 

parameters:
3.893157205394949, -9.519289466128953, 5.450611385681194, 
objectives:
0.18677217410846225, -0.4846338761089459, 101.32293358019105, 

