Generation 1875 at Fri May 24 19:48:17 2019
parameters:
0.05101637681523949, -100, 19.95971668145522, 
objectives:
-119.95711401075187, -76.24174615510238, 9981.042885989249, 

parameters:
2.505870826066837, -4.962852231787288, 0, 
objectives:
1.3165363651456037, -4.706946939121744, 31.909290871488956, 

parameters:
-0.09310337269809921, -0.38187417318528993, 20, 
objectives:
-20.37320593517753, 23.999207555614866, -18.84550387784629, 

parameters:
1.9973066371654076, -100, 0, 
objectives:
-96.01076619713501, -99.99999274579665, 10004.989233802866, 

parameters:
3.599709847227169, -86.28439116918724, 1.1120492922009686, 
objectives:
-74.43852947716397, -82.61327028167071, 7457.842021129341, 

parameters:
-0.5510769981169821, -82.97496003122258, 2.649940983700997, 
objectives:
-85.32121515706996, -73.81702519720002, 6883.497737057138, 

parameters:
0.4368780862937551, -49.82126586568087, 17.05859808645406, 
objectives:
-66.68900148985124, -30.319317662118138, 2466.2907968346876, 

parameters:
-1.224984914391615, -74.29017744006053, 15.138042783676058, 
objectives:
-87.92763218324956, -48.75160695833098, 5506.39300933249, 

parameters:
-0.5534036175540928, -92.9364824792344, 17.957374869235572, 
objectives:
-110.58760178454801, -68.4592375758605, 8620.538656307728, 

parameters:
5.532920031372954, -34.20554115252308, 0, 
objectives:
-3.592337078954994, -21.72401720444681, 1201.6322496105183, 

parameters:
4.4682424435505945, -43.51584137313132, 0.7514920136516681, 
objectives:
-24.302142852436003, -36.67212859933504, 1913.8421489322232, 

parameters:
0.2582030105428046, -51.003007673206994, 8.884343923563666, 
objectives:
-59.82068280211729, -39.08480699716118, 2593.489116584301, 

parameters:
0.1396315851622798, -34.97479831858461, 11.522106340101946, 
objectives:
-46.47740767911162, -19.991721339556854, 1212.733908065142, 

parameters:
1.5510819002270257, -67.0457809217696, 4.353517206183649, 
objectives:
-68.99344306674138, -62.49073625528218, 4494.189077264953, 

parameters:
1.135854530416875, -47.29659263878581, 4.463652001229851, 
objectives:
-50.47007912574713, -42.08619324495492, 2234.7941887522866, 

parameters:
2.5287467084794324, -89.52832645603499, 12.460722891230226, 
objectives:
-95.59448943161965, -76.78803048307694, 8010.255075042791, 

parameters:
-0.9462927808216746, -15.918739610778744, 20, 
objectives:
-35.02326958374353, 12.761901539543173, 235.3017408228114, 

parameters:
2.2280791946774214, -59.04559991645273, 3.1672172114408372, 
objectives:
-57.24848023013918, -55.826362585967196, 3489.179989180116, 

parameters:
2.870272259098228, -56.74453995946166, 4.442104308620599, 
objectives:
-52.94818142673341, -51.54506184588513, 3224.7391737436697, 

parameters:
-0.17226780530938623, -94.704576653264, 19.763350388623152, 
objectives:
-114.43825084514104, -70.2224788466572, 8950.22316488208, 

parameters:
2.5754608819715115, -17.47245786285243, 5.872412418605081, 
objectives:
-16.711871526892036, -11.268890217567918, 307.04737010511406, 

parameters:
-0.7833078285913553, -21.37686439041536, 18.09686026905618, 
objectives:
-38.86015350513904, 4.466798347338745, 440.48704205148454, 

parameters:
-0.6533148814489704, -26.164583615771498, 20, 
objectives:
-45.73776328144882, 0.8754962443470689, 666.012256121021, 

parameters:
-0.12679972644829096, -84.28582455642719, 20, 
objectives:
-104.26974638579982, -59.76254748000666, 7085.116299327451, 

parameters:
1.5013781003274191, -79.25316039668937, 12.458924893796954, 
objectives:
-89.45794909034356, -66.54561170405933, 6271.858644169718, 

parameters:
2.2635666770926015, -71.48283539987911, 4.759747112875796, 
objectives:
-71.11884841111086, -66.65362089372967, 5111.159743794978, 

parameters:
-0.22040842819139217, -98.0220010679658, 4.1363694508636275, 
objectives:
-102.10979064361163, -88.9554180291188, 9605.224903792643, 

parameters:
0.7505930045215007, -63.67535195268592, 7.79581191574991, 
objectives:
-70.90777400999922, -54.318522196585405, 4048.3180242411095, 

parameters:
1.5171578853562298, -94.73235656899433, 0, 
objectives:
-92.43058851989575, -94.49922006132067, 8977.521149164184, 

parameters:
1.0552514726628697, -78.22104207243994, 16.66545394323978, 
objectives:
-93.77294034512256, -60.66303834929448, 6103.979524625736, 

parameters:
3.0466570453068345, -95.81511836850001, 6.181741043541671, 
objectives:
-92.71474026032392, -88.5378863544679, 9184.637286077845, 

parameters:
2.9864111251746137, -15.33538566601483, 4.456102611802781, 
objectives:
-10.872836869250907, -9.9062761463438, 240.63660232217703, 

parameters:
-2.162750213816445, -26.105759928289217, 4.614556272155528, 
objectives:
-26.042827713081667, -4.162714313504837, 682.5736336486787, 

parameters:
1.6758564745097575, -13.812169872896574, 18.397324578536345, 
objectives:
-29.400999528276646, 4.690223730757015, 176.1872069423717, 

parameters:
-2.4180744368384994, -31.749327964642717, 20, 
objectives:
-45.90224398255089, 7.770053764803109, 994.8669101885358, 

parameters:
-1.0881657068728219, -98.95499474744726, 6.252518315269761, 
objectives:
-104.02340845710299, -83.1657089990722, 9788.02257175766, 

parameters:
0.8978523573019748, -100, 0.3993441716038797, 
objectives:
-99.59320531609117, -98.3859264020913, 10001.406794683908, 

parameters:
-2.1960221646442917, -12.139828842206388, 5.255672249717751, 
objectives:
-12.572987744315139, 10.722445413697535, 147.94228541595734, 

parameters:
-0.3106999943094344, -18.537033382262084, 6.854111052699013, 
objectives:
-25.294609948497218, -6.343587865861451, 337.86403004886375, 

parameters:
2.4703115899461268, -57.11593417811581, 19.805675890062147, 
objectives:
-70.81917071675579, -37.08906529641601, 3249.5267005002174, 

parameters:
3.587904055275893, -8.055251312868092, 17.314263256446445, 
objectives:
-12.496459059449338, 11.78045123233998, 61.445865966881875, 

