Generation 1881 at Fri May 24 19:48:17 2019
parameters:
0.05101637681523949, -100, 19.95971668145522, 
objectives:
-119.95711401075187, -76.24174615510238, 9981.042885989249, 

parameters:
2.505870826066837, -4.962852231787288, 0, 
objectives:
1.3165363651456037, -4.706946939121744, 31.909290871488956, 

parameters:
-1.7280376119568586, -9.264316821903705, 20, 
objectives:
-26.27820283356614, 24.63394761426129, 69.81368016494554, 

parameters:
-0.09310337269809921, -0.38187417318528993, 20, 
objectives:
-20.37320593517753, 23.999207555614866, -18.84550387784629, 

parameters:
1.9973066371654076, -100, 0, 
objectives:
-96.01076619713501, -99.99999274579665, 10004.989233802866, 

parameters:
-0.22040842819139217, -98.0220010679658, 4.1363694508636275, 
objectives:
-102.10979064361163, -88.9554180291188, 9605.224903792643, 

parameters:
0.4986928861119146, -91.20753268281179, 19.662191548963676, 
objectives:
-110.62102963711683, -69.29141808363714, 8300.400521131876, 

parameters:
0.7505930045215007, -63.67535195268592, 7.79581191574991, 
objectives:
-70.90777400999922, -54.318522196585405, 4048.3180242411095, 

parameters:
1.5171578853562298, -94.73235656899433, 0, 
objectives:
-92.43058851989575, -94.49922006132067, 8977.521149164184, 

parameters:
3.599709847227169, -86.28439116918724, 1.1120492922009686, 
objectives:
-74.43852947716397, -82.61327028167071, 7457.842021129341, 

parameters:
3.735346721664265, -90.32292270000993, 3.0484066053784424, 
objectives:
-79.4185141743404, -84.26308785024057, 8170.134773597638, 

parameters:
-0.5510769981169821, -82.97496003122258, 2.649940983700997, 
objectives:
-85.32121515706996, -73.81702519720002, 6883.497737057138, 

parameters:
-1.0231342358385451, -38.52676676350944, 4.006652808576423, 
objectives:
-41.48661590754094, -25.38077334703392, 1482.3519081058244, 

parameters:
1.3068637287758023, -71.31894800922066, 0.40036226549168474, 
objectives:
-70.01141746912255, -70.4381478532424, 5088.699875682018, 

parameters:
4.4682424435505945, -43.51584137313132, 0.7514920136516681, 
objectives:
-24.302142852436003, -36.67212859933504, 1913.8421489322232, 

parameters:
4.542650298933911, -12.994827377907502, 12.896798459898353, 
objectives:
-5.255954099401507, 6.367041624659556, 177.60441186012034, 

parameters:
-0.6533148814489704, -26.164583615771498, 20, 
objectives:
-45.73776328144882, 0.8754962443470689, 666.012256121021, 

parameters:
0.24673485655640964, -34.420524868200516, 19.982162535848705, 
objectives:
-54.34180931460931, -11.364423669137537, 1165.8512477560016, 

parameters:
-1.224984914391615, -74.29017744006053, 15.138042783676058, 
objectives:
-87.92763218324956, -48.75160695833098, 5506.39300933249, 

parameters:
0.552841732371278, -56.41817571124905, 6.896977293452539, 
objectives:
-63.00951902365031, -47.42693136623035, 3177.419207272971, 

parameters:
2.2280791946774214, -59.04559991645273, 3.1672172114408372, 
objectives:
-57.24848023013918, -55.826362585967196, 3489.179989180116, 

parameters:
1.135854530416875, -47.29659263878581, 4.463652001229851, 
objectives:
-50.47007912574713, -42.08619324495492, 2234.7941887522866, 

parameters:
-1.441400587892645, -28.171596233460704, 10.995145691686966, 
objectives:
-37.08910627037041, -5.333212535425895, 785.7213243042277, 

parameters:
0.4368780862937551, -49.82126586568087, 17.05859808645406, 
objectives:
-66.68900148985124, -30.319317662118138, 2466.2907968346876, 

parameters:
0.2582030105428046, -51.003007673206994, 8.884343923563666, 
objectives:
-59.82068280211729, -39.08480699716118, 2593.489116584301, 

parameters:
1.609865120419899, 1.438099574175042, 20, 
objectives:
-15.970234719880382, 21.590304798440023, -14.340203908812986, 

parameters:
0.1396315851622798, -34.97479831858461, 11.522106340101946, 
objectives:
-46.47740767911162, -19.991721339556854, 1212.733908065142, 

parameters:
1.9504060865094637, -14.312160330747048, 19.980074492591598, 
objectives:
-30.488150921045484, 5.670373718099857, 189.66194274271103, 

parameters:
2.5388609236334174, -80.25377392591965, 15.694832167329668, 
objectives:
-89.50279130369658, -64.26857066357093, 6432.419211974843, 

parameters:
-1.6689282870974669, -77.5629267542214, 17.698204368675157, 
objectives:
-92.47580949542245, -46.40368760968229, 6002.094723939513, 

parameters:
-2.0870177815791777, -78.2094339896283, 1.942779507999262, 
objectives:
-75.79657027699989, -59.56294013468465, 6120.128428690654, 

parameters:
0.21155139996281758, -80.89696228810202, 16.15518289167391, 
objectives:
-97.00739118494971, -61.543231001453144, 6529.208078545753, 

parameters:
2.5754608819715115, -17.47245786285243, 5.872412418605081, 
objectives:
-16.711871526892036, -11.268890217567918, 307.04737010511406, 

parameters:
1.1942615982772218, -6.757876518727244, 19.092614965007254, 
objectives:
-24.424230718614833, 12.983952818290788, 29.002540842477462, 

parameters:
1.926271295298373, -2.8672778332330324, 20, 
objectives:
-19.15675673014256, 17.138158088663946, -7.068196723960016, 

parameters:
2.5127718724430537, -7.41259881036439, 0.13062661790300745, 
objectives:
-1.2292029453264268, -7.019037199292627, 62.130016988453534, 

parameters:
2.868097090161679, -47.92380267786108, 18.85823280087078, 
objectives:
-58.55605456013797, -28.31197731904313, 2287.0586112242886, 

parameters:
5.532920031372954, -34.20554115252308, 0, 
objectives:
-3.592337078954994, -21.72401720444681, 1201.6322496105183, 

parameters:
2.7521803099099156, -72.39454199053728, 10.159446920370506, 
objectives:
-74.97949245265195, -61.66931985155059, 5239.384759557551, 

