Generation 1883 at Fri May 24 19:48:17 2019
parameters:
0.05101637681523949, -100, 19.95971668145522, 
objectives:
-119.95711401075187, -76.24174615510238, 9981.042885989249, 

parameters:
2.505870826066837, -4.962852231787288, 0, 
objectives:
1.3165363651456037, -4.706946939121744, 31.909290871488956, 

parameters:
-1.7280376119568586, -9.264316821903705, 20, 
objectives:
-26.27820283356614, 24.63394761426129, 69.81368016494554, 

parameters:
-0.09310337269809921, -0.38187417318528993, 20, 
objectives:
-20.37320593517753, 23.999207555614866, -18.84550387784629, 

parameters:
1.9973066371654076, -100, 0, 
objectives:
-96.01076619713501, -99.99999274579665, 10004.989233802866, 

parameters:
-0.22040842819139217, -98.0220010679658, 4.1363694508636275, 
objectives:
-102.10979064361163, -88.9554180291188, 9605.224903792643, 

parameters:
0.7505930045215007, -63.67535195268592, 7.79581191574991, 
objectives:
-70.90777400999922, -54.318522196585405, 4048.3180242411095, 

parameters:
3.735346721664265, -90.32292270000993, 3.0484066053784424, 
objectives:
-79.4185141743404, -84.26308785024057, 8170.134773597638, 

parameters:
0.4986928861119146, -91.20753268281179, 19.662191548963676, 
objectives:
-110.62102963711683, -69.29141808363714, 8300.400521131876, 

parameters:
-1.0231342358385451, -38.52676676350944, 4.006652808576423, 
objectives:
-41.48661590754094, -25.38077334703392, 1482.3519081058244, 

parameters:
0.24673485655640964, -34.420524868200516, 19.982162535848705, 
objectives:
-54.34180931460931, -11.364423669137537, 1165.8512477560016, 

parameters:
1.3068637287758023, -71.31894800922066, 0.40036226549168474, 
objectives:
-70.01141746912255, -70.4381478532424, 5088.699875682018, 

parameters:
0.552841732371278, -56.41817571124905, 6.896977293452539, 
objectives:
-63.00951902365031, -47.42693136623035, 3177.419207272971, 

parameters:
0.2582030105428046, -51.003007673206994, 8.884343923563666, 
objectives:
-59.82068280211729, -39.08480699716118, 2593.489116584301, 

parameters:
0.4368780862937551, -49.82126586568087, 17.05859808645406, 
objectives:
-66.68900148985124, -30.319317662118138, 2466.2907968346876, 

parameters:
0.1396315851622798, -34.97479831858461, 11.522106340101946, 
objectives:
-46.47740767911162, -19.991721339556854, 1212.733908065142, 

parameters:
1.5171578853562298, -94.73235656899433, 0, 
objectives:
-92.43058851989575, -94.49922006132067, 8977.521149164184, 

parameters:
-0.45063821308049024, -83.2370797585009, 12.47418604130094, 
objectives:
-95.50819100071345, -64.75726606578962, 6917.140335480828, 

parameters:
-1.441400587892645, -28.171596233460704, 10.995145691686966, 
objectives:
-37.08910627037041, -5.333212535425895, 785.7213243042277, 

parameters:
2.727367507015231, -7.3388718138038875, 19.977051311357545, 
objectives:
-19.877389606838957, 13.16724298781521, 42.32052170641009, 

parameters:
1.135854530416875, -47.29659263878581, 4.463652001229851, 
objectives:
-50.47007912574713, -42.08619324495492, 2234.7941887522866, 

parameters:
-1.3419715417246203, -12.14133383096137, 2.1179852696709323, 
objectives:
-12.458431481833548, 1.145425224406797, 148.09488954397494, 

parameters:
2.2280791946774214, -59.04559991645273, 3.1672172114408372, 
objectives:
-57.24848023013918, -55.826362585967196, 3489.179989180116, 

parameters:
-1.443573218620548, -93.70286898492532, 0, 
objectives:
-91.61896534740683, -81.84467247292463, 8783.311559643596, 

parameters:
1.609865120419899, 1.438099574175042, 20, 
objectives:
-15.970234719880382, 21.590304798440023, -14.340203908812986, 

parameters:
3.3977161447303064, -73.89931566504178, 10.900369526962303, 
objectives:
-73.25521019184312, -61.04533571683974, 5462.752961234689, 

parameters:
-0.5510769981169821, -82.97496003122258, 2.649940983700997, 
objectives:
-85.32121515706996, -73.81702519720002, 6883.497737057138, 

parameters:
1.9504060865094637, -14.312160330747048, 19.980074492591598, 
objectives:
-30.488150921045484, 5.670373718099857, 189.66194274271103, 

parameters:
-1.813209097765427, -75.71082168739125, 3.141002185711772, 
objectives:
-75.5640966408837, -58.02925587839845, 5733.27524562646, 

parameters:
-1.6689282870974669, -77.5629267542214, 17.698204368675157, 
objectives:
-92.47580949542245, -46.40368760968229, 6002.094723939513, 

parameters:
2.5388609236334174, -80.25377392591965, 15.694832167329668, 
objectives:
-89.50279130369658, -64.26857066357093, 6432.419211974843, 

parameters:
-0.6533148814489704, -26.164583615771498, 20, 
objectives:
-45.73776328144882, 0.8754962443470689, 666.012256121021, 

parameters:
3.382760735898798, -80.58850373976581, 13.043891359903341, 
objectives:
-82.18932490333057, -65.63258512711909, 6493.906113850683, 

parameters:
3.3605595217108726, -43.29963364047816, 0, 
objectives:
-32.006273341516554, -41.44851142836004, 1887.1516336985899, 

parameters:
-0.6285684483753631, -19.334311056042257, 14.276198779001682, 
objectives:
-33.21541154075093, 1.8512598107538878, 360.9344835270892, 

parameters:
1.6953566686940622, -17.427586887621832, 12.22184356112769, 
objectives:
-26.775196214664092, -5.112935767184963, 295.3731753985661, 

