Generation 1887 at Fri May 24 19:48:18 2019
parameters:
0.05101637681523949, -100, 19.95971668145522, 
objectives:
-119.95711401075187, -76.24174615510238, 9981.042885989249, 

parameters:
2.505870826066837, -4.962852231787288, 0, 
objectives:
1.3165363651456037, -4.706946939121744, 31.909290871488956, 

parameters:
-1.7280376119568586, -9.264316821903705, 20, 
objectives:
-26.27820283356614, 24.63394761426129, 69.81368016494554, 

parameters:
-0.09310337269809921, -0.38187417318528993, 20, 
objectives:
-20.37320593517753, 23.999207555614866, -18.84550387784629, 

parameters:
1.9973066371654076, -100, 0, 
objectives:
-96.01076619713501, -99.99999274579665, 10004.989233802866, 

parameters:
-1.813209097765427, -75.71082168739125, 3.141002185711772, 
objectives:
-75.5640966408837, -58.02925587839845, 5733.27524562646, 

parameters:
3.735346721664265, -90.32292270000993, 3.0484066053784424, 
objectives:
-79.4185141743404, -84.26308785024057, 8170.134773597638, 

parameters:
0.775471595098414, 2.7706262367180727, 9.661105611669885, 
objectives:
-6.289123180147334, 13.931201662798781, -0.383379673274856, 

parameters:
-0.5510769981169821, -82.97496003122258, 2.649940983700997, 
objectives:
-85.32121515706996, -73.81702519720002, 6883.497737057138, 

parameters:
-0.04943456116715239, -84.27141640219165, 12.546639473284301, 
objectives:
-96.81561209963816, -67.52459490840094, 7090.127426734129, 

parameters:
1.5171578853562298, -94.73235656899433, 0, 
objectives:
-92.43058851989575, -94.49922006132067, 8977.521149164184, 

parameters:
0.24673485655640964, -34.420524868200516, 19.982162535848705, 
objectives:
-54.34180931460931, -11.364423669137537, 1165.8512477560016, 

parameters:
-1.1792537973780146, -68.44005446832922, 20, 
objectives:
-87.04941494969876, -38.332399760186696, 4666.431695146502, 

parameters:
-1.441400587892645, -28.171596233460704, 10.995145691686966, 
objectives:
-37.08910627037041, -5.333212535425895, 785.7213243042277, 

parameters:
-0.22040842819139217, -98.0220010679658, 4.1363694508636275, 
objectives:
-102.10979064361163, -88.9554180291188, 9605.224903792643, 

parameters:
1.9504060865094637, -14.312160330747048, 19.980074492591598, 
objectives:
-30.488150921045484, 5.670373718099857, 189.66194274271103, 

parameters:
0.1396315851622798, -34.97479831858461, 11.522106340101946, 
objectives:
-46.47740767911162, -19.991721339556854, 1212.733908065142, 

parameters:
0.4986928861119146, -91.20753268281179, 19.662191548963676, 
objectives:
-110.62102963711683, -69.29141808363714, 8300.400521131876, 

parameters:
-1.0231342358385451, -38.52676676350944, 4.006652808576423, 
objectives:
-41.48661590754094, -25.38077334703392, 1482.3519081058244, 

parameters:
1.3068637287758023, -71.31894800922066, 0.40036226549168474, 
objectives:
-70.01141746912255, -70.4381478532424, 5088.699875682018, 

parameters:
0.4368780862937551, -49.82126586568087, 17.05859808645406, 
objectives:
-66.68900148985124, -30.319317662118138, 2466.2907968346876, 

parameters:
0.7505930045215007, -63.67535195268592, 7.79581191574991, 
objectives:
-70.90777400999922, -54.318522196585405, 4048.3180242411095, 

parameters:
-0.5300703946355041, -12.20137455038539, 4.422919312653361, 
objectives:
-16.343319239769713, -1.3771990359209738, 145.73159622940796, 

parameters:
1.1705586690539587, -98.5538670604306, 9.642059391477552, 
objectives:
-106.82571885421078, -88.2238347474715, 9705.592860771249, 

parameters:
0.552841732371278, -56.41817571124905, 6.896977293452539, 
objectives:
-63.00951902365031, -47.42693136623035, 3177.419207272971, 

parameters:
0.2582030105428046, -51.003007673206994, 8.884343923563666, 
objectives:
-59.82068280211729, -39.08480699716118, 2593.489116584301, 

parameters:
-1.6875844894994065, -69.69230112112241, 4.242153810968031, 
objectives:
-71.08651352289148, -51.85186794295778, 4856.622623155431, 

parameters:
0.976962076663207, -17.585174204418735, 9.932617852708914, 
objectives:
-26.563337157889563, -6.605949759124565, 301.26018884628326, 

parameters:
1.135854530416875, -47.29659263878581, 4.463652001229851, 
objectives:
-50.47007912574713, -42.08619324495492, 2234.7941887522866, 

parameters:
2.333399503917017, -43.07804484022746, 19.9930872651077, 
objectives:
-57.62637886045498, -22.973802345907647, 1842.1696132364202, 

parameters:
-1.3882812524085113, -93.49453308157084, 7.643296736143521, 
objectives:
-99.21050498192541, -74.37078650000433, 8736.51174424059, 

parameters:
-1.1632121055873659, -59.55525651478345, 7.943650078421532, 
objectives:
-66.14584419061998, -41.60569561142746, 3541.2379908658204, 

parameters:
-1.3580871011689397, -14.622288067018875, 5.179103881221718, 
objectives:
-17.956991373879138, 1.8335647932400567, 211.47660500802232, 

parameters:
0.7079806086080054, -57.46961417080446, 7.668492802861725, 
objectives:
-64.63687043150122, -48.1318072602098, 3296.589296680432, 

parameters:
-1.443573218620548, -93.70286898492532, 0, 
objectives:
-91.61896534740683, -81.84467247292463, 8783.311559643596, 

parameters:
2.397082387435549, -49.17650767071238, 5.278575257645968, 
objectives:
-48.709078956204635, -43.7402579906549, 2419.7963354021413, 

parameters:
3.553468482817439, -9.559155493505726, 20, 
objectives:
-16.932017235128853, 12.85410883360139, 85.00459200739756, 

parameters:
2.2280791946774214, -59.04559991645273, 3.1672172114408372, 
objectives:
-57.24848023013918, -55.826362585967196, 3489.179989180116, 

parameters:
0.09292916813404535, -91.0674140934321, 5.780794623914517, 
objectives:
-96.83957288705653, -81.64970031176368, 8288.501750871012, 

parameters:
-0.720060461782755, -40.13183697338716, 8.17126494866318, 
objectives:
-47.78461485342754, -24.561843108970166, 1603.9115609784842, 

parameters:
1.241919291035541, -17.252669642294205, 10.37111065096138, 
objectives:
-26.081416767809365, -6.306872630028767, 289.82586266062486, 

