Generation 1893 at Fri May 24 19:48:18 2019
parameters:
2.505870826066837, -4.962852231787288, 0, 
objectives:
1.3165363651456037, -4.706946939121744, 31.909290871488956, 

parameters:
0.05101637681523949, -100, 19.95971668145522, 
objectives:
-119.95711401075187, -76.24174615510238, 9981.042885989249, 

parameters:
-1.7280376119568586, -9.264316821903705, 20, 
objectives:
-26.27820283356614, 24.63394761426129, 69.81368016494554, 

parameters:
-0.09310337269809921, -0.38187417318528993, 20, 
objectives:
-20.37320593517753, 23.999207555614866, -18.84550387784629, 

parameters:
1.9973066371654076, -100, 0, 
objectives:
-96.01076619713501, -99.99999274579665, 10004.989233802866, 

parameters:
1.1705586690539587, -98.5538670604306, 9.642059391477552, 
objectives:
-106.82571885421078, -88.2238347474715, 9705.592860771249, 

parameters:
1.5171578853562298, -94.73235656899433, 0, 
objectives:
-92.43058851989575, -94.49922006132067, 8977.521149164184, 

parameters:
0.552841732371278, -56.41817571124905, 6.896977293452539, 
objectives:
-63.00951902365031, -47.42693136623035, 3177.419207272971, 

parameters:
0.4986928861119146, -91.20753268281179, 19.662191548963676, 
objectives:
-110.62102963711683, -69.29141808363714, 8300.400521131876, 

parameters:
0.7505930045215007, -63.67535195268592, 7.79581191574991, 
objectives:
-70.90777400999922, -54.318522196585405, 4048.3180242411095, 

parameters:
-0.7279986126909774, -73.3071175031779, 0, 
objectives:
-72.77713552309793, -65.86514107233401, 5375.463458604813, 

parameters:
2.546091795572978, 0.5052113246695047, 14.155629623102921, 
objectives:
-7.167834866949386, 14.959057196964546, -6.417807709044575, 

parameters:
5.025150612061991, -29.699573029375557, 9.450978120885647, 
objectives:
-13.8984124763542, -11.09705868283087, 898.8657986802333, 

parameters:
1.392176909979309, -84.41935220930725, 0.5181316137204348, 
objectives:
-82.99932727434813, -83.53177168682453, 7129.047052374028, 

parameters:
3.735346721664265, -90.32292270000993, 3.0484066053784424, 
objectives:
-79.4185141743404, -84.26308785024057, 8170.134773597638, 

parameters:
-0.5510769981169821, -82.97496003122258, 2.649940983700997, 
objectives:
-85.32121515706996, -73.81702519720002, 6883.497737057138, 

parameters:
1.7953611853497828, -43.84755517496586, 0.6096759745562979, 
objectives:
-41.23390936366158, -43.19600215594812, 1926.22174063298, 

parameters:
0.1396315851622798, -34.97479831858461, 11.522106340101946, 
objectives:
-46.47740767911162, -19.991721339556854, 1212.733908065142, 

parameters:
-1.1792537973780146, -68.44005446832922, 20, 
objectives:
-87.04941494969876, -38.332399760186696, 4666.431695146502, 

parameters:
2.9412942066860794, -97.3538450592569, 0, 
objectives:
-88.70263344897181, -96.46781027571612, 9487.422359432085, 

parameters:
-0.6560448525948104, -68.61948143619722, 0.2620756009320231, 
objectives:
-68.4511621885131, -61.30283157626981, 4709.801551820298, 

parameters:
1.6685317402170843, -51.26724613619537, 17.52440207263807, 
objectives:
-66.00765004072159, -33.632972856313785, 2614.5901224847125, 

parameters:
0.36306095961789675, -36.23976699311365, 2.6686988777105203, 
objectives:
-38.7766526104255, -30.891498693476045, 1311.7838260978576, 

parameters:
1.3463649787646779, -43.21742240298224, 8.143439957792165, 
objectives:
-49.548163704730385, -34.646743704204766, 1862.4148578560428, 

parameters:
-1.813209097765427, -75.71082168739125, 3.141002185711772, 
objectives:
-75.5640966408837, -58.02925587839845, 5733.27524562646, 

parameters:
-1.6487381682815674, -26.417840251086623, 11.625466798367668, 
objectives:
-35.324969501905834, -1.4790832320442284, 689.9951542811133, 

parameters:
1.400766279806751, -60.406939889345814, 0, 
objectives:
-58.44479371870217, -60.047858837929176, 3651.9605329656824, 

parameters:
-0.04943456116715239, -84.27141640219165, 12.546639473284301, 
objectives:
-96.81561209963816, -67.52459490840094, 7090.127426734129, 

parameters:
1.3779487033514972, -100, 19.463927912285676, 
objectives:
-117.5651852832176, -80.14912427205223, 9983.434814716782, 

parameters:
-0.9941157047382349, -10.18688945453701, 12.081248873230283, 
objectives:
-21.279872293360096, 10.859088272053409, 93.67973392013425, 

parameters:
0.24673485655640964, -34.420524868200516, 19.982162535848705, 
objectives:
-54.34180931460931, -11.364423669137537, 1165.8512477560016, 

parameters:
4.988470219029624, -32.04220836035874, 1.184466623738152, 
objectives:
-8.341839857951426, -21.926787486593618, 1051.403485111051, 

parameters:
3.697667570334455, -77.19445569825047, 0, 
objectives:
-63.52171023754735, -74.31238051888518, 5973.656736009857, 

parameters:
-0.8198487383606268, -21.12895183596668, 15.958210369048587, 
objectives:
-36.415010251223755, 2.7808054403159232, 432.14654727134274, 

parameters:
-1.598709024806382, -47.81281126860741, 7.444442111154423, 
objectives:
-52.70138283376446, -27.417662512230088, 2282.176349842315, 

parameters:
-0.5285787928131003, -47.051520886712325, 14.788591273232761, 
objectives:
-61.560716619733334, -25.86921890201541, 2200.336422019705, 

parameters:
1.9504060865094637, -14.312160330747048, 19.980074492591598, 
objectives:
-30.488150921045484, 5.670373718099857, 189.66194274271103, 

parameters:
1.6634085167486439, -61.0630387274686, 5.8091785241329745, 
objectives:
-64.10528935800966, -55.14056637673828, 3726.652448001789, 

parameters:
1.1324400366407328, -14.876006813582753, 18.585093163537866, 
objectives:
-32.17867954053376, 4.4617466399790455, 204.9929059908095, 

parameters:
2.2169249094442236, -76.70978789515308, 7.760779791815283, 
objectives:
-79.55581163285409, -68.90195168700042, 5882.545535181674, 

