Generation 1896 at Fri May 24 19:48:18 2019
parameters:
3.6188478361640204, -4.71692993684529, 6.125294650794254, 
objectives:
2.2538350736694692, 4.029033030601896, 30.220193039622067, 

parameters:
0.05101637681523949, -100, 19.95971668145522, 
objectives:
-119.95711401075187, -76.24174615510238, 9981.042885989249, 

parameters:
-1.7280376119568586, -9.264316821903705, 20, 
objectives:
-26.27820283356614, 24.63394761426129, 69.81368016494554, 

parameters:
-0.09310337269809921, -0.38187417318528993, 20, 
objectives:
-20.37320593517753, 23.999207555614866, -18.84550387784629, 

parameters:
1.9973066371654076, -100, 0, 
objectives:
-96.01076619713501, -99.99999274579665, 10004.989233802866, 

parameters:
2.546091795572978, 0.5052113246695047, 14.155629623102921, 
objectives:
-7.167834866949386, 14.959057196964546, -6.417807709044575, 

parameters:
0.552841732371278, -56.41817571124905, 6.896977293452539, 
objectives:
-63.00951902365031, -47.42693136623035, 3177.419207272971, 

parameters:
1.3463649787646779, -43.21742240298224, 8.143439957792165, 
objectives:
-49.548163704730385, -34.646743704204766, 1862.4148578560428, 

parameters:
0.4986928861119146, -91.20753268281179, 19.662191548963676, 
objectives:
-110.62102963711683, -69.29141808363714, 8300.400521131876, 

parameters:
1.5171578853562298, -94.73235656899433, 0, 
objectives:
-92.43058851989575, -94.49922006132067, 8977.521149164184, 

parameters:
0.1396315851622798, -34.97479831858461, 11.522106340101946, 
objectives:
-46.47740767911162, -19.991721339556854, 1212.733908065142, 

parameters:
1.1705586690539587, -98.5538670604306, 9.642059391477552, 
objectives:
-106.82571885421078, -88.2238347474715, 9705.592860771249, 

parameters:
-0.5510769981169821, -82.97496003122258, 2.649940983700997, 
objectives:
-85.32121515706996, -73.81702519720002, 6883.497737057138, 

parameters:
3.667521941785561, -19.879593409570603, 15.557938673135766, 
objectives:
-21.986814889227837, -1.5410253100985507, 394.0910126501857, 

parameters:
-0.5042396612122116, -89.66083462394487, 2.2678941965780117, 
objectives:
-91.67447118458347, -81.1217241465786, 8038.051628901751, 

parameters:
-0.7365805806105823, -28.442362226899, 7.162333446217234, 
objectives:
-35.06214472138361, -13.791155506506813, 803.3481865516466, 

parameters:
1.7953611853497828, -43.84755517496586, 0.6096759745562979, 
objectives:
-41.23390936366158, -43.19600215594812, 1926.22174063298, 

parameters:
1.400766279806751, -60.406939889345814, 0, 
objectives:
-58.44479371870217, -60.047858837929176, 3651.9605329656824, 

parameters:
1.392176909979309, -84.41935220930725, 0.5181316137204348, 
objectives:
-82.99932727434813, -83.53177168682453, 7129.047052374028, 

parameters:
0.9382848538210367, -77.02918835475356, 3.8054829495280535, 
objectives:
-79.95429283737165, -72.09646635359968, 5931.5707541094835, 

parameters:
0.8626655294692567, -51.89284700388962, 9.195402917416233, 
objectives:
-60.34405810557138, -41.403914388615945, 2685.4163590674143, 

parameters:
2.9412942066860794, -97.3538450592569, 0, 
objectives:
-88.70263344897181, -96.46781027571612, 9487.422359432085, 

parameters:
-0.6560448525948104, -68.61948143619722, 0.2620756009320231, 
objectives:
-68.4511621885131, -61.30283157626981, 4709.801551820298, 

parameters:
0.36306095961789675, -36.23976699311365, 2.6686988777105203, 
objectives:
-38.7766526104255, -30.891498693476045, 1311.7838260978576, 

parameters:
-1.813209097765427, -75.71082168739125, 3.141002185711772, 
objectives:
-75.5640966408837, -58.02925587839845, 5733.27524562646, 

parameters:
0.411453305979403, -98.919128927048, 0.885823593095011, 
objectives:
-99.63565869714164, -95.50982473486923, 9785.277537915852, 

parameters:
-0.7279986126909774, -73.3071175031779, 0, 
objectives:
-72.77713552309793, -65.86514107233401, 5375.463458604813, 

parameters:
2.909934468963572, -29.654165577762456, 0, 
objectives:
-21.18644696410015, -28.826184839954436, 888.837254727014, 

parameters:
-0.9941157047382349, -10.18688945453701, 12.081248873230283, 
objectives:
-21.279872293360096, 10.859088272053409, 93.67973392013425, 

parameters:
1.1711405973027318, -33.64437241449589, 0, 
objectives:
-32.272802115845295, -32.95736450505622, 1134.3153654639427, 

parameters:
-1.6487381682815674, -26.417840251086623, 11.625466798367668, 
objectives:
-35.324969501905834, -1.4790832320442284, 689.9951542811133, 

parameters:
0.33533418203252885, -63.1127988421687, 6.178413004352096, 
objectives:
-69.17876283288138, -54.163273552307295, 3978.1594137013385, 

parameters:
1.6685317402170843, -51.26724613619537, 17.52440207263807, 
objectives:
-66.00765004072159, -33.632972856313785, 2614.5901224847125, 

parameters:
-0.07185703184206127, -66.77991175108664, 8.15374602254284, 
objectives:
-74.92849434060435, -54.333574168150406, 4452.408030893402, 

parameters:
0.09526066836606956, -72.29588174908807, 0, 
objectives:
-72.28680715415052, -68.6678498276148, 5227.703592473063, 

parameters:
3.735346721664265, -90.32292270000993, 3.0484066053784424, 
objectives:
-79.4185141743404, -84.26308785024057, 8170.134773597638, 

parameters:
1.0870426747928197, -64.1539306762746, 3.041079779485321, 
objectives:
-66.0133486789392, -60.27935981913983, 4114.867403213582, 

parameters:
0.7505930045215007, -63.67535195268592, 7.79581191574991, 
objectives:
-70.90777400999922, -54.318522196585405, 4048.3180242411095, 

