Generation 1899 at Fri May 24 19:48:18 2019
parameters:
3.6188478361640204, -4.71692993684529, 6.125294650794254, 
objectives:
2.2538350736694692, 4.029033030601896, 30.220193039622067, 

parameters:
0.05101637681523949, -100, 19.95971668145522, 
objectives:
-119.95711401075187, -76.24174615510238, 9981.042885989249, 

parameters:
-1.7280376119568586, -9.264316821903705, 20, 
objectives:
-26.27820283356614, 24.63394761426129, 69.81368016494554, 

parameters:
-0.09310337269809921, -0.38187417318528993, 20, 
objectives:
-20.37320593517753, 23.999207555614866, -18.84550387784629, 

parameters:
1.9973066371654076, -100, 0, 
objectives:
-96.01076619713501, -99.99999274579665, 10004.989233802866, 

parameters:
0.4986928861119146, -91.20753268281179, 19.662191548963676, 
objectives:
-110.62102963711683, -69.29141808363714, 8300.400521131876, 

parameters:
1.1705586690539587, -98.5538670604306, 9.642059391477552, 
objectives:
-106.82571885421078, -88.2238347474715, 9705.592860771249, 

parameters:
2.546091795572978, 0.5052113246695047, 14.155629623102921, 
objectives:
-7.167834866949386, 14.959057196964546, -6.417807709044575, 

parameters:
2.300102133125354, -14.890625439544415, 7.266840787386453, 
objectives:
-16.866996404123064, -7.533723361851575, 220.75435501622866, 

parameters:
1.5171578853562298, -94.73235656899433, 0, 
objectives:
-92.43058851989575, -94.49922006132067, 8977.521149164184, 

parameters:
-1.5232270960681555, -77.67217872021318, 16.05769040688805, 
objectives:
-91.409648340905, -49.20135914285628, 6020.229877524045, 

parameters:
-0.5510769981169821, -82.97496003122258, 2.649940983700997, 
objectives:
-85.32121515706996, -73.81702519720002, 6883.497737057138, 

parameters:
3.0491728083257095, -87.7727264969446, 5.925829555349486, 
objectives:
-84.40110123726119, -80.74613335986507, 7708.423141967125, 

parameters:
-1.1120468716168626, -63.475503917871315, 12.538437668198155, 
objectives:
-74.77729334139661, -41.252230518532855, 4018.8378082041713, 

parameters:
0.36306095961789675, -36.23976699311365, 2.6686988777105203, 
objectives:
-38.7766526104255, -30.891498693476045, 1311.7838260978576, 

parameters:
2.413299940495801, -56.94148794323677, 2.036152969613114, 
objectives:
-53.15362431005285, -54.734518132809825, 3247.1209128229625, 

parameters:
-2.8818365676412356, -47.91493426934211, 20, 
objectives:
-59.6099522667479, -4.082605996182956, 2285.1459080379695, 

parameters:
1.3463649787646779, -43.21742240298224, 8.143439957792165, 
objectives:
-49.548163704730385, -34.646743704204766, 1862.4148578560428, 

parameters:
4.322829073258431, -23.33509901025483, 1.73253623707106, 
objectives:
-6.380784050717545, -16.20702786960915, 562.4811607779333, 

parameters:
1.392176909979309, -84.41935220930725, 0.5181316137204348, 
objectives:
-82.99932727434813, -83.53177168682453, 7129.047052374028, 

parameters:
0.7397157124895852, -27.598721737185034, 2.2300574583906903, 
objectives:
-29.281599860271747, -23.780347793448712, 761.006563403483, 

parameters:
-0.6560448525948104, -68.61948143619722, 0.2620756009320231, 
objectives:
-68.4511621885131, -61.30283157626981, 4709.801551820298, 

parameters:
1.400766279806751, -60.406939889345814, 0, 
objectives:
-58.44479371870217, -60.047858837929176, 3651.9605329656824, 

parameters:
-0.7365805806105823, -28.442362226899, 7.162333446217234, 
objectives:
-35.06214472138361, -13.791155506506813, 803.3481865516466, 

parameters:
1.0242574226737649, -97.24511779349034, 0, 
objectives:
-96.19601452558804, -96.29304421628309, 9458.662037937713, 

parameters:
1.7953611853497828, -43.84755517496586, 0.6096759745562979, 
objectives:
-41.23390936366158, -43.19600215594812, 1926.22174063298, 

parameters:
0.1396315851622798, -34.97479831858461, 11.522106340101946, 
objectives:
-46.47740767911162, -19.991721339556854, 1212.733908065142, 

parameters:
-0.3411545150886741, -75.5461419043458, 4.275997460716237, 
objectives:
-79.70575296189665, -65.78913998010948, 5704.059945574002, 

parameters:
-0.5247996585802079, -72.11631343885766, 8.231153116194994, 
objectives:
-80.07205187340675, -57.51054700669592, 5193.806925577013, 

parameters:
0.552841732371278, -56.41817571124905, 6.896977293452539, 
objectives:
-63.00951902365031, -47.42693136623035, 3177.419207272971, 

parameters:
0.8626655294692567, -51.89284700388962, 9.195402917416233, 
objectives:
-60.34405810557138, -41.403914388615945, 2685.4163590674143, 

parameters:
-2.265246221666735, -66.92217331131812, 7.129569046599237, 
objectives:
-68.92040191314194, -41.60027893327652, 4477.579052108275, 

parameters:
1.1711405973027318, -33.64437241449589, 0, 
objectives:
-32.272802115845295, -32.95736450505622, 1134.3153654639427, 

parameters:
-0.7279986126909774, -73.3071175031779, 0, 
objectives:
-72.77713552309793, -65.86514107233401, 5375.463458604813, 

parameters:
2.9412942066860794, -97.3538450592569, 0, 
objectives:
-88.70263344897181, -96.46781027571612, 9487.422359432085, 

parameters:
3.440715573251797, -73.03633140363942, 2.4786534391219313, 
objectives:
-63.67646118674391, -68.48201660150724, 5344.665575119141, 

