Generation 190 at Sat May 25 04:36:26 2019
parameters:
0, 0.0, 20.0, 
objectives:
-20.0, 24.0, -19.0, 

parameters:
0, 0.0, 20.0, 
objectives:
-20.0, 24.0, -19.0, 

parameters:
2.003485383126764, 0.0, 20.0, 
objectives:
-15.986046319597403, 20.00001214789554, -14.986046319597403, 

parameters:
1.3945899170130613, 0.0, 20.0, 
objectives:
-18.0551189633655, 20.36652136858225, -17.0551189633655, 

parameters:
1.9256138418811688, 0.0, 20.0, 
objectives:
-16.292011331955646, 20.00553330051968, -15.292011331955646, 

parameters:
0.8918963599855954, 0.0, 20.0, 
objectives:
-19.204520883044445, 21.227893677013174, -18.204520883044445, 

parameters:
1.196988010188659, 0.0, 20.0, 
objectives:
-18.567219703464595, 20.64482825578077, -17.567219703464595, 

parameters:
1.518926355206698, 0.0, 20.0, 
objectives:
-17.692862727458497, 20.231431851714714, -16.692862727458497, 

parameters:
1.3160770995491664, 0.0, 20.0, 
objectives:
-18.267941068042255, 20.46775053376108, -17.267941068042255, 

parameters:
1.0112887850261383, 0.0, 20.0, 
objectives:
-18.977294993280356, 20.97754986661509, -17.977294993280356, 

parameters:
1.6262064498802187, 0.0, 20.0, 
objectives:
-17.355452582367974, 20.13972161811115, -16.355452582367974, 

parameters:
0.2724655757853229, 0.0, 20.0, 
objectives:
-19.92576251001197, 22.984375186846737, -18.92576251001197, 

parameters:
0.7147112216209679, 0.0, 20.0, 
objectives:
-19.489187869689065, 21.651967243827066, -18.489187869689065, 

parameters:
0.6385250073332925, 0.0, 20.0, 
objectives:
-19.59228581501002, 21.85361415565681, -18.59228581501002, 

parameters:
0.5212107034050728, 0.0, 20.0, 
objectives:
-19.72833940265599, 22.18681778372372, -18.72833940265599, 

parameters:
1.0919173379110505, 0.0, 20.0, 
objectives:
-18.807716527169244, 20.824614121186553, -17.807716527169244, 

parameters:
0.7965322546960196, 0.0, 20.0, 
objectives:
-19.365536367228874, 21.448334613987047, -18.365536367228877, 

parameters:
1.8095444260228466, 0.0, 20.0, 
objectives:
-16.725548970249648, 20.036273325658968, -15.725548970249648, 

parameters:
1.5600070917104698, 0.0, 20.0, 
objectives:
-17.566377873813042, 20.193593759345077, -16.566377873813042, 

parameters:
0.08158650986697231, 0.0, 20.0, 
objectives:
-19.993343641407726, 23.680310319124384, -18.993343641407726, 

parameters:
0.40768455544534554, 0.0, 20.0, 
objectives:
-19.83379330325133, 22.53546847496729, -18.83379330325133, 

parameters:
1.1699171689531456, 0.0, 20.0, 
objectives:
-18.631293817788656, 20.689037506398762, -17.631293817788656, 

parameters:
0.5681479206185234, 0.0, 20.0, 
objectives:
-19.67720794029685, 22.050200377229057, -18.67720794029685, 

parameters:
0.16015571781669105, 0.0, 20.0, 
objectives:
-19.97435014605062, 23.385026982682614, -18.97435014605062, 

parameters:
0.41451370521635805, 0.0, 20.0, 
objectives:
-19.828178388187805, 22.51376679094676, -18.828178388187805, 

parameters:
0.8479441032468115, 0.0, 20.0, 
objectives:
-19.28099079776896, 21.327232789243794, -18.28099079776896, 

parameters:
1.7615991324384104, 0.0, 20.0, 
objectives:
-16.89676849659224, 20.05683497365412, -15.896768496592241, 

parameters:
0.21826542065478366, 0.0, 20.0, 
objectives:
-19.95236020614639, 23.174578111234474, -18.95236020614639, 

parameters:
1.8684415155530796, 0.0, 20.0, 
objectives:
-16.50892630295771, 20.017307634829972, -15.508926302957711, 

parameters:
1.0471346878374679, 0.0, 20.0, 
objectives:
-18.903508945527527, 20.9079523031226, -17.903508945527527, 

parameters:
1.6854019001817577, 0.0, 20.0, 
objectives:
-17.15942043486372, 20.098971964409248, -16.15942043486372, 

parameters:
1.739935065684307, 0.0, 20.0, 
objectives:
-16.97262596720215, 20.067633770060624, -15.972625967202147, 

parameters:
1.8583524942149638, 0.0, 20.0, 
objectives:
-16.546526007245024, 20.020064015895123, -15.546526007245022, 

parameters:
1.6994087523201347, 0.0, 20.0, 
objectives:
-17.112009892537724, 20.09035509818174, -16.112009892537724, 

parameters:
1.3469902143743193, 0.0, 20.0, 
objectives:
-18.185617362379826, 20.426421780122897, -17.185617362379826, 

parameters:
1.5312727000595991, 0.0, 20.0, 
objectives:
-17.655203918052184, 20.21970528170942, -16.655203918052184, 

parameters:
1.3407491947167895, 0.0, 20.0, 
objectives:
-18.20239159686628, 20.434611624266562, -17.20239159686628, 

parameters:
1.6901499693455406, 0.0, 20.0, 
objectives:
-17.143393081121268, 20.09600704149657, -16.143393081121268, 

parameters:
1.8617517683269558, 0.0, 20.0, 
objectives:
-16.533880353131455, 20.019112573560722, -15.533880353131453, 

