Generation 1905 at Fri May 24 19:48:18 2019
parameters:
0.05101637681523949, -100, 19.95971668145522, 
objectives:
-119.95711401075187, -76.24174615510238, 9981.042885989249, 

parameters:
4.769455064317244, -1.4363443252283474, 8.12565946907538, 
objectives:
13.185697816237678, 14.359196497119461, 17.685127162081702, 

parameters:
-1.6317147791507667, -6.360395558009941, 20, 
objectives:
-23.697902437510905, 26.828956679092162, 24.117124774851625, 

parameters:
-0.09310337269809921, -0.38187417318528993, 20, 
objectives:
-20.37320593517753, 23.999207555614866, -18.84550387784629, 

parameters:
1.9973066371654076, -100, 0, 
objectives:
-96.01076619713501, -99.99999274579665, 10004.989233802866, 

parameters:
0.4986928861119146, -91.20753268281179, 19.662191548963676, 
objectives:
-110.62102963711683, -69.29141808363714, 8300.400521131876, 

parameters:
1.251757381733123, -23.526268482798066, 12.159841256915955, 
objectives:
-34.11921319699066, -10.80656021009124, 543.8923640105052, 

parameters:
-0.3411545150886741, -75.5461419043458, 4.275997460716237, 
objectives:
-79.70575296189665, -65.78913998010948, 5704.059945574002, 

parameters:
3.6188478361640204, -4.71692993684529, 6.125294650794254, 
objectives:
2.2538350736694692, 4.029033030601896, 30.220193039622067, 

parameters:
1.5171578853562298, -94.73235656899433, 0, 
objectives:
-92.43058851989575, -94.49922006132067, 8977.521149164184, 

parameters:
1.3463649787646779, -43.21742240298224, 8.143439957792165, 
objectives:
-49.548163704730385, -34.646743704204766, 1862.4148578560428, 

parameters:
0.2600124974753839, -97.66175455003325, 5.470828675966546, 
objectives:
-103.0649767271564, -89.16336936512485, 9533.415079613816, 

parameters:
-1.6273022623593576, -31.109756299796803, 14.397728105328937, 
objectives:
-42.85937175204586, -3.5547064919505544, 957.0673215804978, 

parameters:
0.3091132481449521, -40.25402140450684, 11.607574253585431, 
objectives:
-51.76604465791355, -25.787349143322487, 1609.874215981088, 

parameters:
1.392176909979309, -84.41935220930725, 0.5181316137204348, 
objectives:
-82.99932727434813, -83.53177168682453, 7129.047052374028, 

parameters:
-1.7588695487594501, -81.76830778192259, 8.861289658701326, 
objectives:
-87.53597535107063, -58.77791783863019, 6681.288489950075, 

parameters:
-1.5232270960681555, -77.67217872021318, 16.05769040688805, 
objectives:
-91.409648340905, -49.20135914285628, 6020.229877524045, 

parameters:
-0.6560448525948104, -68.61948143619722, 0.2620756009320231, 
objectives:
-68.4511621885131, -61.30283157626981, 4709.801551820298, 

parameters:
0.1396315851622798, -34.97479831858461, 11.522106340101946, 
objectives:
-46.47740767911162, -19.991721339556854, 1212.733908065142, 

parameters:
2.715667976616226, -53.86241025469107, 13.25030735410208, 
objectives:
-59.73786504957428, -40.099922247835025, 2896.2837836497665, 

parameters:
-0.978194637159189, -7.303475894801188, 7.290679576551002, 
objectives:
-13.637290723185194, 8.856846978553566, 48.00694531755802, 

parameters:
4.322829073258431, -23.33509901025483, 1.73253623707106, 
objectives:
-6.380784050717545, -16.20702786960915, 562.4811607779333, 

parameters:
-1.5347123630138406, -64.76272160531234, 8.38694393918799, 
objectives:
-70.7943235073128, -43.881586176881456, 4189.178507825188, 

parameters:
-2.8818365676412356, -47.91493426934211, 20, 
objectives:
-59.6099522667479, -4.082605996182956, 2285.1459080379695, 

parameters:
1.1705586690539587, -98.5538670604306, 9.642059391477552, 
objectives:
-106.82571885421078, -88.2238347474715, 9705.592860771249, 

parameters:
0.552841732371278, -56.41817571124905, 6.896977293452539, 
objectives:
-63.00951902365031, -47.42693136623035, 3177.419207272971, 

parameters:
-1.1120468716168626, -63.475503917871315, 12.538437668198155, 
objectives:
-74.77729334139661, -41.252230518532855, 4018.8378082041713, 

parameters:
2.055035881662808, -68.94874844575658, 20, 
objectives:
-84.72557597083494, -48.94571949748618, 4739.153084711142, 

parameters:
2.413299940495801, -56.94148794323677, 2.036152969613114, 
objectives:
-53.15362431005285, -54.734518132809825, 3247.1209128229625, 

parameters:
-2.125313775263827, -40.995437768574675, 18.277616703911022, 
objectives:
-54.75609582915951, -5.6996073202821655, 1667.8652597764942, 

parameters:
-1.0450096487772202, -88.17631787521033, 0.4911331636459467, 
objectives:
-87.57540587281878, -78.41310095041803, 7776.663946032529, 

parameters:
1.8553679252533946, -59.25116898314157, 18.030510760794233, 
objectives:
-73.83928960587671, -41.19973978530183, 3497.1129052460624, 

parameters:
-0.5726101873780358, -85.98024558852242, 0, 
objectives:
-85.6523631618333, -79.36192241232116, 7393.930513889319, 

parameters:
0.534088731523245, 2.013347783776812, 12.96890114439546, 
objectives:
-10.670302587478538, 17.1311447752194, -7.630081072816351, 

parameters:
0.7642578271537261, 2.696028628807518, 18.249572473147683, 
objectives:
-14.969453817974431, 22.47265981970603, -9.396912079432202, 

parameters:
-0.8372596631479099, -33.30434378205054, 11.58761392480372, 
objectives:
-44.19095396331971, -13.666687461120626, 1099.2927045717393, 

parameters:
-0.47610590920952767, -87.32696460365182, 4.717315930186294, 
objectives:
-91.81760369705387, -76.47854819984319, 7622.508107794055, 

parameters:
2.546091795572978, 0.5052113246695047, 14.155629623102921, 
objectives:
-7.167834866949386, 14.959057196964546, -6.417807709044575, 

