Generation 1912 at Fri May 24 19:48:18 2019
parameters:
4.769455064317244, -1.4363443252283474, 8.12565946907538, 
objectives:
13.185697816237678, 14.359196497119461, 17.685127162081702, 

parameters:
0.05101637681523949, -100, 19.95971668145522, 
objectives:
-119.95711401075187, -76.24174615510238, 9981.042885989249, 

parameters:
-1.6317147791507667, -6.360395558009941, 20, 
objectives:
-23.697902437510905, 26.828956679092162, 24.117124774851625, 

parameters:
-0.09310337269809921, -0.38187417318528993, 20, 
objectives:
-20.37320593517753, 23.999207555614866, -18.84550387784629, 

parameters:
1.9973066371654076, -100, 0, 
objectives:
-96.01076619713501, -99.99999274579665, 10004.989233802866, 

parameters:
0.4986928861119146, -91.20753268281179, 19.662191548963676, 
objectives:
-110.62102963711683, -69.29141808363714, 8300.400521131876, 

parameters:
1.5171578853562298, -94.73235656899433, 0, 
objectives:
-92.43058851989575, -94.49922006132067, 8977.521149164184, 

parameters:
2.055035881662808, -68.94874844575658, 20, 
objectives:
-84.72557597083494, -48.94571949748618, 4739.153084711142, 

parameters:
-1.7493762375111865, -86.6079562614419, 12.925105389380857, 
objectives:
-96.47274443045396, -59.625028701647494, 7492.073299614822, 

parameters:
0.2600124974753839, -97.66175455003325, 5.470828675966546, 
objectives:
-103.0649767271564, -89.16336936512485, 9533.415079613816, 

parameters:
0.7822464825996627, 4.547267137268861, 1.333828605673198, 
objectives:
3.825348091135207, 7.364019372082953, 20.955719371551687, 

parameters:
4.322829073258431, -23.33509901025483, 1.73253623707106, 
objectives:
-6.380784050717545, -16.20702786960915, 562.4811607779333, 

parameters:
-0.15494239538329968, -60.73966161613813, 10.946454013042437, 
objectives:
-71.66210848329345, -45.14943087567538, 3679.384046375808, 

parameters:
3.904112546680477, -75.16500967679264, 6.207446653172935, 
objectives:
-66.13036155281765, -65.33191843319369, 5659.813327836306, 

parameters:
-1.6273022623593576, -31.109756299796803, 14.397728105328937, 
objectives:
-42.85937175204586, -3.5547064919505544, 957.0673215804978, 

parameters:
1.392176909979309, -84.41935220930725, 0.5181316137204348, 
objectives:
-82.99932727434813, -83.53177168682453, 7129.047052374028, 

parameters:
0.7736223349655997, -18.69690587025012, 19.422348681638386, 
objectives:
-37.52076303473088, 2.2294449886834933, 331.75043195651267, 

parameters:
0.6190524317949104, -52.44722592521713, 8.751706251670699, 
objectives:
-60.81570626357664, -41.788503487414886, 2743.3430269124083, 

parameters:
-1.7773637176123689, -10.843667617706673, 20, 
objectives:
-27.68464583302181, 23.424809037427664, 101.74414918798519, 

parameters:
2.413299940495801, -56.94148794323677, 2.036152969613114, 
objectives:
-53.15362431005285, -54.734518132809825, 3247.1209128229625, 

parameters:
-1.7588695487594501, -81.76830778192259, 8.861289658701326, 
objectives:
-87.53597535107063, -58.77791783863019, 6681.288489950075, 

parameters:
0.07002767478375427, -36.9571531806976, 17.765127866617696, 
objectives:
-54.71737717207968, -15.467232137979302, 1349.0709472301648, 

parameters:
5.370209210608702, -28.555172987392236, 10.150840763663695, 
objectives:
-9.86686678534939, -7.04602210045681, 835.086210541938, 

parameters:
0.9426870648554846, -46.99218616597615, 9.84994857115486, 
objectives:
-55.95347583488516, -36.02432695199738, 2200.3042709888514, 

parameters:
0.7090366403969747, -46.88931260209997, 19.821699131879363, 
objectives:
-66.2082787765539, -25.40102707438308, 2180.288670122997, 

parameters:
1.1705586690539587, -98.5538670604306, 9.642059391477552, 
objectives:
-106.82571885421078, -88.2238347474715, 9705.592860771249, 

parameters:
-0.978194637159189, -7.303475894801188, 7.290679576551002, 
objectives:
-13.637290723185194, 8.856846978553566, 48.00694531755802, 

parameters:
1.3463649787646779, -43.21742240298224, 8.143439957792165, 
objectives:
-49.548163704730385, -34.646743704204766, 1862.4148578560428, 

parameters:
0.7027901438709045, -77.10853674771874, 2.245672548943779, 
objectives:
-78.86029531034043, -73.1801107879365, 5944.97468081167, 

parameters:
1.0086405076276055, -66.77561086972332, 9.930452008536882, 
objectives:
-75.68870720463292, -55.86236521806959, 4451.069110689802, 

parameters:
1.7335445351148542, -85.63402051836387, 7.399952843029012, 
objectives:
-90.0287967061663, -78.1630691605677, 7329.7906939517625, 

parameters:
0.3091132481449521, -40.25402140450684, 11.607574253585431, 
objectives:
-51.76604465791355, -25.787349143322487, 1609.874215981088, 

parameters:
-1.1120468716168626, -63.475503917871315, 12.538437668198155, 
objectives:
-74.77729334139661, -41.252230518532855, 4018.8378082041713, 

parameters:
3.19086744912349, -42.70437093219707, 0.19174279285953083, 
objectives:
-32.714478647180755, -41.094462857955655, 1834.6531889996945, 

parameters:
-3.1558318747935488, -76.86441236232417, 18.886306419775412, 
objectives:
-85.79144396013662, -31.395503621411603, 5900.2108562076, 

parameters:
4.431315247965173, -76.22044609503867, 4.333909261262581, 
objectives:
-60.917800529452606, -65.97524299878813, 5825.8590484922815, 

parameters:
2.425953199145067, -78.4720773209599, 12.763449983159262, 
objectives:
-85.35027837967698, -65.52719120993872, 6151.988718007991, 

parameters:
-0.3494233444701882, -22.475606401951314, 10.460574016316905, 
objectives:
-32.81408374460749, -6.495242334092925, 495.8144057927787, 

parameters:
2.4134044816739193, -26.21887411261752, 19.48912458550694, 
objectives:
-39.8834775059607, -6.5588462616425005, 674.764756339942, 

