Generation 1921 at Fri May 24 19:48:18 2019
parameters:
0.05101637681523949, -100, 19.95971668145522, 
objectives:
-119.95711401075187, -76.24174615510238, 9981.042885989249, 

parameters:
3.663996635756507, -0.6516167732347711, 4.982985236898843, 
objectives:
7.790269336701387, 7.100253267473045, 9.866490529097053, 

parameters:
-1.6317147791507667, -6.360395558009941, 20, 
objectives:
-23.697902437510905, 26.828956679092162, 24.117124774851625, 

parameters:
-0.09310337269809921, -0.38187417318528993, 20, 
objectives:
-20.37320593517753, 23.999207555614866, -18.84550387784629, 

parameters:
1.9973066371654076, -100, 0, 
objectives:
-96.01076619713501, -99.99999274579665, 10004.989233802866, 

parameters:
0.4986928861119146, -91.20753268281179, 19.662191548963676, 
objectives:
-110.62102963711683, -69.29141808363714, 8300.400521131876, 

parameters:
0.2600124974753839, -97.66175455003325, 5.470828675966546, 
objectives:
-103.0649767271564, -89.16336936512485, 9533.415079613816, 

parameters:
1.5171578853562298, -94.73235656899433, 0, 
objectives:
-92.43058851989575, -94.49922006132067, 8977.521149164184, 

parameters:
-0.15494239538329968, -60.73966161613813, 10.946454013042437, 
objectives:
-71.66210848329345, -45.14943087567538, 3679.384046375808, 

parameters:
2.1308101368493086, -31.543392756950198, 1.3101305106320043, 
objectives:
-28.31317142828243, -30.21615095441566, 999.215847947886, 

parameters:
4.028897799587244, -30.15213655509823, 20, 
objectives:
-33.920119075579294, -6.03571027392827, 906.38335631681, 

parameters:
4.2614716979176315, -66.43624922640234, 3.5692937721669464, 
objectives:
-51.845401966416304, -57.75270121375294, 4429.3660585326315, 

parameters:
1.392176909979309, -84.41935220930725, 0.5181316137204348, 
objectives:
-82.99932727434813, -83.53177168682453, 7129.047052374028, 

parameters:
2.775355134500753, -74.20164685276326, 0.568976817089128, 
objectives:
-67.0680275472527, -73.03149445107746, 5514.0180149677035, 

parameters:
2.8287200054602066, -70.58929269138068, 19.956904895717763, 
objectives:
-82.54454071780765, -49.94561094821295, 4971.8929946429835, 

parameters:
3.074827267823415, -15.760847142959378, 5.788040037752647, 
objectives:
-12.094324453761619, -8.817553449549983, 253.07082535292858, 

parameters:
-0.7067067524488522, 3.434454846150504, 0.7253342196268777, 
objectives:
3.2085550604804296, 11.486050509529594, 12.569580304576608, 

parameters:
-0.6909716010508973, -87.76972384106882, 0.4642365733180506, 
objectives:
-87.75651866092804, -80.06415911008835, 7704.5376283176265, 

parameters:
1.5351439547014918, -51.39833629702299, 0, 
objectives:
-49.04166933536646, -51.18224515417243, 2645.145641063528, 

parameters:
3.058912837861815, -9.3310951368783, 6.384120540795504, 
objectives:
-6.358267928037982, -1.8256781978942342, 91.04216366231418, 

parameters:
-1.7588695487594501, -81.76830778192259, 8.861289658701326, 
objectives:
-87.53597535107063, -58.77791783863019, 6681.288489950075, 

parameters:
0.9426870648554846, -46.99218616597615, 9.84994857115486, 
objectives:
-55.95347583488516, -36.02432695199738, 2200.3042709888514, 

parameters:
-0.48250648128431184, -52.35249888174693, 7.1692583418122515, 
objectives:
-59.28894471907782, -39.02040211031606, 2734.847693325983, 

parameters:
0.7027901438709045, -77.10853674771874, 2.245672548943779, 
objectives:
-78.86029531034043, -73.1801107879365, 5944.97468081167, 

parameters:
2.413299940495801, -56.94148794323677, 2.036152969613114, 
objectives:
-53.15362431005285, -54.734518132809825, 3247.1209128229625, 

parameters:
4.304904472225607, -9.752558726466408, 20, 
objectives:
-11.220356211478379, 15.560025899619195, 94.64460422816411, 

parameters:
-0.01088545279556509, -38.70884257386442, 14.496327726804118, 
objectives:
-53.205051807585974, -20.16885454279548, 1484.8782841744974, 

parameters:
0.25344099212368776, -22.101443575690684, 19.392505798025383, 
objectives:
-41.42971703722743, 0.34153059032858835, 470.1455346679023, 

parameters:
-1.7493762375111865, -86.6079562614419, 12.925105389380857, 
objectives:
-96.47274443045396, -59.625028701647494, 7492.073299614822, 

parameters:
0.11039278832323918, -40.866937144064934, 19.959173246969048, 
objectives:
-60.81392382332021, -17.337148482675065, 1651.1595648576988, 

parameters:
1.7149415689327248, -44.98201286155707, 19.58252418451946, 
objectives:
-61.623512461223086, -25.318230367915067, 2007.7399814776193, 

parameters:
3.619471005190072, -76.36738119018233, 11.689618100012847, 
objectives:
-74.95642893278355, -62.05507675351814, 5834.387862104013, 

parameters:
0.13504815501440381, -20.791957846131666, 20, 
objectives:
-40.77371984195887, 2.6860875379835143, 413.32374907948895, 

parameters:
1.0390582747354054, -42.445498436723625, 15.88688427839825, 
objectives:
-57.252740616825754, -25.635205158970884, 1787.8130953618056, 

parameters:
1.0365010538129988, -75.9809339807733, 0, 
objectives:
-74.90659954621785, -75.05260376146984, 5775.176663025187, 

parameters:
3.0962157762674014, -13.298181585774813, 17.739096201025546, 
objectives:
-21.45072565359321, 5.642603643388275, 169.6890894204219, 

