Generation 1922 at Fri May 24 19:48:18 2019
parameters:
3.663996635756507, -0.6516167732347711, 4.982985236898843, 
objectives:
7.790269336701387, 7.100253267473045, 9.866490529097053, 

parameters:
0.05101637681523949, -100, 19.95971668145522, 
objectives:
-119.95711401075187, -76.24174615510238, 9981.042885989249, 

parameters:
-1.6317147791507667, -6.360395558009941, 20, 
objectives:
-23.697902437510905, 26.828956679092162, 24.117124774851625, 

parameters:
-0.09310337269809921, -0.38187417318528993, 20, 
objectives:
-20.37320593517753, 23.999207555614866, -18.84550387784629, 

parameters:
1.9973066371654076, -100, 0, 
objectives:
-96.01076619713501, -99.99999274579665, 10004.989233802866, 

parameters:
2.1308101368493086, -31.543392756950198, 1.3101305106320043, 
objectives:
-28.31317142828243, -30.21615095441566, 999.215847947886, 

parameters:
0.25344099212368776, -22.101443575690684, 19.392505798025383, 
objectives:
-41.42971703722743, 0.34153059032858835, 470.1455346679023, 

parameters:
-0.15494239538329968, -60.73966161613813, 10.946454013042437, 
objectives:
-71.66210848329345, -45.14943087567538, 3679.384046375808, 

parameters:
1.5171578853562298, -94.73235656899433, 0, 
objectives:
-92.43058851989575, -94.49922006132067, 8977.521149164184, 

parameters:
0.2600124974753839, -97.66175455003325, 5.470828675966546, 
objectives:
-103.0649767271564, -89.16336936512485, 9533.415079613816, 

parameters:
0.4986928861119146, -91.20753268281179, 19.662191548963676, 
objectives:
-110.62102963711683, -69.29141808363714, 8300.400521131876, 

parameters:
0.11039278832323918, -40.866937144064934, 19.959173246969048, 
objectives:
-60.81392382332021, -17.337148482675065, 1651.1595648576988, 

parameters:
4.028897799587244, -30.15213655509823, 20, 
objectives:
-33.920119075579294, -6.03571027392827, 906.38335631681, 

parameters:
4.2614716979176315, -66.43624922640234, 3.5692937721669464, 
objectives:
-51.845401966416304, -57.75270121375294, 4429.3660585326315, 

parameters:
0.9426870648554846, -46.99218616597615, 9.84994857115486, 
objectives:
-55.95347583488516, -36.02432695199738, 2200.3042709888514, 

parameters:
-1.7493762375111865, -86.6079562614419, 12.925105389380857, 
objectives:
-96.47274443045396, -59.625028701647494, 7492.073299614822, 

parameters:
-0.01088545279556509, -38.70884257386442, 14.496327726804118, 
objectives:
-53.205051807585974, -20.16885454279548, 1484.8782841744974, 

parameters:
1.5351439547014918, -51.39833629702299, 0, 
objectives:
-49.04166933536646, -51.18224515417243, 2645.145641063528, 

parameters:
2.775355134500753, -74.20164685276326, 0.568976817089128, 
objectives:
-67.0680275472527, -73.03149445107746, 5514.0180149677035, 

parameters:
2.3136850277377694, -70.17033782974775, 2.5963547486557355, 
objectives:
-67.41355417082558, -67.47558478446517, 4927.63309479985, 

parameters:
0.7027901438709045, -77.10853674771874, 2.245672548943779, 
objectives:
-78.86029531034043, -73.1801107879365, 5944.97468081167, 

parameters:
1.8598318006655292, -96.65697906044694, 19.75195761965436, 
objectives:
-112.94996235333453, -76.88537431668792, 9327.278617798791, 

parameters:
3.074827267823415, -15.760847142959378, 5.788040037752647, 
objectives:
-12.094324453761619, -8.817553449549983, 253.07082535292858, 

parameters:
-1.7588695487594501, -81.76830778192259, 8.861289658701326, 
objectives:
-87.53597535107063, -58.77791783863019, 6681.288489950075, 

parameters:
0.3797087503945409, 9.328177098046872, 8.751733322007208, 
objectives:
0.720622511165848, 20.705254153602098, 79.40733338564515, 

parameters:
3.058912837861815, -9.3310951368783, 6.384120540795504, 
objectives:
-6.358267928037982, -1.8256781978942342, 91.04216366231418, 

parameters:
-0.6909716010508973, -87.76972384106882, 0.4642365733180506, 
objectives:
-87.75651866092804, -80.06415911008835, 7704.5376283176265, 

parameters:
-0.48250648128431184, -52.35249888174693, 7.1692583418122515, 
objectives:
-59.28894471907782, -39.02040211031606, 2734.847693325983, 

parameters:
4.304904472225607, -9.752558726466408, 20, 
objectives:
-11.220356211478379, 15.560025899619195, 94.64460422816411, 

parameters:
2.413299940495801, -56.94148794323677, 2.036152969613114, 
objectives:
-53.15362431005285, -54.734518132809825, 3247.1209128229625, 

parameters:
1.392176909979309, -84.41935220930725, 0.5181316137204348, 
objectives:
-82.99932727434813, -83.53177168682453, 7129.047052374028, 

parameters:
-2.712168329022832, -77.59917774596838, 18.938721816498507, 
objectives:
-89.18204251751237, -36.45592556842404, 6011.049522078849, 

parameters:
-0.7067067524488522, 3.434454846150504, 0.7253342196268777, 
objectives:
3.2085550604804296, 11.486050509529594, 12.569580304576608, 

parameters:
-0.9198914575237983, -71.33957968378256, 18.287708344140505, 
objectives:
-88.78108773429781, -44.5261052159216, 5072.894121408245, 

parameters:
-0.22365737942696362, -54.64940099844628, 0, 
objectives:
-54.599378375074146, -49.70474885736629, 2987.607052112354, 

parameters:
0.5102799974097014, -99.52442733112787, 12.164405552413395, 
objectives:
-111.42844720778483, -85.14075609259683, 9894.207615712294, 

parameters:
1.563656054674599, 3.490450359054594, 20, 
objectives:
-14.064529383624873, 23.68084639767673, -4.371736033655123, 

parameters:
-0.7219732600466409, -83.46207262781, 0, 
objectives:
-82.94082723958763, -76.05293419940107, 6967.438812718054, 

parameters:
2.8287200054602066, -70.58929269138068, 19.956904895717763, 
objectives:
-82.54454071780765, -49.94561094821295, 4971.8929946429835, 

