Generation 1923 at Fri May 24 19:48:18 2019
parameters:
3.663996635756507, -0.6516167732347711, 4.982985236898843, 
objectives:
7.790269336701387, 7.100253267473045, 9.866490529097053, 

parameters:
0.05101637681523949, -100, 19.95971668145522, 
objectives:
-119.95711401075187, -76.24174615510238, 9981.042885989249, 

parameters:
-1.6317147791507667, -6.360395558009941, 20, 
objectives:
-23.697902437510905, 26.828956679092162, 24.117124774851625, 

parameters:
-0.09310337269809921, -0.38187417318528993, 20, 
objectives:
-20.37320593517753, 23.999207555614866, -18.84550387784629, 

parameters:
1.9973066371654076, -100, 0, 
objectives:
-96.01076619713501, -99.99999274579665, 10004.989233802866, 

parameters:
0.2600124974753839, -97.66175455003325, 5.470828675966546, 
objectives:
-103.0649767271564, -89.16336936512485, 9533.415079613816, 

parameters:
0.7027901438709045, -77.10853674771874, 2.245672548943779, 
objectives:
-78.86029531034043, -73.1801107879365, 5944.97468081167, 

parameters:
1.5171578853562298, -94.73235656899433, 0, 
objectives:
-92.43058851989575, -94.49922006132067, 8977.521149164184, 

parameters:
-1.7588695487594501, -81.76830778192259, 8.861289658701326, 
objectives:
-87.53597535107063, -58.77791783863019, 6681.288489950075, 

parameters:
3.058912837861815, -9.3310951368783, 6.384120540795504, 
objectives:
-6.358267928037982, -1.8256781978942342, 91.04216366231418, 

parameters:
0.4986928861119146, -91.20753268281179, 19.662191548963676, 
objectives:
-110.62102963711683, -69.29141808363714, 8300.400521131876, 

parameters:
2.1308101368493086, -31.543392756950198, 1.3101305106320043, 
objectives:
-28.31317142828243, -30.21615095441566, 999.215847947886, 

parameters:
0.11039278832323918, -40.866937144064934, 19.959173246969048, 
objectives:
-60.81392382332021, -17.337148482675065, 1651.1595648576988, 

parameters:
-0.6909716010508973, -87.76972384106882, 0.4642365733180506, 
objectives:
-87.75651866092804, -80.06415911008835, 7704.5376283176265, 

parameters:
3.987944250460612, -8.114847118055705, 19.640201495907768, 
objectives:
-11.85134926918162, 15.477276720791467, 63.114241598291066, 

parameters:
-0.15494239538329968, -60.73966161613813, 10.946454013042437, 
objectives:
-71.66210848329345, -45.14943087567538, 3679.384046375808, 

parameters:
0.25344099212368776, -22.101443575690684, 19.392505798025383, 
objectives:
-41.42971703722743, 0.34153059032858835, 470.1455346679023, 

parameters:
1.0886027312426338, -23.742972149774893, 15.613440330528897, 
objectives:
-38.17135657383487, -7.298886837747608, 550.3003420809263, 

parameters:
-1.7493762375111865, -86.6079562614419, 12.925105389380857, 
objectives:
-96.47274443045396, -59.625028701647494, 7492.073299614822, 

parameters:
1.5351439547014918, -51.39833629702299, 0, 
objectives:
-49.04166933536646, -51.18224515417243, 2645.145641063528, 

parameters:
1.8598318006655292, -96.65697906044694, 19.75195761965436, 
objectives:
-112.94996235333453, -76.88537431668792, 9327.278617798791, 

parameters:
2.775355134500753, -74.20164685276326, 0.568976817089128, 
objectives:
-67.0680275472527, -73.03149445107746, 5514.0180149677035, 

parameters:
-0.26073584303658837, -26.97487506763902, 0, 
objectives:
-26.90689188779502, -21.863948515648666, 728.7118680945771, 

parameters:
3.074827267823415, -15.760847142959378, 5.788040037752647, 
objectives:
-12.094324453761619, -8.817553449549983, 253.07082535292858, 

parameters:
2.3136850277377694, -70.17033782974775, 2.5963547486557355, 
objectives:
-67.41355417082558, -67.47558478446517, 4927.63309479985, 

parameters:
-1.348656202160627, -46.16400871490165, 5.462868984500567, 
objectives:
-49.80800414777589, -29.487641370132245, 2128.4717051966413, 

parameters:
-0.48250648128431184, -52.35249888174693, 7.1692583418122515, 
objectives:
-59.28894471907782, -39.02040211031606, 2734.847693325983, 

parameters:
2.413299940495801, -56.94148794323677, 2.036152969613114, 
objectives:
-53.15362431005285, -54.734518132809825, 3247.1209128229625, 

parameters:
2.8187634267594284, -71.34283595044732, 10.059526436305852, 
objectives:
-73.45693513071663, -60.61293596514263, 5088.68614227217, 

parameters:
1.0160226763555262, -64.16972276576203, 5.671871331894131, 
objectives:
-68.80929201878752, -57.52964006042136, 4114.113750581732, 

parameters:
0.9426870648554846, -46.99218616597615, 9.84994857115486, 
objectives:
-55.95347583488516, -36.02432695199738, 2200.3042709888514, 

parameters:
-0.01088545279556509, -38.70884257386442, 14.496327726804118, 
objectives:
-53.205051807585974, -20.16885454279548, 1484.8782841744974, 

parameters:
4.2614716979176315, -66.43624922640234, 3.5692937721669464, 
objectives:
-51.845401966416304, -57.75270121375294, 4429.3660585326315, 

parameters:
0.02601013838794919, -54.16130422916868, 14.261117747551705, 
objectives:
-68.42174544942142, -36.003550507869804, 2920.186434584312, 

parameters:
-0.44229202578118, -71.54953427395428, 17.548327994104866, 
objectives:
-88.90224003198952, -48.036415940655075, 5102.983149061723, 

parameters:
3.8725252588220593, -21.55148374128731, 10.071019871073496, 
objectives:
-16.626051732145946, -7.9741130252871955, 470.39188346011264, 

parameters:
0.36590245946145616, -72.11886252054327, 0, 
objectives:
-71.98497791070334, -69.44858774854916, 5202.264215866861, 

