Generation 1926 at Fri May 24 19:48:18 2019
parameters:
3.663996635756507, -0.6516167732347711, 4.982985236898843, 
objectives:
7.790269336701387, 7.100253267473045, 9.866490529097053, 

parameters:
0.05101637681523949, -100, 19.95971668145522, 
objectives:
-119.95711401075187, -76.24174615510238, 9981.042885989249, 

parameters:
-1.6317147791507667, -6.360395558009941, 20, 
objectives:
-23.697902437510905, 26.828956679092162, 24.117124774851625, 

parameters:
-0.09310337269809921, -0.38187417318528993, 20, 
objectives:
-20.37320593517753, 23.999207555614866, -18.84550387784629, 

parameters:
1.9973066371654076, -100, 0, 
objectives:
-96.01076619713501, -99.99999274579665, 10004.989233802866, 

parameters:
4.121476015896472, -13.054187503338095, 5.750575111693517, 
objectives:
-1.8181980654217567, -2.8029519056206107, 182.64780081022485, 

parameters:
3.987944250460612, -8.114847118055705, 19.640201495907768, 
objectives:
-11.85134926918162, 15.477276720791467, 63.114241598291066, 

parameters:
-0.48250648128431184, -52.35249888174693, 7.1692583418122515, 
objectives:
-59.28894471907782, -39.02040211031606, 2734.847693325983, 

parameters:
-0.15494239538329968, -60.73966161613813, 10.946454013042437, 
objectives:
-71.66210848329345, -45.14943087567538, 3679.384046375808, 

parameters:
2.413299940495801, -56.94148794323677, 2.036152969613114, 
objectives:
-53.15362431005285, -54.734518132809825, 3247.1209128229625, 

parameters:
0.14665710835060142, -18.258284451729104, 0, 
objectives:
-18.236776144299345, -14.82340457770175, 334.3864594276825, 

parameters:
2.398034171270487, -86.24955548269652, 2.7590731139134648, 
objectives:
-83.25806071002906, -83.33205116728408, 7442.977315735413, 

parameters:
-0.4249755053890383, -34.30139502446983, 1.3772197382039748, 
objectives:
-35.49801058249314, -27.04366908452903, 1176.3890850666999, 

parameters:
1.5351439547014918, -51.39833629702299, 0, 
objectives:
-49.04166933536646, -51.18224515417243, 2645.145641063528, 

parameters:
0.25344099212368776, -22.101443575690684, 19.392505798025383, 
objectives:
-41.42971703722743, 0.34153059032858835, 470.1455346679023, 

parameters:
1.5171578853562298, -94.73235656899433, 0, 
objectives:
-92.43058851989575, -94.49922006132067, 8977.521149164184, 

parameters:
1.0160226763555262, -64.16972276576203, 5.671871331894131, 
objectives:
-68.80929201878752, -57.52964006042136, 4114.113750581732, 

parameters:
0.11039278832323918, -40.866937144064934, 19.959173246969048, 
objectives:
-60.81392382332021, -17.337148482675065, 1651.1595648576988, 

parameters:
2.1308101368493086, -31.543392756950198, 1.3101305106320043, 
objectives:
-28.31317142828243, -30.21615095441566, 999.215847947886, 

parameters:
0.7027901438709045, -77.10853674771874, 2.245672548943779, 
objectives:
-78.86029531034043, -73.1801107879365, 5944.97468081167, 

parameters:
0.2600124974753839, -97.66175455003325, 5.470828675966546, 
objectives:
-103.0649767271564, -89.16336936512485, 9533.415079613816, 

parameters:
-0.6909716010508973, -87.76972384106882, 0.4642365733180506, 
objectives:
-87.75651866092804, -80.06415911008835, 7704.5376283176265, 

parameters:
2.8187634267594284, -71.34283595044732, 10.059526436305852, 
objectives:
-73.45693513071663, -60.61293596514263, 5088.68614227217, 

parameters:
2.775355134500753, -74.20164685276326, 0.568976817089128, 
objectives:
-67.0680275472527, -73.03149445107746, 5514.0180149677035, 

parameters:
-0.26073584303658837, -26.97487506763902, 0, 
objectives:
-26.90689188779502, -21.863948515648666, 728.7118680945771, 

parameters:
0.4986928861119146, -91.20753268281179, 19.662191548963676, 
objectives:
-110.62102963711683, -69.29141808363714, 8300.400521131876, 

parameters:
-1.6668231328251988, -81.23546771549724, 1.7541773066054107, 
objectives:
-80.21134566598144, -66.03569852146981, 6601.22533700511, 

parameters:
1.8598318006655292, -96.65697906044694, 19.75195761965436, 
objectives:
-112.94996235333453, -76.88537431668792, 9327.278617798791, 

parameters:
-1.7588695487594501, -81.76830778192259, 8.861289658701326, 
objectives:
-87.53597535107063, -58.77791783863019, 6681.288489950075, 

parameters:
-1.348656202160627, -46.16400871490165, 5.462868984500567, 
objectives:
-49.80800414777589, -29.487641370132245, 2128.4717051966413, 

parameters:
2.3136850277377694, -70.17033782974775, 2.5963547486557355, 
objectives:
-67.41355417082558, -67.47558478446517, 4927.63309479985, 

parameters:
-2.6504743737206664, -37.697198167280604, 20, 
objectives:
-50.67218376153065, 3.929713733352017, 1409.103764068974, 

parameters:
1.8614878795260514, -93.0003360890012, 19.91473595763293, 
objectives:
-109.44993492101173, -73.06641452385007, 8633.612913835168, 

parameters:
0.4763855862003476, -94.44445615577702, 6.354097691498563, 
objectives:
-100.57161062053613, -85.76895758234039, 8914.628144095728, 

parameters:
0.9582601483166193, -94.25778377026069, 4.302049450642261, 
objectives:
-97.64157070905115, -88.87051240103311, 8882.146014342428, 

