Generation 1929 at Fri May 24 19:48:18 2019
parameters:
3.663996635756507, -0.6516167732347711, 4.982985236898843, 
objectives:
7.790269336701387, 7.100253267473045, 9.866490529097053, 

parameters:
0.05101637681523949, -100, 19.95971668145522, 
objectives:
-119.95711401075187, -76.24174615510238, 9981.042885989249, 

parameters:
-1.6317147791507667, -6.360395558009941, 20, 
objectives:
-23.697902437510905, 26.828956679092162, 24.117124774851625, 

parameters:
-0.09310337269809921, -0.38187417318528993, 20, 
objectives:
-20.37320593517753, 23.999207555614866, -18.84550387784629, 

parameters:
1.9973066371654076, -100, 0, 
objectives:
-96.01076619713501, -99.99999274579665, 10004.989233802866, 

parameters:
2.398034171270487, -86.24955548269652, 2.7590731139134648, 
objectives:
-83.25806071002906, -83.33205116728408, 7442.977315735413, 

parameters:
0.4986928861119146, -91.20753268281179, 19.662191548963676, 
objectives:
-110.62102963711683, -69.29141808363714, 8300.400521131876, 

parameters:
0.2600124974753839, -97.66175455003325, 5.470828675966546, 
objectives:
-103.0649767271564, -89.16336936512485, 9533.415079613816, 

parameters:
1.0160226763555262, -64.16972276576203, 5.671871331894131, 
objectives:
-68.80929201878752, -57.52964006042136, 4114.113750581732, 

parameters:
1.5171578853562298, -94.73235656899433, 0, 
objectives:
-92.43058851989575, -94.49922006132067, 8977.521149164184, 

parameters:
-0.15494239538329968, -60.73966161613813, 10.946454013042437, 
objectives:
-71.66210848329345, -45.14943087567538, 3679.384046375808, 

parameters:
-0.4249755053890383, -34.30139502446983, 1.3772197382039748, 
objectives:
-35.49801058249314, -27.04366908452903, 1176.3890850666999, 

parameters:
2.8187634267594284, -71.34283595044732, 10.059526436305852, 
objectives:
-73.45693513071663, -60.61293596514263, 5088.68614227217, 

parameters:
4.121476015896472, -13.054187503338095, 5.750575111693517, 
objectives:
-1.8181980654217567, -2.8029519056206107, 182.64780081022485, 

parameters:
1.8598318006655292, -96.65697906044694, 19.75195761965436, 
objectives:
-112.94996235333453, -76.88537431668792, 9327.278617798791, 

parameters:
-0.48250648128431184, -52.35249888174693, 7.1692583418122515, 
objectives:
-59.28894471907782, -39.02040211031606, 2734.847693325983, 

parameters:
-1.9635332191195192, -78.44843641766715, 12.477633695608542, 
objectives:
-87.07060741068983, -50.26120714299468, 6146.535005383744, 

parameters:
2.775355134500753, -74.20164685276326, 0.568976817089128, 
objectives:
-67.0680275472527, -73.03149445107746, 5514.0180149677035, 

parameters:
3.5250656810394525, -44.93603144119973, 20, 
objectives:
-52.50994338555759, -22.6102061097154, 2012.6730097401328, 

parameters:
0.14665710835060142, -18.258284451729104, 0, 
objectives:
-18.236776144299345, -14.82340457770175, 334.3864594276825, 

parameters:
1.2995596603591324, -50.24282347037702, 17.805550574160648, 
objectives:
-66.35951873370493, -31.94665622682016, 2509.22461501214, 

parameters:
0.11039278832323918, -40.866937144064934, 19.959173246969048, 
objectives:
-60.81392382332021, -17.337148482675065, 1651.1595648576988, 

parameters:
4.185188077694642, -9.968856721311424, 18.19001339301062, 
objectives:
-10.643070868644672, 12.996203606598002, 99.70389018270271, 

parameters:
3.987944250460612, -8.114847118055705, 19.640201495907768, 
objectives:
-11.85134926918162, 15.477276720791467, 63.114241598291066, 

parameters:
0.25344099212368776, -22.101443575690684, 19.392505798025383, 
objectives:
-41.42971703722743, 0.34153059032858835, 470.1455346679023, 

parameters:
2.5144662982742396, -21.023436332796617, 15.064545007352734, 
objectives:
-29.765440574992393, -5.694215753383883, 434.2428709969571, 

parameters:
1.5351439547014918, -51.39833629702299, 0, 
objectives:
-49.04166933536646, -51.18224515417243, 2645.145641063528, 

parameters:
-1.6530463601996197, -57.49342369593021, 6.789811947533604, 
objectives:
-61.55067337449461, -37.35886403862892, 3302.436518601185, 

parameters:
-1.5221821460057454, -56.9781556558754, 19.96273273416989, 
objectives:
-74.62384990442663, -24.609655852063867, 3229.864527696614, 

parameters:
-1.6668231328251988, -81.23546771549724, 1.7541773066054107, 
objectives:
-80.21134566598144, -66.03569852146981, 6601.22533700511, 

parameters:
3.126606399521979, -97.82659841677233, 1.0419464971521297, 
objectives:
-89.09287733639266, -95.51540994017633, 9579.777078876821, 

parameters:
-1.7588695487594501, -81.76830778192259, 8.861289658701326, 
objectives:
-87.53597535107063, -58.77791783863019, 6681.288489950075, 

parameters:
-1.5311588228848547, -80.96531560445204, 5.283231983295191, 
objectives:
-83.90410024684911, -63.21300098871931, 6553.443546286128, 

parameters:
2.1308101368493086, -31.543392756950198, 1.3101305106320043, 
objectives:
-28.31317142828243, -30.21615095441566, 999.215847947886, 

parameters:
-0.0722650502655604, -24.30060194824387, 17.034614058337443, 
objectives:
-41.32999376909143, -2.9717054513542998, 574.4898632261462, 

parameters:
2.413299940495801, -56.94148794323677, 2.036152969613114, 
objectives:
-53.15362431005285, -54.734518132809825, 3247.1209128229625, 

parameters:
1.8805053384682087, -17.75155085838223, 13.272985018946716, 
objectives:
-27.488235549321516, -4.464286865300917, 306.38087318679163, 

