Generation 1935 at Fri May 24 19:48:18 2019
parameters:
3.663996635756507, -0.6516167732347711, 4.982985236898843, 
objectives:
7.790269336701387, 7.100253267473045, 9.866490529097053, 

parameters:
0.05101637681523949, -100, 19.95971668145522, 
objectives:
-119.95711401075187, -76.24174615510238, 9981.042885989249, 

parameters:
-1.6317147791507667, -6.360395558009941, 20, 
objectives:
-23.697902437510905, 26.828956679092162, 24.117124774851625, 

parameters:
-0.09310337269809921, -0.38187417318528993, 20, 
objectives:
-20.37320593517753, 23.999207555614866, -18.84550387784629, 

parameters:
1.9973066371654076, -100, 0, 
objectives:
-96.01076619713501, -99.99999274579665, 10004.989233802866, 

parameters:
0.4986928861119146, -91.20753268281179, 19.662191548963676, 
objectives:
-110.62102963711683, -69.29141808363714, 8300.400521131876, 

parameters:
-0.48250648128431184, -52.35249888174693, 7.1692583418122515, 
objectives:
-59.28894471907782, -39.02040211031606, 2734.847693325983, 

parameters:
2.398034171270487, -86.24955548269652, 2.7590731139134648, 
objectives:
-83.25806071002906, -83.33205116728408, 7442.977315735413, 

parameters:
4.121476015896472, -13.054187503338095, 5.750575111693517, 
objectives:
-1.8181980654217567, -2.8029519056206107, 182.64780081022485, 

parameters:
0.2600124974753839, -97.66175455003325, 5.470828675966546, 
objectives:
-103.0649767271564, -89.16336936512485, 9533.415079613816, 

parameters:
3.987944250460612, -8.114847118055705, 19.640201495907768, 
objectives:
-11.85134926918162, 15.477276720791467, 63.114241598291066, 

parameters:
-0.15494239538329968, -60.73966161613813, 10.946454013042437, 
objectives:
-71.66210848329345, -45.14943087567538, 3679.384046375808, 

parameters:
2.775355134500753, -74.20164685276326, 0.568976817089128, 
objectives:
-67.0680275472527, -73.03149445107746, 5514.0180149677035, 

parameters:
-1.5284877812158986, -37.54888972740783, 8.255066790779003, 
objectives:
-43.46768162086054, -16.843596914438933, 1405.0003278675808, 

parameters:
0.8984726927696802, -29.39417722834909, 20.0, 
objectives:
-48.58692404869629, -8.180814819775012, 845.824908111249, 

parameters:
1.5171578853562298, -94.73235656899433, 0, 
objectives:
-92.43058851989575, -94.49922006132067, 8977.521149164184, 

parameters:
-0.7671449909728663, -66.66751381935757, 5.202842461181528, 
objectives:
-71.28184484336434, -53.807579957109816, 4440.943067830225, 

parameters:
-0.6698105367662601, -41.77016786846838, 12.290204937259185, 
objectives:
-53.61172665056446, -22.35207462898105, 1733.9053649779319, 

parameters:
-1.9635332191195192, -78.44843641766715, 12.477633695608542, 
objectives:
-87.07060741068983, -50.26120714299468, 6146.535005383744, 

parameters:
1.0160226763555262, -64.16972276576203, 5.671871331894131, 
objectives:
-68.80929201878752, -57.52964006042136, 4114.113750581732, 

parameters:
1.0777044979848591, -85.14504424719986, 20, 
objectives:
-103.98359726222307, -64.2944152541625, 7231.840006842599, 

parameters:
2.8051860756691775, -38.74407662263893, 7.293672965925685, 
objectives:
-38.16868066943638, -30.80207904026171, 1502.6788692941188, 

parameters:
0.25344099212368776, -22.101443575690684, 19.392505798025383, 
objectives:
-41.42971703722743, 0.34153059032858835, 470.1455346679023, 

parameters:
-0.325405335432695, -82.54111903818924, 0.0, 
objectives:
-82.43523040586118, -77.1336090641304, 6814.1422207088535, 

parameters:
-2.3750007997162936, -76.07415019604389, 4.93297757379345, 
objectives:
-75.3664989711843, -52.00054062473223, 5788.983979275104, 

parameters:
1.0928521122523187, -46.53092700834463, 20, 
objectives:
-65.33660126909027, -25.708009718099547, 2147.32149399515, 

parameters:
2.5144662982742396, -21.023436332796617, 15.064545007352734, 
objectives:
-29.765440574992393, -5.694215753383883, 434.2428709969571, 

parameters:
1.7364752768064342, -93.72809763437058, 18.164139485261913, 
objectives:
-108.87689073267252, -75.49451286937443, 8770.807493059803, 

parameters:
2.4840884842154125, -1.596381601552146, 19.50792932913202, 
objectives:
-14.933615333272538, 18.14588938812985, -9.788799513946199, 

parameters:
-1.6668231328251988, -81.23546771549724, 1.7541773066054107, 
objectives:
-80.21134566598144, -66.03569852146981, 6601.22533700511, 

parameters:
4.1399257837025125, -79.66222726306827, 0.9390466457334813, 
objectives:
-63.462288414236895, -74.14389825757998, 6363.27039136157, 

parameters:
-0.6748798595854554, -65.6949954221499, 12.907626252348756, 
objectives:
-78.14715884962456, -45.63238690658524, 4304.380260088822, 

parameters:
3.129926640665874, -48.909016129236306, 18.011816364787883, 
objectives:
-57.12439171807423, -29.620465551161956, 2384.876483141059, 

parameters:
0.8960006552148245, -50.461213677368065, 7.901915729644803, 
objectives:
-57.560312232867474, -41.340483394437165, 2540.2349872374984, 

parameters:
-1.763633323440513, -33.801672933772934, 18.193955517282973, 
objectives:
-48.88522595150608, -1.4427816231780781, 1128.4695401040244, 

parameters:
0.06425766209990391, -94.43980413545533, 0, 
objectives:
-94.43567508831678, -90.6927057367164, 8919.880734190305, 

parameters:
-0.8073825904902874, -21.24145825185232, 11.4518630892492, 
objectives:
-32.04145469367471, -1.908198153215162, 441.39955222336255, 

parameters:
-0.6409831932642756, -34.73474266651746, 4.232527462412794, 
objectives:
-38.55641067488299, -23.5274229770003, 1203.6806801008233, 

parameters:
-1.1287411777687812, -4.76090223265013, 16.970977530622676, 
objectives:
-20.45782311688195, 21.999096655438528, 7.969269184621169, 

