Generation 1941 at Fri May 24 19:48:18 2019
parameters:
0.05101637681523949, -100, 19.95971668145522, 
objectives:
-119.95711401075187, -76.24174615510238, 9981.042885989249, 

parameters:
3.663996635756507, -0.6516167732347711, 4.982985236898843, 
objectives:
7.790269336701387, 7.100253267473045, 9.866490529097053, 

parameters:
-1.6317147791507667, -6.360395558009941, 20, 
objectives:
-23.697902437510905, 26.828956679092162, 24.117124774851625, 

parameters:
-0.09310337269809921, -0.38187417318528993, 20, 
objectives:
-20.37320593517753, 23.999207555614866, -18.84550387784629, 

parameters:
1.9973066371654076, -100, 0, 
objectives:
-96.01076619713501, -99.99999274579665, 10004.989233802866, 

parameters:
0.2600124974753839, -97.66175455003325, 5.470828675966546, 
objectives:
-103.0649767271564, -89.16336936512485, 9533.415079613816, 

parameters:
0.4986928861119146, -91.20753268281179, 19.662191548963676, 
objectives:
-110.62102963711683, -69.29141808363714, 8300.400521131876, 

parameters:
3.800852962136592, -10.833274160432111, 4.139712919262745, 
objectives:
-0.5265038399123512, -3.450489849933229, 128.66659935560583, 

parameters:
1.5171578853562298, -94.73235656899433, 0, 
objectives:
-92.43058851989575, -94.49922006132067, 8977.521149164184, 

parameters:
-1.6668231328251988, -81.23546771549724, 1.7541773066054107, 
objectives:
-80.21134566598144, -66.03569852146981, 6601.22533700511, 

parameters:
4.033755561432137, -26.856567743941195, 2.850947452217047, 
objectives:
-13.436331266773545, -19.869458608068, 735.6954674620704, 

parameters:
-1.0624339429139789, -70.23889050155223, 0.009643100698387372, 
objectives:
-69.11976771919487, -60.85074574614219, 4935.620861671402, 

parameters:
-0.15494239538329968, -60.73966161613813, 10.946454013042437, 
objectives:
-71.66210848329345, -45.14943087567538, 3679.384046375808, 

parameters:
2.5627765969082525, -54.37798155590736, 20, 
objectives:
-67.81015767024672, -34.061264057879725, 2944.532701980262, 

parameters:
2.398034171270487, -86.24955548269652, 2.7590731139134648, 
objectives:
-83.25806071002906, -83.33205116728408, 7442.977315735413, 

parameters:
-0.7671449909728663, -66.66751381935757, 5.202842461181528, 
objectives:
-71.28184484336434, -53.807579957109816, 4440.943067830225, 

parameters:
-3.6211543952157, -85.04705176805, 19.276561250865498, 
objectives:
-91.21085386492551, -34.17311378233172, 7227.837212340501, 

parameters:
0.25344099212368776, -22.101443575690684, 19.392505798025383, 
objectives:
-41.42971703722743, 0.34153059032858835, 470.1455346679023, 

parameters:
2.618206173051915, -89.59005598492698, 11.119539070441991, 
objectives:
-93.8545914907618, -78.0883380420855, 8023.113595876514, 

parameters:
-2.3750007997162936, -76.07415019604389, 4.93297757379345, 
objectives:
-75.3664989711843, -52.00054062473223, 5788.983979275104, 

parameters:
2.5853802522305798, -11.54941892527238, 20, 
objectives:
-24.865227876648525, 8.793251114429157, 121.0732685600637, 

parameters:
2.5144662982742396, -21.023436332796617, 15.064545007352734, 
objectives:
-29.765440574992393, -5.694215753383883, 434.2428709969571, 

parameters:
-2.1955841114873613, -63.37288051507639, 0.3320026859984509, 
objectives:
-58.884293610459096, -45.43795179251274, 4021.610571682766, 

parameters:
-0.48250648128431184, -52.35249888174693, 7.1692583418122515, 
objectives:
-59.28894471907782, -39.02040211031606, 2734.847693325983, 

parameters:
2.8051860756691775, -38.74407662263893, 7.293672965925685, 
objectives:
-38.16868066943638, -30.80207904026171, 1502.6788692941188, 

parameters:
2.0714652884032567, -74.20248331025442, 0.3283577260707388, 
objectives:
-70.23987259526557, -73.86901829673712, 5510.9711401235745, 

parameters:
0.8984726927696802, -29.39417722834909, 20.0, 
objectives:
-48.58692404869629, -8.180814819775012, 845.824908111249, 

parameters:
2.3250446587929545, -77.3340105930836, 6.5039994665302725, 
objectives:
-78.43217739423223, -70.7243570963435, 5980.451027610018, 

parameters:
-0.40673617467720247, -47.95137062601408, 5.607320113143563, 
objectives:
-53.3932564233666, -36.551671498370666, 2294.8920591160136, 

parameters:
3.2100511360834214, -34.76606575134887, 20, 
objectives:
-44.4616374550784, -13.30184199941209, 1199.9837561233833, 

parameters:
3.1083251155292735, -86.66317936964634, 0.015558711026414315, 
objectives:
-77.01705305684268, -85.41923609690696, 7521.152784768298, 

parameters:
2.3796930446188718, -43.63191600606624, 19.051907981483616, 
objectives:
-57.02088500094242, -24.435841216450676, 1891.3551253655435, 

parameters:
0.48475856492142744, -34.648743729996355, 1.3010332406616094, 
objectives:
-35.71478610439328, -31.051753882755776, 1200.4693996925648, 

parameters:
-0.7698220856251067, -41.39169091440713, 20.0, 
objectives:
-60.79906487089094, -13.719776528390511, 1694.8647027973298, 

parameters:
3.362798722775061, -27.173452874580512, 9.925554609543799, 
objectives:
-25.79059223422673, -15.390677906239375, 740.7794017674017, 

parameters:
1.4999389919150365, -43.828407747304865, 7.732615452836141, 
objectives:
-49.31120622067391, -35.845731282661774, 1916.446527190644, 

parameters:
-0.6698105367662601, -41.77016786846838, 12.290204937259185, 
objectives:
-53.61172665056446, -22.35207462898105, 1733.9053649779319, 

parameters:
1.2625040343816725, -6.247455347159356, 14.117126913473863, 
objectives:
-18.77066582380322, 8.413571865617815, 27.507487838106165, 

