Generation 1944 at Fri May 24 19:48:18 2019
parameters:
0.05101637681523949, -100, 19.95971668145522, 
objectives:
-119.95711401075187, -76.24174615510238, 9981.042885989249, 

parameters:
3.663996635756507, -0.6516167732347711, 4.982985236898843, 
objectives:
7.790269336701387, 7.100253267473045, 9.866490529097053, 

parameters:
-1.6317147791507667, -6.360395558009941, 20, 
objectives:
-23.697902437510905, 26.828956679092162, 24.117124774851625, 

parameters:
-0.09310337269809921, -0.38187417318528993, 20, 
objectives:
-20.37320593517753, 23.999207555614866, -18.84550387784629, 

parameters:
1.9973066371654076, -100, 0, 
objectives:
-96.01076619713501, -99.99999274579665, 10004.989233802866, 

parameters:
2.8051860756691775, -38.74407662263893, 7.293672965925685, 
objectives:
-38.16868066943638, -30.80207904026171, 1502.6788692941188, 

parameters:
0.4986928861119146, -91.20753268281179, 19.662191548963676, 
objectives:
-110.62102963711683, -69.29141808363714, 8300.400521131876, 

parameters:
-0.363361509551706, -63.94815869589827, 0.19164252472127155, 
objectives:
-64.00776963399585, -58.17103854634648, 4090.307389657692, 

parameters:
0.2600124974753839, -97.66175455003325, 5.470828675966546, 
objectives:
-103.0649767271564, -89.16336936512485, 9533.415079613816, 

parameters:
-1.0624339429139789, -70.23889050155223, 0.009643100698387372, 
objectives:
-69.11976771919487, -60.85074574614219, 4935.620861671402, 

parameters:
4.033755561432137, -26.856567743941195, 2.850947452217047, 
objectives:
-13.436331266773545, -19.869458608068, 735.6954674620704, 

parameters:
-1.4780934459484454, -81.72374513539278, 2.7433912678541184, 
objectives:
-82.28237616829115, -66.88321984878912, 6679.211887921735, 

parameters:
-0.40673617467720247, -47.95137062601408, 5.607320113143563, 
objectives:
-53.3932564233666, -36.551671498370666, 2294.8920591160136, 

parameters:
1.5171578853562298, -94.73235656899433, 0, 
objectives:
-92.43058851989575, -94.49922006132067, 8977.521149164184, 

parameters:
2.398034171270487, -86.24955548269652, 2.7590731139134648, 
objectives:
-83.25806071002906, -83.33205116728408, 7442.977315735413, 

parameters:
-2.3750007997162936, -76.07415019604389, 4.93297757379345, 
objectives:
-75.3664989711843, -52.00054062473223, 5788.983979275104, 

parameters:
2.3250446587929545, -77.3340105930836, 6.5039994665302725, 
objectives:
-78.43217739423223, -70.7243570963435, 5980.451027610018, 

parameters:
0.8984726927696802, -29.39417722834909, 20.0, 
objectives:
-48.58692404869629, -8.180814819775012, 845.824908111249, 

parameters:
-1.0200309217756411, -56.898606955298106, 0, 
objectives:
-55.858143873919644, -47.77802018681708, 3239.491936534877, 

parameters:
-0.15494239538329968, -60.73966161613813, 10.946454013042437, 
objectives:
-71.66210848329345, -45.14943087567538, 3679.384046375808, 

parameters:
-0.48250648128431184, -52.35249888174693, 7.1692583418122515, 
objectives:
-59.28894471907782, -39.02040211031606, 2734.847693325983, 

parameters:
-2.771017725910022, -84.63503962963259, 20, 
objectives:
-96.95650039232504, -41.87242948868494, 7151.768472346786, 

parameters:
2.5144662982742396, -21.023436332796617, 15.064545007352734, 
objectives:
-29.765440574992393, -5.694215753383883, 434.2428709969571, 

parameters:
3.800852962136592, -10.833274160432111, 4.139712919262745, 
objectives:
-0.5265038399123512, -3.450489849933229, 128.66659935560583, 

parameters:
2.0714652884032567, -74.20248331025442, 0.3283577260707388, 
objectives:
-70.23987259526557, -73.86901829673712, 5510.9711401235745, 

parameters:
-1.5050486672638574, 4.423422521268611, 1.1629267467671252, 
objectives:
5.525667265334199, 17.87171542792388, 21.668911545731945, 

parameters:
3.379221512418427, -10.377237146076617, 8.607995338851726, 
objectives:
-7.566094454936861, 0.13301017309288277, 111.49819347705213, 

parameters:
2.5627765969082525, -54.37798155590736, 20, 
objectives:
-67.81015767024672, -34.061264057879725, 2944.532701980262, 

parameters:
0.12819738613239307, -93.82733745819078, 7.997841740923353, 
objectives:
-101.80874462930295, -82.32585069198583, 8796.587847322098, 

parameters:
3.4969996904281313, -92.88060922075562, 7.908897422195693, 
objectives:
-88.56049980809686, -82.730703725418, 8632.127678631372, 

parameters:
0.25344099212368776, -22.101443575690684, 19.392505798025383, 
objectives:
-41.42971703722743, 0.34153059032858835, 470.1455346679023, 

parameters:
3.759231215227693, -12.509262999403246, 20.0, 
objectives:
-18.377443669860966, 10.585631469228261, 151.61348011778136, 

parameters:
-0.9839449700350849, -35.3540383981736, 9.598612365328494, 
objectives:
-43.98450305944475, -16.851498448647426, 1242.2775663982623, 

parameters:
3.2100511360834214, -34.76606575134887, 20, 
objectives:
-44.4616374550784, -13.30184199941209, 1199.9837561233833, 

parameters:
-0.031195423723886728, -17.25367085457797, 0, 
objectives:
-17.252697700116656, -13.12791600522111, 298.69013111257453, 

parameters:
0.25492666137806214, -2.4024704724853585, 19.66324215234339, 
objectives:
-22.000725022147382, 20.306052637027147, -12.826390178498002, 

parameters:
4.603887660231459, -20.08317984378691, 19.412632071770453, 
objectives:
-18.300030327525864, 6.1096831750892076, 406.1172621541497, 

