Generation 1945 at Fri May 24 19:48:18 2019
parameters:
3.663996635756507, -0.6516167732347711, 4.982985236898843, 
objectives:
7.790269336701387, 7.100253267473045, 9.866490529097053, 

parameters:
0.05101637681523949, -100, 19.95971668145522, 
objectives:
-119.95711401075187, -76.24174615510238, 9981.042885989249, 

parameters:
-1.6317147791507667, -6.360395558009941, 20, 
objectives:
-23.697902437510905, 26.828956679092162, 24.117124774851625, 

parameters:
-0.09310337269809921, -0.38187417318528993, 20, 
objectives:
-20.37320593517753, 23.999207555614866, -18.84550387784629, 

parameters:
1.9973066371654076, -100, 0, 
objectives:
-96.01076619713501, -99.99999274579665, 10004.989233802866, 

parameters:
0.8984726927696802, -29.39417722834909, 20.0, 
objectives:
-48.58692404869629, -8.180814819775012, 845.824908111249, 

parameters:
2.8051860756691775, -38.74407662263893, 7.293672965925685, 
objectives:
-38.16868066943638, -30.80207904026171, 1502.6788692941188, 

parameters:
0.2600124974753839, -97.66175455003325, 5.470828675966546, 
objectives:
-103.0649767271564, -89.16336936512485, 9533.415079613816, 

parameters:
0.4986928861119146, -91.20753268281179, 19.662191548963676, 
objectives:
-110.62102963711683, -69.29141808363714, 8300.400521131876, 

parameters:
4.033755561432137, -26.856567743941195, 2.850947452217047, 
objectives:
-13.436331266773545, -19.869458608068, 735.6954674620704, 

parameters:
2.5144662982742396, -21.023436332796617, 15.064545007352734, 
objectives:
-29.765440574992393, -5.694215753383883, 434.2428709969571, 

parameters:
3.800852962136592, -10.833274160432111, 4.139712919262745, 
objectives:
-0.5265038399123512, -3.450489849933229, 128.66659935560583, 

parameters:
-1.4780934459484454, -81.72374513539278, 2.7433912678541184, 
objectives:
-82.28237616829115, -66.88321984878912, 6679.211887921735, 

parameters:
1.5171578853562298, -94.73235656899433, 0, 
objectives:
-92.43058851989575, -94.49922006132067, 8977.521149164184, 

parameters:
-0.363361509551706, -63.94815869589827, 0.19164252472127155, 
objectives:
-64.00776963399585, -58.17103854634648, 4090.307389657692, 

parameters:
3.379221512418427, -10.377237146076617, 8.607995338851726, 
objectives:
-7.566094454936861, 0.13301017309288277, 111.49819347705213, 

parameters:
1.5287546405134158, -0.6893135209281898, 16.41882257690986, 
objectives:
-14.771045346946748, 15.95158124481931, -12.606578695884139, 

parameters:
-0.15494239538329968, -60.73966161613813, 10.946454013042437, 
objectives:
-71.66210848329345, -45.14943087567538, 3679.384046375808, 

parameters:
-2.771017725910022, -84.63503962963259, 20, 
objectives:
-96.95650039232504, -41.87242948868494, 7151.768472346786, 

parameters:
-1.0200309217756411, -56.898606955298106, 0, 
objectives:
-55.858143873919644, -47.77802018681708, 3239.491936534877, 

parameters:
-2.3750007997162936, -76.07415019604389, 4.93297757379345, 
objectives:
-75.3664989711843, -52.00054062473223, 5788.983979275104, 

parameters:
2.398034171270487, -86.24955548269652, 2.7590731139134648, 
objectives:
-83.25806071002906, -83.33205116728408, 7442.977315735413, 

parameters:
2.610319456579124, -67.09116359533863, 4.5217263807970145, 
objectives:
-64.79912231074012, -62.19694737546258, 4504.51627386109, 

parameters:
2.10856326997507, -88.3611834179425, 9.296498163457805, 
objectives:
-93.21164251791234, -79.052899270897, 7803.848275919307, 

parameters:
-0.40673617467720247, -47.95137062601408, 5.607320113143563, 
objectives:
-53.3932564233666, -36.551671498370666, 2294.8920591160136, 

parameters:
1.1835633770711618, -38.887511968063556, 13.491688983212894, 
objectives:
-50.97837868373236, -24.729254225591212, 1501.1477203506174, 

parameters:
-0.48250648128431184, -52.35249888174693, 7.1692583418122515, 
objectives:
-59.28894471907782, -39.02040211031606, 2734.847693325983, 

parameters:
2.3250446587929545, -77.3340105930836, 6.5039994665302725, 
objectives:
-78.43217739423223, -70.7243570963435, 5980.451027610018, 

parameters:
-1.0624339429139789, -70.23889050155223, 0.009643100698387372, 
objectives:
-69.11976771919487, -60.85074574614219, 4935.620861671402, 

parameters:
2.0714652884032567, -74.20248331025442, 0.3283577260707388, 
objectives:
-70.23987259526557, -73.86901829673712, 5510.9711401235745, 

parameters:
2.5627765969082525, -54.37798155590736, 20, 
objectives:
-67.81015767024672, -34.061264057879725, 2944.532701980262, 

parameters:
3.4969996904281313, -92.88060922075562, 7.908897422195693, 
objectives:
-88.56049980809686, -82.730703725418, 8632.127678631372, 

parameters:
0.12819738613239307, -93.82733745819078, 7.997841740923353, 
objectives:
-101.80874462930295, -82.32585069198583, 8796.587847322098, 

parameters:
-1.9114351109384853, -49.85485159375665, 7.8064063389621, 
objectives:
-54.00767374939033, -26.749120627712195, 2482.3534052798664, 

parameters:
0.4328649105442057, -76.3570154595687, 3.8488257566165247, 
objectives:
-80.01846918540478, -70.05227731434856, 5827.732356166977, 

