Generation 1948 at Fri May 24 19:48:18 2019
parameters:
0.05101637681523949, -100, 19.95971668145522, 
objectives:
-119.95711401075187, -76.24174615510238, 9981.042885989249, 

parameters:
3.663996635756507, -0.6516167732347711, 4.982985236898843, 
objectives:
7.790269336701387, 7.100253267473045, 9.866490529097053, 

parameters:
-1.6317147791507667, -6.360395558009941, 20, 
objectives:
-23.697902437510905, 26.828956679092162, 24.117124774851625, 

parameters:
-0.09310337269809921, -0.38187417318528993, 20, 
objectives:
-20.37320593517753, 23.999207555614866, -18.84550387784629, 

parameters:
1.9973066371654076, -100, 0, 
objectives:
-96.01076619713501, -99.99999274579665, 10004.989233802866, 

parameters:
2.8051860756691775, -38.74407662263893, 7.293672965925685, 
objectives:
-38.16868066943638, -30.80207904026171, 1502.6788692941188, 

parameters:
0.4986928861119146, -91.20753268281179, 19.662191548963676, 
objectives:
-110.62102963711683, -69.29141808363714, 8300.400521131876, 

parameters:
-1.0624339429139789, -70.23889050155223, 0.009643100698387372, 
objectives:
-69.11976771919487, -60.85074574614219, 4935.620861671402, 

parameters:
0.2600124974753839, -97.66175455003325, 5.470828675966546, 
objectives:
-103.0649767271564, -89.16336936512485, 9533.415079613816, 

parameters:
1.5171578853562298, -94.73235656899433, 0, 
objectives:
-92.43058851989575, -94.49922006132067, 8977.521149164184, 

parameters:
2.914723877399952, -74.25236537702621, 20, 
objectives:
-85.7567500955408, -53.41564560514061, 5502.909379364886, 

parameters:
-0.40673617467720247, -47.95137062601408, 5.607320113143563, 
objectives:
-53.3932564233666, -36.551671498370666, 2294.8920591160136, 

parameters:
-0.48250648128431184, -52.35249888174693, 7.1692583418122515, 
objectives:
-59.28894471907782, -39.02040211031606, 2734.847693325983, 

parameters:
-1.0200309217756411, -56.898606955298106, 0, 
objectives:
-55.858143873919644, -47.77802018681708, 3239.491936534877, 

parameters:
0.8984726927696802, -29.39417722834909, 20.0, 
objectives:
-48.58692404869629, -8.180814819775012, 845.824908111249, 

parameters:
2.398034171270487, -86.24955548269652, 2.7590731139134648, 
objectives:
-83.25806071002906, -83.33205116728408, 7442.977315735413, 

parameters:
1.1835633770711618, -38.887511968063556, 13.491688983212894, 
objectives:
-50.97837868373236, -24.729254225591212, 1501.1477203506174, 

parameters:
-0.15494239538329968, -60.73966161613813, 10.946454013042437, 
objectives:
-71.66210848329345, -45.14943087567538, 3679.384046375808, 

parameters:
2.10856326997507, -88.3611834179425, 9.296498163457805, 
objectives:
-93.21164251791234, -79.052899270897, 7803.848275919307, 

parameters:
-0.363361509551706, -63.94815869589827, 0.19164252472127155, 
objectives:
-64.00776963399585, -58.17103854634648, 4090.307389657692, 

parameters:
3.3619094554596316, -5.869084147185942, 4.895683471346402, 
objectives:
0.5376675681765333, 0.8813966890308107, 41.8529004421118, 

parameters:
1.5287546405134158, -0.6893135209281898, 16.41882257690986, 
objectives:
-14.771045346946748, 15.95158124481931, -12.606578695884139, 

parameters:
4.584511836372635, -81.32635460438625, 3.4613321864977435, 
objectives:
-63.7699380130432, -71.18532098553825, 6632.53236982972, 

parameters:
2.3250446587929545, -77.3340105930836, 6.5039994665302725, 
objectives:
-78.43217739423223, -70.7243570963435, 5980.451027610018, 

parameters:
-0.33707408562135566, -82.98938931938677, 19.7112490013838, 
objectives:
-102.5870193815731, -57.816225036320084, 6868.641109542561, 

parameters:
-1.2317563226069286, -3.9253646681154155, 3.713138855335874, 
objectives:
-6.1212798851691455, 10.232023115930316, 14.212572560635117, 

parameters:
2.5144662982742396, -21.023436332796617, 15.064545007352734, 
objectives:
-29.765440574992393, -5.694215753383883, 434.2428709969571, 

parameters:
-1.4780934459484454, -81.72374513539278, 2.7433912678541184, 
objectives:
-82.28237616829115, -66.88321984878912, 6679.211887921735, 

parameters:
4.033755561432137, -26.856567743941195, 2.850947452217047, 
objectives:
-13.436331266773545, -19.869458608068, 735.6954674620704, 

parameters:
0.6836544933089647, -62.721839340792584, 17.411105271336996, 
objectives:
-79.66556114590804, -43.577968576469914, 3918.085408487081, 

parameters:
1.9899024292716085, -18.2324912996152, 0.2488641921509628, 
objectives:
-14.521643813745115, -17.983525146529626, 337.1345864764141, 

parameters:
3.379221512418427, -10.377237146076617, 8.607995338851726, 
objectives:
-7.566094454936861, 0.13301017309288277, 111.49819347705213, 

parameters:
1.253315766251063, -100, 1.8994172551854533, 
objectives:
-100.32861684525197, -97.5430453998853, 10000.67138315475, 

parameters:
0.7527100951435117, -26.722202350602927, 6.309931894615419, 
objectives:
-32.46556175788739, -18.856538349230604, 709.3327390592842, 

parameters:
1.2204841021347903, -12.897704523536907, 3.35427341851672, 
objectives:
-14.762396498489863, -8.935786069995583, 165.48609000151143, 

parameters:
0.6659206199096037, -14.027940128101605, 17.933579138997974, 
objectives:
-31.51806899507879, 5.685406803278745, 180.2929753706261, 

parameters:
0.24101774208398807, -76.36832898425885, 3.1907644890347395, 
objectives:
-79.50100392129433, -70.0835459115608, 5829.988996910955, 

parameters:
2.0057610088341784, -19.604692123130004, 16.24632056585198, 
objectives:
-31.827935464422485, -3.358338368055236, 373.12070990142314, 

parameters:
1.0198715323128122, -13.16345172376137, 19.502763499774368, 
objectives:
-31.626077281113652, 7.299963589183832, 155.81383572644387, 

