Generation 195 at Sat May 25 04:36:26 2019
parameters:
0, 0.0, 20.0, 
objectives:
-20.0, 24.0, -19.0, 

parameters:
0, 0.0, 20.0, 
objectives:
-20.0, 24.0, -19.0, 

parameters:
2.003485383126764, 0.0, 20.0, 
objectives:
-15.986046319597403, 20.00001214789554, -14.986046319597403, 

parameters:
1.2324004945609415, 0.0, 20.0, 
objectives:
-18.481189021005946, 20.589209000750287, -17.481189021005946, 

parameters:
1.492040271057586, 0.0, 20.0, 
objectives:
-17.773815829542407, 20.25802308622725, -16.773815829542407, 

parameters:
1.5600070917104698, 0.0, 20.0, 
objectives:
-17.566377873813042, 20.193593759345077, -16.566377873813042, 

parameters:
0.9046450322118749, 0.0, 20.0, 
objectives:
-19.181617365694375, 21.199802505458123, -18.181617365694375, 

parameters:
0.21543054459539196, 0.0, 20.0, 
objectives:
-19.953589680455334, 23.1846881411631, -18.953589680455334, 

parameters:
0.08158650986697231, 0.0, 20.0, 
objectives:
-19.993343641407726, 23.680310319124384, -18.993343641407726, 

parameters:
1.110151293834183, 0.0, 20.0, 
objectives:
-18.76756410479829, 20.79183071986498, -17.76756410479829, 

parameters:
1.6262064498802187, 0.0, 20.0, 
objectives:
-17.355452582367974, 20.13972161811115, -16.355452582367974, 

parameters:
0.2927410798918556, 0.0, 20.0, 
objectives:
-19.91430266014375, 22.91473302028883, -18.91430266014375, 

parameters:
1.0073129901884679, 0.0, 20.0, 
objectives:
-18.985320539797566, 20.985427499448562, -17.985320539797566, 

parameters:
0.6385250073332925, 0.0, 20.0, 
objectives:
-19.59228581501002, 21.85361415565681, -18.59228581501002, 

parameters:
1.8684415155530796, 0.0, 20.0, 
objectives:
-16.50892630295771, 20.017307634829972, -15.508926302957711, 

parameters:
1.7615991324384104, 0.0, 20.0, 
objectives:
-16.89676849659224, 20.05683497365412, -15.896768496592241, 

parameters:
1.8095444260228466, 0.0, 20.0, 
objectives:
-16.725548970249648, 20.036273325658968, -15.725548970249648, 

parameters:
1.2884613965675893, 0.0, 20.0, 
objectives:
-18.339867229555097, 20.506287184174546, -17.339867229555097, 

parameters:
0.7203082904719315, 0.0, 20.0, 
objectives:
-19.481155966677402, 21.63761087143487, -18.481155966677402, 

parameters:
1.3550050000359701, 0.0, 20.0, 
objectives:
-18.16396144987752, 20.4160185499786, -17.16396144987752, 

parameters:
1.9256138418811688, 0.0, 20.0, 
objectives:
-16.292011331955646, 20.00553330051968, -15.292011331955646, 

parameters:
1.400383285233074, 0.0, 20.0, 
objectives:
-18.038926654439823, 20.35954020462788, -17.038926654439823, 

parameters:
0.8479441032468115, 0.0, 20.0, 
objectives:
-19.28099079776896, 21.327232789243794, -18.28099079776896, 

parameters:
1.700664428349015, 0.0, 20.0, 
objectives:
-17.107740502148317, 20.08960178445562, -16.107740502148317, 

parameters:
0.5064096667294241, 0.0, 20.0, 
objectives:
-19.743549249442992, 22.23081208363931, -18.743549249442992, 

parameters:
1.682493958604776, 0.0, 20.0, 
objectives:
-17.16921407925843, 20.100810086322465, -16.16921407925843, 

parameters:
0.40342726244710936, 0.0, 20.0, 
objectives:
-19.83724644391443, 22.549044506297133, -18.83724644391443, 

parameters:
1.0471346878374679, 0.0, 20.0, 
objectives:
-18.903508945527527, 20.9079523031226, -17.903508945527527, 

parameters:
0.43849064563236617, 0.0, 20.0, 
objectives:
-19.80772595369291, 22.438311463777623, -18.80772595369291, 

parameters:
1.9163287590772569, 0.0, 20.0, 
objectives:
-16.32768408713342, 20.00700087655755, -15.32768408713342, 

parameters:
0.5633257025198782, 0.0, 20.0, 
objectives:
-19.682664152880484, 22.06403303704, -18.682664152880484, 

parameters:
0.7812634214500709, 0.0, 20.0, 
objectives:
-19.38962746630413, 21.485318847895588, -18.38962746630413, 

parameters:
1.0920862888107823, 0.0, 20.0, 
objectives:
-18.807347537791493, 20.824307306965377, -17.807347537791493, 

parameters:
0.7965322546960196, 0.0, 20.0, 
objectives:
-19.365536367228874, 21.448334613987047, -18.365536367228877, 

parameters:
1.3945899170130613, 0.0, 20.0, 
objectives:
-18.0551189633655, 20.36652136858225, -17.0551189633655, 

parameters:
0.5551312374007799, 0.0, 20.0, 
objectives:
-19.69182930926188, 22.087645741135002, -18.69182930926188, 

parameters:
0.40768455544534554, 0.0, 20.0, 
objectives:
-19.83379330325133, 22.53546847496729, -18.83379330325133, 

parameters:
0, 0.0, 20.0, 
objectives:
-20.0, 24.0, -19.0, 

