Generation 1952 at Fri May 24 19:48:18 2019
parameters:
0.05101637681523949, -100, 19.95971668145522, 
objectives:
-119.95711401075187, -76.24174615510238, 9981.042885989249, 

parameters:
3.663996635756507, -0.6516167732347711, 4.982985236898843, 
objectives:
7.790269336701387, 7.100253267473045, 9.866490529097053, 

parameters:
-1.6317147791507667, -6.360395558009941, 20, 
objectives:
-23.697902437510905, 26.828956679092162, 24.117124774851625, 

parameters:
-0.09310337269809921, -0.38187417318528993, 20, 
objectives:
-20.37320593517753, 23.999207555614866, -18.84550387784629, 

parameters:
1.9973066371654076, -100, 0, 
objectives:
-96.01076619713501, -99.99999274579665, 10004.989233802866, 

parameters:
2.8051860756691775, -38.74407662263893, 7.293672965925685, 
objectives:
-38.16868066943638, -30.80207904026171, 1502.6788692941188, 

parameters:
-0.40673617467720247, -47.95137062601408, 5.607320113143563, 
objectives:
-53.3932564233666, -36.551671498370666, 2294.8920591160136, 

parameters:
0.4986928861119146, -91.20753268281179, 19.662191548963676, 
objectives:
-110.62102963711683, -69.29141808363714, 8300.400521131876, 

parameters:
1.6460937037730135, -18.135544947402543, 14.268800806259707, 
objectives:
-29.694721272061095, -3.7414944746337344, 318.3388142145994, 

parameters:
-2.2805016301402268, -53.33567794416519, 19.888812400110194, 
objectives:
-68.02380265920316, -15.124171338421856, 2831.0064170486717, 

parameters:
0.2600124974753839, -97.66175455003325, 5.470828675966546, 
objectives:
-103.0649767271564, -89.16336936512485, 9533.415079613816, 

parameters:
4.033755561432137, -26.856567743941195, 2.850947452217047, 
objectives:
-13.436331266773545, -19.869458608068, 735.6954674620704, 

parameters:
3.3619094554596316, -5.869084147185942, 4.895683471346402, 
objectives:
0.5376675681765333, 0.8813966890308107, 41.8529004421118, 

parameters:
1.5171578853562298, -94.73235656899433, 0, 
objectives:
-92.43058851989575, -94.49922006132067, 8977.521149164184, 

parameters:
-0.363361509551706, -63.94815869589827, 0.19164252472127155, 
objectives:
-64.00776963399585, -58.17103854634648, 4090.307389657692, 

parameters:
3.7002337930216873, -68.68943725059657, 17.15535068264685, 
objectives:
-72.15305781022376, -48.6432916170168, 4715.775169244016, 

parameters:
-0.48250648128431184, -52.35249888174693, 7.1692583418122515, 
objectives:
-59.28894471907782, -39.02040211031606, 2734.847693325983, 

parameters:
2.398034171270487, -86.24955548269652, 2.7590731139134648, 
objectives:
-83.25806071002906, -83.33205116728408, 7442.977315735413, 

parameters:
0.2525457221932354, -34.500657889790176, 12.18223620536896, 
objectives:
-46.61911475336103, -19.264825231396053, 1179.1769379647703, 

parameters:
-1.2317563226069286, -3.9253646681154155, 3.713138855335874, 
objectives:
-6.1212798851691455, 10.232023115930316, 14.212572560635117, 

parameters:
2.3250446587929545, -77.3340105930836, 6.5039994665302725, 
objectives:
-78.43217739423223, -70.7243570963435, 5980.451027610018, 

parameters:
-0.33707408562135566, -82.98938931938677, 19.7112490013838, 
objectives:
-102.5870193815731, -57.816225036320084, 6868.641109542561, 

parameters:
2.10856326997507, -88.3611834179425, 9.296498163457805, 
objectives:
-93.21164251791234, -79.052899270897, 7803.848275919307, 

parameters:
0.8984726927696802, -29.39417722834909, 20.0, 
objectives:
-48.58692404869629, -8.180814819775012, 845.824908111249, 

parameters:
2.914723877399952, -74.25236537702621, 20, 
objectives:
-85.7567500955408, -53.41564560514061, 5502.909379364886, 

parameters:
2.7465581152386185, -60.71214914511818, 16.631599012650828, 
objectives:
-69.8001666773859, -43.52320111303872, 3677.8770362868067, 

parameters:
1.2604480604853576, -72.89372649434287, 19.987764190201116, 
objectives:
-91.29276137136269, -52.359025232901885, 5296.096327355043, 

parameters:
1.5287546405134158, -0.6893135209281898, 16.41882257690986, 
objectives:
-14.771045346946748, 15.95158124481931, -12.606578695884139, 

parameters:
0.8930715954134045, -92.53602259214885, 3.6592519838033355, 
objectives:
-95.39769770141794, -87.65148011546489, 8561.053802065415, 

parameters:
-1.0624339429139789, -70.23889050155223, 0.009643100698387372, 
objectives:
-69.11976771919487, -60.85074574614219, 4935.620861671402, 

parameters:
1.2223065823330779, -12.73099639522789, 5.429877977674263, 
objectives:
-16.666840991687383, -6.6963113656711695, 159.14242461884604, 

parameters:
-0.15494239538329968, -60.73966161613813, 10.946454013042437, 
objectives:
-71.66210848329345, -45.14943087567538, 3679.384046375808, 

parameters:
-0.4809731684406011, -80.04708152297427, 0, 
objectives:
-79.81574633421448, -73.89185366045207, 6408.766595534448, 

parameters:
-1.6212112061780486, -79.69432138861882, 1.5898846617783264, 
objectives:
-78.65588027535986, -64.99126612709101, 6353.2233027057255, 

parameters:
-1.4780934459484454, -81.72374513539278, 2.7433912678541184, 
objectives:
-82.28237616829115, -66.88321984878912, 6679.211887921735, 

parameters:
3.262054054858564, -81.42460742829047, 14.536438207190674, 
objectives:
-85.32004897866194, -65.29538878371486, 6627.071253300845, 

