Generation 1961 at Fri May 24 19:48:18 2019
parameters:
0.05101637681523949, -100, 19.95971668145522, 
objectives:
-119.95711401075187, -76.24174615510238, 9981.042885989249, 

parameters:
3.663996635756507, -0.6516167732347711, 4.982985236898843, 
objectives:
7.790269336701387, 7.100253267473045, 9.866490529097053, 

parameters:
-1.3747991675576485, -3.7831450195543814, 19.98685413504433, 
objectives:
-21.879926403481505, 27.592978536837744, -2.7845951449480033, 

parameters:
-0.09310337269809921, -0.38187417318528993, 20, 
objectives:
-20.37320593517753, 23.999207555614866, -18.84550387784629, 

parameters:
1.9973066371654076, -100, 0, 
objectives:
-96.01076619713501, -99.99999274579665, 10004.989233802866, 

parameters:
-0.48250648128431184, -52.35249888174693, 7.1692583418122515, 
objectives:
-59.28894471907782, -39.02040211031606, 2734.847693325983, 

parameters:
3.943493885022377, -15.450246341868272, 7.93206006997355, 
objectives:
-7.831162390632944, -3.7410177907753503, 247.32919597564924, 

parameters:
0.2600124974753839, -97.66175455003325, 5.470828675966546, 
objectives:
-103.0649767271564, -89.16336936512485, 9533.415079613816, 

parameters:
2.398034171270487, -86.24955548269652, 2.7590731139134648, 
objectives:
-83.25806071002906, -83.33205116728408, 7442.977315735413, 

parameters:
1.5287546405134158, -0.6893135209281898, 16.41882257690986, 
objectives:
-14.771045346946748, 15.95158124481931, -12.606578695884139, 

parameters:
1.5171578853562298, -94.73235656899433, 0, 
objectives:
-92.43058851989575, -94.49922006132067, 8977.521149164184, 

parameters:
-0.09875423222070498, -87.673235962833, 17.800275587111425, 
objectives:
-105.46375915156293, -65.46819104845726, 7669.805781005864, 

parameters:
1.0302400469357202, -48.80279670715679, 18.135796163941077, 
objectives:
-65.87719831678776, -29.72656617664848, 2365.638564830442, 

parameters:
1.4810588853012199, -34.12311801220948, 20, 
objectives:
-51.92958259047979, -13.853818131684669, 1147.5807182969047, 

parameters:
2.8051860756691775, -38.74407662263893, 7.293672965925685, 
objectives:
-38.16868066943638, -30.80207904026171, 1502.6788692941188, 

parameters:
4.702837903203775, -62.6631835772515, 6.292497315470772, 
objectives:
-46.83899654891219, -49.06535353078576, 3943.4987630646615, 

parameters:
3.3619094554596316, -5.869084147185942, 4.895683471346402, 
objectives:
0.5376675681765333, 0.8813966890308107, 41.8529004421118, 

parameters:
-0.05607971315904181, -80.71533972556497, 7.581491097700043, 
objectives:
-88.29368588903701, -68.90638484100077, 6508.387720849895, 

parameters:
5.323539671699604, -56.87512535326572, 0, 
objectives:
-28.5350507171062, -45.82920940390461, 3264.119958585849, 

parameters:
-1.9733488138947735, -44.947182545463036, 6.891866414765465, 
objectives:
-47.944943418928595, -22.267815333818568, 2018.2514579017115, 

parameters:
0.7025483877961971, -11.614730597889988, 20, 
objectives:
-31.121156360694954, 10.06865008812026, 116.39554109875698, 

parameters:
-0.43356593949315503, -68.37168468011797, 7.390388907182757, 
objectives:
-75.57409416341214, -55.05905259107401, 4668.484856514184, 

parameters:
-1.64505279256628, -93.55857092168584, 19.94175854232315, 
objectives:
-110.79413077367889, -60.33040251876745, 8736.970633056126, 

parameters:
-0.36509792238761385, -84.84293543153669, 3.981273596694246, 
objectives:
-88.69091253529919, -75.26797365236023, 7195.47571553614, 

parameters:
-2.5971946136003505, -74.45763614733967, 9.25918453607313, 
objectives:
-76.97140082249813, -44.06425329595046, 5542.425815974465, 

parameters:
-0.8518305493928935, -25.058468912598954, 20, 
objectives:
-44.332853627719956, 3.074468569851618, 609.6524795285673, 

parameters:
0.4986928861119146, -91.20753268281179, 19.662191548963676, 
objectives:
-110.62102963711683, -69.29141808363714, 8300.400521131876, 

parameters:
-1.0624339429139789, -70.23889050155223, 0.009643100698387372, 
objectives:
-69.11976771919487, -60.85074574614219, 4935.620861671402, 

parameters:
1.9832009658038847, -78.20343999491271, 20, 
objectives:
-94.27035392414726, -58.2031577873628, 6100.711113108679, 

parameters:
4.417047534507309, -61.363239920513244, 0.001058688543494183, 
objectives:
-41.85398968695964, -55.52006244790189, 3785.9564637760236, 

parameters:
0.20955057845351055, -73.10589657652241, 0, 
objectives:
-73.06198513159221, -69.90018744540626, 5345.516025702122, 

parameters:
4.722802383657713, -41.553273945782635, 20, 
objectives:
-39.24841159069966, -14.139621125330507, 1729.979437968341, 

parameters:
3.9426511853062545, -33.70323955625578, 8.60354036764625, 
objectives:
-26.76228155490522, -21.325805560837736, 1143.8493145877148, 

parameters:
0.4783576688939733, -22.019242967349577, 0, 
objectives:
-21.7904169079599, -19.703847583535794, 486.07588691456345, 

parameters:
3.1884734098779184, -76.07991723978478, 2.239598062370878, 
objectives:
-68.15315261665714, -72.42785013142705, 5797.08057183563, 

parameters:
2.6304410705311123, -75.92368995190552, 6.078780408142737, 
objectives:
-75.08325013451139, -69.44745360035037, 5766.247135730473, 

