Generation 1966 at Fri May 24 19:48:18 2019
parameters:
0.05101637681523949, -100, 19.95971668145522, 
objectives:
-119.95711401075187, -76.24174615510238, 9981.042885989249, 

parameters:
3.663996635756507, -0.6516167732347711, 4.982985236898843, 
objectives:
7.790269336701387, 7.100253267473045, 9.866490529097053, 

parameters:
-1.3747991675576485, -3.7831450195543814, 19.98685413504433, 
objectives:
-21.879926403481505, 27.592978536837744, -2.7845951449480033, 

parameters:
-0.09310337269809921, -0.38187417318528993, 20, 
objectives:
-20.37320593517753, 23.999207555614866, -18.84550387784629, 

parameters:
1.9973066371654076, -100, 0, 
objectives:
-96.01076619713501, -99.99999274579665, 10004.989233802866, 

parameters:
-0.48250648128431184, -52.35249888174693, 7.1692583418122515, 
objectives:
-59.28894471907782, -39.02040211031606, 2734.847693325983, 

parameters:
0.2600124974753839, -97.66175455003325, 5.470828675966546, 
objectives:
-103.0649767271564, -89.16336936512485, 9533.415079613816, 

parameters:
0.4986928861119146, -91.20753268281179, 19.662191548963676, 
objectives:
-110.62102963711683, -69.29141808363714, 8300.400521131876, 

parameters:
1.5171578853562298, -94.73235656899433, 0, 
objectives:
-92.43058851989575, -94.49922006132067, 8977.521149164184, 

parameters:
-1.0624339429139789, -70.23889050155223, 0.009643100698387372, 
objectives:
-69.11976771919487, -60.85074574614219, 4935.620861671402, 

parameters:
1.4810588853012199, -34.12311801220948, 20, 
objectives:
-51.92958259047979, -13.853818131684669, 1147.5807182969047, 

parameters:
-1.9733488138947735, -44.947182545463036, 6.891866414765465, 
objectives:
-47.944943418928595, -22.267815333818568, 2018.2514579017115, 

parameters:
3.3619094554596316, -5.869084147185942, 4.895683471346402, 
objectives:
0.5376675681765333, 0.8813966890308107, 41.8529004421118, 

parameters:
1.9168748760939203, -21.716544299824758, 16.540996595885595, 
objectives:
-34.58313160511027, -5.168637917714761, 459.74170902096563, 

parameters:
-0.09875423222070498, -87.673235962833, 17.800275587111425, 
objectives:
-105.46375915156293, -65.46819104845726, 7669.805781005864, 

parameters:
5.71445266893156, -24.99999801899314, 2.825566975347395, 
objectives:
4.829404311118492, -8.377272413912959, 655.8293032797725, 

parameters:
-1.4749781074713624, -55.59141924998424, 9.052146699233731, 
objectives:
-62.46800553169817, -34.46379970334526, 3084.5293079458042, 

parameters:
-0.05607971315904181, -80.71533972556497, 7.581491097700043, 
objectives:
-88.29368588903701, -68.90638484100077, 6508.387720849895, 

parameters:
2.8051860756691775, -38.74407662263893, 7.293672965925685, 
objectives:
-38.16868066943638, -30.80207904026171, 1502.6788692941188, 

parameters:
2.398034171270487, -86.24955548269652, 2.7590731139134648, 
objectives:
-83.25806071002906, -83.33205116728408, 7442.977315735413, 

parameters:
-2.453093358357058, -44.42185987437002, 4.287641091517017, 
objectives:
-42.69183394107153, -20.304178324609257, 1976.0316606314636, 

parameters:
5.323539671699604, -56.87512535326572, 0, 
objectives:
-28.5350507171062, -45.82920940390461, 3264.119958585849, 

parameters:
-1.7476000428677076, -75.18296216348647, 4.889656992639524, 
objectives:
-77.01851324629479, -56.248799089544896, 5651.64224859343, 

parameters:
0.8162526725242982, -82.83640668838025, 0.34905881003802325, 
objectives:
-82.5191970730152, -81.08609014303637, 6863.187482658094, 

parameters:
-0.08979653999160275, -64.99703275636939, 8.846510528519076, 
objectives:
-73.83547986629401, -51.783272649289444, 4216.775820022631, 

parameters:
0.19561581572821157, -95.48689244645047, 19.804521863523927, 
objectives:
-115.25314876261139, -72.42656829847637, 9098.98037276384, 

parameters:
1.5287546405134158, -0.6893135209281898, 16.41882257690986, 
objectives:
-14.771045346946748, 15.95158124481931, -12.606578695884139, 

parameters:
3.031168502735886, -13.035851011729209, 19.949741905119634, 
objectives:
-23.797610424870733, 7.977199374424995, 160.17165218685994, 

parameters:
-2.5971946136003505, -74.45763614733967, 9.25918453607313, 
objectives:
-76.97140082249813, -44.06425329595046, 5542.425815974465, 

parameters:
2.671395339443145, -9.006556157053435, 10.853902703572853, 
objectives:
-12.724105801027731, 2.2981182483453946, 78.40050416618284, 

parameters:
3.9480263659683255, -60.69344214053708, 8.274261475296763, 
objectives:
-53.38079142945278, -48.62437394273256, 3692.006569577806, 

parameters:
-2.3351302779072567, -66.39220444946197, 19.198879562351063, 
objectives:
-80.13825059701381, -28.399970360682662, 4395.178765511606, 

parameters:
2.5891474747823544, -61.72452878475919, 13.850564383079675, 
objectives:
-68.87140852166702, -47.52686965463708, 3803.770573963658, 

parameters:
5.220281147689886, -66.40551579479626, 1.4718763598958293, 
objectives:
-40.62605689376565, -54.56342876473354, 4436.471986873967, 

parameters:
0.2304139415784423, -87.12942303155997, 9.893323070167714, 
objectives:
-96.96965551725397, -74.10466514323231, 7582.696125326838, 

parameters:
0.9242780032038618, -7.849479426461058, 9.899952989026785, 
objectives:
-16.895142588281324, 3.2076513769567976, 53.56866410461515, 

parameters:
2.2365661647519435, -80.76527152950837, 7.117737904118056, 
objectives:
-82.88078122431321, -73.59157007508486, 6521.9135755404095, 

