Generation 1970 at Fri May 24 19:48:18 2019
parameters:
0.05101637681523949, -100, 19.95971668145522, 
objectives:
-119.95711401075187, -76.24174615510238, 9981.042885989249, 

parameters:
3.3619094554596316, -5.869084147185942, 4.895683471346402, 
objectives:
0.5376675681765333, 0.8813966890308107, 41.8529004421118, 

parameters:
-0.09310337269809921, -0.38187417318528993, 20, 
objectives:
-20.37320593517753, 23.999207555614866, -18.84550387784629, 

parameters:
1.9973066371654076, -100, 0, 
objectives:
-96.01076619713501, -99.99999274579665, 10004.989233802866, 

parameters:
-0.08979653999160275, -64.99703275636939, 8.846510528519076, 
objectives:
-73.83547986629401, -51.783272649289444, 4216.775820022631, 

parameters:
-2.453093358357058, -44.42185987437002, 4.287641091517017, 
objectives:
-42.69183394107153, -20.304178324609257, 1976.0316606314636, 

parameters:
1.5171578853562298, -94.73235656899433, 0, 
objectives:
-92.43058851989575, -94.49922006132067, 8977.521149164184, 

parameters:
0.19561581572821157, -95.48689244645047, 19.804521863523927, 
objectives:
-115.25314876261139, -72.42656829847637, 9098.98037276384, 

parameters:
5.323539671699604, -56.87512535326572, 0, 
objectives:
-28.5350507171062, -45.82920940390461, 3264.119958585849, 

parameters:
0.4986928861119146, -91.20753268281179, 19.662191548963676, 
objectives:
-110.62102963711683, -69.29141808363714, 8300.400521131876, 

parameters:
1.4810588853012199, -34.12311801220948, 20, 
objectives:
-51.92958259047979, -13.853818131684669, 1147.5807182969047, 

parameters:
2.398034171270487, -86.24955548269652, 2.7590731139134648, 
objectives:
-83.25806071002906, -83.33205116728408, 7442.977315735413, 

parameters:
2.8051860756691775, -38.74407662263893, 7.293672965925685, 
objectives:
-38.16868066943638, -30.80207904026171, 1502.6788692941188, 

parameters:
-1.147251789937404, -74.16633964035532, 20, 
objectives:
-92.85015297084074, -44.261145811091126, 5482.962122318055, 

parameters:
-0.09875423222070498, -87.673235962833, 17.800275587111425, 
objectives:
-105.46375915156293, -65.46819104845726, 7669.805781005864, 

parameters:
1.9168748760939203, -21.716544299824758, 16.540996595885595, 
objectives:
-34.58313160511027, -5.168637917714761, 459.74170902096563, 

parameters:
5.05423970224562, -79.01766187403044, 12.871953494760653, 
objectives:
-66.34427640103519, -56.81732822049637, 6257.464273511599, 

parameters:
-0.21763775340776137, -30.171558302860902, 17.758793201499003, 
objectives:
-47.88298531265153, -7.494847896022478, 893.6115034131441, 

parameters:
3.031168502735886, -13.035851011729209, 19.949741905119634, 
objectives:
-23.797610424870733, 7.977199374424995, 160.17165218685994, 

parameters:
-1.4749781074713624, -55.59141924998424, 9.052146699233731, 
objectives:
-62.46800553169817, -34.46379970334526, 3084.5293079458042, 

parameters:
-0.08506101968274082, -83.09729532994271, 16.1085853481092, 
objectives:
-99.19864530098245, -62.641230526033084, 6890.059141180679, 

parameters:
-1.7476000428677076, -75.18296216348647, 4.889656992639524, 
objectives:
-77.01851324629479, -56.248799089544896, 5651.64224859343, 

parameters:
0.9179583501467505, -50.69313809155315, 7.107758156219801, 
objectives:
-56.95824871516881, -42.41456580331621, 2564.5291389456615, 

parameters:
-0.8392358957872463, -51.389179356808725, 17.92320723474628, 
objectives:
-68.60806970277719, -25.40471165013564, 2624.6288646202875, 

parameters:
2.0188600032557438, -1.7373777557550678, 8.362647959478064, 
objectives:
-6.02423000248735, 6.625625903445803, -0.26837078053976526, 

parameters:
-0.48250648128431184, -52.35249888174693, 7.1692583418122515, 
objectives:
-59.28894471907782, -39.02040211031606, 2734.847693325983, 

parameters:
-0.05607971315904181, -80.71533972556497, 7.581491097700043, 
objectives:
-88.29368588903701, -68.90638484100077, 6508.387720849895, 

parameters:
-0.9936312382482098, -89.26550072955561, 1.3454533232959203, 
objectives:
-89.62365101522886, -78.9582194156442, 7968.97147021262, 

parameters:
-2.2951993145176175, -85.44005140079794, 19.035511102171224, 
objectives:
-99.20762260960703, -47.9558031471941, 7287.234812162185, 

parameters:
2.671395339443145, -9.006556157053435, 10.853902703572853, 
objectives:
-12.724105801027731, 2.2981182483453946, 78.40050416618284, 

parameters:
1.3067893233041874, -27.617108645991017, 10.749328834913152, 
objectives:
-36.65873914540235, -16.3872387687928, 754.6630594650604, 

parameters:
2.956625553647052, -4.310440744906009, 20, 
objectives:
-15.568806080427272, 16.60469170498452, 8.321534079824602, 

parameters:
2.806562696422194, -85.35380110995521, 2.564826282781919, 
objectives:
-80.04183322378852, -82.13843144391345, 7291.583331803959, 

parameters:
1.5287546405134158, -0.6893135209281898, 16.41882257690986, 
objectives:
-14.771045346946748, 15.95158124481931, -12.606578695884139, 

