Generation 1980 at Fri May 24 19:48:18 2019
parameters:
0.05101637681523949, -100, 19.95971668145522, 
objectives:
-119.95711401075187, -76.24174615510238, 9981.042885989249, 

parameters:
3.3619094554596316, -5.869084147185942, 4.895683471346402, 
objectives:
0.5376675681765333, 0.8813966890308107, 41.8529004421118, 

parameters:
-0.09310337269809921, -0.38187417318528993, 20, 
objectives:
-20.37320593517753, 23.999207555614866, -18.84550387784629, 

parameters:
1.9973066371654076, -100, 0, 
objectives:
-96.01076619713501, -99.99999274579665, 10004.989233802866, 

parameters:
2.398034171270487, -86.24955548269652, 2.7590731139134648, 
objectives:
-83.25806071002906, -83.33205116728408, 7442.977315735413, 

parameters:
0.2769914537510679, 0.3137874256236961, 13.17792854225404, 
objectives:
-12.787416851179215, 16.460474418324594, -12.002741728323365, 

parameters:
0.7182592786654722, -70.20041369896245, 6.5787124347025285, 
objectives:
-76.26322974227593, -61.97884198753277, 4923.035267462162, 

parameters:
3.031168502735886, -13.035851011729209, 19.949741905119634, 
objectives:
-23.797610424870733, 7.977199374424995, 160.17165218685994, 

parameters:
-0.8162098538880715, -87.74540813378398, 13.261577347695113, 
objectives:
-100.3407869558951, -66.5527928449526, 7687.661269742213, 

parameters:
-0.08979653999160275, -64.99703275636939, 8.846510528519076, 
objectives:
-73.83547986629401, -51.783272649289444, 4216.775820022631, 

parameters:
-0.08506101968274082, -83.09729532994271, 16.1085853481092, 
objectives:
-99.19864530098245, -62.641230526033084, 6890.059141180679, 

parameters:
1.9209866066709138, -76.66139170712421, 7.331999538463043, 
objectives:
-80.30320170257822, -69.3231490523358, 5874.327168477679, 

parameters:
1.821181847847101, -94.32376722272814, 0, 
objectives:
-91.00706389980036, -94.29179129118876, 8901.28976641033, 

parameters:
0.19561581572821157, -95.48689244645047, 19.804521863523927, 
objectives:
-115.25314876261139, -72.42656829847637, 9098.98037276384, 

parameters:
2.455188559461587, -58.394766698873525, 2.337765627829345, 
objectives:
-54.704581464191804, -55.849804446379466, 3414.63896305055, 

parameters:
-1.147251789937404, -74.16633964035532, 20, 
objectives:
-92.85015297084074, -44.261145811091126, 5482.962122318055, 

parameters:
1.1030531793555762, -28.413164448883183, 17.76016888203586, 
objectives:
-44.9566070144326, -9.848481967783183, 791.7644714337298, 

parameters:
-0.8392358957872463, -51.389179356808725, 17.92320723474628, 
objectives:
-68.60806970277719, -25.40471165013564, 2624.6288646202875, 

parameters:
1.0705467103045518, -91.00100076939069, 19.666247279789125, 
objectives:
-109.52117779023592, -70.47087007187588, 8263.6619640098, 

parameters:
-0.3933744992660937, -62.348525341846305, 9.871474508252454, 
objectives:
-72.06525635342591, -46.74880933985663, 3878.621881291271, 

parameters:
4.933508984229633, -56.0159751109585, 2.4478046389257795, 
objectives:
-34.12426885240978, -44.962695511476745, 3160.681173890071, 

parameters:
0.8696023626483578, -97.7537758510372, 0, 
objectives:
-96.9975675819136, -96.47597703250703, 9557.556901403948, 

parameters:
2.8051860756691775, -38.74407662263893, 7.293672965925685, 
objectives:
-38.16868066943638, -30.80207904026171, 1502.6788692941188, 

parameters:
-0.48250648128431184, -52.35249888174693, 7.1692583418122515, 
objectives:
-59.28894471907782, -39.02040211031606, 2734.847693325983, 

parameters:
3.938489385124341, -44.269106932561336, 20, 
objectives:
-48.75740829582423, -20.511365836321588, 1956.2655272432871, 

parameters:
-0.7011553749648713, -43.92387403736865, 20, 
objectives:
-63.43225517752652, -16.627633677667035, 1910.7983293104699, 

parameters:
2.0019010540586586, -23.23961861434679, 19.90085832589686, 
objectives:
-39.132869110002474, -3.3387566744433954, 525.186622844638, 

parameters:
0.4986928861119146, -91.20753268281179, 19.662191548963676, 
objectives:
-110.62102963711683, -69.29141808363714, 8300.400521131876, 

parameters:
0.4300191597130089, -48.16394684918686, 7.819134658994746, 
objectives:
-55.79816503046133, -37.879972351323865, 2313.1315579100224, 

parameters:
1.9168748760939203, -21.716544299824758, 16.540996595885595, 
objectives:
-34.58313160511027, -5.168637917714761, 459.74170902096563, 

parameters:
2.0188600032557438, -1.7373777557550678, 8.362647959478064, 
objectives:
-6.02423000248735, 6.625625903445803, -0.26837078053976526, 

parameters:
0.7111027598945324, -42.88201625727782, 5.126358298495192, 
objectives:
-47.50270742064339, -36.094401863231134, 1835.2466271260737, 

parameters:
-0.7995912291153986, -54.691481607290086, 15.69532150601815, 
objectives:
-69.74745697962996, -31.15844905113207, 2977.10218502821, 

parameters:
1.4810588853012199, -34.12311801220948, 20, 
objectives:
-51.92958259047979, -13.853818131684669, 1147.5807182969047, 

parameters:
3.1503010188474674, -100, 8.2337261201247, 
objectives:
-98.3093296107733, -90.44308144591378, 10002.690670389227, 

parameters:
5.66514141743883, -32.792346038396104, 5.656293825917924, 
objectives:
-6.354812584733185, -13.702790602652662, 1102.7754921555756, 

parameters:
-2.4568947297568107, -32.425994720521416, 20, 
objectives:
-46.389663007414626, 7.437915911612617, 1038.4814653283895, 

