Generation 1988 at Fri May 24 19:48:18 2019
parameters:
0.05101637681523949, -100, 19.95971668145522, 
objectives:
-119.95711401075187, -76.24174615510238, 9981.042885989249, 

parameters:
3.3619094554596316, -5.869084147185942, 4.895683471346402, 
objectives:
0.5376675681765333, 0.8813966890308107, 41.8529004421118, 

parameters:
-2.8989652149289, -10.801487836018548, 20, 
objectives:
-22.397488518650785, 33.19837234106481, 106.07613878902443, 

parameters:
-0.09310337269809921, -0.38187417318528993, 20, 
objectives:
-20.37320593517753, 23.999207555614866, -18.84550387784629, 

parameters:
1.9973066371654076, -100, 0, 
objectives:
-96.01076619713501, -99.99999274579665, 10004.989233802866, 

parameters:
1.0705467103045518, -91.00100076939069, 19.666247279789125, 
objectives:
-109.52117779023592, -70.47087007187588, 8263.6619640098, 

parameters:
-0.6341460344350143, -67.04327533346708, 6.507070692524032, 
objectives:
-73.14820483300144, -53.59747931021334, 4489.695837939541, 

parameters:
0.2769914537510679, 0.3137874256236961, 13.17792854225404, 
objectives:
-12.787416851179215, 16.460474418324594, -12.002741728323365, 

parameters:
-0.24898929045723683, -33.448322806602704, 7.078215714229784, 
objectives:
-40.46454285407009, -21.312154263781572, 1112.7740785272313, 

parameters:
2.7082724836670002, -37.693186707163086, 4.182050699083315, 
objectives:
-34.540497560458576, -33.009486096959954, 1424.9290132877607, 

parameters:
0.851255037913274, -72.62193896948887, 14.022208079236009, 
objectives:
-85.91951190915215, -57.28011590233322, 5261.648446748502, 

parameters:
2.8826230623699676, -94.005122580719, 4.284191477471862, 
objectives:
-89.97979833848366, -88.9419076330198, 8841.988395658242, 

parameters:
-1.147251789937404, -74.16633964035532, 20, 
objectives:
-92.85015297084074, -44.261145811091126, 5482.962122318055, 

parameters:
2.398034171270487, -86.24955548269652, 2.7590731139134648, 
objectives:
-83.25806071002906, -83.33205116728408, 7442.977315735413, 

parameters:
-0.08506101968274082, -83.09729532994271, 16.1085853481092, 
objectives:
-99.19864530098245, -62.641230526033084, 6890.059141180679, 

parameters:
1.8878797901416098, -79.06828773356052, 0.04533511699019305, 
objectives:
-75.54953274852558, -79.01038167511165, 6256.312880102153, 

parameters:
-1.6907501747318088, -62.03183918808001, 10.078659187242977, 
objectives:
-69.25186222196734, -38.33154314855416, 3841.729050021932, 

parameters:
0.8696023626483578, -97.7537758510372, 0, 
objectives:
-96.9975675819136, -96.47597703250703, 9557.556901403948, 

parameters:
3.059855919519153, -43.80979256968912, 14.378391472416961, 
objectives:
-48.82546579388968, -28.30810652713237, 1915.2822517749876, 

parameters:
1.9209866066709138, -76.66139170712421, 7.331999538463043, 
objectives:
-80.30320170257822, -69.3231490523358, 5874.327168477679, 

parameters:
1.9934159589470646, -64.71879780248094, 0, 
objectives:
-60.74509061709609, -64.71875445288435, 4193.496496183796, 

parameters:
2.683544249972668, -17.028121093207943, 0, 
objectives:
-9.826711351646574, -16.560888351537248, 298.15831770651465, 

parameters:
1.485058799982049, -55.12672307728282, 19.286750604901936, 
objectives:
-72.20807404278064, -35.574808032904954, 3022.8742462739283, 

parameters:
-1.163575881370779, -92.3569474431963, 9.896981170217032, 
objectives:
-100.90001978170555, -72.45175391578837, 8522.262668686815, 

parameters:
-1.731298688624929, -46.77811654639592, 20, 
objectives:
-63.78072139716152, -12.8555266426618, 2172.189582777434, 

parameters:
2.455188559461587, -58.394766698873525, 2.337765627829345, 
objectives:
-54.704581464191804, -55.849804446379466, 3414.63896305055, 

parameters:
-0.19491211225608285, -30.001828817520206, 19.9989204819215, 
objectives:
-49.96275856793758, -5.185269155070248, 881.1488026453685, 

parameters:
0.4300191597130089, -48.16394684918686, 7.819134658994746, 
objectives:
-55.79816503046133, -37.879972351323865, 2313.1315579100224, 

parameters:
3.6974530849656384, -26.66835467844934, 13.573915558713558, 
objectives:
-26.57111092164098, -10.21309214407642, 712.2983850123792, 

parameters:
3.031168502735886, -13.035851011729209, 19.949741905119634, 
objectives:
-23.797610424870733, 7.977199374424995, 160.17165218685994, 

parameters:
2.9087054783731867, -4.5763148835701255, 7.174051952158521, 
objectives:
-3.2897992758104575, 3.423482715013838, 23.229173521345118, 

parameters:
3.6555885467799705, -31.608245888494466, 9.889534893860379, 
objectives:
-28.13445315900595, -18.97773755840507, 1003.5550008770158, 

parameters:
3.1368657831302693, -95.10181312924455, 12.622889293546725, 
objectives:
-97.88477548141779, -81.18646002684542, 9042.571898117576, 

parameters:
-0.40605277203150836, -40.34219632209044, 9.28268347895107, 
objectives:
-49.460000947367035, -25.27042290133886, 1619.3749994648108, 

parameters:
2.5670861949412753, -91.91881637153091, 7.92603576555443, 
objectives:
-93.25492060482726, -83.6711938534835, 8448.732698909922, 

