Generation 1995 at Fri May 24 19:48:18 2019
parameters:
3.3619094554596316, -5.869084147185942, 4.895683471346402, 
objectives:
0.5376675681765333, 0.8813966890308107, 41.8529004421118, 

parameters:
0.05101637681523949, -100, 19.95971668145522, 
objectives:
-119.95711401075187, -76.24174615510238, 9981.042885989249, 

parameters:
-0.09310337269809921, -0.38187417318528993, 20, 
objectives:
-20.37320593517753, 23.999207555614866, -18.84550387784629, 

parameters:
1.9973066371654076, -100, 0, 
objectives:
-96.01076619713501, -99.99999274579665, 10004.989233802866, 

parameters:
3.059855919519153, -43.80979256968912, 14.378391472416961, 
objectives:
-48.82546579388968, -28.30810652713237, 1915.2822517749876, 

parameters:
1.0705467103045518, -91.00100076939069, 19.666247279789125, 
objectives:
-109.52117779023592, -70.47087007187588, 8263.6619640098, 

parameters:
2.683544249972668, -17.028121093207943, 0, 
objectives:
-9.826711351646574, -16.560888351537248, 298.15831770651465, 

parameters:
-3.0207218571590677, -90.50264069257457, 19.947609697872092, 
objectives:
-101.32548985212814, -45.34738302774768, 8180.905123169701, 

parameters:
0.8696023626483578, -97.7537758510372, 0, 
objectives:
-96.9975675819136, -96.47597703250703, 9557.556901403948, 

parameters:
2.0325834446824835, -26.62177315709907, 18.5497414634736, 
objectives:
-41.040119160975365, -8.070970012758092, 695.3004600241643, 

parameters:
2.7082724836670002, -37.693186707163086, 4.182050699083315, 
objectives:
-34.540497560458576, -33.009486096959954, 1424.9290132877607, 

parameters:
1.8878797901416098, -79.06828773356052, 0.04533511699019305, 
objectives:
-75.54953274852558, -79.01038167511165, 6256.312880102153, 

parameters:
0.2769914537510679, 0.3137874256236961, 13.17792854225404, 
objectives:
-12.787416851179215, 16.460474418324594, -12.002741728323365, 

parameters:
3.6974530849656384, -26.66835467844934, 13.573915558713558, 
objectives:
-26.57111092164098, -10.21309214407642, 712.2983850123792, 

parameters:
2.8826230623699676, -94.005122580719, 4.284191477471862, 
objectives:
-89.97979833848366, -88.9419076330198, 8841.988395658242, 

parameters:
0.46287253123221084, -10.746428367432763, 19.35735467222343, 
objectives:
-29.88953205948688, 10.973687160031137, 97.34261896430948, 

parameters:
-1.235679856327247, -51.138246817669426, 2.1202900038937944, 
objectives:
-51.731632114230294, -38.54833268113372, 2615.5269022883163, 

parameters:
-0.24898929045723683, -33.448322806602704, 7.078215714229784, 
objectives:
-40.46454285407009, -21.312154263781572, 1112.7740785272313, 

parameters:
2.398034171270487, -86.24955548269652, 2.7590731139134648, 
objectives:
-83.25806071002906, -83.33205116728408, 7442.977315735413, 

parameters:
3.56418104465748, -82.57173435379553, 0, 
objectives:
-69.86834783469985, -80.12507201332977, 6831.794700712874, 

parameters:
1.2667011603374743, -68.69065713903164, 1.086790179858638, 
objectives:
-68.17291548928998, -67.0661397709226, 4719.92411984174, 

parameters:
0.851255037913274, -72.62193896948887, 14.022208079236009, 
objectives:
-85.91951190915215, -57.28011590233322, 5261.648446748502, 

parameters:
2.3580151511623977, -94.54395971117384, 9.459427346599274, 
objectives:
-98.44315160466168, -84.95635751611273, 8935.661125974575, 

parameters:
0.9544639658474225, -16.19254444498752, 20, 
objectives:
-35.28154298288633, 4.900601153723981, 244.10949706499736, 

parameters:
1.9209866066709138, -76.66139170712421, 7.331999538463043, 
objectives:
-80.30320170257822, -69.3231490523358, 5874.327168477679, 

parameters:
-2.18160470735826, -65.69718508968802, 10.664159369961503, 
objectives:
-71.6019453604818, -37.54720779112576, 4311.215368437933, 

parameters:
0.8975672060751541, -58.406569765607955, 6.282318951053577, 
objectives:
-63.88326182723997, -50.908892749433434, 3406.850699723197, 

parameters:
-1.147251789937404, -74.16633964035532, 20, 
objectives:
-92.85015297084074, -44.261145811091126, 5482.962122318055, 

parameters:
0.053051760064332515, -85.43239510528697, 9.034483303220904, 
objectives:
-94.46406391926196, -72.60730435307747, 7290.662464611886, 

parameters:
1.9934159589470646, -64.71879780248094, 0, 
objectives:
-60.74509061709609, -64.71875445288435, 4193.496496183796, 

parameters:
1.2413964191608762, -60.991160743884265, 6.371342153278102, 
objectives:
-65.82143782765692, -54.04433919774422, 3716.091411802556, 

parameters:
0.4300191597130089, -48.16394684918686, 7.819134658994746, 
objectives:
-55.79816503046133, -37.879972351323865, 2313.1315579100224, 

parameters:
0.2777525520789683, -75.74368136718881, 13.842597918291256, 
objectives:
-89.50913280529369, -58.93494717702705, 5724.339815616121, 

parameters:
1.8757948897227397, -55.563796050287955, 4.235899062026398, 
objectives:
-56.281088644004406, -51.31247007884257, 3087.618138924279, 

parameters:
3.8330079095843157, -54.611771852105264, 0, 
objectives:
-39.91982221716934, -51.2518538555066, 2998.137574461333, 

parameters:
2.899712423321329, -63.89175233030603, 8.657273511861005, 
objectives:
-64.14069370420299, -54.42499637376629, 4082.907074463269, 

parameters:
0.6325447783156144, -64.40989554566004, 0.9376207893344365, 
objectives:
-64.94740343842011, -61.6023409730137, 4149.097136310076, 

