Generation 1999 at Fri May 24 19:48:18 2019
parameters:
1.708881785946131, 5.672189741329618, 0.44572251187047573, 
objectives:
8.14674418779758, 6.202662067754008, 35.64829090811292, 

parameters:
0.05101637681523949, -100, 19.95971668145522, 
objectives:
-119.95711401075187, -76.24174615510238, 9981.042885989249, 

parameters:
-0.09310337269809921, -0.38187417318528993, 20, 
objectives:
-20.37320593517753, 23.999207555614866, -18.84550387784629, 

parameters:
1.9973066371654076, -100, 0, 
objectives:
-96.01076619713501, -99.99999274579665, 10004.989233802866, 

parameters:
0.8975672060751541, -58.406569765607955, 6.282318951053577, 
objectives:
-63.88326182723997, -50.908892749433434, 3406.850699723197, 

parameters:
0.7347700243040145, -44.40494375076647, 10.781833244615179, 
objectives:
-54.64689000676593, -32.02230361475163, 1962.5570832527349, 

parameters:
1.0705467103045518, -91.00100076939069, 19.666247279789125, 
objectives:
-109.52117779023592, -70.47087007187588, 8263.6619640098, 

parameters:
-1.235679856327247, -51.138246817669426, 2.1202900038937944, 
objectives:
-51.731632114230294, -38.54833268113372, 2615.5269022883163, 

parameters:
0.851255037913274, -72.62193896948887, 14.022208079236009, 
objectives:
-85.91951190915215, -57.28011590233322, 5261.648446748502, 

parameters:
4.041722872316065, -35.56655842118016, 15.276860316154027, 
objectives:
-34.50789496073137, -16.121065817687573, 1267.0387413876701, 

parameters:
2.496646487050069, -74.14886264716624, 10.794472854827262, 
objectives:
-78.71009182069405, -63.10773205923981, 5494.492602694797, 

parameters:
0.8696023626483578, -97.7537758510372, 0, 
objectives:
-96.9975675819136, -96.47597703250703, 9557.556901403948, 

parameters:
3.3619094554596316, -5.869084147185942, 4.895683471346402, 
objectives:
0.5376675681765333, 0.8813966890308107, 41.8529004421118, 

parameters:
2.9758810598807433, -41.319971876950895, 15.176174461000473, 
objectives:
-47.64027825539443, -25.19145357291646, 1702.0197695335694, 

parameters:
3.6974530849656384, -26.66835467844934, 13.573915558713558, 
objectives:
-26.57111092164098, -10.21309214407642, 712.2983850123792, 

parameters:
1.0785818037155082, -64.66031792864587, 14.656395214825677, 
objectives:
-78.15337443616535, -49.154911221376025, 4168.463658126043, 

parameters:
0.053051760064332515, -85.43239510528697, 9.034483303220904, 
objectives:
-94.46406391926196, -72.60730435307747, 7290.662464611886, 

parameters:
2.6449737653080576, -89.21834837303798, 1.8204950813623146, 
objectives:
-84.04295723523241, -86.98186213374002, 7966.089077550575, 

parameters:
2.683544249972668, -17.028121093207943, 0, 
objectives:
-9.826711351646574, -16.560888351537248, 298.15831770651465, 

parameters:
2.3580151511623977, -94.54395971117384, 9.459427346599274, 
objectives:
-98.44315160466168, -84.95635751611273, 8935.661125974575, 

parameters:
0.30899513909049636, -52.91478656042718, 14.857725919383217, 
objectives:
-67.67703448382885, -35.1975632014244, 2786.2123888121637, 

parameters:
3.56418104465748, -82.57173435379553, 0, 
objectives:
-69.86834783469985, -80.12507201332977, 6831.794700712874, 

parameters:
1.5992658705390097, -92.63533011589678, 2.1615653927548997, 
objectives:
-92.23924418398077, -90.31317688062703, 8582.700471613089, 

parameters:
2.0325834446824835, -26.62177315709907, 18.5497414634736, 
objectives:
-41.040119160975365, -8.070970012758092, 695.3004600241643, 

parameters:
4.404547179452319, -22.27845207493599, 15.658988322298637, 
objectives:
-18.537404541213252, -0.8376166144252544, 501.0704743889425, 

parameters:
-0.15502962275543142, -68.29039998239243, 2.2735391791006223, 
objectives:
-70.53990497756136, -61.37270812833839, 4662.329224759976, 

parameters:
0.2769914537510679, 0.3137874256236961, 13.17792854225404, 
objectives:
-12.787416851179215, 16.460474418324594, -12.002741728323365, 

parameters:
4.159470071782406, -40.74223718413958, 14.585627321208033, 
objectives:
-38.02667322729408, -21.49329887200764, 1663.6454547255316, 

parameters:
-0.2711868097931399, -78.54656151329738, 12.231968406029132, 
objectives:
-90.70498763352072, -61.1563035822899, 6158.403899441985, 

parameters:
1.8878797901416098, -79.06828773356052, 0.04533511699019305, 
objectives:
-75.54953274852558, -79.01038167511165, 6256.312880102153, 

parameters:
-3.0207218571590677, -90.50264069257457, 19.947609697872092, 
objectives:
-101.32548985212814, -45.34738302774768, 8180.905123169701, 

parameters:
0.46287253123221084, -10.746428367432763, 19.35735467222343, 
objectives:
-29.88953205948688, 10.973687160031137, 97.34261896430948, 

parameters:
-0.8810034721386921, -8.682384062579786, 12.653350591260525, 
objectives:
-20.55956753591988, 12.27114753515594, 64.50660953679939, 

parameters:
-2.1767112056190725, -100, 6.161237188073881, 
objectives:
-101.42316551540625, -76.39384631678219, 9999.576834484593, 

