[!]Generation 2 at Sun May 26 02:43:06 2019
size of front generated: 3
[!!!]Points in the front:
parameters:
0, 0.0, 20.0, 
objectives:
-20.0, 24.0, -19.0, 

parameters:
0.8082626923044107, 0, 20.0, 
objectives:
-19.346711420228825, 21.42023781055353, -18.346711420228825, 

parameters:
1.1597927164830402, 0, 20.0, 
objectives:
-18.65488085479289, 20.70594827927495, -17.65488085479289, 

size of all points: 80
[!!!]All points:
0.8082626923044107, 0, 20.0, -19.346711420228825, 21.42023781055353, -18.346711420228825, 

3.09056417764587, 0, 20.0, -10.448413063852106, 21.18933022556441, -9.448413063852106, 

0, 4.29767368960168, 20.0, -15.70232631039832, 28.29767368960168, -14.70232631039832, 

3.6517660696247782, 0, 20.0, -6.664604572737199, 22.728331148763687, -5.664604572737199, 

0, 7.498997249835167, 20.0, -12.501002750164833, 31.498997249835167, -11.501002750164833, 

1.3720958391584168, 10.19513457366961, 20.0, -7.92221843449455, 30.589398208871785, -6.92221843449455, 

1.7572992403609784, 9.364410125658186, 20.0, -7.547489254168543, 29.423313784387545, -6.547489254168543, 

0, 11.041385577027405, 20.0, -8.958614422972595, 35.041385577027405, -7.958614422972595, 

2.392655958443501, 11.588859895219281, 20.0, -2.686337569305529, 31.743038596920464, -1.686337569305529, 

0, 17.97428231675447, 20.0, -2.0257176832455315, 41.97428231675447, -1.0257176832455315, 

1.4112576711845446, 18.642418785243187, 20.0, 0.6340669997204103, 38.98903631498223, 1.6340669997204103, 

2.994160900445885, 14.245920337271603, 20.0, 3.2109198350305164, 35.23427623324697, 4.210919835030516, 

0, 18.446211859813914, 20.0, -1.5537881401860858, 42.446211859813914, -0.5537881401860858, 

1.51236920840039, 28.908762533173416, 20.0, 11.196023155691037, 49.14654632208948, 12.196023155691037, 

1.3295203229419887, 31.03845753426178, 20.0, 12.806081823377554, 51.4880005316096, 13.806081823377554, 

0.21036474891675794, 35.89859345652963, 20.0, 15.94284678411644, 59.10138778844941, 16.94284678411644, 

4.240137179339765, 32.197507127491164, 20.0, 30.176270427110545, 57.215721709751485, 31.176270427110545, 

1.4164571061997244, 40.00576339810743, 20.0, 22.01211413181113, 60.346285707012235, 23.01211413181113, 

7.362994037665448, 8.668048433504003, 20.0, 42.881729632200944, 57.42975348153915, 43.881729632200944, 

1.9824720258806172, 40.79639299130832, 20.0, 24.72658832470752, 60.796700221185056, 25.72658832470752, 

1.938143672718056, 56.91203362721541, 20.0, 40.66843452331244, 76.91585983244022, 41.66843452331244, 

6.116741413590446, 31.16454429510351, 20.0, 48.579069815835965, 68.11210416147418, 49.579069815835965, 

0, 69.99148202173099, 20.0, 49.99148202173099, 93.99148202173099, 50.99148202173099, 

3.4667262210549654, 68.17509677332126, 20.0, 60.19328746507129, 90.32638258085143, 61.19328746507129, 

7.18906570244823, 33.422992814029975, 20.0, 65.10565848814744, 80.34939567835451, 66.10565848814744, 

8.766469041386065, 11.727085674565698, 20.0, 68.57806512814601, 77.51218896260175, 69.57806512814601, 

10.07962750587743, 16.714607115987302, 20.0, 98.31349777322815, 101.99498774971843, 99.31349777322815, 

8.762919225309208, 43.63836206181409, 20.0, 100.42711541110782, 109.37543850987099, 101.42711541110782, 

9.846709156560326, 36.385120235852156, 20.0, 113.34280144974113, 117.95596482349981, 114.34280144974113, 

10.381918856776338, 29.209794233363475, 20.0, 116.99403338205158, 119.46635795494623, 117.99403338205158, 

11.797198045104867, 11.631835701699115, 20.0, 130.8057174171252, 127.61692523670575, 131.8057174171252, 

11.72799111747182, 15.837067824957415, 20.0, 133.38284347645532, 130.47087900656805, 134.38284347645532, 

11.28377681555672, 40.633841045794384, 20.0, 147.95746026908975, 146.82235300686287, 148.95746026908975, 

12.382827734760312, 35.50516886276385, 20.0, 168.83959157151304, 163.3082806324718, 169.83959157151304, 

13.681322128611987, 23.07113673777556, 20.0, 190.24971192462357, 179.52442341017564, 191.24971192462357, 

14.719395556860707, 6.7478467666694195, 20.0, 203.40845232600014, 188.53087009855733, 204.40845232600014, 

12.063339078284493, 83.90535213856607, 20.0, 209.4295018562318, 205.17614554309387, 210.4295018562318, 

12.510365945029807, 88.47620851613117, 20.0, 224.9854645946927, 218.94400081457349, 225.9854645946927, 

16.00022896229937, 0.14868839962089986, 20.0, 236.15601524562447, 216.15509939642703, 237.15601524562447, 

16.17639449291074, 0, 20.0, 241.675738790273, 220.97016081863, 242.675738790273, 

8.35869803022526, 18.770071809042122, 20.0, 68.63790456953375, 79.20311244863271, 69.63790456953375, 

0.059030899079382734, 6.019454465394055, 20.0, -13.977060887559825, 29.786815516122644, -12.977060887559825, 

9.152994127463971, 12.89187927417215, 20.0, 76.6691807715621, 84.05720426170622, 77.6691807715621, 

5.480032146280832, 0, 20.0, 10.030752324271305, 32.110623739147975, 11.030752324271305, 

7.963228312554689, 26.807752356009928, 20.0, 70.22075751388252, 82.36784426366377, 71.22075751388252, 

0, 0.0, 20.0, -20.0, 24.0, -19.0, 

3.8250116783178107, 53.320069350212435, 20.0, 47.950783689480076, 76.65073697620883, 48.950783689480076, 

2.1195780010432905, 36.10667084145352, 20.0, 20.59928174396019, 56.12096973978703, 21.59928174396019, 

1.4915449315015499, 48.02045445616615, 20.0, 30.24516073885411, 68.27898101284791, 31.24516073885411, 

13.850949492490571, 17.211649743250533, 20.0, 189.06045158677534, 177.65665361681306, 190.06045158677534, 

12.706147550977555, 10.711035830611475, 20.0, 152.1572214178244, 145.33263121391417, 153.1572214178244, 

0, 6.597503294688195, 20.0, -13.402496705311805, 30.597503294688195, -12.402496705311805, 

5.18491270329095, 14.889426364292266, 20.0, 21.772746105040127, 45.03309529187633, 22.772746105040127, 

12.06563508724156, 12.253277773923795, 20.0, 137.83282783239844, 133.5702874834322, 138.83282783239844, 

9.044839630638446, 88.25652214401794, 20.0, 150.06564608798575, 157.88628756543199, 151.06564608798575, 

5.160320075107739, 8.63036007922411, 20.0, 15.259263356784054, 38.6179830563531, 16.259263356784054, 

16.982572052541855, 70.00575614132065, 20.0, 338.4135096610963, 314.4832214509289, 339.4135096610963, 

1.1970003280843693, 32.27776554499111, 20.0, 13.7105753304252, 52.92257401808772, 14.7105753304252, 

2.766064042048256, 77.59407909935427, 20.0, 65.2451893840666, 98.18093321587358, 66.2451893840666, 

6.800156760274197, 6.562000693076796, 20.0, 32.804132657379654, 49.603505616282874, 33.804132657379654, 

11.54467368677959, 8.011806374996572, 20.0, 121.2912969092176, 119.11260216209924, 122.2912969092176, 

1.0269377619326825, 9.933771958189647, 20.0, -9.011626874927046, 30.880622077342224, -8.011626874927046, 

23.60681922697713, 50.08901626023315, 20.0, 587.3709302754103, 536.9436533675017, 588.3709302754103, 

0.09856887484194557, 31.743409449420227, 20.0, 11.753125272507834, 55.35884977314005, 12.753125272507837, 

17.713020044123265, 29.352988301070774, 20.0, 323.1040673845833, 296.25198720809027, 324.1040673845833, 

2.0325203202639957, 18.88050665726531, 20.0, 3.0116455095513643, 38.881564228495385, 4.011645509551364, 

15.950262828654669, 43.746915163528904, 20.0, 278.15779946669176, 258.35674815207307, 279.15779946669176, 

21.243254369163477, 2.288204211904837, 20.0, 433.564060404888, 392.59104292823406, 434.564060404888, 

7.2141807256943915, 10.66578676722513, 20.0, 42.71019031020558, 57.85346740742802, 43.71019031020558, 

0.4251809948195791, 0.48748563575498605, 20.0, -19.331735485889247, 22.967540534832438, -18.331735485889247, 

1.270439665590982, 55.024531357121255, 20.0, 36.63854830102818, 75.55678963866426, 37.63854830102818, 

7.161661229514188, 6.263713686682243, 20.0, 37.55310525300891, 52.90646033495216, 38.55310525300891, 

16.18404280053849, 39.03837273444823, 20.0, 280.9616141041099, 260.22544290195594, 281.9616141041099, 

1.4433814323693461, 28.898760361610726, 20.0, 10.982110320919311, 49.20858459144193, 11.982110320919311, 

28.704152878160954, 26.772366320947054, 20.0, 830.7007587737829, 759.8841472611391, 831.7007587737829, 

1.1597927164830402, 0, 20.0, -18.65488085479289, 20.70594827927495, -17.65488085479289, 

3.2739670719064113, 16.148093982058732, 20.0, 6.866954369986175, 37.771086082360526, 7.866954369986175, 

0, 8.60617037414646, 20.0, -11.39382962585354, 32.60617037414646, -10.39382962585354, 

8.361374515928206, 56.73427181457117, 20.0, 106.64685561018482, 117.201357546472, 107.64685561018482, 

14.490797010587654, 17.490636019897096, 20.0, 207.4738340219532, 193.51064597960257, 208.4738340219532, 

