[!]Generation 20 at Sun May 26 02:43:06 2019
size of front generated: 50
[!!!]Points in the front:
parameters:
0, 0, 20.0, 
objectives:
-20.0, 24.0, -19.0, 

parameters:
0, 0.0, 20.0, 
objectives:
-20.0, 24.0, -19.0, 

parameters:
2.048357973035493, 0.0005269160720332198, 20.0, 
objectives:
-15.803702698229895, 20.002865409628136, -14.803702698229895, 

parameters:
1.9503308162912567, 0.004204677231703633, 20.0, 
objectives:
-16.192005029792977, 20.006671705041995, -15.192005029792977, 

parameters:
0.1835522496923615, 0.0005195173684119447, 20.0, 
objectives:
-19.965789054264462, 23.30000194696609, -18.965789054264462, 

parameters:
1.2051517972154258, 0.04910559609055757, 20.0, 
objectives:
-18.498503549577872, 20.680889261560424, -17.498503549577872, 

parameters:
1.1253738331704561, 0.0, 20.0, 
objectives:
-18.733533735615236, 20.76497093170294, -17.733533735615232, 

parameters:
0.32143995325450336, 0.0, 20.0, 
objectives:
-19.896676356451742, 22.817563830530244, -18.896676356451742, 

parameters:
1.3601785843659748, 0.0, 20.0, 
objectives:
-18.149914218632173, 20.40937144390393, -17.149914218632173, 

parameters:
0.6174725099266521, 0.0, 20.0, 
objectives:
-19.61872769948488, 21.911382260808512, -18.61872769948488, 

parameters:
0.09431621938253403, 1.5273039183853408e-05, 20.0, 
objectives:
-19.991089177722202, 23.631645944747664, -18.991089177722202, 

parameters:
1.6027176990492378, 0.006890061228069026, 20.0, 
objectives:
-17.424405915926247, 20.1647232878768, -16.424405915926247, 

parameters:
1.270853711101257, 0, 20.0, 
objectives:
-18.38493084498016, 20.531654310614808, -17.38493084498016, 

parameters:
1.4264771590954077, 0.0, 20.0, 
objectives:
-17.965162914579096, 20.328928449039275, -16.965162914579096, 

parameters:
0.7004552462508914, 0.0, 20.0, 
objectives:
-19.509362447999603, 21.68881656699683, -18.509362447999603, 

parameters:
1.8188622083277686, 0.013908744996193307, 20.0, 
objectives:
-16.67783152212084, 20.046719644568086, -15.67783152212084, 

parameters:
1.3151729450667051, 0.0, 20.0, 
objectives:
-18.27032012456457, 20.46898809516861, -17.27032012456457, 

parameters:
1.5671644670980711, 0.0, 20.0, 
objectives:
-17.543995533065218, 20.187346598542497, -16.543995533065218, 

parameters:
1.73264024941367, 0.0, 20.0, 
objectives:
-16.997957766111735, 20.071481236233584, -15.997957766111735, 

parameters:
1.6671566342413675, 0.0005158126335899468, 20.0, 
objectives:
-17.220072944271404, 20.111300518763123, -16.220072944271404, 

parameters:
0.848174614921404, 0.0, 20.0, 
objectives:
-19.280599822602927, 21.326701717711455, -18.280599822602927, 

parameters:
1.0031051378912585, 0.0, 20.0, 
objectives:
-18.99378008233616, 20.993799366098806, -17.99378008233616, 

parameters:
1.5208509541550492, 0.0008842458419297397, 20.0, 
objectives:
-17.68612812940375, 20.230468053976058, -16.68612812940375, 

parameters:
1.9075284220028004, 0, 20.0, 
objectives:
-16.361335319251506, 20.00855099273729, -15.361335319251506, 

parameters:
1.8600287558084947, 1.0487162017129423e-05, 20.0, 
objectives:
-16.540282540403485, 20.019602436362536, -15.540282540403487, 

parameters:
0.5000496572434621, 0.0056553455948692355, 20.0, 
objectives:
-19.744294994695828, 22.255506376330324, -18.744294994695828, 

parameters:
1.6811148235621896, 0.0, 20.0, 
objectives:
-17.173852949999468, 20.101687755751772, -16.173852949999468, 

parameters:
1.7799663680936728, 0.0, 20.0, 
objectives:
-16.83171972845542, 20.04841479916989, -15.83171972845542, 

parameters:
0.3666080040257206, 0, 20.0, 
objectives:
-19.86559857138428, 22.66796941251284, -18.86559857138428, 

parameters:
0.7319349712390374, 0.001736789601408006, 20.0, 
objectives:
-19.4625344082759, 21.60972570676795, -18.4625344082759, 

parameters:
1.4585823077129387, 6.225700250958729e-06, 20.0, 
objectives:
-17.872531425926546, 20.293139343221696, -16.872531425926546, 

parameters:
0.5627905495902523, 0.0, 20.0, 
objectives:
-19.683266797291903, 22.06557100434709, -18.683266797291903, 

parameters:
1.0660943082727772, 0.0, 20.0, 
objectives:
-18.863442925868387, 20.872179841040502, -17.863442925868387, 

parameters:
0.9048229811716484, 0.028712725023426026, 20.0, 
objectives:
-19.152582647720223, 21.22812542759318, -18.152582647720223, 

parameters:
0.9550714198887376, 0.0, 20.0, 
objectives:
-19.08783858291171, 21.09187573753334, -18.08783858291171, 

parameters:
0.01758630391716142, 0, 20.0, 
objectives:
-19.999690721914533, 23.929964062416822, -18.999690721914533, 

parameters:
0.7875970951601725, 0.013975187812345038, 20.0, 
objectives:
-19.365715627882913, 21.4838959914764, -18.365715627882913, 

parameters:
0.44095253245027616, 0, 20.0, 
objectives:
-19.805560864125688, 22.430629006073207, -18.805560864125688, 

parameters:
1.0721247394078213, 0.0003470683186857555, 20.0, 
objectives:
-18.850201474831024, 20.86129956753769, -17.850201474831024, 

parameters:
1.8846660813726481, 0.0010214433580497326, 20.0, 
objectives:
-16.447012318365417, 20.01432335614399, -15.447012318365417, 

parameters:
0.885601670865879, 0, 20.0, 
objectives:
-19.215709680559563, 21.24188363597692, -18.215709680559563, 

parameters:
1.7577563139858148, 0.010530917393584305, 20.0, 
objectives:
-16.899761823249417, 20.069212920807324, -15.899761823249417, 

parameters:
0.7784870239134003, 0.0, 20.0, 
objectives:
-19.393957953598456, 21.492093950747943, -18.393957953598456, 

parameters:
0.5368253469651716, 0.0, 20.0, 
objectives:
-19.711818546855724, 22.14088006528359, -18.711818546855724, 

parameters:
0.4125899255805071, 0.001019037020812632, 20.0, 
objectives:
-19.828750516288657, 22.520889781389315, -18.828750516288657, 

parameters:
1.4883181730120765, 0.0004998792899009989, 20.0, 
objectives:
-17.784409136592092, 20.2623181713596, -16.784409136592092, 

parameters:
1.4928159559571053, 0.0030024001582157596, 20.0, 
objectives:
-17.76849812148166, 20.26023805468992, -16.76849812148166, 

parameters:
0.979814458736099, 0.0, 20.0, 
objectives:
-19.039963626451687, 21.04077853860392, -18.039963626451687, 

parameters:
0.9778949777077213, 0.0, 20.0, 
objectives:
-19.043721412574016, 21.0446986765951, -18.043721412574016, 

parameters:
0.4228539958753509, 0.003554038802678412, 20.0, 
objectives:
-19.81764045936957, 22.490943557129025, -18.81764045936957, 

size of all points: 80
[!!!]All points:
0, 0.0, 20.0, -20.0, 24.0, -19.0, 

0, 0, 20.0, -20.0, 24.0, -19.0, 

2.048357973035493, 0.0005269160720332198, 20.0, -15.803702698229895, 20.002865409628136, -14.803702698229895, 

1.5671644670980711, 0.0, 20.0, -17.543995533065218, 20.187346598542497, -16.543995533065218, 

1.9503308162912567, 0.004204677231703633, 20.0, -16.192005029792977, 20.006671705041995, -15.192005029792977, 

0.1835522496923615, 0.0005195173684119447, 20.0, -19.965789054264462, 23.30000194696609, -18.965789054264462, 

1.2051517972154258, 0.04910559609055757, 20.0, -18.498503549577872, 20.680889261560424, -17.498503549577872, 

0.32143995325450336, 0.0, 20.0, -19.896676356451742, 22.817563830530244, -18.896676356451742, 

1.6671566342413675, 0.0005158126335899468, 20.0, -17.220072944271404, 20.111300518763123, -16.220072944271404, 

1.4883181730120765, 0.0004998792899009989, 20.0, -17.784409136592092, 20.2623181713596, -16.784409136592092, 

1.3601785843659748, 0.0, 20.0, -18.149914218632173, 20.40937144390393, -17.149914218632173, 

0.6174725099266521, 0.0, 20.0, -19.61872769948488, 21.911382260808512, -18.61872769948488, 

0.09431621938253403, 1.5273039183853408e-05, 20.0, -19.991089177722202, 23.631645944747664, -18.991089177722202, 

1.9075284220028004, 0, 20.0, -16.361335319251506, 20.00855099273729, -15.361335319251506, 

1.1253738331704561, 0.0, 20.0, -18.733533735615236, 20.76497093170294, -17.733533735615232, 

1.4264771590954077, 0.0, 20.0, -17.965162914579096, 20.328928449039275, -16.965162914579096, 

1.8600287558084947, 1.0487162017129423e-05, 20.0, -16.540282540403485, 20.019602436362536, -15.540282540403487, 

0.7004552462508914, 0.0, 20.0, -19.509362447999603, 21.68881656699683, -18.509362447999603, 

1.8188622083277686, 0.013908744996193307, 20.0, -16.67783152212084, 20.046719644568086, -15.67783152212084, 

1.73264024941367, 0.0, 20.0, -16.997957766111735, 20.071481236233584, -15.997957766111735, 

1.0660943082727772, 0.0, 20.0, -18.863442925868387, 20.872179841040502, -17.863442925868387, 

0.5627905495902523, 0.0, 20.0, -19.683266797291903, 22.06557100434709, -18.683266797291903, 

0.848174614921404, 0.0, 20.0, -19.280599822602927, 21.326701717711455, -18.280599822602927, 

1.3151729450667051, 0.0, 20.0, -18.27032012456457, 20.46898809516861, -17.27032012456457, 

0.3666080040257206, 0, 20.0, -19.86559857138428, 22.66796941251284, -18.86559857138428, 

0.7875970951601725, 0.013975187812345038, 20.0, -19.365715627882913, 21.4838959914764, -18.365715627882913, 

1.6811148235621896, 0.0, 20.0, -17.173852949999468, 20.101687755751772, -16.173852949999468, 

0.9550714198887376, 0.0, 20.0, -19.08783858291171, 21.09187573753334, -18.08783858291171, 

1.0031051378912585, 0.0, 20.0, -18.99378008233616, 20.993799366098806, -17.99378008233616, 

1.7799663680936728, 0.0, 20.0, -16.83171972845542, 20.04841479916989, -15.83171972845542, 

1.4585823077129387, 6.225700250958729e-06, 20.0, -17.872531425926546, 20.293139343221696, -16.872531425926546, 

1.270853711101257, 0, 20.0, -18.38493084498016, 20.531654310614808, -17.38493084498016, 

0.9048229811716484, 0.028712725023426026, 20.0, -19.152582647720223, 21.22812542759318, -18.152582647720223, 

0.01758630391716142, 0, 20.0, -19.999690721914533, 23.929964062416822, -18.999690721914533, 

0.44095253245027616, 0, 20.0, -19.805560864125688, 22.430629006073207, -18.805560864125688, 

0.4228539958753509, 0.003554038802678412, 20.0, -19.81764045936957, 22.490943557129025, -18.81764045936957, 

0.5000496572434621, 0.0056553455948692355, 20.0, -19.744294994695828, 22.255506376330324, -18.744294994695828, 

0.885601670865879, 0, 20.0, -19.215709680559563, 21.24188363597692, -18.215709680559563, 

1.7577563139858148, 0.010530917393584305, 20.0, -16.899761823249417, 20.069212920807324, -15.899761823249417, 

0.7319349712390374, 0.001736789601408006, 20.0, -19.4625344082759, 21.60972570676795, -18.4625344082759, 

0.979814458736099, 0.0, 20.0, -19.039963626451687, 21.04077853860392, -18.039963626451687, 

0.1919857433656168, 2.347688313747398, 20.0, -17.615453160596953, 25.61660386594058, -16.615453160596953, 

0.7784870239134003, 0.0, 20.0, -19.393957953598456, 21.492093950747943, -18.393957953598456, 

22.398310763396616, 3.470373726573983, 20.0, 485.15469878026266, 439.56145572667623, 486.15469878026266, 

0.8394086012383455, 10.121218838153823, 20.0, -9.174174362013261, 31.46819123303336, -8.174174362013261, 

0.9778949777077213, 0.0, 20.0, -19.043721412574016, 21.0446986765951, -18.043721412574016, 

21.389572770564712, 22.52034838431445, 20.0, 460.0341716915978, 418.47588060933896, 461.0341716915978, 

0, 25.77351957841144, 20.0, 5.773519578411442, 49.77351957841144, 6.773519578411442, 

1.6027176990492378, 0.006890061228069026, 20.0, -17.424405915926247, 20.1647232878768, -16.424405915926247, 

0.974683282619291, 5.035629893129425, 20.0, -14.014362605453059, 26.086904264069776, -13.014362605453059, 

2.0637034601766815, 0.0036341804973932705, 20.0, -15.7374938479574, 20.007692311335877, -14.7374938479574, 

0.4125899255805071, 0.001019037020812632, 20.0, -19.828750516288657, 22.520889781389315, -18.828750516288657, 

1.4928159559571053, 0.0030024001582157596, 20.0, -17.76849812148166, 20.26023805468992, -16.76849812148166, 

6.011371884912828, 0, 20.0, 16.136591938720407, 36.091104399069096, 17.136591938720407, 

1.5341427699835206, 10.856970087307198, 20.0, -6.789435874000093, 31.073993046065823, -5.789435874000093, 

2.563455692775435, 0, 20.0, -13.428694911177214, 20.317482317721044, -12.428694911177214, 

18.292686081160916, 0.28771882172761165, 20.0, 314.9100828856259, 285.7393385609822, 315.9100828856259, 

0.6305717298657031, 28.922915650287866, 20.0, 9.320536356793692, 50.79824943733088, 10.320536356793692, 

1.5208509541550492, 0.0008842458419297397, 20.0, -17.68612812940375, 20.230468053976058, -16.68612812940375, 

19.90545578556326, 33.802754965458, 20.0, 410.02992499647183, 374.4081018542188, 411.02992499647183, 

8.701210392240828, 0.0039321861596662115, 20.0, 55.71499447619945, 64.91015290723614, 56.71499447619945, 

0.9021281126633555, 30.34246775606852, 20.0, 11.156302887726067, 51.54779043707265, 12.156302887726063, 

0.5368253469651716, 0.0, 20.0, -19.711818546855724, 22.14088006528359, -18.711818546855724, 

0.04257564403045318, 22.67180083165068, 20.0, 2.6736135171152853, 46.50331094099347, 3.6736135171152853, 

1.8401972300764928, 24.82000656231441, 20.0, 8.206332407895609, 44.84554348758964, 9.206332407895609, 

1.14664827694362, 6.416173665544787, 20.0, -12.26902406343744, 27.144382828788082, -11.26902406343744, 

2.1482077112350115, 0.0, 20.0, -15.385203629390434, 20.021965525669522, -14.385203629390434, 

0.5034560543783109, 1.4085942755965086, 20.0, -18.337937725713314, 23.648238056773444, -17.337937725713314, 

1.8846660813726481, 0.0010214433580497326, 20.0, -16.447012318365417, 20.01432335614399, -15.447012318365417, 

7.443429412287925, 5.295882974427765, 20.0, 40.70052439014072, 54.92680674098903, 41.70052439014072, 

1.0876970291722108, 12.048024140552643, 20.0, -6.768891032177304, 32.88032085113385, -5.768891032177304, 

5.570680795253569, 2.816305035207023, 20.0, 13.848789557813959, 35.56606637679968, 14.848789557813959, 

17.24822202620565, 0.0, 20.0, 277.5011630652857, 252.50827496046313, 278.5011630652857, 

9.532712620239332, 0.0, 20.0, 70.87260990007023, 76.7417594191129, 71.87260990007023, 

12.428834181692803, 51.3191760669593, 20.0, 185.7950951829747, 180.0797584562035, 186.7950951829747, 

5.038117569181976, 1.1242046449079343e-05, 20.0, 5.382639882946549, 29.230169606218645, 6.382639882946549, 

1.0721247394078213, 0.0003470683186857555, 20.0, -18.850201474831024, 20.86129956753769, -17.850201474831024, 

8.872006008522973, 6.102462575901456, 20.0, 64.8149531911692, 73.3269291570773, 65.8149531911692, 

4.704703595008274, 13.906862742444071, 20.0, 16.04109865932785, 41.222284279294755, 17.04109865932785, 

0.8064710526140932, 7.601045784463678, 20.0, -11.748558656831838, 29.02555713271179, -10.748558656831838, 

