Generation 2002 at Fri May 24 19:48:18 2019
parameters:
0.05101637681523949, -100, 19.95971668145522, 
objectives:
-119.95711401075187, -76.24174615510238, 9981.042885989249, 

parameters:
1.708881785946131, 5.672189741329618, 0.44572251187047573, 
objectives:
8.14674418779758, 6.202662067754008, 35.64829090811292, 

parameters:
-0.09310337269809921, -0.38187417318528993, 20, 
objectives:
-20.37320593517753, 23.999207555614866, -18.84550387784629, 

parameters:
1.9973066371654076, -100, 0, 
objectives:
-96.01076619713501, -99.99999274579665, 10004.989233802866, 

parameters:
1.0785818037155082, -64.66031792864587, 14.656395214825677, 
objectives:
-78.15337443616535, -49.154911221376025, 4168.463658126043, 

parameters:
0.7347700243040145, -44.40494375076647, 10.781833244615179, 
objectives:
-54.64689000676593, -32.02230361475163, 1962.5570832527349, 

parameters:
0.8975672060751541, -58.406569765607955, 6.282318951053577, 
objectives:
-63.88326182723997, -50.908892749433434, 3406.850699723197, 

parameters:
-1.235679856327247, -51.138246817669426, 2.1202900038937944, 
objectives:
-51.731632114230294, -38.54833268113372, 2615.5269022883163, 

parameters:
1.0705467103045518, -91.00100076939069, 19.666247279789125, 
objectives:
-109.52117779023592, -70.47087007187588, 8263.6619640098, 

parameters:
2.0325834446824835, -26.62177315709907, 18.5497414634736, 
objectives:
-41.040119160975365, -8.070970012758092, 695.3004600241643, 

parameters:
3.56418104465748, -82.57173435379553, 0, 
objectives:
-69.86834783469985, -80.12507201332977, 6831.794700712874, 

parameters:
0.19523641803329894, -75.38113626284559, 6.181865134225999, 
objectives:
-81.52488413814511, -65.94209954182631, 5677.171956402394, 

parameters:
0.851255037913274, -72.62193896948887, 14.022208079236009, 
objectives:
-85.91951190915215, -57.28011590233322, 5261.648446748502, 

parameters:
2.3580151511623977, -94.54395971117384, 9.459427346599274, 
objectives:
-98.44315160466168, -84.95635751611273, 8935.661125974575, 

parameters:
1.60485535915571, -69.58815728295117, 16.997330529609112, 
objectives:
-84.00992708874949, -52.43468746615409, 4829.089864230952, 

parameters:
1.2320516786996278, 5.219054763930572, 8.686378288725788, 
objectives:
-1.9493721858086444, 14.49517767684442, 21.07010567916718, 

parameters:
4.041722872316065, -35.56655842118016, 15.276860316154027, 
objectives:
-34.50789496073137, -16.121065817687573, 1267.0387413876701, 

parameters:
2.9758810598807433, -41.319971876950895, 15.176174461000473, 
objectives:
-47.64027825539443, -25.19145357291646, 1702.0197695335694, 

parameters:
2.380035335280473, -17.715257458523546, 16.657537792658026, 
objectives:
-28.708227053997938, -0.913292809803778, 303.83737722629974, 

parameters:
0.30899513909049636, -52.91478656042718, 14.857725919383217, 
objectives:
-67.67703448382885, -35.1975632014244, 2786.2123888121637, 

parameters:
0.8696023626483578, -97.7537758510372, 0, 
objectives:
-96.9975675819136, -96.47597703250703, 9557.556901403948, 

parameters:
-0.2711868097931399, -78.54656151329738, 12.231968406029132, 
objectives:
-90.70498763352072, -61.1563035822899, 6158.403899441985, 

parameters:
1.8878797901416098, -79.06828773356052, 0.04533511699019305, 
objectives:
-75.54953274852558, -79.01038167511165, 6256.312880102153, 

parameters:
0.053051760064332515, -85.43239510528697, 9.034483303220904, 
objectives:
-94.46406391926196, -72.60730435307747, 7290.662464611886, 

parameters:
0.242735764310698, -99.25586180793273, 4.618746104410516, 
objectives:
-103.81568726106775, -91.5491381094895, 9848.166277782306, 

parameters:
0.9618522861046852, -14.055148934250767, 2.6961735433190457, 
objectives:
-15.826162657285003, -10.281224715065651, 196.77619784093622, 

parameters:
0.6774471799625061, -88.76675043042275, 12.322218437069562, 
objectives:
-100.63003418585316, -74.69538603156406, 7868.672698221526, 

parameters:
2.683544249972668, -17.028121093207943, 0, 
objectives:
-9.826711351646574, -16.560888351537248, 298.15831770651465, 

parameters:
2.637341713523532, -38.432418879541814, 17.05931724316609, 
objectives:
-48.536164808816665, -20.966897176578613, 1467.9470750032872, 

parameters:
-0.012233292627106263, -16.945005533054058, 16.50967099676726, 
objectives:
-33.45452687637282, 3.613748287670127, 271.62369117191383, 

parameters:
-2.1354698522969833, -39.851476238941565, 15.137546101087226, 
objectives:
-50.42879084995949, -7.611819238597102, 1578.562843811906, 

parameters:
2.50976311950634, -9.155324650287849, 19.073671901440346, 
objectives:
-21.930085635694, 10.178205689161333, 72.04520846676216, 

parameters:
-0.34311909808139607, -6.107381226278018, 19.716853285046074, 
objectives:
-25.7065037958559, 19.09967916656183, 18.700982873515304, 

parameters:
1.205553079597224, -92.68681405790075, 2.403777234485795, 
objectives:
-93.6372330646602, -89.6518909140775, 8590.89508119711, 

parameters:
0.2769914537510679, 0.3137874256236961, 13.17792854225404, 
objectives:
-12.787416851179215, 16.460474418324594, -12.002741728323365, 

parameters:
2.040122979021147, -90.33575713330261, 16.269679470513736, 
objectives:
-102.44333483428622, -74.06446780934334, 8149.44143914605, 

parameters:
1.5992658705390097, -92.63533011589678, 2.1615653927548997, 
objectives:
-92.23924418398077, -90.31317688062703, 8582.700471613089, 

parameters:
2.265106449109311, -12.104542287281436, 20, 
objectives:
-26.973835061484845, 7.965739142077911, 132.65065121038108, 

