Generation 2004 at Fri May 24 19:48:18 2019
parameters:
1.708881785946131, 5.672189741329618, 0.44572251187047573, 
objectives:
8.14674418779758, 6.202662067754008, 35.64829090811292, 

parameters:
0.05101637681523949, -100, 19.95971668145522, 
objectives:
-119.95711401075187, -76.24174615510238, 9981.042885989249, 

parameters:
-0.09310337269809921, -0.38187417318528993, 20, 
objectives:
-20.37320593517753, 23.999207555614866, -18.84550387784629, 

parameters:
1.9973066371654076, -100, 0, 
objectives:
-96.01076619713501, -99.99999274579665, 10004.989233802866, 

parameters:
3.1782698274666816, -19.26454299730964, 15.108274769612459, 
objectives:
-24.271418670737006, -2.7679484413788185, 367.1157412217645, 

parameters:
1.0705467103045518, -91.00100076939069, 19.666247279789125, 
objectives:
-109.52117779023592, -70.47087007187588, 8263.6619640098, 

parameters:
2.683544249972668, -17.028121093207943, 0, 
objectives:
-9.826711351646574, -16.560888351537248, 298.15831770651465, 

parameters:
1.1642681917256184, -33.61965311293267, 8.317536679447207, 
objectives:
-40.58166937011583, -24.60366877812389, 1124.3190591767402, 

parameters:
1.5338816245057538, -3.3686540172232213, 13.810249333278476, 
objectives:
-14.826110512505286, 10.65886165602865, 0.8903733924720818, 

parameters:
1.0785818037155082, -64.66031792864587, 14.656395214825677, 
objectives:
-78.15337443616535, -49.154911221376025, 4168.463658126043, 

parameters:
2.3580151511623977, -94.54395971117384, 9.459427346599274, 
objectives:
-98.44315160466168, -84.95635751611273, 8935.661125974575, 

parameters:
0.242735764310698, -99.25586180793273, 4.618746104410516, 
objectives:
-103.81568726106775, -91.5491381094895, 9848.166277782306, 

parameters:
-1.235679856327247, -51.138246817669426, 2.1202900038937944, 
objectives:
-51.731632114230294, -38.54833268113372, 2615.5269022883163, 

parameters:
0.851255037913274, -72.62193896948887, 14.022208079236009, 
objectives:
-85.91951190915215, -57.28011590233322, 5261.648446748502, 

parameters:
0.19523641803329894, -75.38113626284559, 6.181865134225999, 
objectives:
-81.52488413814511, -65.94209954182631, 5677.171956402394, 

parameters:
1.60485535915571, -69.58815728295117, 16.997330529609112, 
objectives:
-84.00992708874949, -52.43468746615409, 4829.089864230952, 

parameters:
0.7347700243040145, -44.40494375076647, 10.781833244615179, 
objectives:
-54.64689000676593, -32.02230361475163, 1962.5570832527349, 

parameters:
2.13629432719934, 0.30796981059862816, 6.629786719012676, 
objectives:
-1.7580634559899675, 6.956332673238025, -0.9711878623484411, 

parameters:
0.8696023626483578, -97.7537758510372, 0, 
objectives:
-96.9975675819136, -96.47597703250703, 9557.556901403948, 

parameters:
-0.2711868097931399, -78.54656151329738, 12.231968406029132, 
objectives:
-90.70498763352072, -61.1563035822899, 6158.403899441985, 

parameters:
2.0325834446824835, -26.62177315709907, 18.5497414634736, 
objectives:
-41.040119160975365, -8.070970012758092, 695.3004600241643, 

parameters:
-1.7728545570219674, -28.258829362916785, 17.645218063740646, 
objectives:
-42.76103414630387, 3.620820209265286, 785.0592321790607, 

parameters:
0.6774471799625061, -88.76675043042275, 12.322218437069562, 
objectives:
-100.63003418585316, -74.69538603156406, 7868.672698221526, 

parameters:
2.637341713523532, -38.432418879541814, 17.05931724316609, 
objectives:
-48.536164808816665, -20.966897176578613, 1467.9470750032872, 

parameters:
1.8878797901416098, -79.06828773356052, 0.04533511699019305, 
objectives:
-75.54953274852558, -79.01038167511165, 6256.312880102153, 

parameters:
0.8975672060751541, -58.406569765607955, 6.282318951053577, 
objectives:
-63.88326182723997, -50.908892749433434, 3406.850699723197, 

parameters:
3.221406416236051, -83.46555910491324, 0, 
objectives:
-73.08809980634643, -81.97372547129065, 6977.8770159943315, 

parameters:
2.0829794709933056, -55.50562217390623, 19.7168785778569, 
objectives:
-70.88369727518358, -35.781858003443006, 3066.4960178111537, 

parameters:
0.053051760064332515, -85.43239510528697, 9.034483303220904, 
objectives:
-94.46406391926196, -72.60730435307747, 7290.662464611886, 

parameters:
0.30899513909049636, -52.91478656042718, 14.857725919383217, 
objectives:
-67.67703448382885, -35.1975632014244, 2786.2123888121637, 

parameters:
3.56418104465748, -82.57173435379553, 0, 
objectives:
-69.86834783469985, -80.12507201332977, 6831.794700712874, 

parameters:
-0.7309847738009067, -48.16430776830896, 15.225005272426907, 
objectives:
-62.8549743012071, -25.48102466114966, 2306.1098762674883, 

parameters:
0.7187903163437495, -47.782417741489155, 13.859942822206506, 
objectives:
-61.125701044826116, -32.2809766657881, 2270.8161619188404, 

parameters:
2.9758810598807433, -41.319971876950895, 15.176174461000473, 
objectives:
-47.64027825539443, -25.19145357291646, 1702.0197695335694, 

parameters:
0.10498848233584157, -61.58760210855699, 7.300151289318826, 
objectives:
-68.87673081645264, -50.69638216715835, 3786.7436047740384, 

parameters:
0.9214407223837819, -85.79830351897701, 0, 
objectives:
-84.94925051410986, -84.63501340364499, 7363.19793973937, 

parameters:
1.6653598008656487, -63.89970081413508, 0, 
objectives:
-61.12627754779581, -63.7877167512584, 4086.945187402315, 

