Generation 2007 at Fri May 24 19:48:18 2019
parameters:
0.05101637681523949, -100, 19.95971668145522, 
objectives:
-119.95711401075187, -76.24174615510238, 9981.042885989249, 

parameters:
3.7638753340840934, 0.2150750374271837, 0, 
objectives:
14.381832567953829, 3.3263312316174556, 15.21301480225095, 

parameters:
-2.43135341088458, -9.913157558030237, 19.89378093557823, 
objectives:
-23.89545908498839, 29.61751642970639, 85.28839124337387, 

parameters:
-0.09310337269809921, -0.38187417318528993, 20, 
objectives:
-20.37320593517753, 23.999207555614866, -18.84550387784629, 

parameters:
1.9973066371654076, -100, 0, 
objectives:
-96.01076619713501, -99.99999274579665, 10004.989233802866, 

parameters:
1.0705467103045518, -91.00100076939069, 19.666247279789125, 
objectives:
-109.52117779023592, -70.47087007187588, 8263.6619640098, 

parameters:
1.1642681917256184, -33.61965311293267, 8.317536679447207, 
objectives:
-40.58166937011583, -24.60366877812389, 1124.3190591767402, 

parameters:
-0.2711868097931399, -78.54656151329738, 12.231968406029132, 
objectives:
-90.70498763352072, -61.1563035822899, 6158.403899441985, 

parameters:
2.3580151511623977, -94.54395971117384, 9.459427346599274, 
objectives:
-98.44315160466168, -84.95635751611273, 8935.661125974575, 

parameters:
3.221406416236051, -83.46555910491324, 0, 
objectives:
-73.08809980634643, -81.97372547129065, 6977.8770159943315, 

parameters:
-1.235679856327247, -51.138246817669426, 2.1202900038937944, 
objectives:
-51.731632114230294, -38.54833268113372, 2615.5269022883163, 

parameters:
1.0785818037155082, -64.66031792864587, 14.656395214825677, 
objectives:
-78.15337443616535, -49.154911221376025, 4168.463658126043, 

parameters:
0.19523641803329894, -75.38113626284559, 6.181865134225999, 
objectives:
-81.52488413814511, -65.94209954182631, 5677.171956402394, 

parameters:
3.1782698274666816, -19.26454299730964, 15.108274769612459, 
objectives:
-24.271418670737006, -2.7679484413788185, 367.1157412217645, 

parameters:
0.6774471799625061, -88.76675043042275, 12.322218437069562, 
objectives:
-100.63003418585316, -74.69538603156406, 7868.672698221526, 

parameters:
-0.26386734926737443, -28.822083479633328, 17.964171387632096, 
objectives:
-46.71662888925603, -5.732816716922343, 813.8179506973297, 

parameters:
1.60485535915571, -69.58815728295117, 16.997330529609112, 
objectives:
-84.00992708874949, -52.43468746615409, 4829.089864230952, 

parameters:
1.5338816245057538, -3.3686540172232213, 13.810249333278476, 
objectives:
-14.826110512505286, 10.65886165602865, 0.8903733924720818, 

parameters:
0.053051760064332515, -85.43239510528697, 9.034483303220904, 
objectives:
-94.46406391926196, -72.60730435307747, 7290.662464611886, 

parameters:
1.708881785946131, 5.672189741329618, 0.44572251187047573, 
objectives:
8.14674418779758, 6.202662067754008, 35.64829090811292, 

parameters:
2.13629432719934, 0.30796981059862816, 6.629786719012676, 
objectives:
-1.7580634559899675, 6.956332673238025, -0.9711878623484411, 

parameters:
0.851255037913274, -72.62193896948887, 14.022208079236009, 
objectives:
-85.91951190915215, -57.28011590233322, 5261.648446748502, 

parameters:
1.3271185758612694, -98.11935388061649, 2.757397544614073, 
objectives:
-99.11550771083452, -94.90918692505144, 9627.411452119431, 

parameters:
-0.9390985453087057, -40.386054983892535, 15.634079685816298, 
objectives:
-55.138228591907904, -16.113675039040487, 1617.2812635539758, 

parameters:
-2.299808753502102, -62.06675246378281, 14.14403528718848, 
objectives:
-70.9216674482864, -29.43436185990103, 3844.426846415986, 

parameters:
2.683544249972668, -17.028121093207943, 0, 
objectives:
-9.826711351646574, -16.560888351537248, 298.15831770651465, 

parameters:
3.319833972370315, -19.709456575923305, 7.3106519088904065, 
objectives:
-15.998810880709646, -10.656842952410095, 393.1733242134201, 

parameters:
2.0829794709933056, -55.50562217390623, 19.7168785778569, 
objectives:
-70.88369727518358, -35.781858003443006, 3066.4960178111537, 

parameters:
-0.9812271082163089, -46.94114020174101, 20, 
objectives:
-65.97833356384247, -18.05342513097723, 2185.4334500774044, 

parameters:
1.3379082269561913, -44.19546560354982, 19.18173294097568, 
objectives:
-61.58720012076844, -24.57536714664184, 1936.8474453973365, 

parameters:
0.8696023626483578, -97.7537758510372, 0, 
objectives:
-96.9975675819136, -96.47597703250703, 9557.556901403948, 

parameters:
2.637341713523532, -38.432418879541814, 17.05931724316609, 
objectives:
-48.536164808816665, -20.966897176578613, 1467.9470750032872, 

parameters:
0.8975672060751541, -58.406569765607955, 6.282318951053577, 
objectives:
-63.88326182723997, -50.908892749433434, 3406.850699723197, 

parameters:
0.7347700243040145, -44.40494375076647, 10.781833244615179, 
objectives:
-54.64689000676593, -32.02230361475163, 1962.5570832527349, 

parameters:
1.114695994040317, -64.0879772424023, 5.476680064170435, 
objectives:
-68.32211014744321, -57.8275339952636, 4104.034694117635, 

parameters:
2.954063345806958, -57.1503577702944, 0.8167827247002218, 
objectives:
-49.24065024395443, -55.42333817778181, 3275.0731007989893, 

parameters:
1.871398309166575, -5.715181009462, 14.289292903502442, 
objectives:
-16.50234228141293, 8.590650288925659, 22.876132698964163, 

