Generation 201 at Sat May 25 04:36:27 2019
parameters:
0, 0.0, 20.0, 
objectives:
-20.0, 24.0, -19.0, 

parameters:
0, 0.0, 20.0, 
objectives:
-20.0, 24.0, -19.0, 

parameters:
1.9971487895634539, 0.0, 20.0, 
objectives:
-16.01139671234523, 20.000008129400953, -15.011396712345231, 

parameters:
1.9256138418811688, 0.0, 20.0, 
objectives:
-16.292011331955646, 20.00553330051968, -15.292011331955646, 

parameters:
1.8167850752728478, 0.0, 20.0, 
objectives:
-16.699291990265834, 20.033567708642774, -15.699291990265833, 

parameters:
0.3891112423126365, 0.0, 20.0, 
objectives:
-19.848592441105918, 22.594962589643536, -18.848592441105918, 

parameters:
1.0910222272577528, 0.0, 20.0, 
objectives:
-18.809670499629533, 20.826240591339456, -17.809670499629533, 

parameters:
1.2884613965675893, 0.0, 20.0, 
objectives:
-18.339867229555097, 20.506287184174546, -17.339867229555097, 

parameters:
1.6262064498802187, 0.0, 20.0, 
objectives:
-17.355452582367974, 20.13972161811115, -16.355452582367974, 

parameters:
1.371864032175703, 0.0, 20.0, 
objectives:
-18.11798907722262, 20.394554794074566, -17.11798907722262, 

parameters:
1.7615991324384104, 0.0, 20.0, 
objectives:
-16.89676849659224, 20.05683497365412, -15.896768496592241, 

parameters:
1.5600070917104698, 0.0, 20.0, 
objectives:
-17.566377873813042, 20.193593759345077, -16.566377873813042, 

parameters:
1.503811462545923, 0.0, 20.0, 
objectives:
-17.738551085115493, 20.246203064700815, -16.738551085115493, 

parameters:
0.21543054459539196, 0.0, 20.0, 
objectives:
-19.953589680455334, 23.1846881411631, -18.953589680455334, 

parameters:
0.6385250073332925, 0.0, 20.0, 
objectives:
-19.59228581501002, 21.85361415565681, -18.59228581501002, 

parameters:
0.9046450322118749, 0.0, 20.0, 
objectives:
-19.181617365694375, 21.199802505458123, -18.181617365694375, 

parameters:
0.5526343117457702, 0.0, 20.0, 
objectives:
-19.69459531748128, 22.09486743553564, -18.69459531748128, 

parameters:
0.9975132549767405, 0.0, 20.0, 
objectives:
-19.00496730614571, 21.00497967394733, -18.00496730614571, 

parameters:
1.1699699262781604, 0.0, 20.0, 
objectives:
-18.631170371604675, 20.68894992328268, -17.631170371604675, 

parameters:
1.700664428349015, 0.0, 20.0, 
objectives:
-17.107740502148317, 20.08960178445562, -16.107740502148317, 

parameters:
1.4395222605981122, 0.0, 20.0, 
objectives:
-17.9277756612425, 20.314135296365052, -16.9277756612425, 

parameters:
0.43849064563236617, 0.0, 20.0, 
objectives:
-19.80772595369291, 22.438311463777623, -18.80772595369291, 

parameters:
0.20759538270073194, 0.0, 20.0, 
objectives:
-19.956904157081336, 23.212714312115736, -18.956904157081336, 

parameters:
0.5064096667294241, 0.0, 20.0, 
objectives:
-19.743549249442992, 22.23081208363931, -18.743549249442992, 

parameters:
1.682493958604776, 0.0, 20.0, 
objectives:
-17.16921407925843, 20.100810086322465, -16.16921407925843, 

parameters:
0.08234612449226206, 0.0, 20.0, 
objectives:
-19.993219115781105, 23.677396386249846, -18.993219115781105, 

parameters:
0.8249530996952037, 0.0, 20.0, 
objectives:
-19.319452383303275, 21.38073521791591, -18.319452383303275, 

parameters:
1.2324004945609415, 0.0, 20.0, 
objectives:
-18.481189021005946, 20.589209000750287, -17.481189021005946, 

parameters:
1.016714913223795, 0.0, 20.0, 
objectives:
-18.96629078522833, 20.96684956187649, -17.96629078522833, 

parameters:
1.4201584951512878, 0.0, 20.0, 
objectives:
-17.98314984864963, 20.336216170745217, -16.98314984864963, 

parameters:
0.8718467858969944, 0.0, 20.0, 
objectives:
-19.23988318192108, 21.272729674490943, -18.23988318192108, 

parameters:
0.7843807897368926, 0.0, 20.0, 
objectives:
-19.384746776691728, 21.4777300643607, -18.384746776691728, 

parameters:
0.704378457234169, 0.0, 20.0, 
objectives:
-19.50385098898441, 21.678635182078914, -18.50385098898441, 

parameters:
0.7449432017403683, 0.0, 20.0, 
objectives:
-19.445059626180807, 21.57516756685772, -18.445059626180807, 

parameters:
0.07013803503253778, 0.0, 20.0, 
objectives:
-19.995080656041775, 23.724367203828074, -18.995080656041775, 

parameters:
1.1923218524108292, 0.0, 20.0, 
objectives:
-18.57836860026361, 20.652343990093073, -17.57836860026361, 

parameters:
1.2140998957535227, 0.0, 20.0, 
objectives:
-18.525961443131287, 20.617638973854625, -17.525961443131287, 

parameters:
0.7203082904719315, 0.0, 20.0, 
objectives:
-19.481155966677402, 21.63761087143487, -18.481155966677402, 

parameters:
1.0136818794612992, 0.0, 20.0, 
objectives:
-18.972449047251807, 20.972823434902995, -17.972449047251807, 

parameters:
0.08158650986697231, 0.0, 20.0, 
objectives:
-19.993343641407726, 23.680310319124384, -18.993343641407726, 

