Generation 2020 at Fri May 24 19:48:18 2019
parameters:
3.0229695716366747, 1.639675186106519, 0, 
objectives:
10.77802021714774, 2.686141930601041, 12.826879746974669, 

parameters:
0.05101637681523949, -100, 19.95971668145522, 
objectives:
-119.95711401075187, -76.24174615510238, 9981.042885989249, 

parameters:
-0.09310337269809921, -0.38187417318528993, 20, 
objectives:
-20.37320593517753, 23.999207555614866, -18.84550387784629, 

parameters:
1.9973066371654076, -100, 0, 
objectives:
-96.01076619713501, -99.99999274579665, 10004.989233802866, 

parameters:
-0.2711868097931399, -78.54656151329738, 12.231968406029132, 
objectives:
-90.70498763352072, -61.1563035822899, 6158.403899441985, 

parameters:
0.8784721009371206, -88.92089062054478, 17.333836368274262, 
objectives:
-105.48301375669416, -70.32922942389412, 7891.36266561474, 

parameters:
-2.0012516859266594, -19.27305487851082, 13.09355283687363, 
objectives:
-28.361599404960153, 9.830513012493746, 363.36209982364034, 

parameters:
2.0829794709933056, -55.50562217390623, 19.7168785778569, 
objectives:
-70.88369727518358, -35.781858003443006, 3066.4960178111537, 

parameters:
3.8451756515477307, -36.56421978533956, 19.976609974966006, 
objectives:
-41.75545396905005, -13.182936625308958, 1332.7509343269064, 

parameters:
1.8899185062213872, -5.62621430449299, 2.689921267662941, 
objectives:
-4.744343611997851, -2.9241751015575184, 33.536158092576684, 

parameters:
1.3772078897946378, -81.50598354667834, 0, 
objectives:
-79.60928197496574, -81.11811353414429, 6646.1220554831125, 

parameters:
2.6705417666211964, -86.21582983177129, 12.145909947707295, 
objectives:
-91.22994645221033, -73.62029362328052, 7429.155196960505, 

parameters:
-0.7402548709746322, 2.6082031138798616, 11.210956772109876, 
objectives:
-8.054776384228346, 21.328156643889933, -2.860256014855601, 

parameters:
1.1642681917256184, -33.61965311293267, 8.317536679447207, 
objectives:
-40.58166937011583, -24.60366877812389, 1124.3190591767402, 

parameters:
-0.34395196778784065, -24.26188605771398, 7.842902370955478, 
objectives:
-31.98648547252433, -10.924872859462013, 581.9145156626857, 

parameters:
0.851255037913274, -72.62193896948887, 14.022208079236009, 
objectives:
-85.91951190915215, -57.28011590233322, 5261.648446748502, 

parameters:
-0.9812271082163089, -46.94114020174101, 20, 
objectives:
-65.97833356384247, -18.05342513097723, 2185.4334500774044, 

parameters:
-0.44507096903326593, -6.519756087714894, 9.775756833762301, 
objectives:
-16.097424754000986, 9.234372789656682, 33.929550777009325, 

parameters:
1.3271185758612694, -98.11935388061649, 2.757397544614073, 
objectives:
-99.11550771083452, -94.90918692505144, 9627.411452119431, 

parameters:
1.8368655110758385, -49.88195156186794, 6.802677857870301, 
objectives:
-53.310554513958344, -43.05266084252109, 2485.7804886684494, 

parameters:
0.025302915335919218, -42.430850493390366, 18.8944589041009, 
objectives:
-61.324669159966774, -19.636963013108648, 1782.483254925869, 

parameters:
1.445615114307984, -99.33288150638268, 12.297721712278943, 
objectives:
-109.54080015994593, -86.72781719261998, 9857.8134297075, 

parameters:
0.20819118252236435, -95.59514185832317, 0, 
objectives:
-95.55179828984312, -92.38456301993257, 9139.474490481412, 

parameters:
1.0785818037155082, -64.66031792864587, 14.656395214825677, 
objectives:
-78.15337443616535, -49.154911221376025, 4168.463658126043, 

parameters:
1.085592226017162, -59.701190993988064, 14.189833274779364, 
objectives:
-72.71251378757853, -44.675216142088445, 3552.2208833070513, 

parameters:
2.898064114877508, -49.83348289269013, 19.598303499385736, 
objectives:
-61.03301077813511, -29.428660238873668, 2473.176489330595, 

parameters:
1.0705467103045518, -91.00100076939069, 19.666247279789125, 
objectives:
-109.52117779023592, -70.47087007187588, 8263.6619640098, 

parameters:
1.649986019811215, -62.79186692928951, 20, 
objectives:
-80.06941306371706, -42.669357142961914, 3926.5410063311742, 

parameters:
1.3107457062720531, -57.23117508202591, 0, 
objectives:
-55.51312077551529, -56.7561036006035, 3278.1254555760142, 

parameters:
2.3580151511623977, -94.54395971117384, 9.459427346599274, 
objectives:
-98.44315160466168, -84.95635751611273, 8935.661125974575, 

parameters:
2.73245063886349, -23.17320173198425, 20, 
objectives:
-35.70691523815876, -2.636717793612714, 525.4635650050633, 

parameters:
1.60485535915571, -69.58815728295117, 16.997330529609112, 
objectives:
-84.00992708874949, -52.43468746615409, 4829.089864230952, 

parameters:
1.2284916480233217, -67.14499206771251, 5.767281017574464, 
objectives:
-71.40308135602392, -60.78248591296827, 4505.191870484864, 

parameters:
1.6765757125651777, -70.11331064040684, 18.385349695527854, 
objectives:
-85.68775421597125, -51.623357675176266, 4901.3018853826225, 

parameters:
1.4010298818541322, -100, 0, 
objectives:
-98.0371152701518, -99.64123479756833, 10002.962884729848, 

