Generation 2027 at Fri May 24 19:48:18 2019
parameters:
0.05101637681523949, -100, 19.95971668145522, 
objectives:
-119.95711401075187, -76.24174615510238, 9981.042885989249, 

parameters:
3.0229695716366747, 1.639675186106519, 0, 
objectives:
10.77802021714774, 2.686141930601041, 12.826879746974669, 

parameters:
-2.99748413188577, -15.352192621348031, 20, 
objectives:
-26.367281500441045, 29.622655027102034, 225.67472940387992, 

parameters:
-0.09310337269809921, -0.38187417318528993, 20, 
objectives:
-20.37320593517753, 23.999207555614866, -18.84550387784629, 

parameters:
1.9973066371654076, -100, 0, 
objectives:
-96.01076619713501, -99.99999274579665, 10004.989233802866, 

parameters:
0.851255037913274, -72.62193896948887, 14.022208079236009, 
objectives:
-85.91951190915215, -57.28011590233322, 5261.648446748502, 

parameters:
-0.2711868097931399, -78.54656151329738, 12.231968406029132, 
objectives:
-90.70498763352072, -61.1563035822899, 6158.403899441985, 

parameters:
0.8784721009371206, -88.92089062054478, 17.333836368274262, 
objectives:
-105.48301375669416, -70.32922942389412, 7891.36266561474, 

parameters:
1.2427716033587555, -65.1094721204549, 11.364412696351417, 
objectives:
-74.92940355869142, -53.17166457942361, 4230.423428366056, 

parameters:
0.20819118252236435, -95.59514185832317, 0, 
objectives:
-95.55179828984312, -92.38456301993257, 9139.474490481412, 

parameters:
2.573771339818263, -83.71211615568498, 19.68844662058276, 
objectives:
-96.77626386659784, -63.69445598470538, 6995.654243551981, 

parameters:
-0.44507096903326593, -6.519756087714894, 9.775756833762301, 
objectives:
-16.097424754000986, 9.234372789656682, 33.929550777009325, 

parameters:
1.0785818037155082, -64.66031792864587, 14.656395214825677, 
objectives:
-78.15337443616535, -49.154911221376025, 4168.463658126043, 

parameters:
-0.680848892913768, -59.74149670701515, 11.904409545321986, 
objectives:
-71.18235103735523, -40.65013637505619, 3558.6055744639625, 

parameters:
1.445615114307984, -99.33288150638268, 12.297721712278943, 
objectives:
-109.54080015994593, -86.72781719261998, 9857.8134297075, 

parameters:
0.46754724251122637, -92.12546675874685, 1.4161152692785701, 
objectives:
-93.32298160404557, -88.36094003553335, 8486.904110671672, 

parameters:
2.0829794709933056, -55.50562217390623, 19.7168785778569, 
objectives:
-70.88369727518358, -35.781858003443006, 3066.4960178111537, 

parameters:
1.3677760017232614, -90.12078293154283, 9.003788170650516, 
objectives:
-97.25375991130329, -80.7172875768953, 8115.622539214502, 

parameters:
2.898064114877508, -49.83348289269013, 19.598303499385736, 
objectives:
-61.03301077813511, -29.428660238873668, 2473.176489330595, 

parameters:
3.134862801771148, -2.070676915580493, 0, 
objectives:
7.756687870347959, -0.7827633367366327, 15.115067674646397, 

parameters:
-0.6234956846336925, -28.827992005547767, 8.775560934357818, 
objectives:
-37.21480607114875, -13.16970146389834, 823.6663090063249, 

parameters:
1.7301949565006005, -97.3041593604824, 15.110014395890406, 
objectives:
-109.42059916887268, -82.12135020309428, 9456.982989041766, 

parameters:
-0.7402548709746322, 2.6082031138798616, 11.210956772109876, 
objectives:
-8.054776384228346, 21.328156643889933, -2.860256014855601, 

parameters:
-0.9812271082163089, -46.94114020174101, 20, 
objectives:
-65.97833356384247, -18.05342513097723, 2185.4334500774044, 

parameters:
0.21228221201732178, -62.43295131508783, 20, 
objectives:
-82.38788757754887, -39.237016425618144, 3878.918473649666, 

parameters:
1.8899185062213872, -5.62621430449299, 2.689921267662941, 
objectives:
-4.744343611997851, -2.9241751015575184, 33.536158092576684, 

parameters:
-0.028985551533531884, -39.31768666478328, 6.687693343662816, 
objectives:
-46.00453984624839, -28.513210952788633, 1540.1936314886118, 

parameters:
-2.424446390214521, -44.437170479777464, 14.732479365455585, 
objectives:
-53.291709546208835, -10.128965254439574, 1966.8075811823742, 

parameters:
0.3286535985304962, -6.18071843392493, 19.96239905324667, 
objectives:
-26.035104299344557, 16.5750794130268, 19.346894494039823, 

parameters:
-1.144829361073693, -18.939923110005143, 15.1200530380289, 
objectives:
-32.74934188205764, 6.07008163829493, 345.91126864085436, 

parameters:
-1.4184203489936043, -52.34173725908051, 14.32111871654144, 
objectives:
-64.6509396891828, -26.335020860125518, 2728.348256868514, 

parameters:
2.8712750072752806, -30.99378755955003, 7.1058145857256525, 
objectives:
-29.85538197787202, -23.128852835521833, 962.7532728681962, 

parameters:
-1.0465854825664098, -32.10692627443007, 19.00267334752819, 
objectives:
-50.0142584496395, -3.8225698243174797, 1013.9473826164786, 

parameters:
2.6705417666211964, -86.21582983177129, 12.145909947707295, 
objectives:
-91.22994645221033, -73.62029362328052, 7429.155196960505, 

parameters:
5.155296653482829, -47.743963494292025, 1.7582511971006776, 
objectives:
-22.92513110598145, -36.02981532571141, 2305.3048825326, 

parameters:
1.9228696081409986, -36.092564575771476, 11.48443851896114, 
objectives:
-43.8795755648203, -24.602176959462014, 1295.8862066671854, 

parameters:
3.612675705434811, -46.90125598233313, 19.467029877651694, 
objectives:
-53.31686010734592, -24.833503173781775, 2194.3122085953264, 

parameters:
-0.2970586476462638, -86.49100195299725, 5.178253950702148, 
objectives:
-91.58101206355796, -76.03626957156862, 7476.603408722814, 

parameters:
-0.7360856102385931, -23.417460246707, 17.515568927682743, 
objectives:
-40.39120714878942, 1.5842731475304355, 532.4036975040204, 

parameters:
-0.34395196778784065, -24.26188605771398, 7.842902370955478, 
objectives:
-31.98648547252433, -10.924872859462013, 581.9145156626857, 

parameters:
3.0069846885689233, -50.29022035769644, 9.801059680963984, 
objectives:
-51.04932312137248, -39.4751425137202, 2529.3471608619893, 

parameters:
1.1642681917256184, -33.61965311293267, 8.317536679447207, 
objectives:
-40.58166937011583, -24.60366877812389, 1124.3190591767402, 

