Generation 203 at Fri May 24 19:55:16 2019
parameters:
0, 0.0, 20.0, 
objectives:
-20.0, 24.0, -19.0, 

parameters:
0, 0.0, 20.0, 
objectives:
-20.0, 24.0, -19.0, 

parameters:
1.9979647189482492, 0.0, 20.0, 
objectives:
-16.008136981838042, 20.000004142368958, -15.008136981838044, 

parameters:
0.9638971778782761, 0.0, 20.0, 
objectives:
-19.070902230478296, 21.0735090580086, -18.070902230478296, 

parameters:
1.0932630970351602, 0.0, 20.0, 
objectives:
-18.80477580066109, 20.82217181119827, -17.80477580066109, 

parameters:
0.6170030464320657, 0.0, 20.0, 
objectives:
-19.61930724069355, 21.912680573578186, -18.61930724069355, 

parameters:
0.7370565591128044, 0.0, 20.0, 
objectives:
-19.456747628668793, 21.59502613487999, -18.456747628668793, 

parameters:
1.7584269370853256, 0.0, 20.0, 
objectives:
-16.90793470693272, 20.05835754472598, -15.907934706932721, 

parameters:
1.8250280566148942, 0.0, 20.0, 
objectives:
-16.66927259256846, 20.03061518097196, -15.669272592568463, 

parameters:
0.47844740490402055, 0.0, 20.0, 
objectives:
-19.771088080740608, 22.31512229964331, -18.771088080740608, 

parameters:
1.6885107133158161, 0.0, 20.0, 
objectives:
-17.148931571017712, 20.097025575719023, -16.148931571017712, 

parameters:
1.9720525591380695, 0.0, 20.0, 
objectives:
-16.11100870399699, 20.00078105945073, -15.11100870399699, 

parameters:
1.3767448857452538, 0.0, 20.0, 
objectives:
-18.104573519574288, 20.388446937444698, -17.104573519574288, 

parameters:
0.2084234640423246, 0.0, 20.0, 
objectives:
-19.956559659636596, 23.209746484194103, -18.956559659636596, 

parameters:
0.8113311104869143, 0.0, 20.0, 
objectives:
-19.34174182915607, 21.412933728896274, -18.34174182915607, 

parameters:
0.340791735204882, 0.0, 20.0, 
objectives:
-19.883860993216047, 22.75297206596443, -18.883860993216047, 

parameters:
1.8899236400560266, 0.0, 20.0, 
objectives:
-16.42818863475738, 20.012116805018515, -15.428188634757378, 

parameters:
0.5303675526404212, 0.0, 20.0, 
objectives:
-19.71871025910621, 22.159819530332104, -18.71871025910621, 

parameters:
1.3135262266413907, 0.0, 20.0, 
objectives:
-18.274648851925228, 20.471246241509206, -17.274648851925228, 

parameters:
1.431046652374134, 0.0, 20.0, 
objectives:
-17.952105478728782, 20.32370791177468, -16.952105478728782, 

parameters:
1.2468121567681718, 0.0, 20.0, 
objectives:
-18.4454594457351, 20.567291927192212, -17.4454594457351, 

parameters:
1.6346629295120103, 0.0, 20.0, 
objectives:
-17.327877106879214, 20.133471175072746, -16.327877106879214, 

parameters:
1.5437692465905701, 0.0, 20.0, 
objectives:
-17.616776513281184, 20.208146500356538, -16.616776513281184, 

parameters:
1.181859631822692, 0.0, 20.0, 
objectives:
-18.603207810667932, 20.669353662041303, -17.603207810667932, 

parameters:
0.3273453793383619, 0.0, 20.0, 
objectives:
-19.892845002625823, 22.79777348002073, -18.892845002625823, 

parameters:
0.08910616658995776, 0.0, 20.0, 
objectives:
-19.992060091075643, 23.65151524256453, -18.992060091075643, 

parameters:
1.1519144137543003, 0.0, 20.0, 
objectives:
-18.673093183385088, 20.719249161597713, -17.673093183385088, 

parameters:
0.8898875540647825, 0.0, 20.0, 
objectives:
-19.2081001411206, 21.23234964262027, -18.2081001411206, 

parameters:
0.15388946061835307, 0.0, 20.0, 
objectives:
-19.97631803391059, 23.408124123615995, -18.97631803391059, 

parameters:
1.5077056901774724, 0.0, 20.0, 
objectives:
-17.726823551806472, 20.24235368748364, -16.726823551806472, 

parameters:
1.8800803375039659, 0.0, 20.0, 
objectives:
-16.465297924530972, 20.01438072545316, -15.465297924530974, 

parameters:
0.8707876307100733, 0.0, 20.0, 
objectives:
-19.241728902202336, 21.27512057495737, -18.241728902202336, 

parameters:
1.2765594427587053, 0.0, 20.0, 
objectives:
-18.370395989103585, 20.523366239861595, -17.370395989103585, 

parameters:
0.009265747217803995, 0.0, 20.0, 
objectives:
-19.999914145928496, 23.963022865200287, -18.999914145928496, 

parameters:
1.5934647343285573, 0.0, 20.0, 
objectives:
-17.46087014045122, 20.16527092223455, -16.46087014045122, 

parameters:
1.604767925676708, 0.0, 20.0, 
objectives:
-17.424719904719275, 20.15620839257389, -16.424719904719275, 

parameters:
1.4707236829972192, 0.0, 20.0, 
objectives:
-17.836971848271094, 20.28013341974003, -16.836971848271094, 

parameters:
1.47086249706065, 0.0, 20.0, 
objectives:
-17.836563514740508, 20.27998649701689, -16.836563514740508, 

parameters:
1.5942845240257646, 0.0, 20.0, 
objectives:
-17.458256856451943, 20.164605047445, -16.458256856451943, 

