Generation 2034 at Fri May 24 19:48:19 2019
parameters:
0.05101637681523949, -100, 19.95971668145522, 
objectives:
-119.95711401075187, -76.24174615510238, 9981.042885989249, 

parameters:
3.0229695716366747, 1.639675186106519, 0, 
objectives:
10.77802021714774, 2.686141930601041, 12.826879746974669, 

parameters:
-2.1716129830185644, -12.05592568996558, 19.645870229679975, 
objectives:
-26.98589297163077, 24.992299419803437, 131.41537696030684, 

parameters:
-0.09310337269809921, -0.38187417318528993, 20, 
objectives:
-20.37320593517753, 23.999207555614866, -18.84550387784629, 

parameters:
1.9973066371654076, -100, 0, 
objectives:
-96.01076619713501, -99.99999274579665, 10004.989233802866, 

parameters:
1.2427716033587555, -65.1094721204549, 11.364412696351417, 
objectives:
-74.92940355869142, -53.17166457942361, 4230.423428366056, 

parameters:
5.4072274907165205, -28.05153663544325, 4.4697407451038025, 
objectives:
-3.283168244186573, -11.97259671684505, 812.6570760008714, 

parameters:
0.46754724251122637, -92.12546675874685, 1.4161152692785701, 
objectives:
-93.32298160404557, -88.36094003553335, 8486.904110671672, 

parameters:
2.573771339818263, -83.71211615568498, 19.68844662058276, 
objectives:
-96.77626386659784, -63.69445598470538, 6995.654243551981, 

parameters:
0.8784721009371206, -88.92089062054478, 17.333836368274262, 
objectives:
-105.48301375669416, -70.32922942389412, 7891.36266561474, 

parameters:
-0.680848892913768, -59.74149670701515, 11.904409545321986, 
objectives:
-71.18235103735523, -40.65013637505619, 3558.6055744639625, 

parameters:
-0.2711868097931399, -78.54656151329738, 12.231968406029132, 
objectives:
-90.70498763352072, -61.1563035822899, 6158.403899441985, 

parameters:
3.4047233043716627, -71.41183375676293, 14.909391364622806, 
objectives:
-74.72908434205425, -54.52919483029528, 5097.332749918254, 

parameters:
4.853566876539663, -30.056149852182916, 1.7231180176656802, 
objectives:
-8.222156444805616, -20.190187915632908, 926.2061373442524, 

parameters:
1.7301949565006005, -97.3041593604824, 15.110014395890406, 
objectives:
-109.42059916887268, -82.12135020309428, 9456.982989041766, 

parameters:
2.0014048016818107, -94.41877505556161, 15.168575082208486, 
objectives:
-105.5817289575751, -79.25019799988536, 8904.74212909073, 

parameters:
1.445615114307984, -99.33288150638268, 12.297721712278943, 
objectives:
-109.54080015994593, -86.72781719261998, 9857.8134297075, 

parameters:
0.2563777878412812, -80.95783576365216, 5.248510058614612, 
objectives:
-86.14061625216839, -72.66910728630428, 6549.98839104596, 

parameters:
2.8461709482423783, -2.7372271880353356, 19.07892070194213, 
objectives:
-13.715458823358547, 17.057698787556202, -2.4858189564033815, 

parameters:
-1.9169062770515188, -73.7246496026021, 13.70592181481893, 
objectives:
-83.75604174242152, -44.676573004577584, 5426.292566886638, 

parameters:
1.9653739682267979, -56.50349296523164, 15.37268788386351, 
objectives:
-68.0134860141116, -41.12960611929178, 3182.134724223102, 

parameters:
-1.0354335712086713, -4.412927296051239, 0, 
objectives:
-3.340804615665297, 4.800929669169389, 21.546050000620045, 

parameters:
1.4607524694467537, -44.4259772844887, 16.87540565039679, 
objectives:
-59.1675851578907, -27.25978373488414, 1959.9258498085042, 

parameters:
1.7767331003389146, -18.02283545358297, 19.725980142176542, 
objectives:
-34.59203508591958, 1.7529927970778445, 309.2533981545907, 

parameters:
2.482656392630037, -52.27752131013787, 9.55745682614652, 
objectives:
-55.67139537241761, -42.48710729064471, 2730.54536026964, 

parameters:
2.898064114877508, -49.83348289269013, 19.598303499385736, 
objectives:
-61.03301077813511, -29.428660238873668, 2473.176489330595, 

parameters:
3.134862801771148, -2.070676915580493, 0, 
objectives:
7.756687870347959, -0.7827633367366327, 15.115067674646397, 

parameters:
-2.2503511710075808, -36.07270949685876, 13.799497566005172, 
objectives:
-44.80812667000874, -4.207726853968072, 1293.5049532716139, 

parameters:
3.6504265378711853, -49.95877610228673, 0, 
objectives:
-36.63316219389252, -47.23486834537726, 2510.2049235468094, 

parameters:
3.6185398174535335, -29.27962890692143, 8.324636898479412, 
objectives:
-24.510435394904192, -18.335320867759503, 863.0658624390462, 

parameters:
-0.0196461273902091, -39.83433114172732, 0.9160444624664218, 
objectives:
-40.74998963387231, -34.83931619937862, 1586.858279016642, 

parameters:
-0.028985551533531884, -39.31768666478328, 6.687693343662816, 
objectives:
-46.00453984624839, -28.513210952788633, 1540.1936314886118, 

parameters:
1.1248003729100289, -76.34546937622908, 10.236822657839092, 
objectives:
-85.31711615516963, -65.34267233113155, 5820.659047497791, 

parameters:
-2.60694819176713, -13.715894624037816, 10.022123985815519, 
objectives:
-16.941839735295424, 17.530201003404134, 185.89982022645185, 

parameters:
3.7936202253548084, -71.93662469492031, 1.5105506246364306, 
objectives:
-59.05562090533567, -67.20900055748204, 5188.758976287403, 

parameters:
1.5049659944913993, -16.294046296100525, 14.056648124974265, 
objectives:
-28.085771776499303, -1.9923395045163712, 254.7042192190685, 

parameters:
1.3302361333894632, -36.29311940031732, 4.477430897234855, 
objectives:
-39.001022126977226, -31.367104866065375, 1315.4826130790298, 

parameters:
-1.0161934855950763, -100, 3.7532952177270325, 
objectives:
-102.72064601756117, -87.1492816397268, 9998.27935398244, 

parameters:
3.7769138718759785, -52.647622805814585, 5.679285918492946, 
objectives:
-44.06183032873833, -43.81091397925636, 2781.3579795804044, 

parameters:
3.2882290136615566, -42.1338742975427, 11.77838493586066, 
objectives:
-43.0998091871177, -28.69595537004261, 1775.2974284315542, 

parameters:
-2.3796426643466706, -30.469327313167092, 15.04159988753774, 
objectives:
-39.84822799072591, 3.7535424417362524, 920.0010062393513, 

