Generation 2035 at Fri May 24 19:48:19 2019
parameters:
0.05101637681523949, -100, 19.95971668145522, 
objectives:
-119.95711401075187, -76.24174615510238, 9981.042885989249, 

parameters:
-2.1716129830185644, -12.05592568996558, 19.645870229679975, 
objectives:
-26.98589297163077, 24.992299419803437, 131.41537696030684, 

parameters:
3.0229695716366747, 1.639675186106519, 0, 
objectives:
10.77802021714774, 2.686141930601041, 12.826879746974669, 

parameters:
-0.09310337269809921, -0.38187417318528993, 20, 
objectives:
-20.37320593517753, 23.999207555614866, -18.84550387784629, 

parameters:
1.9973066371654076, -100, 0, 
objectives:
-96.01076619713501, -99.99999274579665, 10004.989233802866, 

parameters:
1.7773289688381961, -35.69153614528936, 18.494117696844718, 
objectives:
-51.02675557866264, -17.147836060325986, 1259.5505329771236, 

parameters:
5.4072274907165205, -28.05153663544325, 4.4697407451038025, 
objectives:
-3.283168244186573, -11.97259671684505, 812.6570760008714, 

parameters:
0.46754724251122637, -92.12546675874685, 1.4161152692785701, 
objectives:
-93.32298160404557, -88.36094003553335, 8486.904110671672, 

parameters:
0.8784721009371206, -88.92089062054478, 17.333836368274262, 
objectives:
-105.48301375669416, -70.32922942389412, 7891.36266561474, 

parameters:
3.134862801771148, -2.070676915580493, 0, 
objectives:
7.756687870347959, -0.7827633367366327, 15.115067674646397, 

parameters:
-1.9169062770515188, -73.7246496026021, 13.70592181481893, 
objectives:
-83.75604174242152, -44.676573004577584, 5426.292566886638, 

parameters:
2.8461709482423783, -2.7372271880353356, 19.07892070194213, 
objectives:
-13.715458823358547, 17.057698787556202, -2.4858189564033815, 

parameters:
1.445615114307984, -99.33288150638268, 12.297721712278943, 
objectives:
-109.54080015994593, -86.72781719261998, 9857.8134297075, 

parameters:
1.2082900746181506, -85.12939747701809, 14.038748305666987, 
objectives:
-97.70818087826434, -70.46384456540297, 7235.435531398887, 

parameters:
1.7301949565006005, -97.3041593604824, 15.110014395890406, 
objectives:
-109.42059916887268, -82.12135020309428, 9456.982989041766, 

parameters:
0.8491250393379275, -18.785111652011654, 20, 
objectives:
-38.06409831958102, 2.539401523067273, 334.60143311097465, 

parameters:
2.0014048016818107, -94.41877505556161, 15.168575082208486, 
objectives:
-105.5817289575751, -79.25019799988536, 8904.74212909073, 

parameters:
1.2427716033587555, -65.1094721204549, 11.364412696351417, 
objectives:
-74.92940355869142, -53.17166457942361, 4230.423428366056, 

parameters:
-0.2711868097931399, -78.54656151329738, 12.231968406029132, 
objectives:
-90.70498763352072, -61.1563035822899, 6158.403899441985, 

parameters:
1.9653739682267979, -56.50349296523164, 15.37268788386351, 
objectives:
-68.0134860141116, -41.12960611929178, 3182.134724223102, 

parameters:
4.853566876539663, -30.056149852182916, 1.7231180176656802, 
objectives:
-8.222156444805616, -20.190187915632908, 926.2061373442524, 

parameters:
-0.7471177956270791, -6.306227921807851, 6.552402006605831, 
objectives:
-12.300444927871016, 7.792830267848963, 34.7742935957258, 

parameters:
3.4047233043716627, -71.41183375676293, 14.909391364622806, 
objectives:
-74.72908434205425, -54.52919483029528, 5097.332749918254, 

parameters:
-2.540147229384502, -61.35407016566909, 17.823685632596117, 
objectives:
-72.72540785131545, -22.917447668585204, 3753.9505882082, 

parameters:
2.2299554710288003, -81.58531596586833, 0.8198127755304876, 
objectives:
-77.43242733862755, -80.71262367168175, 6661.316669877811, 

parameters:
2.573771339818263, -83.71211615568498, 19.68844662058276, 
objectives:
-96.77626386659784, -63.69445598470538, 6995.654243551981, 

parameters:
0.2563777878412812, -80.95783576365216, 5.248510058614612, 
objectives:
-86.14061625216839, -72.66910728630428, 6549.98839104596, 

parameters:
-1.04053545928366, -69.51036097852995, 19.54125884404493, 
objectives:
-87.96890578054823, -40.72424625532372, 4814.231738563521, 

parameters:
1.4607524694467537, -44.4259772844887, 16.87540565039679, 
objectives:
-59.1675851578907, -27.25978373488414, 1959.9258498085042, 

parameters:
2.898064114877508, -49.83348289269013, 19.598303499385736, 
objectives:
-61.03301077813511, -29.428660238873668, 2473.176489330595, 

parameters:
2.994464796437361, -60.482756566482976, 20, 
objectives:
-71.51593714938033, -39.49379633512977, 3648.1306612975422, 

parameters:
0.1011036025622567, -54.200584421848596, 2.17950005287637, 
objectives:
-56.3698625362739, -48.41527684077018, 2936.5340735555114, 

parameters:
-1.847811189890881, -78.21299722878592, 0.5409280251138565, 
objectives:
-75.33951906041382, -62.86641825062259, 6121.146413678446, 

parameters:
2.482656392630037, -52.27752131013787, 9.55745682614652, 
objectives:
-55.67139537241761, -42.48710729064471, 2730.54536026964, 

parameters:
-0.7006466313507533, -48.90646378857299, 13.543289861197893, 
objectives:
-61.95884794774773, -28.06968169994893, 2379.7898161438266, 

parameters:
0.02118152978952903, -16.04511921780869, 17.722530173362685, 
objectives:
-33.76720073396715, 5.593133493600103, 240.7237691975353, 

parameters:
3.6185398174535335, -29.27962890692143, 8.324636898479412, 
objectives:
-24.510435394904192, -18.335320867759503, 863.0658624390462, 

parameters:
0.8358412753538271, -45.11407409545799, 17.21092727742262, 
objectives:
-61.626370735295495, -26.547881281865564, 2019.767384850636, 

parameters:
-0.680848892913768, -59.74149670701515, 11.904409545321986, 
objectives:
-71.18235103735523, -40.65013637505619, 3558.6055744639625, 

parameters:
3.6504265378711853, -49.95877610228673, 0, 
objectives:
-36.63316219389252, -47.23486834537726, 2510.2049235468094, 

parameters:
-1.0354335712086713, -4.412927296051239, 0, 
objectives:
-3.340804615665297, 4.800929669169389, 21.546050000620045, 

parameters:
1.7767331003389146, -18.02283545358297, 19.725980142176542, 
objectives:
-34.59203508591958, 1.7529927970778445, 309.2533981545907, 

parameters:
0.4829686509731759, -18.209417795140514, 19.111764324359743, 
objectives:
-37.08792340167741, 3.2037306431493757, 313.70439083144316, 

