Generation 2041 at Fri May 24 19:48:19 2019
parameters:
0.05101637681523949, -100, 19.95971668145522, 
objectives:
-119.95711401075187, -76.24174615510238, 9981.042885989249, 

parameters:
3.0229695716366747, 1.639675186106519, 0, 
objectives:
10.77802021714774, 2.686141930601041, 12.826879746974669, 

parameters:
-0.09310337269809921, -0.38187417318528993, 20, 
objectives:
-20.37320593517753, 23.999207555614866, -18.84550387784629, 

parameters:
1.9973066371654076, -100, 0, 
objectives:
-96.01076619713501, -99.99999274579665, 10004.989233802866, 

parameters:
5.4072274907165205, -28.05153663544325, 4.4697407451038025, 
objectives:
-3.283168244186573, -11.97259671684505, 812.6570760008714, 

parameters:
1.6951653279760275, -72.21179126193981, 13.581484398712579, 
objectives:
-82.91969017148031, -58.53738268595927, 5204.834898348426, 

parameters:
1.1903117378232353, -92.88341510053297, 1.447081418563222, 
objectives:
-92.91365448589642, -90.78073860006293, 8628.298561352552, 

parameters:
1.7301949565006005, -97.3041593604824, 15.110014395890406, 
objectives:
-109.42059916887268, -82.12135020309428, 9456.982989041766, 

parameters:
2.4333288616823845, -26.222792021060144, 19.795377466475873, 
objectives:
-40.09708013843952, -6.239640652217318, 674.7605332623962, 

parameters:
0.8784721009371206, -88.92089062054478, 17.333836368274262, 
objectives:
-105.48301375669416, -70.32922942389412, 7891.36266561474, 

parameters:
1.2082900746181506, -85.12939747701809, 14.038748305666987, 
objectives:
-97.70818087826434, -70.46384456540297, 7235.435531398887, 

parameters:
2.898064114877508, -49.83348289269013, 19.598303499385736, 
objectives:
-61.03301077813511, -29.428660238873668, 2473.176489330595, 

parameters:
-0.2711868097931399, -78.54656151329738, 12.231968406029132, 
objectives:
-90.70498763352072, -61.1563035822899, 6158.403899441985, 

parameters:
0.2563777878412812, -80.95783576365216, 5.248510058614612, 
objectives:
-86.14061625216839, -72.66910728630428, 6549.98839104596, 

parameters:
0.27400856781822513, -11.75333893010552, 15.52012220425081, 
objectives:
-27.198380439118537, 6.7458296981101835, 123.69593449692098, 

parameters:
3.134862801771148, -2.070676915580493, 0, 
objectives:
7.756687870347959, -0.7827633367366327, 15.115067674646397, 

parameters:
0.444289222252775, -39.57689237553699, 9.302108651114846, 
objectives:
-48.68160811364186, -27.85454770042327, 1558.2256943667333, 

parameters:
1.1861512292659684, -32.10399314284554, 0, 
objectives:
-30.69703840415637, -31.441643321220244, 1033.0733304545624, 

parameters:
2.8461709482423783, -2.7372271880353356, 19.07892070194213, 
objectives:
-13.715458823358547, 17.057698787556202, -2.4858189564033815, 

parameters:
-0.6318340093166682, -37.55964053624359, 13.88574290594154, 
objectives:
-51.04616922685596, -16.747347377706205, 1398.2400685212206, 

parameters:
1.2427716033587555, -65.1094721204549, 11.364412696351417, 
objectives:
-74.92940355869142, -53.17166457942361, 4230.423428366056, 

parameters:
1.1425273503156554, -61.23168930436621, 18.522149278495753, 
objectives:
-78.44846983664266, -41.97428068091377, 3733.1029945341593, 

parameters:
0.07364792631126349, -41.69671359357599, 15.565028192628619, 
objectives:
-57.25631776915466, -22.420853089142483, 1724.0563203291263, 

parameters:
2.0014048016818107, -94.41877505556161, 15.168575082208486, 
objectives:
-105.5817289575751, -79.25019799988536, 8904.74212909073, 

parameters:
2.714102703620413, -75.16696681939452, 9.057394351374832, 
objectives:
-76.85800768496972, -65.59962979670169, 5649.381859962381, 

parameters:
-0.590586298316894, -42.819825848948774, 17.791365204544153, 
objectives:
-60.262398877733276, -18.317323275377394, 1817.094912705517, 

parameters:
-0.5514167100919787, 0.31053405631264397, 13.623804086654435, 
objectives:
-13.00920964217313, 20.444065371503655, -12.22331229835579, 

parameters:
1.9653739682267979, -56.50349296523164, 15.37268788386351, 
objectives:
-68.0134860141116, -41.12960611929178, 3182.134724223102, 

parameters:
2.5103338476289796, -57.61310698661124, 19.167622892776496, 
objectives:
-70.47895385283603, -38.185043457798955, 3307.4042497844885, 

parameters:
3.398050349479897, -53.54299977090112, 16.162471382317076, 
objectives:
-58.158724975617744, -35.42598360890318, 2863.237099262001, 

parameters:
2.18986677050337, -63.6779059775061, 15.297133263028243, 
objectives:
-74.17952276797948, -48.34472332393648, 4045.374092889634, 

parameters:
4.785822284325738, -54.0162279426027, 4.633151572698708, 
objectives:
-35.74528457815258, -41.62227057005812, 2937.0238245116625, 

parameters:
1.5803712328140653, -14.471765717516309, 15.397619070528947, 
objectives:
-27.371811554539008, 1.1019416552626247, 197.53195714565763, 

parameters:
2.1675767680971507, -100, 13.517719465449856, 
objectives:
-108.81933041985536, -86.45419856134426, 9992.180669580144, 

parameters:
-0.9179520744141307, -74.87444900773008, 13.327226411944515, 
objectives:
-87.35903940875338, -53.03277828720784, 5594.698523810149, 

parameters:
2.5597641674724203, -63.78765372329866, 12.988584303403611, 
objectives:
-70.2238454336265, -50.48573349670895, 4063.4285758131296, 

parameters:
1.7641611966266897, -64.80502125965869, 16.374907333974537, 
objectives:
-78.06766386594991, -48.374493984507595, 4187.428137858523, 

