Generation 2045 at Fri May 24 19:48:19 2019
parameters:
0.05101637681523949, -100, 19.95971668145522, 
objectives:
-119.95711401075187, -76.24174615510238, 9981.042885989249, 

parameters:
3.0229695716366747, 1.639675186106519, 0, 
objectives:
10.77802021714774, 2.686141930601041, 12.826879746974669, 

parameters:
-0.09310337269809921, -0.38187417318528993, 20, 
objectives:
-20.37320593517753, 23.999207555614866, -18.84550387784629, 

parameters:
1.9973066371654076, -100, 0, 
objectives:
-96.01076619713501, -99.99999274579665, 10004.989233802866, 

parameters:
-0.2939199481491199, -14.126787017418195, 20, 
objectives:
-34.04039808149821, 11.135281711098266, 180.65250037141524, 

parameters:
2.1765357359984066, -99.8203811966199, 15.235020529862867, 
objectives:
-110.31809391640465, -84.55419580067255, 9954.610789518723, 

parameters:
2.5103338476289796, -57.61310698661124, 19.167622892776496, 
objectives:
-70.47895385283603, -38.185043457798955, 3307.4042497844885, 

parameters:
2.0014048016818107, -94.41877505556161, 15.168575082208486, 
objectives:
-105.5817289575751, -79.25019799988536, 8904.74212909073, 

parameters:
1.2427716033587555, -65.1094721204549, 11.364412696351417, 
objectives:
-74.92940355869142, -53.17166457942361, 4230.423428366056, 

parameters:
1.6951653279760275, -72.21179126193981, 13.581484398712579, 
objectives:
-82.91969017148031, -58.53738268595927, 5204.834898348426, 

parameters:
2.957576558683412, -43.178957763047165, 15.872814333499052, 
objectives:
-50.3045129960726, -26.38919056380815, 1858.2968382699858, 

parameters:
3.0204357804840947, -36.84498550774809, 20, 
objectives:
-47.72195320371953, -15.803696325655906, 1347.6759893701956, 

parameters:
1.708925993766985, -86.1349998303251, 16.037248015173304, 
objectives:
-99.25181979332592, -70.01302773804726, 7407.1213758071035, 

parameters:
-1.4408428723734013, -50.253701139231445, 16.494313997885108, 
objectives:
-64.67198695424733, -21.9199874689835, 2512.016192376176, 

parameters:
3.837469491881264, -3.326630290910966, 20, 
objectives:
-8.600458189791519, 20.049663842683426, 6.792641193525824, 

parameters:
2.898064114877508, -49.83348289269013, 19.598303499385736, 
objectives:
-61.03301077813511, -29.428660238873668, 2473.176489330595, 

parameters:
0.8784721009371206, -88.92089062054478, 17.333836368274262, 
objectives:
-105.48301375669416, -70.32922942389412, 7891.36266561474, 

parameters:
4.458571070845894, -3.8511844499938075, 15.620733219594984, 
objectives:
0.40693832419510834, 17.8141204800015, 20.089744442063022, 

parameters:
0.40622698808346724, -19.67529753572307, 20, 
objectives:
-39.51027716987571, 2.864814877790426, 368.2823534850777, 

parameters:
0.07364792631126349, -41.69671359357599, 15.565028192628619, 
objectives:
-57.25631776915466, -22.420853089142483, 1724.0563203291263, 

parameters:
2.8669102180300077, -30.58757764471106, 20, 
objectives:
-42.368403446466196, -9.836044318586225, 924.8190803694728, 

parameters:
3.134862801771148, -2.070676915580493, 0, 
objectives:
7.756687870347959, -0.7827633367366327, 15.115067674646397, 

parameters:
1.1903117378232353, -92.88341510053297, 1.447081418563222, 
objectives:
-92.91365448589642, -90.78073860006293, 8628.298561352552, 

parameters:
0.21806415890995967, -92.29659040124969, 1.1988042714444826, 
objectives:
-93.44784269529306, -87.92249078804393, 8518.509347402012, 

parameters:
5.4072274907165205, -28.05153663544325, 4.4697407451038025, 
objectives:
-3.283168244186573, -11.97259671684505, 812.6570760008714, 

parameters:
2.4333288616823845, -26.222792021060144, 19.795377466475873, 
objectives:
-40.09708013843952, -6.239640652217318, 674.7605332623962, 

parameters:
-1.533252436244259, -75.07154367213573, 12.647903194361062, 
objectives:
-85.36858383324784, -49.939767699548675, 5626.439629156271, 

parameters:
-0.4434831902112406, -82.9883322349754, 8.582004272760734, 
objectives:
-91.37365916773621, -68.43571786136977, 6879.677960209897, 

parameters:
0.2563777878412812, -80.95783576365216, 5.248510058614612, 
objectives:
-86.14061625216839, -72.66910728630428, 6549.98839104596, 

parameters:
1.1425273503156554, -61.23168930436621, 18.522149278495753, 
objectives:
-78.44846983664266, -41.97428068091377, 3733.1029945341593, 

parameters:
0.4343949610044982, -62.972560492850036, 16.01695417927665, 
objectives:
-78.80081568998058, -44.50448717544528, 3950.7151198285264, 

parameters:
-2.554334717990285, -77.28681944776677, 19.806908047646623, 
objectives:
-90.5691016438829, -36.7379466766285, 5960.970178155585, 

parameters:
-0.2711868097931399, -78.54656151329738, 12.231968406029132, 
objectives:
-90.70498763352072, -61.1563035822899, 6158.403899441985, 

parameters:
2.3568816930226566, -75.7479738308152, 10.111858043315992, 
objectives:
-80.30494055922584, -65.50875124468449, 5734.198572745453, 

parameters:
-1.0261829924786925, -77.74926648693015, 10.962515984905476, 
objectives:
-87.6587309377831, -57.62896699805738, 6036.038974804827, 

parameters:
-0.590586298316894, -42.819825848948774, 17.791365204544153, 
objectives:
-60.262398877733276, -18.317323275377394, 1817.094912705517, 

parameters:
2.714102703620413, -75.16696681939452, 9.057394351374832, 
objectives:
-76.85800768496972, -65.59962979670169, 5649.381859962381, 

