Generation 2049 at Fri May 24 19:48:19 2019
parameters:
0.05101637681523949, -100, 19.95971668145522, 
objectives:
-119.95711401075187, -76.24174615510238, 9981.042885989249, 

parameters:
3.0229695716366747, 1.639675186106519, 0, 
objectives:
10.77802021714774, 2.686141930601041, 12.826879746974669, 

parameters:
-0.09310337269809921, -0.38187417318528993, 20, 
objectives:
-20.37320593517753, 23.999207555614866, -18.84550387784629, 

parameters:
1.9973066371654076, -100, 0, 
objectives:
-96.01076619713501, -99.99999274579665, 10004.989233802866, 

parameters:
0.3656350614003702, -65.16228016779141, 12.201060330434007, 
objectives:
-77.22965150010016, -50.29007108483363, 4235.055385333432, 

parameters:
2.5103338476289796, -57.61310698661124, 19.167622892776496, 
objectives:
-70.47895385283603, -38.185043457798955, 3307.4042497844885, 

parameters:
2.3462604644484655, -90.63157335072076, 0, 
objectives:
-85.12663518368683, -90.5116770414807, 8220.58702619411, 

parameters:
0.6321847935920532, -73.34989994422293, 18.392170067645438, 
objectives:
-91.34241239861933, -53.08681143769667, 5363.2153093731185, 

parameters:
5.4072274907165205, -28.05153663544325, 4.4697407451038025, 
objectives:
-3.283168244186573, -11.97259671684505, 812.6570760008714, 

parameters:
3.837469491881264, -3.326630290910966, 20, 
objectives:
-8.600458189791519, 20.049663842683426, 6.792641193525824, 

parameters:
3.6510293891320016, -80.84374745732563, 6.793712493427042, 
objectives:
-74.30744435044707, -71.324136920121, 6543.247806050723, 

parameters:
2.8669102180300077, -30.58757764471106, 20, 
objectives:
-42.368403446466196, -9.836044318586225, 924.8190803694728, 

parameters:
2.0014048016818107, -94.41877505556161, 15.168575082208486, 
objectives:
-105.5817289575751, -79.25019799988536, 8904.74212909073, 

parameters:
3.134862801771148, -2.070676915580493, 0, 
objectives:
7.756687870347959, -0.7827633367366327, 15.115067674646397, 

parameters:
2.1765357359984066, -99.8203811966199, 15.235020529862867, 
objectives:
-110.31809391640465, -84.55419580067255, 9954.610789518723, 

parameters:
1.6951653279760275, -72.21179126193981, 13.581484398712579, 
objectives:
-82.91969017148031, -58.53738268595927, 5204.834898348426, 

parameters:
-2.0272378398956614, -99.79985087235083, 12.087468760791623, 
objectives:
-107.77762637363763, -71.49373749247174, 9953.032458642178, 

parameters:
-1.244054492695664, -84.72613746879708, 11.117784960671193, 
objectives:
-94.296250848672, -63.084462956546965, 7169.948257001625, 

parameters:
1.4907207693444227, -40.95007599123667, 7.926893092099287, 
objectives:
-46.65472067118113, -32.76381756436025, 1672.2040790081137, 

parameters:
0.012389320280471683, -18.38669415299737, 18.847249803163066, 
objectives:
-37.23379046090342, 4.41115186430082, 320.2234255679616, 

parameters:
1.3012564603542773, -87.73763413859503, 19.651387660347382, 
objectives:
-105.69575342332867, -67.59800394405102, 7680.934324953222, 

parameters:
0.6959330459669586, -38.30436577817511, 17.163369046896886, 
objectives:
-54.983412020603154, -19.440406110677213, 1451.5453914258046, 

parameters:
0.8330003141753313, -14.149852978014202, 20, 
objectives:
-33.455963454598006, 7.2120352887006725, 181.91222882283358, 

parameters:
-1.0278664195393086, -88.63566548631236, 0, 
objectives:
-87.5791561098958, -79.46769043173857, 7858.337705577881, 

parameters:
-0.2939199481491199, -14.126787017418195, 20, 
objectives:
-34.04039808149821, 11.135281711098266, 180.65250037141524, 

parameters:
3.1317838732655243, -11.601764201261915, 17.49845413958641, 
objectives:
-19.292148112002316, 7.177624674108408, 127.91054867094212, 

parameters:
-0.5275711079081427, -82.69148139703391, 18.064328795377712, 
objectives:
-100.47747891851219, -58.23853689612421, 6821.095098114527, 

parameters:
-1.4408428723734013, -50.253701139231445, 16.494313997885108, 
objectives:
-64.67198695424733, -21.9199874689835, 2512.016192376176, 

parameters:
2.957576558683412, -43.178957763047165, 15.872814333499052, 
objectives:
-50.3045129960726, -26.38919056380815, 1858.2968382699858, 

parameters:
-0.5363410538751703, -52.8283990068023, 17.064090210587917, 
objectives:
-69.60482749131829, -29.331282854641774, 2775.0633131373943, 

parameters:
-2.3651705877905544, -55.50773609455113, 20, 
objectives:
-69.91370418520161, -16.45302183403939, 3067.702798251684, 

parameters:
-0.19080611070439513, -83.2809104370406, 18.966547505761262, 
objectives:
-102.21105097091973, -59.51473151657962, 6917.7799026885, 

parameters:
2.898064114877508, -49.83348289269013, 19.598303499385736, 
objectives:
-61.03301077813511, -29.428660238873668, 2473.176489330595, 

parameters:
-0.9528921850161187, -46.63006238942463, 19.516111705566267, 
objectives:
-65.23817057872611, -18.394378427529098, 2156.754610252332, 

parameters:
-1.3883401590905682, -45.143532284500864, 15.335176253466814, 
objectives:
-58.551220140624054, -18.327506997328157, 2025.5308192656487, 

parameters:
-1.1962072858602792, -45.2946730909367, 8.488435243431777, 
objectives:
-52.35219646362326, -26.590496833318586, 2045.5498870421386, 

