Generation 2056 at Fri May 24 19:48:19 2019
parameters:
0.05101637681523949, -100, 19.95971668145522, 
objectives:
-119.95711401075187, -76.24174615510238, 9981.042885989249, 

parameters:
3.0229695716366747, 1.639675186106519, 0, 
objectives:
10.77802021714774, 2.686141930601041, 12.826879746974669, 

parameters:
-0.09310337269809921, -0.38187417318528993, 20, 
objectives:
-20.37320593517753, 23.999207555614866, -18.84550387784629, 

parameters:
1.9973066371654076, -100, 0, 
objectives:
-96.01076619713501, -99.99999274579665, 10004.989233802866, 

parameters:
5.4072274907165205, -28.05153663544325, 4.4697407451038025, 
objectives:
-3.283168244186573, -11.97259671684505, 812.6570760008714, 

parameters:
0.6959330459669586, -38.30436577817511, 17.163369046896886, 
objectives:
-54.983412020603154, -19.440406110677213, 1451.5453914258046, 

parameters:
2.3462604644484655, -90.63157335072076, 0, 
objectives:
-85.12663518368683, -90.5116770414807, 8220.58702619411, 

parameters:
-1.114504100890442, -97.21135908080204, 18.63542296107917, 
objectives:
-114.6046626509796, -68.87580032525949, 9433.655030766457, 

parameters:
0.20288594010424776, -94.27849330334318, 5.370644107404532, 
objectives:
-99.60797470605573, -85.67823025166366, 8884.104818145814, 

parameters:
2.8342680710148107, -50.271197931293955, 18.603066148971813, 
objectives:
-60.84118858189175, -30.97212856800737, 2517.623350796736, 

parameters:
1.4907207693444227, -40.95007599123667, 7.926893092099287, 
objectives:
-46.65472067118113, -32.76381756436025, 1672.2040790081137, 

parameters:
1.3012564603542773, -87.73763413859503, 19.651387660347382, 
objectives:
-105.69575342332867, -67.59800394405102, 7680.934324953222, 

parameters:
1.6951653279760275, -72.21179126193981, 13.581484398712579, 
objectives:
-82.91969017148031, -58.53738268595927, 5204.834898348426, 

parameters:
-2.668132029653437, -67.04108449422347, 17.638788996474126, 
objectives:
-77.56094496303503, -27.610838851473027, 4484.987149692798, 

parameters:
0.47544691325392785, -81.11771097473392, 5.989153186708987, 
objectives:
-86.88081439412022, -72.80429567371796, 6575.319930361082, 

parameters:
0.05200416419922138, -45.49524807150291, 20, 
objectives:
-65.49254363840885, -21.700560295205733, 2050.820301520683, 

parameters:
2.378623003272545, -6.577190228423733, 14.280577734134996, 
objectives:
-15.199920570861426, 7.846742884318384, 35.63670095843495, 

parameters:
3.182774561446266, 5.589647476632704, 13.05534909043056, 
objectives:
2.664352295191616, 20.04395223026767, 29.318863731585267, 

parameters:
2.5103338476289796, -57.61310698661124, 19.167622892776496, 
objectives:
-70.47895385283603, -38.185043457798955, 3307.4042497844885, 

parameters:
-1.244054492695664, -84.72613746879708, 11.117784960671193, 
objectives:
-94.296250848672, -63.084462956546965, 7169.948257001625, 

parameters:
3.0143761123521156, -24.7321459931916, 19.937208397982854, 
objectives:
-35.5828910444554, -3.7659786978981558, 601.8283003772796, 

parameters:
0.7797640629732583, -10.59372767286162, 15.975173527721276, 
objectives:
-25.960869206678332, 6.8704215968711875, 97.85992447293735, 

parameters:
-1.9119544127190709, -9.878079953738421, 9.549985592659596, 
objectives:
-15.77249587008209, 14.975292966113386, 92.68204765610517, 

parameters:
3.7575604939920098, -99.54595605066515, 14.599999799811402, 
objectives:
-100.02669498446707, -81.85693736081231, 9909.916627107157, 

parameters:
2.5226461558942175, -75.27356708323224, 19.826753005204278, 
objectives:
-88.73657646058865, -55.17365507375695, 5653.646892056507, 

parameters:
1.920240254153791, -43.269044696540206, 2.597366246508314, 
objectives:
-42.179088309375906, -40.66531683297444, 1874.3001853383585, 

parameters:
2.5512704218507585, -18.273444623466304, 8.665617775423108, 
objectives:
-20.430081633478864, -9.303927770035681, 332.762141396877, 

parameters:
1.3677635102765882, -75.72775178027294, 9.730168587046554, 
objectives:
-83.58714334727536, -65.5978602142886, 5727.832998127629, 

parameters:
2.898928984991318, -20.41752485239079, 19.4326558819199, 
objectives:
-31.446391474287896, -0.17679565041337142, 406.8464544760985, 

parameters:
3.305056716167731, -61.88064098938544, 17.362898365659873, 
objectives:
-68.3201394579599, -42.81456959131106, 3823.774230788635, 

parameters:
0.3656350614003702, -65.16228016779141, 12.201060330434007, 
objectives:
-77.22965150010016, -50.29007108483363, 4235.055385333432, 

parameters:
0.5576255308122632, -86.90935858715223, 14.71669504052915, 
objectives:
-101.31510739506771, -70.11221943725847, 7539.830861222295, 

parameters:
4.581573236188257, -59.32036890074443, 0, 
objectives:
-38.329555582187886, -52.655848526940915, 3540.896979838963, 

parameters:
-0.33713708717193747, -69.85871862163452, 18.445971705049814, 
objectives:
-88.19102891113756, -45.95053715235018, 4862.908257167203, 

parameters:
4.299696356771474, -52.686393310538286, 3.2149862426480125, 
objectives:
-37.413990792752415, -44.18280373454229, 2792.128442590519, 

parameters:
0.8685900246207976, -52.820685375982244, 14.196218177752527, 
objectives:
-66.26245492286401, -37.34437866584215, 2777.5830340416223, 

parameters:
3.3992537966480674, -83.93483836334609, 15.546063531525348, 
objectives:
-87.92597552084514, -66.4308636443867, 7042.065953923534, 

parameters:
0.9116704258984383, -75.48528566935815, 1.973212517616223, 
objectives:
-76.62735522151652, -72.32761188987784, 5697.886283032449, 

parameters:
2.331327675914884, -60.17280448433117, 12.409793567087227, 
objectives:
-67.1475093189317, -47.65323288841678, 3614.7916946749447, 

parameters:
-2.6978845768208948, -19.997185352771652, 19.877789892561687, 
objectives:
-32.59639405548528, 21.950724036921677, 388.2882133303915, 

parameters:
3.2369251651709687, -84.56232763214722, 13.04997110096245, 
objectives:
-87.13461420819256, -69.98237266695153, 7149.214967990563, 

