Generation 2058 at Fri May 24 19:48:19 2019
parameters:
0.05101637681523949, -100, 19.95971668145522, 
objectives:
-119.95711401075187, -76.24174615510238, 9981.042885989249, 

parameters:
3.0229695716366747, 1.639675186106519, 0, 
objectives:
10.77802021714774, 2.686141930601041, 12.826879746974669, 

parameters:
-0.09310337269809921, -0.38187417318528993, 20, 
objectives:
-20.37320593517753, 23.999207555614866, -18.84550387784629, 

parameters:
1.9973066371654076, -100, 0, 
objectives:
-96.01076619713501, -99.99999274579665, 10004.989233802866, 

parameters:
2.5103338476289796, -57.61310698661124, 19.167622892776496, 
objectives:
-70.47895385283603, -38.185043457798955, 3307.4042497844885, 

parameters:
0.20288594010424776, -94.27849330334318, 5.370644107404532, 
objectives:
-99.60797470605573, -85.67823025166366, 8884.104818145814, 

parameters:
-1.114504100890442, -97.21135908080204, 18.63542296107917, 
objectives:
-114.6046626509796, -68.87580032525949, 9433.655030766457, 

parameters:
1.3012564603542773, -87.73763413859503, 19.651387660347382, 
objectives:
-105.69575342332867, -67.59800394405102, 7680.934324953222, 

parameters:
0.47544691325392785, -81.11771097473392, 5.989153186708987, 
objectives:
-86.88081439412022, -72.80429567371796, 6575.319930361082, 

parameters:
0.05200416419922138, -45.49524807150291, 20, 
objectives:
-65.49254363840885, -21.700560295205733, 2050.820301520683, 

parameters:
4.212940188926575, -98.85663461643176, 0.0, 
objectives:
-81.10776958095907, -93.95953033666538, 9791.383072722168, 

parameters:
1.9123723020214551, -37.53616151572287, 10.070982295111566, 
objectives:
-43.949975989295595, -27.457500607158284, 1403.5496068608616, 

parameters:
5.4072274907165205, -28.05153663544325, 4.4697407451038025, 
objectives:
-3.283168244186573, -11.97259671684505, 812.6570760008714, 

parameters:
-1.244054492695664, -84.72613746879708, 11.117784960671193, 
objectives:
-94.296250848672, -63.084462956546965, 7169.948257001625, 

parameters:
3.0143761123521156, -24.7321459931916, 19.937208397982854, 
objectives:
-35.5828910444554, -3.7659786978981558, 601.8283003772796, 

parameters:
4.733531405549703, -3.7923851823185295, 14.219944977149813, 
objectives:
4.393989407857008, 17.89975373995782, 23.56855996124468, 

parameters:
0.6959330459669586, -38.30436577817511, 17.163369046896886, 
objectives:
-54.983412020603154, -19.440406110677213, 1451.5453914258046, 

parameters:
0.7797640629732583, -10.59372767286162, 15.975173527721276, 
objectives:
-25.960869206678332, 6.8704215968711875, 97.85992447293735, 

parameters:
2.4658870896428584, -90.28204074782444, 7.759038371532398, 
objectives:
-91.96047998048951, -82.30595159599615, 8150.168442359167, 

parameters:
3.305056716167731, -61.88064098938544, 17.362898365659873, 
objectives:
-68.3201394579599, -42.81456959131106, 3823.774230788635, 

parameters:
2.8342680710148107, -50.271197931293955, 18.603066148971813, 
objectives:
-60.84118858189175, -30.97212856800737, 2517.623350796736, 

parameters:
2.3462604644484655, -90.63157335072076, 0, 
objectives:
-85.12663518368683, -90.5116770414807, 8220.58702619411, 

parameters:
5.394435504986476, -30.313698597874037, 8.094731519433637, 
objectives:
-9.308495699848976, -10.696774680927604, 940.9255255807755, 

parameters:
5.834013334038686, -70.42303558890919, 5.0643479556125595, 
objectives:
-41.45167196278056, -50.659029387710184, 4989.375305182898, 

parameters:
3.527937222481306, -52.50245765943754, 17.77592132730052, 
objectives:
-57.832037940968945, -32.39194417629314, 2752.1784799995003, 

parameters:
1.6951653279760275, -72.21179126193981, 13.581484398712579, 
objectives:
-82.91969017148031, -58.53738268595927, 5204.834898348426, 

parameters:
-1.9119544127190709, -9.878079953738421, 9.549985592659596, 
objectives:
-15.77249587008209, 14.975292966113386, 92.68204765610517, 

parameters:
1.3677635102765882, -75.72775178027294, 9.730168587046554, 
objectives:
-83.58714334727536, -65.5978602142886, 5727.832998127629, 

parameters:
0.5070461639450577, -69.62085922055785, 19.940141180858404, 
objectives:
-89.30390458904485, -47.451806883108276, 4828.380993240247, 

parameters:
2.1675158400689973, -52.19185750795188, 5.5742633883068144, 
objectives:
-53.06799597930869, -46.589532562971044, 2724.113851658996, 

parameters:
1.0682177853588568, -64.55539286661524, 19.969110456354258, 
objectives:
-83.38341408601252, -43.71806431473942, 4149.57072694364, 

parameters:
2.5226461558942175, -75.27356708323224, 19.826753005204278, 
objectives:
-88.73657646058865, -55.17365507375695, 5653.646892056507, 

parameters:
2.898928984991318, -20.41752485239079, 19.4326558819199, 
objectives:
-31.446391474287896, -0.17679565041337142, 406.8464544760985, 

parameters:
2.5512704218507585, -18.273444623466304, 8.665617775423108, 
objectives:
-20.430081633478864, -9.303927770035681, 332.762141396877, 

parameters:
1.0341271297663304, -5.99615660497815, 9.34704433397954, 
objectives:
-14.27378201843894, 4.283798130454817, 28.676268617962307, 

parameters:
2.684874433367122, -16.53801747352046, 20, 
objectives:
-29.329466750572035, 3.931035515959479, 261.7145726774164, 

