Generation 2065 at Fri May 24 19:48:19 2019
parameters:
3.0229695716366747, 1.639675186106519, 0, 
objectives:
10.77802021714774, 2.686141930601041, 12.826879746974669, 

parameters:
0.05101637681523949, -100, 19.95971668145522, 
objectives:
-119.95711401075187, -76.24174615510238, 9981.042885989249, 

parameters:
-0.09310337269809921, -0.38187417318528993, 20, 
objectives:
-20.37320593517753, 23.999207555614866, -18.84550387784629, 

parameters:
1.9973066371654076, -100, 0, 
objectives:
-96.01076619713501, -99.99999274579665, 10004.989233802866, 

parameters:
2.8342680710148107, -50.271197931293955, 18.603066148971813, 
objectives:
-60.84118858189175, -30.97212856800737, 2517.623350796736, 

parameters:
2.1675158400689973, -52.19185750795188, 5.5742633883068144, 
objectives:
-53.06799597930869, -46.589532562971044, 2724.113851658996, 

parameters:
-1.114504100890442, -97.21135908080204, 18.63542296107917, 
objectives:
-114.6046626509796, -68.87580032525949, 9433.655030766457, 

parameters:
-1.1413121487803966, -18.378978561488328, 20.0, 
objectives:
-37.0763851405346, 11.488863454586985, 320.0894463846013, 

parameters:
1.9123723020214551, -37.53616151572287, 10.070982295111566, 
objectives:
-43.949975989295595, -27.457500607158284, 1403.5496068608616, 

parameters:
5.4072274907165205, -28.05153663544325, 4.4697407451038025, 
objectives:
-3.283168244186573, -11.97259671684505, 812.6570760008714, 

parameters:
0.20288594010424776, -94.27849330334318, 5.370644107404532, 
objectives:
-99.60797470605573, -85.67823025166366, 8884.104818145814, 

parameters:
0.05200416419922138, -45.49524807150291, 20, 
objectives:
-65.49254363840885, -21.700560295205733, 2050.820301520683, 

parameters:
3.305056716167731, -61.88064098938544, 17.362898365659873, 
objectives:
-68.3201394579599, -42.81456959131106, 3823.774230788635, 

parameters:
1.3677635102765882, -75.72775178027294, 9.730168587046554, 
objectives:
-83.58714334727536, -65.5978602142886, 5727.832998127629, 

parameters:
1.6951653279760275, -72.21179126193981, 13.581484398712579, 
objectives:
-82.91969017148031, -58.53738268595927, 5204.834898348426, 

parameters:
2.4658870896428584, -90.28204074782444, 7.759038371532398, 
objectives:
-91.96047998048951, -82.30595159599615, 8150.168442359167, 

parameters:
2.5103338476289796, -57.61310698661124, 19.167622892776496, 
objectives:
-70.47895385283603, -38.185043457798955, 3307.4042497844885, 

parameters:
1.1467586375709875, -24.41721501521255, 17.21927235873598, 
objectives:
-40.32143200110487, -6.46992183391685, 581.2961721132287, 

parameters:
-0.6910198870274602, -13.65719054185954, 13.311120275233037, 
objectives:
-26.490802332825133, 6.895517765750782, 174.68524170569208, 

parameters:
-1.9119544127190709, -9.878079953738421, 9.549985592659596, 
objectives:
-15.77249587008209, 14.975292966113386, 92.68204765610517, 

parameters:
2.226560793117746, -65.76104837513222, 16.667325593374258, 
objectives:
-77.47080100305735, -49.042392988779824, 4313.805730768554, 

parameters:
0.6931289545723394, -44.95295704207611, 4.638665236482767, 
objectives:
-49.11119453089233, -38.60637987621615, 2017.6101093379236, 

parameters:
5.394435504986476, -30.313698597874037, 8.094731519433637, 
objectives:
-9.308495699848976, -10.696774680927604, 940.9255255807755, 

parameters:
4.212940188926575, -98.85663461643176, 0.0, 
objectives:
-81.10776958095907, -93.95953033666538, 9791.383072722168, 

parameters:
0.47544691325392785, -81.11771097473392, 5.989153186708987, 
objectives:
-86.88081439412022, -72.80429567371796, 6575.319930361082, 

parameters:
5.318347668313413, -36.211555973210714, 9.90159699388091, 
objectives:
-17.828331046036908, -15.298527731528742, 1330.6600109281464, 

parameters:
2.2481110546193888, -94.8844579029097, 14.290729461313035, 
objectives:
-104.12118405032084, -80.53216934617232, 8994.823625381634, 

parameters:
1.3901667704640321, -100, 8.585635645454426, 
objectives:
-106.65307199575203, -91.0424677866993, 9994.346928004248, 

parameters:
0.3773115258007409, -70.16086446302248, 16.653709987324095, 
objectives:
-86.67221046284449, -50.87403659139926, 4907.035556198788, 

parameters:
-1.244054492695664, -84.72613746879708, 11.117784960671193, 
objectives:
-94.296250848672, -63.084462956546965, 7169.948257001625, 

parameters:
-0.6029976568203606, -83.11435771821367, 4.960865202716288, 
objectives:
-87.71161674679911, -71.37789571408508, 6904.399199882599, 

parameters:
1.3012564603542773, -87.73763413859503, 19.651387660347382, 
objectives:
-105.69575342332867, -67.59800394405102, 7680.934324953222, 

parameters:
3.4028797049528015, -85.51793222893204, 0.0, 
objectives:
-73.93834194255237, -83.54986076236358, 7325.896322998592, 

parameters:
4.054507523229698, -27.390984019345744, 14.001054643897447, 
objectives:
-24.95300740731697, -9.168928212440868, 753.7039821600828, 

parameters:
-1.6227316528062596, -68.80349828952451, 5.072869612864558, 
objectives:
-71.24310988536973, -50.60644404841558, 4732.481765280757, 

