Generation 2067 at Fri May 24 19:48:19 2019
parameters:
0.05101637681523949, -100, 19.95971668145522, 
objectives:
-119.95711401075187, -76.24174615510238, 9981.042885989249, 

parameters:
3.0229695716366747, 1.639675186106519, 0, 
objectives:
10.77802021714774, 2.686141930601041, 12.826879746974669, 

parameters:
-0.5350739710264394, -1.4071837933336502, 20, 
objectives:
-21.12087963886365, 25.01941624524211, -16.733529617309117, 

parameters:
-0.09310337269809921, -0.38187417318528993, 20, 
objectives:
-20.37320593517753, 23.999207555614866, -18.84550387784629, 

parameters:
1.9973066371654076, -100, 0, 
objectives:
-96.01076619713501, -99.99999274579665, 10004.989233802866, 

parameters:
5.4072274907165205, -28.05153663544325, 4.4697407451038025, 
objectives:
-3.283168244186573, -11.97259671684505, 812.6570760008714, 

parameters:
2.5103338476289796, -57.61310698661124, 19.167622892776496, 
objectives:
-70.47895385283603, -38.185043457798955, 3307.4042497844885, 

parameters:
-1.1413121487803966, -18.378978561488328, 20.0, 
objectives:
-37.0763851405346, 11.488863454586985, 320.0894463846013, 

parameters:
0.3773115258007409, -70.16086446302248, 16.653709987324095, 
objectives:
-86.67221046284449, -50.87403659139926, 4907.035556198788, 

parameters:
1.3677635102765882, -75.72775178027294, 9.730168587046554, 
objectives:
-83.58714334727536, -65.5978602142886, 5727.832998127629, 

parameters:
0.05200416419922138, -45.49524807150291, 20, 
objectives:
-65.49254363840885, -21.700560295205733, 2050.820301520683, 

parameters:
2.1675158400689973, -52.19185750795188, 5.5742633883068144, 
objectives:
-53.06799597930869, -46.589532562971044, 2724.113851658996, 

parameters:
2.226560793117746, -65.76104837513222, 16.667325593374258, 
objectives:
-77.47080100305735, -49.042392988779824, 4313.805730768554, 

parameters:
-1.1375869310583413, -87.22082783877278, 18.69599081637346, 
objectives:
-104.6227146294315, -58.68038527245121, 7591.070922090182, 

parameters:
0.20288594010424776, -94.27849330334318, 5.370644107404532, 
objectives:
-99.60797470605573, -85.67823025166366, 8884.104818145814, 

parameters:
3.305056716167731, -61.88064098938544, 17.362898365659873, 
objectives:
-68.3201394579599, -42.81456959131106, 3823.774230788635, 

parameters:
-1.114504100890442, -97.21135908080204, 18.63542296107917, 
objectives:
-114.6046626509796, -68.87580032525949, 9433.655030766457, 

parameters:
0.8914317887469325, -9.496772398339141, 9.076766759906045, 
objectives:
-17.77888852425663, 0.8089178405677284, 82.90656985993867, 

parameters:
1.1467586375709875, -24.41721501521255, 17.21927235873598, 
objectives:
-40.32143200110487, -6.46992183391685, 581.2961721132287, 

parameters:
-2.6905415245815454, -17.459029590194206, 16.73427264103189, 
objectives:
-26.95428853572851, 21.276422844661457, 296.32245528574254, 

parameters:
2.4658870896428584, -90.28204074782444, 7.759038371532398, 
objectives:
-91.96047998048951, -82.30595159599615, 8150.168442359167, 

parameters:
2.8342680710148107, -50.271197931293955, 18.603066148971813, 
objectives:
-60.84118858189175, -30.97212856800737, 2517.623350796736, 

parameters:
-1.244054492695664, -84.72613746879708, 11.117784960671193, 
objectives:
-94.296250848672, -63.084462956546965, 7169.948257001625, 

parameters:
1.3881544265839474, -41.710764998752126, 9.032914600240925, 
objectives:
-48.81670688694844, -32.303495392802375, 1733.681974892929, 

parameters:
0.47544691325392785, -81.11771097473392, 5.989153186708987, 
objectives:
-86.88081439412022, -72.80429567371796, 6575.319930361082, 

parameters:
2.726506131605737, -79.17705249080569, 8.568173189273775, 
objectives:
-80.3113899943958, -70.08106814227118, 6268.87130362821, 

parameters:
5.318347668313413, -36.211555973210714, 9.90159699388091, 
objectives:
-17.828331046036908, -15.298527731528742, 1330.6600109281464, 

parameters:
2.3522899894132543, -96.51721591693017, 0, 
objectives:
-90.98394772263636, -96.39310768028938, 9322.106236549613, 

parameters:
1.3901667704640321, -100, 8.585635645454426, 
objectives:
-106.65307199575203, -91.0424677866993, 9994.346928004248, 

parameters:
-0.6910198870274602, -13.65719054185954, 13.311120275233037, 
objectives:
-26.490802332825133, 6.895517765750782, 174.68524170569208, 

parameters:
2.2481110546193888, -94.8844579029097, 14.290729461313035, 
objectives:
-104.12118405032084, -80.53216934617232, 8994.823625381634, 

parameters:
1.9125929442714824, -37.42789678129943, 10.79394155262766, 
objectives:
-44.56382656345003, -26.626315235280643, 1394.7115276894535, 

parameters:
-0.39895487009414365, -38.71555519237615, 4.583814732820256, 
objectives:
-43.140204936824574, -28.37675599080748, 1495.4695641094756, 

parameters:
-2.8997661069397216, -94.40692323809076, 20, 
objectives:
-105.9982797631344, -50.399215335375516, 8902.075798757718, 

parameters:
1.9123723020214551, -37.53616151572287, 10.070982295111566, 
objectives:
-43.949975989295595, -27.457500607158284, 1403.5496068608616, 

