Generation 207 at Sat May 25 04:36:27 2019
parameters:
0, 0.0, 20.0, 
objectives:
-20.0, 24.0, -19.0, 

parameters:
0, 0.0, 20.0, 
objectives:
-20.0, 24.0, -19.0, 

parameters:
1.9971487895634539, 0.0, 20.0, 
objectives:
-16.01139671234523, 20.000008129400953, -15.011396712345231, 

parameters:
0.9046450322118749, 0.0, 20.0, 
objectives:
-19.181617365694375, 21.199802505458123, -18.181617365694375, 

parameters:
1.107734681739038, 0.0, 20.0, 
objectives:
-18.77292387487251, 20.796137398171336, -17.77292387487251, 

parameters:
1.0219886234552311, 0.0, 20.0, 
objectives:
-18.95553925352808, 20.956506252650993, -17.95553925352808, 

parameters:
0.7836261049884297, 0.0, 20.0, 
objectives:
-19.385930127580664, 21.479565452465618, -18.385930127580664, 

parameters:
0.2372563059146105, 0.0, 20.0, 
objectives:
-19.943709445303753, 23.107265331037805, -18.943709445303753, 

parameters:
0.5539248062778304, 0.0, 20.0, 
objectives:
-19.69316730899007, 22.09113346589861, -18.69316730899007, 

parameters:
1.23002108466958, 0.0, 20.0, 
objectives:
-18.48704813126827, 20.59286753005341, -17.48704813126827, 

parameters:
0.44031764687773367, 0.0, 20.0, 
objectives:
-19.806120369848056, 22.432609042641012, -18.806120369848056, 

parameters:
1.5600070917104698, 0.0, 20.0, 
objectives:
-17.566377873813042, 20.193593759345077, -16.566377873813042, 

parameters:
1.8673153661955548, 0.0, 20.0, 
objectives:
-16.51313332316996, 20.01760521204782, -15.51313332316996, 

parameters:
1.3234195027860154, 0.0, 20.0, 
objectives:
-18.248560819645615, 20.457761169210322, -17.248560819645615, 

parameters:
1.460885416938542, 0.0, 20.0, 
objectives:
-17.8658137985763, 20.29064453366953, -16.8658137985763, 

parameters:
1.503811462545923, 0.0, 20.0, 
objectives:
-17.738551085115493, 20.246203064700815, -16.738551085115493, 

parameters:
0.6385250073332925, 0.0, 20.0, 
objectives:
-19.59228581501002, 21.85361415565681, -18.59228581501002, 

parameters:
0.08724350396489898, 0.0, 20.0, 
objectives:
-19.992388571015926, 23.658637413124477, -18.992388571015926, 

parameters:
1.8167850752728478, 0.0, 20.0, 
objectives:
-16.699291990265834, 20.033567708642774, -15.699291990265833, 

parameters:
1.9256138418811688, 0.0, 20.0, 
objectives:
-16.292011331955646, 20.00553330051968, -15.292011331955646, 

parameters:
1.2594949768968295, 0.0, 20.0, 
objectives:
-18.413672403171656, 20.548347689241027, -17.413672403171656, 

parameters:
0.3372565757227039, 0.0, 20.0, 
objectives:
-19.886258002131797, 22.76471569497739, -18.886258002131797, 

parameters:
1.39817358065715, 0.0, 20.0, 
objectives:
-18.045110638352362, 20.362195039019035, -17.045110638352362, 

parameters:
1.6262064498802187, 0.0, 20.0, 
objectives:
-17.355452582367974, 20.13972161811115, -16.355452582367974, 

parameters:
1.643921308766639, 0.0, 20.0, 
objectives:
-17.29752273058298, 20.126792034350462, -16.29752273058298, 

parameters:
1.700664428349015, 0.0, 20.0, 
objectives:
-17.107740502148317, 20.08960178445562, -16.107740502148317, 

parameters:
1.371864032175703, 0.0, 20.0, 
objectives:
-18.11798907722262, 20.394554794074566, -17.11798907722262, 

parameters:
0.37009534621910267, 0.0, 20.0, 
objectives:
-19.863029434706963, 22.656589180416628, -18.863029434706963, 

parameters:
0.7051157639896101, 0.0, 20.0, 
objectives:
-19.502811759373348, 21.67672518466821, -18.502811759373348, 

parameters:
1.7615991324384104, 0.0, 20.0, 
objectives:
-16.89676849659224, 20.05683497365412, -15.896768496592241, 

parameters:
1.717716422166977, 0.0, 20.0, 
objectives:
-17.04945029301788, 20.07968401831421, -16.04945029301788, 

parameters:
1.7815679551323393, 0.0, 20.0, 
objectives:
-16.826015621245574, 20.04771255822507, -15.826015621245574, 

parameters:
1.9601816441486055, 0.0, 20.0, 
objectives:
-16.15768792194287, 20.00158550146271, -15.15768792194287, 

parameters:
0.08234612449226206, 0.0, 20.0, 
objectives:
-19.993219115781105, 23.677396386249846, -18.993219115781105, 

parameters:
0.6864370414700568, 0.0, 20.0, 
objectives:
-19.528804188097837, 21.725447646021937, -18.528804188097837, 

parameters:
1.9511023844290958, 0.0, 20.0, 
objectives:
-16.1931994854751, 20.00239097680852, -15.193199485475096, 

parameters:
0.695300435560615, 0.0, 20.0, 
objectives:
-19.51655730430922, 21.70224095344832, -18.51655730430922, 

