Generation 2071 at Fri May 24 19:48:19 2019
parameters:
0.05101637681523949, -100, 19.95971668145522, 
objectives:
-119.95711401075187, -76.24174615510238, 9981.042885989249, 

parameters:
2.218314653871026, -2.270987787634587, 0.0, 
objectives:
2.649932115944343, -2.2233264995397612, 11.078305435164367, 

parameters:
-2.154793920005165, -11.452952318529595, 19.689984330923664, 
objectives:
-26.499799811762035, 25.499344530105958, 117.12326931728, 

parameters:
-0.09310337269809921, -0.38187417318528993, 20, 
objectives:
-20.37320593517753, 23.999207555614866, -18.84550387784629, 

parameters:
1.9973066371654076, -100, 0, 
objectives:
-96.01076619713501, -99.99999274579665, 10004.989233802866, 

parameters:
0.20288594010424776, -94.27849330334318, 5.370644107404532, 
objectives:
-99.60797470605573, -85.67823025166366, 8884.104818145814, 

parameters:
5.4072274907165205, -28.05153663544325, 4.4697407451038025, 
objectives:
-3.283168244186573, -11.97259671684505, 812.6570760008714, 

parameters:
2.280599477477055, -31.49658945020208, 5.715669333310763, 
objectives:
-32.01112480684423, -25.70218405013092, 992.5206116379388, 

parameters:
0.3773115258007409, -70.16086446302248, 16.653709987324095, 
objectives:
-86.67221046284449, -50.87403659139926, 4907.035556198788, 

parameters:
-1.1375869310583413, -87.22082783877278, 18.69599081637346, 
objectives:
-104.6227146294315, -58.68038527245121, 7591.070922090182, 

parameters:
0.05200416419922138, -45.49524807150291, 20, 
objectives:
-65.49254363840885, -21.700560295205733, 2050.820301520683, 

parameters:
1.3881544265839474, -41.710764998752126, 9.032914600240925, 
objectives:
-48.81670688694844, -32.303495392802375, 1733.681974892929, 

parameters:
2.5103338476289796, -57.61310698661124, 19.167622892776496, 
objectives:
-70.47895385283603, -38.185043457798955, 3307.4042497844885, 

parameters:
-1.704257836220557, -25.546383320022436, 19.354315660287405, 
objectives:
-41.996204207990665, 7.529458457466372, 637.1678798455523, 

parameters:
2.3522899894132543, -96.51721591693017, 0, 
objectives:
-90.98394772263636, -96.39310768028938, 9322.106236549613, 

parameters:
2.4658870896428584, -90.28204074782444, 7.759038371532398, 
objectives:
-91.96047998048951, -82.30595159599615, 8150.168442359167, 

parameters:
2.226560793117746, -65.76104837513222, 16.667325593374258, 
objectives:
-77.47080100305735, -49.042392988779824, 4313.805730768554, 

parameters:
1.3677635102765882, -75.72775178027294, 9.730168587046554, 
objectives:
-83.58714334727536, -65.5978602142886, 5727.832998127629, 

parameters:
-1.114504100890442, -97.21135908080204, 18.63542296107917, 
objectives:
-114.6046626509796, -68.87580032525949, 9433.655030766457, 

parameters:
-1.244054492695664, -84.72613746879708, 11.117784960671193, 
objectives:
-94.296250848672, -63.084462956546965, 7169.948257001625, 

parameters:
0.47544691325392785, -81.11771097473392, 5.989153186708987, 
objectives:
-86.88081439412022, -72.80429567371796, 6575.319930361082, 

parameters:
-0.13539988647493076, -7.7317189986057855, 4.4974113296323575, 
objectives:
-12.210797198980718, 1.3256250061837198, 56.30040047302671, 

parameters:
-0.657197306834488, -98.69617867453277, 9.09641828293731, 
objectives:
-107.36068865735957, -82.53906286414701, 9733.271174972471, 

parameters:
-1.6571963425300593, -5.963738095395465, 6.953624434391878, 
objectives:
-10.171062812092337, 14.364971426811657, 32.35884735377425, 

parameters:
2.726506131605737, -79.17705249080569, 8.568173189273775, 
objectives:
-80.3113899943958, -70.08106814227118, 6268.87130362821, 

parameters:
3.305056716167731, -61.88064098938544, 17.362898365659873, 
objectives:
-68.3201394579599, -42.81456959131106, 3823.774230788635, 

parameters:
2.1675158400689973, -52.19185750795188, 5.5742633883068144, 
objectives:
-53.06799597930869, -46.589532562971044, 2724.113851658996, 

parameters:
-2.1711729047339747, -63.46392323292172, 0, 
objectives:
-58.74993145067076, -46.06523983173486, 4033.3835438964325, 

parameters:
-2.6905415245815454, -17.459029590194206, 16.73427264103189, 
objectives:
-26.95428853572851, 21.276422844661457, 296.32245528574254, 

parameters:
2.8342680710148107, -50.271197931293955, 18.603066148971813, 
objectives:
-60.84118858189175, -30.97212856800737, 2517.623350796736, 

parameters:
-1.1413121487803966, -18.378978561488328, 20.0, 
objectives:
-37.0763851405346, 11.488863454586985, 320.0894463846013, 

parameters:
2.9871109055401255, -54.929031384404546, 20, 
objectives:
-66.0061998224078, -33.9546434445683, 3007.121320390896, 

parameters:
1.7034225368159994, -20.968223498530588, 19.40668139066115, 
objectives:
-37.47325655025908, -1.4735839162007807, 424.1613636326018, 

parameters:
1.472814520411307, -76.88262898181355, 16.66352815161735, 
objectives:
-91.37697452189653, -59.94117630030704, 5897.4442936151145, 

parameters:
0.8455567199098453, -54.56466440973127, 11.827318809081657, 
objectives:
-65.67701705222824, -41.404606313704306, 2967.1902495040977, 

parameters:
2.9008669378340737, -50.79929745509384, 18.67902182590831, 
objectives:
-61.063290289983314, -31.308714389502992, 2571.3046290962143, 

