Generation 2073 at Fri May 24 19:48:19 2019
parameters:
0.05101637681523949, -100, 19.95971668145522, 
objectives:
-119.95711401075187, -76.24174615510238, 9981.042885989249, 

parameters:
2.218314653871026, -2.270987787634587, 0.0, 
objectives:
2.649932115944343, -2.2233264995397612, 11.078305435164367, 

parameters:
-2.154793920005165, -11.452952318529595, 19.689984330923664, 
objectives:
-26.499799811762035, 25.499344530105958, 117.12326931728, 

parameters:
-0.09310337269809921, -0.38187417318528993, 20, 
objectives:
-20.37320593517753, 23.999207555614866, -18.84550387784629, 

parameters:
1.9973066371654076, -100, 0, 
objectives:
-96.01076619713501, -99.99999274579665, 10004.989233802866, 

parameters:
0.20288594010424776, -94.27849330334318, 5.370644107404532, 
objectives:
-99.60797470605573, -85.67823025166366, 8884.104818145814, 

parameters:
2.5103338476289796, -57.61310698661124, 19.167622892776496, 
objectives:
-70.47895385283603, -38.185043457798955, 3307.4042497844885, 

parameters:
1.3677635102765882, -75.72775178027294, 9.730168587046554, 
objectives:
-83.58714334727536, -65.5978602142886, 5727.832998127629, 

parameters:
0.47544691325392785, -81.11771097473392, 5.989153186708987, 
objectives:
-86.88081439412022, -72.80429567371796, 6575.319930361082, 

parameters:
2.8342680710148107, -50.271197931293955, 18.603066148971813, 
objectives:
-60.84118858189175, -30.97212856800737, 2517.623350796736, 

parameters:
2.1675158400689973, -52.19185750795188, 5.5742633883068144, 
objectives:
-53.06799597930869, -46.589532562971044, 2724.113851658996, 

parameters:
0.05200416419922138, -45.49524807150291, 20, 
objectives:
-65.49254363840885, -21.700560295205733, 2050.820301520683, 

parameters:
-1.114504100890442, -97.21135908080204, 18.63542296107917, 
objectives:
-114.6046626509796, -68.87580032525949, 9433.655030766457, 

parameters:
-3.2477010030901745, -37.75661843963064, 5.753974385778026, 
objectives:
-32.96303101993574, -4.464278236018991, 1431.3558234155514, 

parameters:
1.8776426462253766, -70.85609508143935, 14.4768610780297, 
objectives:
-81.80741425254482, -56.36426268138692, 5010.634891018869, 

parameters:
2.3522899894132543, -96.51721591693017, 0, 
objectives:
-90.98394772263636, -96.39310768028938, 9322.106236549613, 

parameters:
-0.5183942649361635, -16.576016446566154, 20, 
objectives:
-36.30728383264745, 9.766293227097204, 256.0330538507503, 

parameters:
3.7232697720548935, -26.820648457931984, 8.090963916022746, 
objectives:
-21.04887457845703, -15.760025834631113, 726.1189575834443, 

parameters:
-1.704257836220557, -25.546383320022436, 19.354315660287405, 
objectives:
-41.996204207990665, 7.529458457466372, 637.1678798455523, 

parameters:
-1.6571963425300593, -5.963738095395465, 6.953624434391878, 
objectives:
-10.171062812092337, 14.364971426811657, 32.35884735377425, 

parameters:
2.4658870896428584, -90.28204074782444, 7.759038371532398, 
objectives:
-91.96047998048951, -82.30595159599615, 8150.168442359167, 

parameters:
0.20931306609675981, -83.7249291297089, 17.481755410040225, 
objectives:
-101.16287258011029, -63.03661402441689, 6993.425814324377, 

parameters:
-0.657197306834488, -98.69617867453277, 9.09641828293731, 
objectives:
-107.36068865735957, -82.53906286414701, 9733.271174972471, 

parameters:
2.226560793117746, -65.76104837513222, 16.667325593374258, 
objectives:
-77.47080100305735, -49.042392988779824, 4313.805730768554, 

parameters:
3.305056716167731, -61.88064098938544, 17.362898365659873, 
objectives:
-68.3201394579599, -42.81456959131106, 3823.774230788635, 

parameters:
0.3773115258007409, -70.16086446302248, 16.653709987324095, 
objectives:
-86.67221046284449, -50.87403659139926, 4907.035556198788, 

parameters:
2.3686563334201542, -88.27904122193227, 7.9165991787859324, 
objectives:
-90.5851075748668, -80.22653455097556, 7791.883052710684, 

parameters:
1.8493894601929717, -33.01087970806658, 0, 
objectives:
-29.59063833259373, -32.988196173365615, 1094.138420475915, 

parameters:
-1.1375869310583413, -87.22082783877278, 18.69599081637346, 
objectives:
-104.6227146294315, -58.68038527245121, 7591.070922090182, 

parameters:
-0.13539988647493076, -7.7317189986057855, 4.4974113296323575, 
objectives:
-12.210797198980718, 1.3256250061837198, 56.30040047302671, 

parameters:
1.219892979390302, -2.6094565415361974, 4.639092867982818, 
objectives:
-5.760410528353267, 2.6382032900511603, 4.6583094553489826, 

parameters:
-0.20856051492239097, -86.45579071393753, 15.743683824044016, 
objectives:
-102.15597704959686, -65.83436734181926, 7459.903561636508, 

parameters:
-1.7048361951862816, -60.84550796474067, 20, 
objectives:
-77.93904151232343, -27.1196967315783, 3686.082305939737, 

parameters:
1.7346721768021582, -64.8162350522693, 17.329081651043737, 
objectives:
-79.1362291423415, -47.41675454746266, 4187.824332260952, 

parameters:
-1.0126766543137107, -39.68471864834019, 6.79007013142346, 
objectives:
-45.44927477357164, -23.818427893469877, 1570.112338072688, 

parameters:
2.280599477477055, -31.49658945020208, 5.715669333310763, 
objectives:
-32.01112480684423, -25.70218405013092, 992.5206116379388, 

parameters:
0.48350545416816715, -10.143947794801774, 11.266112757242931, 
objectives:
-21.176283027834337, 3.4219206699788547, 92.8673416306312, 

parameters:
1.3881544265839474, -41.710764998752126, 9.032914600240925, 
objectives:
-48.81670688694844, -32.303495392802375, 1733.681974892929, 

parameters:
-0.8383659595712109, -40.751877321138664, 9.245025769339119, 
objectives:
-49.29404560831003, -23.450530231346942, 1653.1733369099645, 

