Generation 2075 at Fri May 24 19:48:19 2019
parameters:
2.218314653871026, -2.270987787634587, 0.0, 
objectives:
2.649932115944343, -2.2233264995397612, 11.078305435164367, 

parameters:
0.05101637681523949, -100, 19.95971668145522, 
objectives:
-119.95711401075187, -76.24174615510238, 9981.042885989249, 

parameters:
-2.154793920005165, -11.452952318529595, 19.689984330923664, 
objectives:
-26.499799811762035, 25.499344530105958, 117.12326931728, 

parameters:
-0.09310337269809921, -0.38187417318528993, 20, 
objectives:
-20.37320593517753, 23.999207555614866, -18.84550387784629, 

parameters:
1.9973066371654076, -100, 0, 
objectives:
-96.01076619713501, -99.99999274579665, 10004.989233802866, 

parameters:
1.8493894601929717, -33.01087970806658, 0, 
objectives:
-29.59063833259373, -32.988196173365615, 1094.138420475915, 

parameters:
0.05200416419922138, -45.49524807150291, 20, 
objectives:
-65.49254363840885, -21.700560295205733, 2050.820301520683, 

parameters:
-1.4448925941545552, -0.672889365196836, 7.150509055407943, 
objectives:
-5.735683811962099, 18.34490467547201, -3.610014348970262, 

parameters:
1.3677635102765882, -75.72775178027294, 9.730168587046554, 
objectives:
-83.58714334727536, -65.5978602142886, 5727.832998127629, 

parameters:
-0.5183942649361635, -16.576016446566154, 20, 
objectives:
-36.30728383264745, 9.766293227097204, 256.0330538507503, 

parameters:
-1.704257836220557, -25.546383320022436, 19.354315660287405, 
objectives:
-41.996204207990665, 7.529458457466372, 637.1678798455523, 

parameters:
2.8342680710148107, -50.271197931293955, 18.603066148971813, 
objectives:
-60.84118858189175, -30.97212856800737, 2517.623350796736, 

parameters:
2.226560793117746, -65.76104837513222, 16.667325593374258, 
objectives:
-77.47080100305735, -49.042392988779824, 4313.805730768554, 

parameters:
0.47544691325392785, -81.11771097473392, 5.989153186708987, 
objectives:
-86.88081439412022, -72.80429567371796, 6575.319930361082, 

parameters:
-1.1375869310583413, -87.22082783877278, 18.69599081637346, 
objectives:
-104.6227146294315, -58.68038527245121, 7591.070922090182, 

parameters:
0.20931306609675981, -83.7249291297089, 17.481755410040225, 
objectives:
-101.16287258011029, -63.03661402441689, 6993.425814324377, 

parameters:
1.4235157089680532, -28.96511671715789, 20, 
objectives:
-46.93871974347907, -8.632782579351286, 822.0043834122583, 

parameters:
2.1675158400689973, -52.19185750795188, 5.5742633883068144, 
objectives:
-53.06799597930869, -46.589532562971044, 2724.113851658996, 

parameters:
1.8776426462253766, -70.85609508143935, 14.4768610780297, 
objectives:
-81.80741425254482, -56.36426268138692, 5010.634891018869, 

parameters:
-1.114504100890442, -97.21135908080204, 18.63542296107917, 
objectives:
-114.6046626509796, -68.87580032525949, 9433.655030766457, 

parameters:
1.9897196766948477, -12.351770982801582, 5.271102012869709, 
objectives:
-13.66388860384464, -7.080563284884616, 152.2541287905361, 

parameters:
2.3522899894132543, -96.51721591693017, 0, 
objectives:
-90.98394772263636, -96.39310768028938, 9322.106236549613, 

parameters:
0.20288594010424776, -94.27849330334318, 5.370644107404532, 
objectives:
-99.60797470605573, -85.67823025166366, 8884.104818145814, 

parameters:
2.4658870896428584, -90.28204074782444, 7.759038371532398, 
objectives:
-91.96047998048951, -82.30595159599615, 8150.168442359167, 

parameters:
3.7232697720548935, -26.820648457931984, 8.090963916022746, 
objectives:
-21.04887457845703, -15.760025834631113, 726.1189575834443, 

parameters:
2.502911100722543, -95.1448538202521, 7.158956031428936, 
objectives:
-96.0392458735609, -87.73297821359321, 9052.64881642383, 

parameters:
3.305056716167731, -61.88064098938544, 17.362898365659873, 
objectives:
-68.3201394579599, -42.81456959131106, 3823.774230788635, 

parameters:
-1.906412752590822, -55.75804708280217, 20, 
objectives:
-72.12363749956126, -20.49798648919797, 3093.5942240712247, 

parameters:
2.5103338476289796, -57.61310698661124, 19.167622892776496, 
objectives:
-70.47895385283603, -38.185043457798955, 3307.4042497844885, 

parameters:
2.656692126722879, -61.357488973190044, 9.857260735393083, 
objectives:
-64.1567366523918, -51.06898368849714, 3762.942205415936, 

parameters:
-0.657197306834488, -98.69617867453277, 9.09641828293731, 
objectives:
-107.36068865735957, -82.53906286414701, 9733.271174972471, 

parameters:
0.3773115258007409, -70.16086446302248, 16.653709987324095, 
objectives:
-86.67221046284449, -50.87403659139926, 4907.035556198788, 

parameters:
2.9006582651419426, -100, 17.044001331853035, 
objectives:
-108.63018296071678, -82.14481335757847, 9992.369817039284, 

parameters:
2.461569112436022, -53.21369983066916, 13.852951905990405, 
objectives:
-61.007329241360495, -39.14770187912377, 2824.9042202578676, 

