Generation 2081 at Fri May 24 19:48:19 2019
parameters:
0.05101637681523949, -100, 19.95971668145522, 
objectives:
-119.95711401075187, -76.24174615510238, 9981.042885989249, 

parameters:
2.218314653871026, -2.270987787634587, 0.0, 
objectives:
2.649932115944343, -2.2233264995397612, 11.078305435164367, 

parameters:
-2.154793920005165, -11.452952318529595, 19.689984330923664, 
objectives:
-26.499799811762035, 25.499344530105958, 117.12326931728, 

parameters:
-0.09310337269809921, -0.38187417318528993, 20, 
objectives:
-20.37320593517753, 23.999207555614866, -18.84550387784629, 

parameters:
1.9973066371654076, -100, 0, 
objectives:
-96.01076619713501, -99.99999274579665, 10004.989233802866, 

parameters:
2.8342680710148107, -50.271197931293955, 18.603066148971813, 
objectives:
-60.84118858189175, -30.97212856800737, 2517.623350796736, 

parameters:
0.05200416419922138, -45.49524807150291, 20, 
objectives:
-65.49254363840885, -21.700560295205733, 2050.820301520683, 

parameters:
0.47544691325392785, -81.11771097473392, 5.989153186708987, 
objectives:
-86.88081439412022, -72.80429567371796, 6575.319930361082, 

parameters:
-1.1375869310583413, -87.22082783877278, 18.69599081637346, 
objectives:
-104.6227146294315, -58.68038527245121, 7591.070922090182, 

parameters:
1.8776426462253766, -70.85609508143935, 14.4768610780297, 
objectives:
-81.80741425254482, -56.36426268138692, 5010.634891018869, 

parameters:
0.05440346827395737, -75.1823143232601, 13.551047387529936, 
objectives:
-88.7304019734298, -57.84592107146577, 5639.832299351311, 

parameters:
0.6670699616712947, -58.58391827910246, 14.355269718690192, 
objectives:
-72.49420566402851, -42.4519460733333, 3419.1651935476298, 

parameters:
-1.114504100890442, -97.21135908080204, 18.63542296107917, 
objectives:
-114.6046626509796, -68.87580032525949, 9433.655030766457, 

parameters:
0.20931306609675981, -83.7249291297089, 17.481755410040225, 
objectives:
-101.16287258011029, -63.03661402441689, 6993.425814324377, 

parameters:
2.226560793117746, -65.76104837513222, 16.667325593374258, 
objectives:
-77.47080100305735, -49.042392988779824, 4313.805730768554, 

parameters:
3.189575043805499, -37.10127280235661, 19.585093700752665, 
objectives:
-46.512977543042425, -16.10109031675909, 1368.0927388142006, 

parameters:
-1.4448925941545552, -0.672889365196836, 7.150509055407943, 
objectives:
-5.735683811962099, 18.34490467547201, -3.610014348970262, 

parameters:
-0.523171141916971, -98.92996356458347, 11.047335589033535, 
objectives:
-109.70359110988231, -81.51623536414735, 9777.364063344516, 

parameters:
3.035175253253871, -67.27037803548642, 13.169647977842025, 
objectives:
-71.22773719536374, -53.02914225269517, 4522.346401877376, 

parameters:
2.3522899894132543, -96.51721591693017, 0, 
objectives:
-90.98394772263636, -96.39310768028938, 9322.106236549613, 

parameters:
1.097194594974599, -91.12773829068921, 7.760458890360627, 
objectives:
-97.68436120180836, -82.5522218009855, 8298.708063065225, 

parameters:
0.8289698572112889, -24.266739824254177, 19.3046142722524, 
objectives:
-42.88416307234168, -3.5908139566820267, 571.2572384499562, 

parameters:
0.07106742314981196, -60.83361461662442, 17.264603131308736, 
objectives:
-78.0931671693, -39.84823059928178, 3684.4691147713047, 

parameters:
1.0397802087942152, -33.48854038792903, 18.68880207435548, 
objectives:
-51.09619957968437, -13.877716266150266, 1104.8746781221982, 

parameters:
2.502911100722543, -95.1448538202521, 7.158956031428936, 
objectives:
-96.0392458735609, -87.73297821359321, 9052.64881642383, 

parameters:
2.7134133425144924, -48.26364209167511, 19.977535319452286, 
objectives:
-60.87856544379173, -27.777148174945125, 2317.764224601197, 

parameters:
4.817908044257191, -46.31272110568152, 0, 
objectives:
-23.10048318276337, -38.37211535979213, 2169.0803741355567, 

parameters:
-2.5681524683834818, -83.46316933358997, 17.70835007148086, 
objectives:
-94.57611230420667, -44.886802287711006, 6955.987692236898, 

parameters:
2.3934389482938245, -17.904195123893423, 19.418207263189398, 
objectives:
-31.59385238787297, 1.6688063453305269, 307.8705457704695, 

parameters:
3.8320524385580437, -8.127981693698393, 20, 
objectives:
-13.443355801839743, 15.228434443928082, 61.748712304954836, 

parameters:
1.9897196766948477, -12.351770982801582, 5.271102012869709, 
objectives:
-13.66388860384464, -7.080563284884616, 152.2541287905361, 

parameters:
0.8028615008430404, -93.26094287256865, 4.978202407955045, 
objectives:
-97.59455869098775, -86.84959987844982, 8694.269849662094, 

parameters:
-0.5183942649361635, -16.576016446566154, 20, 
objectives:
-36.30728383264745, 9.766293227097204, 256.0330538507503, 

parameters:
-2.3315744237452996, -22.0111618820433, 20, 
objectives:
-36.57492258858007, 16.751375106401127, 470.9274866909792, 

parameters:
1.5565570880645558, -32.13731139349845, 20, 
objectives:
-49.71444142509444, -11.940669777352664, 1016.2296535710893, 

parameters:
0.5948670542013068, -31.129971064726462, 16.465475795363172, 
objectives:
-47.24158004791549, -12.690096673994375, 953.9634895075177, 

parameters:
1.3840516468091215, -15.033664705520371, 20, 
objectives:
-33.11806574448533, 5.345727668278185, 208.92667343904395, 

parameters:
2.8274573444649906, -14.325403883904755, 18.74142647332631, 
objectives:
-25.07231532246205, 5.100708246330608, 195.47028499843617, 

parameters:
1.5655599088048002, -100, 0, 
objectives:
-97.54902217194311, -99.81126180716231, 10003.450977828057, 

