Generation 2086 at Fri May 24 19:48:19 2019
parameters:
0.05101637681523949, -100, 19.95971668145522, 
objectives:
-119.95711401075187, -76.24174615510238, 9981.042885989249, 

parameters:
2.218314653871026, -2.270987787634587, 0.0, 
objectives:
2.649932115944343, -2.2233264995397612, 11.078305435164367, 

parameters:
-0.09310337269809921, -0.38187417318528993, 20, 
objectives:
-20.37320593517753, 23.999207555614866, -18.84550387784629, 

parameters:
1.9973066371654076, -100, 0, 
objectives:
-96.01076619713501, -99.99999274579665, 10004.989233802866, 

parameters:
2.8342680710148107, -50.271197931293955, 18.603066148971813, 
objectives:
-60.84118858189175, -30.97212856800737, 2517.623350796736, 

parameters:
1.097194594974599, -91.12773829068921, 7.760458890360627, 
objectives:
-97.68436120180836, -82.5522218009855, 8298.708063065225, 

parameters:
0.6670699616712947, -58.58391827910246, 14.355269718690192, 
objectives:
-72.49420566402851, -42.4519460733333, 3419.1651935476298, 

parameters:
0.47544691325392785, -81.11771097473392, 5.989153186708987, 
objectives:
-86.88081439412022, -72.80429567371796, 6575.319930361082, 

parameters:
1.8776426462253766, -70.85609508143935, 14.4768610780297, 
objectives:
-81.80741425254482, -56.36426268138692, 5010.634891018869, 

parameters:
-1.1375869310583413, -87.22082783877278, 18.69599081637346, 
objectives:
-104.6227146294315, -58.68038527245121, 7591.070922090182, 

parameters:
0.20931306609675981, -83.7249291297089, 17.481755410040225, 
objectives:
-101.16287258011029, -63.03661402441689, 6993.425814324377, 

parameters:
2.3522899894132543, -96.51721591693017, 0, 
objectives:
-90.98394772263636, -96.39310768028938, 9322.106236549613, 

parameters:
-1.4035330140708098, -21.854036291320135, 16.001149833875733, 
objectives:
-35.885281203609175, 5.731150520425528, 464.5676573100485, 

parameters:
-0.3744739831049766, -3.5319807231179587, 10.340069554373331, 
objectives:
-13.731819513468784, 12.446215527697785, 3.275049038126035, 

parameters:
0.8289698572112889, -24.266739824254177, 19.3046142722524, 
objectives:
-42.88416307234168, -3.5908139566820267, 571.2572384499562, 

parameters:
1.8376197184926388, -62.339995391352666, 14.139695425938136, 
objectives:
-73.10284458749783, -48.17393260959212, 3876.5121761977266, 

parameters:
3.749768493163032, -76.52948818314425, 7.095636512871422, 
objectives:
-69.56436094369751, -66.3721618906068, 5864.727688813463, 

parameters:
-1.114504100890442, -97.21135908080204, 18.63542296107917, 
objectives:
-114.6046626509796, -68.87580032525949, 9433.655030766457, 

parameters:
2.226560793117746, -65.76104837513222, 16.667325593374258, 
objectives:
-77.47080100305735, -49.042392988779824, 4313.805730768554, 

parameters:
-0.523171141916971, -98.92996356458347, 11.047335589033535, 
objectives:
-109.70359110988231, -81.51623536414735, 9777.364063344516, 

parameters:
4.817908044257191, -46.31272110568152, 0, 
objectives:
-23.10048318276337, -38.37211535979213, 2169.0803741355567, 

parameters:
2.502911100722543, -95.1448538202521, 7.158956031428936, 
objectives:
-96.0392458735609, -87.73297821359321, 9052.64881642383, 

parameters:
1.0397802087942152, -33.48854038792903, 18.68880207435548, 
objectives:
-51.09619957968437, -13.877716266150266, 1104.8746781221982, 

parameters:
3.035175253253871, -67.27037803548642, 13.169647977842025, 
objectives:
-71.22773719536374, -53.02914225269517, 4522.346401877376, 

parameters:
1.8325005552474996, -44.27282192777981, 20, 
objectives:
-60.91476364279742, -24.244765863787414, 1944.4408197338832, 

parameters:
2.3934389482938245, -17.904195123893423, 19.418207263189398, 
objectives:
-31.59385238787297, 1.6688063453305269, 307.8705457704695, 

parameters:
2.7837955953695923, -74.61786310999419, 0, 
objectives:
-66.86834519319504, -74.00352757467341, 5576.575013018631, 

parameters:
-0.032015394946542486, -38.66265439418334, 18.79419458727074, 
objectives:
-57.455823995940506, -15.73937324161285, 1477.0076752023074, 

parameters:
-0.7882389779257584, -8.210353427281948, 20, 
objectives:
-27.589032740960505, 19.56392317074253, 49.03122408720186, 

parameters:
2.1889871251635333, -24.375450723364168, 10.46548963935082, 
objectives:
-30.049275728583275, -13.87424495053577, 589.4887729619356, 

parameters:
2.9199797687693136, 0.9517688228769123, 13.42431652150328, 
objectives:
-3.9462658486042734, 15.222448119325033, -2.9921707792806824, 

parameters:
-1.4448925941545552, -0.672889365196836, 7.150509055407943, 
objectives:
-5.735683811962099, 18.34490467547201, -3.610014348970262, 

parameters:
-0.32824784426775044, -100, 6.449766601402693, 
objectives:
-106.34201995413628, -88.12949537425988, 9994.657980045864, 

parameters:
-0.18309906319578184, -27.640895798996254, 1.2118368449891974, 
objectives:
-28.81920737704228, -21.66313743428076, 763.8408089929228, 

parameters:
-0.7908038627560814, -36.0670348014349, 9.962830274741005, 
objectives:
-45.40449432682597, -18.315618326319633, 1292.4935398425253, 

parameters:
3.0268416010119736, -38.068778108189775, 1.9296057275722807, 
objectives:
-30.836613758145326, -35.08476870704866, 1457.4640310006334, 

parameters:
3.189575043805499, -37.10127280235661, 19.585093700752665, 
objectives:
-46.512977543042425, -16.10109031675909, 1368.0927388142006, 

parameters:
-0.8177632550991388, -44.54322568080757, 20, 
objectives:
-63.87448893941723, -16.603435919020676, 1965.7676907927457, 

parameters:
0.05200416419922138, -45.49524807150291, 20, 
objectives:
-65.49254363840885, -21.700560295205733, 2050.820301520683, 

