Generation 209 at Fri May 24 19:55:16 2019
parameters:
0, 0.0, 20.0, 
objectives:
-20.0, 24.0, -19.0, 

parameters:
0, 0.0, 20.0, 
objectives:
-20.0, 24.0, -19.0, 

parameters:
1.9979647189482492, 0.0, 20.0, 
objectives:
-16.008136981838042, 20.000004142368958, -15.008136981838044, 

parameters:
1.4378190188745172, 0.0, 20.0, 
objectives:
-17.932676468962722, 20.31604745553921, -16.932676468962722, 

parameters:
1.2468121567681718, 0.0, 20.0, 
objectives:
-18.4454594457351, 20.567291927192212, -17.4454594457351, 

parameters:
1.8250280566148942, 0.0, 20.0, 
objectives:
-16.66927259256846, 20.03061518097196, -15.669272592568463, 

parameters:
1.6885107133158161, 0.0, 20.0, 
objectives:
-17.148931571017712, 20.097025575719023, -16.148931571017712, 

parameters:
0.8898875540647825, 0.0, 20.0, 
objectives:
-19.2081001411206, 21.23234964262027, -18.2081001411206, 

parameters:
1.8899236400560266, 0.0, 20.0, 
objectives:
-16.42818863475738, 20.012116805018515, -15.428188634757378, 

parameters:
0.6170030464320657, 0.0, 20.0, 
objectives:
-19.61930724069355, 21.912680573578186, -18.61930724069355, 

parameters:
1.0817676516633563, 0.0, 20.0, 
objectives:
-18.829778747814746, 20.84315064553183, -17.829778747814746, 

parameters:
0.8113311104869143, 0.0, 20.0, 
objectives:
-19.34174182915607, 21.412933728896274, -18.34174182915607, 

parameters:
1.3526153809779697, 0.0, 20.0, 
objectives:
-18.17043163114182, 20.4191068449463, -17.17043163114182, 

parameters:
0.39845209355492994, 0.0, 20.0, 
objectives:
-19.841235929141693, 22.564955696638588, -18.841235929141693, 

parameters:
1.6346629295120103, 0.0, 20.0, 
objectives:
-17.327877106879214, 20.133471175072746, -16.327877106879214, 

parameters:
1.5077056901774724, 0.0, 20.0, 
objectives:
-17.726823551806472, 20.24235368748364, -16.726823551806472, 

parameters:
0.9638971778782761, 0.0, 20.0, 
objectives:
-19.070902230478296, 21.0735090580086, -18.070902230478296, 

parameters:
1.011776832033207, 0.0, 20.0, 
objectives:
-18.976307642160847, 20.976585029706325, -17.976307642160847, 

parameters:
0.5303675526404212, 0.0, 20.0, 
objectives:
-19.71871025910621, 22.159819530332104, -18.71871025910621, 

parameters:
1.5810908420071148, 0.0, 20.0, 
objectives:
-17.500151749321233, 20.17548488265031, -16.500151749321233, 

parameters:
0.47844740490402055, 0.0, 20.0, 
objectives:
-19.771088080740608, 22.31512229964331, -18.771088080740608, 

parameters:
1.9379176761034853, 0.0, 20.0, 
objectives:
-16.244475080645667, 20.003854214940393, -15.244475080645667, 

parameters:
0.6968635178760074, 0.0, 20.0, 
objectives:
-19.514381237453474, 21.698164691042496, -18.514381237453474, 

parameters:
1.1519144137543003, 0.0, 20.0, 
objectives:
-18.673093183385088, 20.719249161597713, -17.673093183385088, 

parameters:
1.7584269370853256, 0.0, 20.0, 
objectives:
-16.90793470693272, 20.05835754472598, -15.907934706932721, 

parameters:
0.2084234640423246, 0.0, 20.0, 
objectives:
-19.956559659636596, 23.209746484194103, -18.956559659636596, 

parameters:
1.5437692465905701, 0.0, 20.0, 
objectives:
-17.616776513281184, 20.208146500356538, -16.616776513281184, 

parameters:
1.7670442321027924, 0.0, 20.0, 
objectives:
-16.877554681792255, 20.05426838979658, -15.877554681792253, 

parameters:
1.9694480059823125, 0.0, 20.0, 
objectives:
-16.12127455173229, 20.000933424338456, -15.121274551732293, 

parameters:
0.30447865444262834, 0.0, 20.0, 
objectives:
-19.907292748988805, 22.87479263324068, -18.907292748988805, 

parameters:
1.3082672858781528, 0.0, 20.0, 
objectives:
-18.288436708701013, 20.478494147786378, -17.288436708701013, 

parameters:
1.1508708450671106, 0.0, 20.0, 
objectives:
-18.675496297974515, 20.72102032175704, -17.675496297974515, 

parameters:
0.3041321626397519, 0.0, 20.0, 
objectives:
-19.90750362764807, 22.875967721792925, -18.90750362764807, 

parameters:
0.7406467518493058, 0.0, 20.0, 
objectives:
-19.451442388975074, 21.585970603627704, -18.451442388975074, 

parameters:
0.1534192405486838, 0.0, 20.0, 
objectives:
-19.976462536629466, 23.4098605011758, -18.976462536629466, 

parameters:
0.08910616658995776, 0.0, 20.0, 
objectives:
-19.992060091075643, 23.65151524256453, -18.992060091075643, 

parameters:
1.3135262266413907, 0.0, 20.0, 
objectives:
-18.274648851925228, 20.471246241509206, -17.274648851925228, 

parameters:
0.03715173508046972, 0.0, 20.0, 
objectives:
-19.99861974858051, 23.85277331109761, -18.99861974858051, 

parameters:
0.18413711867367316, 0.0, 20.0, 
objectives:
-19.966093521526556, 23.29735800377875, -18.966093521526556, 

parameters:
0.7338826591504906, 0.0, 20.0, 
objectives:
-19.461416242598204, 21.60305312079983, -18.461416242598204, 

parameters:
0.07111101685527814, 0.0, 20.0, 
objectives:
-19.99494322328181, 23.72061270929708, -18.99494322328181, 

parameters:
0, 0.0, 20.0, 
objectives:
-20.0, 24.0, -19.0, 

