Generation 2090 at Fri May 24 19:48:19 2019
parameters:
0.05101637681523949, -100, 19.95971668145522, 
objectives:
-119.95711401075187, -76.24174615510238, 9981.042885989249, 

parameters:
2.218314653871026, -2.270987787634587, 0.0, 
objectives:
2.649932115944343, -2.2233264995397612, 11.078305435164367, 

parameters:
-0.09310337269809921, -0.38187417318528993, 20, 
objectives:
-20.37320593517753, 23.999207555614866, -18.84550387784629, 

parameters:
1.9973066371654076, -100, 0, 
objectives:
-96.01076619713501, -99.99999274579665, 10004.989233802866, 

parameters:
1.0985438524815425, -35.42014670048742, 11.960283388928435, 
objectives:
-46.17363149359086, -22.647240125660165, 1244.8333074909465, 

parameters:
1.66024521400174, -9.527147469840337, 0, 
objectives:
-6.770733299224653, -9.411714155231614, 94.52295308270081, 

parameters:
-0.032015394946542486, -38.66265439418334, 18.79419458727074, 
objectives:
-57.455823995940506, -15.73937324161285, 1477.0076752023074, 

parameters:
1.0102655778145027, -22.190757048216227, 18.675176335522938, 
objectives:
-39.84529684602229, -2.5360064862344274, 475.7751585751521, 

parameters:
4.817908044257191, -46.31272110568152, 0, 
objectives:
-23.10048318276337, -38.37211535979213, 2169.0803741355567, 

parameters:
-0.3744739831049766, -3.5319807231179587, 10.340069554373331, 
objectives:
-13.731819513468784, 12.446215527697785, 3.275049038126035, 

parameters:
-1.1375869310583413, -87.22082783877278, 18.69599081637346, 
objectives:
-104.6227146294315, -58.68038527245121, 7591.070922090182, 

parameters:
-0.2623964228411486, -41.73293911148669, 9.262039753190791, 
objectives:
-50.926126981957644, -27.35246178421147, 1733.4450190125842, 

parameters:
0.6670699616712947, -58.58391827910246, 14.355269718690192, 
objectives:
-72.49420566402851, -42.4519460733333, 3419.1651935476298, 

parameters:
1.8376197184926388, -62.339995391352666, 14.139695425938136, 
objectives:
-73.10284458749783, -48.17393260959212, 3876.5121761977266, 

parameters:
1.7991466824716156, -53.57674061996505, 0, 
objectives:
-50.33981183491643, -53.536398564802894, 2874.704064244062, 

parameters:
-0.7882389779257584, -8.210353427281948, 20, 
objectives:
-27.589032740960505, 19.56392317074253, 49.03122408720186, 

parameters:
2.502911100722543, -95.1448538202521, 7.158956031428936, 
objectives:
-96.0392458735609, -87.73297821359321, 9052.64881642383, 

parameters:
2.3522899894132543, -96.51721591693017, 0, 
objectives:
-90.98394772263636, -96.39310768028938, 9322.106236549613, 

parameters:
-0.523171141916971, -98.92996356458347, 11.047335589033535, 
objectives:
-109.70359110988231, -81.51623536414735, 9777.364063344516, 

parameters:
1.965518160436965, -69.56672203226965, 20, 
objectives:
-85.70346039326215, -49.565533035010006, 4824.39207595408, 

parameters:
-1.114504100890442, -97.21135908080204, 18.63542296107917, 
objectives:
-114.6046626509796, -68.87580032525949, 9433.655030766457, 

parameters:
2.226560793117746, -65.76104837513222, 16.667325593374258, 
objectives:
-77.47080100305735, -49.042392988779824, 4313.805730768554, 

parameters:
2.7837955953695923, -74.61786310999419, 0, 
objectives:
-66.86834519319504, -74.00352757467341, 5576.575013018631, 

parameters:
2.3934389482938245, -17.904195123893423, 19.418207263189398, 
objectives:
-31.59385238787297, 1.6688063453305269, 307.8705457704695, 

parameters:
1.8776426462253766, -70.85609508143935, 14.4768610780297, 
objectives:
-81.80741425254482, -56.36426268138692, 5010.634891018869, 

parameters:
3.3465130779674084, -54.66825585724924, 19.999949599767717, 
objectives:
-63.469055676010065, -32.855208788344264, 2980.8173986549054, 

parameters:
4.313762315738085, -71.46300862623201, 8.472007765719606, 
objectives:
-61.32647107526961, -57.63750480678273, 5118.098139463873, 

parameters:
-0.29271743531605354, -85.11696858233542, 7.651433102374408, 
objectives:
-92.68271818777183, -72.20898224175879, 7238.332591040838, 

parameters:
0.22290064713552948, -16.723093577783793, 19.68623631119559, 
objectives:
-36.35964519048595, 6.121224843363116, 261.02530719861136, 

parameters:
-1.8892023759215057, -90.97025025799037, 11.878796288827017, 
objectives:
-99.27996092962992, -63.965558848289874, 8268.276721329757, 

parameters:
1.7409438192085105, -54.95720333736938, 19.173427324379944, 
objectives:
-71.099745280109, -35.71666590818316, 3005.1516567222243, 

parameters:
2.4449151098575337, -79.25152886920797, 15.555589992295632, 
objectives:
-88.82950896709393, -63.49798942193281, 6272.226848009019, 

parameters:
2.807607132957847, -94.22076680878328, 15.2390460281726, 
objectives:
-101.5771550239201, -78.32949149940629, 8871.19650981998, 

parameters:
3.749768493163032, -76.52948818314425, 7.095636512871422, 
objectives:
-69.56436094369751, -66.3721618906068, 5864.727688813463, 

parameters:
2.8602833914479926, -82.7446516360304, 2.8153278751065414, 
objectives:
-77.37875843174372, -79.1892362473226, 6853.043267572314, 

parameters:
0.47544691325392785, -81.11771097473392, 5.989153186708987, 
objectives:
-86.88081439412022, -72.80429567371796, 6575.319930361082, 

parameters:
1.097194594974599, -91.12773829068921, 7.760458890360627, 
objectives:
-97.68436120180836, -82.5522218009855, 8298.708063065225, 

parameters:
0.20931306609675981, -83.7249291297089, 17.481755410040225, 
objectives:
-101.16287258011029, -63.03661402441689, 6993.425814324377, 

parameters:
0.7082439085241873, -14.603595905717416, 18.877386868724578, 
objectives:
-32.97937334048038, 5.9424247628720295, 195.8892359427235, 

parameters:
-1.7718259822108835, -92.31558825817316, 9.643584706007841, 
objectives:
-98.81980565294344, -68.44533231208423, 8516.66361805779, 

parameters:
3.2065429442723055, -75.67532651273412, 3.990878134476654, 
objectives:
-69.38428699374828, -70.22870250188417, 5734.0460823279045, 

