Generation 2093 at Fri May 24 19:48:19 2019
parameters:
2.218314653871026, -2.270987787634587, 0.0, 
objectives:
2.649932115944343, -2.2233264995397612, 11.078305435164367, 

parameters:
0.05101637681523949, -100, 19.95971668145522, 
objectives:
-119.95711401075187, -76.24174615510238, 9981.042885989249, 

parameters:
-0.09310337269809921, -0.38187417318528993, 20, 
objectives:
-20.37320593517753, 23.999207555614866, -18.84550387784629, 

parameters:
1.9973066371654076, -100, 0, 
objectives:
-96.01076619713501, -99.99999274579665, 10004.989233802866, 

parameters:
3.3465130779674084, -54.66825585724924, 19.999949599767717, 
objectives:
-63.469055676010065, -32.855208788344264, 2980.8173986549054, 

parameters:
-0.3744739831049766, -3.5319807231179587, 10.340069554373331, 
objectives:
-13.731819513468784, 12.446215527697785, 3.275049038126035, 

parameters:
0.6045296223138581, -78.60762613531897, 15.824059829477264, 
objectives:
-94.06622990054129, -60.836228730842194, 6164.70028286486, 

parameters:
1.66024521400174, -9.527147469840337, 0, 
objectives:
-6.770733299224653, -9.411714155231614, 94.52295308270081, 

parameters:
-0.29271743531605354, -85.11696858233542, 7.651433102374408, 
objectives:
-92.68271818777183, -72.20898224175879, 7238.332591040838, 

parameters:
-0.2623964228411486, -41.73293911148669, 9.262039753190791, 
objectives:
-50.926126981957644, -27.35246178421147, 1733.4450190125842, 

parameters:
4.286741510959212, -62.018225692681185, 9.120133153993992, 
objectives:
-52.76220606489431, -47.668905800743175, 3856.5163376961273, 

parameters:
2.74977993121706, -26.140927404566064, 17.214525591232544, 
objectives:
-35.7941633256745, -8.36423186807766, 674.6948496496846, 

parameters:
-1.114504100890442, -97.21135908080204, 18.63542296107917, 
objectives:
-114.6046626509796, -68.87580032525949, 9433.655030766457, 

parameters:
3.2454541836296498, -35.078235685374786, 18.809009105410947, 
objectives:
-43.35427193274654, -14.71807045644324, 1223.2065825513291, 

parameters:
-0.032015394946542486, -38.66265439418334, 18.79419458727074, 
objectives:
-57.455823995940506, -15.73937324161285, 1477.0076752023074, 

parameters:
-0.7882389779257584, -8.210353427281948, 20, 
objectives:
-27.589032740960505, 19.56392317074253, 49.03122408720186, 

parameters:
2.3522899894132543, -96.51721591693017, 0, 
objectives:
-90.98394772263636, -96.39310768028938, 9322.106236549613, 

parameters:
-0.523171141916971, -98.92996356458347, 11.047335589033535, 
objectives:
-109.70359110988231, -81.51623536414735, 9777.364063344516, 

parameters:
4.817908044257191, -46.31272110568152, 0, 
objectives:
-23.10048318276337, -38.37211535979213, 2169.0803741355567, 

parameters:
-0.1325740758459788, -93.75688984646335, 8.604523168646026, 
objectives:
-102.34383712952297, -80.604494488847, 8782.767446398802, 

parameters:
1.965518160436965, -69.56672203226965, 20, 
objectives:
-85.70346039326215, -49.565533035010006, 4824.39207595408, 

parameters:
0.6670699616712947, -58.58391827910246, 14.355269718690192, 
objectives:
-72.49420566402851, -42.4519460733333, 3419.1651935476298, 

parameters:
2.7837955953695923, -74.61786310999419, 0, 
objectives:
-66.86834519319504, -74.00352757467341, 5576.575013018631, 

parameters:
2.502911100722543, -95.1448538202521, 7.158956031428936, 
objectives:
-96.0392458735609, -87.73297821359321, 9052.64881642383, 

parameters:
0.730251738361964, -28.27287597294557, 5.653633566167672, 
objectives:
-33.39324193773257, -21.006981758845086, 795.235149816776, 

parameters:
-1.8892023759215057, -90.97025025799037, 11.878796288827017, 
objectives:
-99.27996092962992, -63.965558848289874, 8268.276721329757, 

parameters:
1.8776426462253766, -70.85609508143935, 14.4768610780297, 
objectives:
-81.80741425254482, -56.36426268138692, 5010.634891018869, 

parameters:
2.226560793117746, -65.76104837513222, 16.667325593374258, 
objectives:
-77.47080100305735, -49.042392988779824, 4313.805730768554, 

parameters:
2.3934389482938245, -17.904195123893423, 19.418207263189398, 
objectives:
-31.59385238787297, 1.6688063453305269, 307.8705457704695, 

parameters:
3.0956718884881784, -58.262024621808024, 13.75925495901383, 
objectives:
-62.43809513964589, -43.30227277557094, 3391.2874425143264, 

parameters:
-1.1375869310583413, -87.22082783877278, 18.69599081637346, 
objectives:
-104.6227146294315, -58.68038527245121, 7591.070922090182, 

parameters:
0.02682036439967897, -46.852424695058616, 0, 
objectives:
-46.85170536311208, -42.9589868207108, 2196.150419138085, 

parameters:
1.3252720125915536, -15.51429379331311, 18.652474789351622, 
objectives:
-32.410422675306265, 3.593438853030765, 224.79718302324054, 

parameters:
2.783256944079639, -88.98539908140013, 1.522194712391367, 
objectives:
-82.76107457702396, -86.84971292855978, 7925.625574180424, 

parameters:
-1.6060253328070067, -67.36689471481323, 13.906292450979828, 
objectives:
-78.6938697961752, -40.45718356298752, 4527.971528435368, 

parameters:
1.0985438524815425, -35.42014670048742, 11.960283388928435, 
objectives:
-46.17363149359086, -22.647240125660165, 1244.8333074909465, 

parameters:
3.0713071599158113, -86.72365664356838, 20, 
objectives:
-97.29072897301825, -65.57595761268149, 7511.425549302092, 

parameters:
2.746594672829187, -90.64419468343496, 5.618669364397917, 
objectives:
-88.7190817510192, -84.46812171354013, 8219.295142740875, 

parameters:
-0.5428109852999978, -76.46352478690257, 12.354235270314867, 
objectives:
-88.52311629145507, -57.64340180962535, 5835.61103133271, 

parameters:
-0.9393548844858186, -73.97823916220482, 8.36931601541368, 
objectives:
-81.46516757861113, -56.9691160098405, 5466.292941123968, 

