Generation 2097 at Fri May 24 19:48:19 2019
parameters:
5.284187537535676, -22.0811952427404, 0.4526635014589636, 
objectives:
5.388779187647985, -10.84264395957679, 516.0491577784097, 

parameters:
0.05101637681523949, -100, 19.95971668145522, 
objectives:
-119.95711401075187, -76.24174615510238, 9981.042885989249, 

parameters:
-0.09310337269809921, -0.38187417318528993, 20, 
objectives:
-20.37320593517753, 23.999207555614866, -18.84550387784629, 

parameters:
1.9973066371654076, -100, 0, 
objectives:
-96.01076619713501, -99.99999274579665, 10004.989233802866, 

parameters:
3.3465130779674084, -54.66825585724924, 19.999949599767717, 
objectives:
-63.469055676010065, -32.855208788344264, 2980.8173986549054, 

parameters:
-1.8892023759215057, -90.97025025799037, 11.878796288827017, 
objectives:
-99.27996092962992, -63.965558848289874, 8268.276721329757, 

parameters:
0.730251738361964, -28.27287597294557, 5.653633566167672, 
objectives:
-33.39324193773257, -21.006981758845086, 795.235149816776, 

parameters:
2.502911100722543, -95.1448538202521, 7.158956031428936, 
objectives:
-96.0392458735609, -87.73297821359321, 9052.64881642383, 

parameters:
-1.114504100890442, -97.21135908080204, 18.63542296107917, 
objectives:
-114.6046626509796, -68.87580032525949, 9433.655030766457, 

parameters:
-0.3744739831049766, -3.5319807231179587, 10.340069554373331, 
objectives:
-13.731819513468784, 12.446215527697785, 3.275049038126035, 

parameters:
-0.16279213025224737, -48.04814210511891, 12.757114835310812, 
objectives:
-60.77875566275766, -30.61335747112705, 2296.8933461960623, 

parameters:
0.6045296223138581, -78.60762613531897, 15.824059829477264, 
objectives:
-94.06622990054129, -60.836228730842194, 6164.70028286486, 

parameters:
-0.1325740758459788, -93.75688984646335, 8.604523168646026, 
objectives:
-102.34383712952297, -80.604494488847, 8782.767446398802, 

parameters:
3.2454541836296498, -35.078235685374786, 18.809009105410947, 
objectives:
-43.35427193274654, -14.71807045644324, 1223.2065825513291, 

parameters:
2.889418107970401, -86.62951507606515, 11.553775509265327, 
objectives:
-89.83455358266322, -74.28467499601418, 7502.4678438076, 

parameters:
1.66024521400174, -9.527147469840337, 0, 
objectives:
-6.770733299224653, -9.411714155231614, 94.52295308270081, 

parameters:
-0.2623964228411486, -41.73293911148669, 9.262039753190791, 
objectives:
-50.926126981957644, -27.35246178421147, 1733.4450190125842, 

parameters:
-0.29271743531605354, -85.11696858233542, 7.651433102374408, 
objectives:
-92.68271818777183, -72.20898224175879, 7238.332591040838, 

parameters:
2.218314653871026, -2.270987787634587, 0.0, 
objectives:
2.649932115944343, -2.2233264995397612, 11.078305435164367, 

parameters:
2.5229641773457994, -99.36640199439815, 14.767980811728862, 
objectives:
-107.76903456595684, -84.32492965188231, 9866.279212740774, 

parameters:
1.22448923178451, -10.65373876170662, 17.536107017797175, 
objectives:
-26.690471900747575, 7.483785207708735, 98.46541646364915, 

parameters:
1.8776426462253766, -70.85609508143935, 14.4768610780297, 
objectives:
-81.80741425254482, -56.36426268138692, 5010.634891018869, 

parameters:
2.221063058590726, -81.95529333944852, 8.51145264356848, 
objectives:
-85.5336248727806, -73.39497182000656, 6714.0917748217225, 

parameters:
-0.032015394946542486, -38.66265439418334, 18.79419458727074, 
objectives:
-57.455823995940506, -15.73937324161285, 1477.0076752023074, 

parameters:
2.7472592618050045, -97.85381367944593, 17.71063763158084, 
objectives:
-108.01701785945339, -79.58477964351174, 9566.205647431712, 

parameters:
1.5616954016490325, -64.67418919203458, 10.62106882544512, 
objectives:
-72.85636548994796, -53.86100944565385, 4175.568571349168, 

parameters:
0.46918155853770815, -60.29761054551747, 8.103041037032286, 
objectives:
-68.18052024767789, -49.851164407764145, 3628.9189277967394, 

parameters:
5.221454980760482, -57.529859260505965, 0, 
objectives:
-30.266267144397517, -47.152087067439446, 3337.948298649733, 

parameters:
3.0996720489318896, -44.56134193554616, 20, 
objectives:
-54.95337512461654, -23.3520633203441, 1976.3211619075944, 

parameters:
3.223340039156338, -74.41738342159775, 20, 
objectives:
-84.02746241356937, -52.920822570194716, 5529.336876325119, 

parameters:
1.7224801443864002, -37.09561596361617, 10.994689509525621, 
objectives:
-45.12336762533639, -26.023909183830753, 1369.0569720583744, 

parameters:
-0.10990611505463832, -58.16417360132371, 11.285157974764363, 
objectives:
-69.43725222196167, -42.427311812214384, 3372.798012104284, 

parameters:
2.7837955953695923, -74.61786310999419, 0, 
objectives:
-66.86834519319504, -74.00352757467341, 5576.575013018631, 

parameters:
2.226560793117746, -65.76104837513222, 16.667325593374258, 
objectives:
-77.47080100305735, -49.042392988779824, 4313.805730768554, 

parameters:
2.3934389482938245, -17.904195123893423, 19.418207263189398, 
objectives:
-31.59385238787297, 1.6688063453305269, 307.8705457704695, 

parameters:
0.1501821382112798, -8.403196466751137, 10.752657956060514, 
objectives:
-19.13329974817394, 5.77128761110197, 60.88360757739599, 

parameters:
1.3392303786123843, -68.57822718318586, 12.146218614679581, 
objectives:
-78.93090779086717, -55.99539207595754, 4693.620562980971, 

parameters:
2.5623262222596273, -67.98316052696536, 9.782005316907123, 
objectives:
-71.19965017459319, -57.88494442981746, 4619.493625587514, 

parameters:
0.8658851224112473, -6.3649335744768125, 5.731667078027328, 
objectives:
-11.346843607291, 0.652950059118667, 36.53046937468798, 

parameters:
-1.2936410757745287, -35.940148438957586, 19.951611307424955, 
objectives:
-54.21825251345146, -5.140465595503436, 1274.4161657398117, 

parameters:
0.6670699616712947, -58.58391827910246, 14.355269718690192, 
objectives:
-72.49420566402851, -42.4519460733333, 3419.1651935476298, 

parameters:
1.583067410252004, -68.17665105343768, 20, 
objectives:
-85.67054862803569, -48.002818269043715, 4631.561851287607, 

parameters:
1.8546515957941543, -13.768470478408343, 8.89964531709376, 
objectives:
-19.228383253720303, -4.847699002709396, 185.1108665394901, 

