Generation 2099 at Fri May 24 19:48:19 2019
parameters:
0.05101637681523949, -100, 19.95971668145522, 
objectives:
-119.95711401075187, -76.24174615510238, 9981.042885989249, 

parameters:
2.218314653871026, -2.270987787634587, 0.0, 
objectives:
2.649932115944343, -2.2233264995397612, 11.078305435164367, 

parameters:
-0.09310337269809921, -0.38187417318528993, 20, 
objectives:
-20.37320593517753, 23.999207555614866, -18.84550387784629, 

parameters:
1.9973066371654076, -100, 0, 
objectives:
-96.01076619713501, -99.99999274579665, 10004.989233802866, 

parameters:
-0.3744739831049766, -3.5319807231179587, 10.340069554373331, 
objectives:
-13.731819513468784, 12.446215527697785, 3.275049038126035, 

parameters:
-0.1325740758459788, -93.75688984646335, 8.604523168646026, 
objectives:
-102.34383712952297, -80.604494488847, 8782.767446398802, 

parameters:
-1.114504100890442, -97.21135908080204, 18.63542296107917, 
objectives:
-114.6046626509796, -68.87580032525949, 9433.655030766457, 

parameters:
-1.8892023759215057, -90.97025025799037, 11.878796288827017, 
objectives:
-99.27996092962992, -63.965558848289874, 8268.276721329757, 

parameters:
0.730251738361964, -28.27287597294557, 5.653633566167672, 
objectives:
-33.39324193773257, -21.006981758845086, 795.235149816776, 

parameters:
-1.7568606933315758, -75.0836432076772, 17.984456317432617, 
objectives:
-89.98154002933632, -42.985184621144775, 5623.655580516111, 

parameters:
2.502911100722543, -95.1448538202521, 7.158956031428936, 
objectives:
-96.0392458735609, -87.73297821359321, 9052.64881642383, 

parameters:
1.66024521400174, -9.527147469840337, 0, 
objectives:
-6.770733299224653, -9.411714155231614, 94.52295308270081, 

parameters:
1.5616954016490325, -64.67418919203458, 10.62106882544512, 
objectives:
-72.85636548994796, -53.86100944565385, 4175.568571349168, 

parameters:
0.46918155853770815, -60.29761054551747, 8.103041037032286, 
objectives:
-68.18052024767789, -49.851164407764145, 3628.9189277967394, 

parameters:
-1.8966994949180491, -33.99645626371324, 18.895068103996834, 
objectives:
-49.29405539368769, 0.08287879397817122, 1141.4614393605927, 

parameters:
1.22448923178451, -10.65373876170662, 17.536107017797175, 
objectives:
-26.690471900747575, 7.483785207708735, 98.46541646364915, 

parameters:
-0.5173355396254, -95.82978338903247, 12.17188141792517, 
objectives:
-107.73402874639814, -77.32092375204618, 9172.443139031519, 

parameters:
2.889418107970401, -86.62951507606515, 11.553775509265327, 
objectives:
-89.83455358266322, -74.28467499601418, 7502.4678438076, 

parameters:
2.6629316292841843, -69.01973350197645, 4.077271303624378, 
objectives:
-66.0057999433587, -64.50298385324669, 4767.737546242468, 

parameters:
3.3465130779674084, -54.66825585724924, 19.999949599767717, 
objectives:
-63.469055676010065, -32.855208788344264, 2980.8173986549054, 

parameters:
-0.16279213025224737, -48.04814210511891, 12.757114835310812, 
objectives:
-60.77875566275766, -30.61335747112705, 2296.8933461960623, 

parameters:
3.0996720489318896, -44.56134193554616, 20, 
objectives:
-54.95337512461654, -23.3520633203441, 1976.3211619075944, 

parameters:
3.2454541836296498, -35.078235685374786, 18.809009105410947, 
objectives:
-43.35427193274654, -14.71807045644324, 1223.2065825513291, 

parameters:
3.407146389240839, -55.7108225416457, 17.677544875521452, 
objectives:
-61.779720899450254, -36.053216705370716, 3098.6268499089338, 

parameters:
-0.29271743531605354, -85.11696858233542, 7.651433102374408, 
objectives:
-92.68271818777183, -72.20898224175879, 7238.332591040838, 

parameters:
2.539488793127191, -47.56893915510665, 0.09674877020280472, 
objectives:
-41.21668459489086, -47.181142226994005, 2270.1562269024544, 

parameters:
0.41394279780970544, -71.90570160047625, 7.726632586977491, 
objectives:
-79.46098554759521, -61.66349156487905, 5163.8746387096135, 

parameters:
-0.2388162108681927, -63.97515893921738, 12.018489581625218, 
objectives:
-75.93661533826915, -46.94437133154595, 4081.8595048990737, 

parameters:
4.107897653300843, -23.64766216333912, 0, 
objectives:
-6.772839033344546, -19.20442964654792, 577.0867489214152, 

parameters:
0.6045296223138581, -78.60762613531897, 15.824059829477264, 
objectives:
-94.06622990054129, -60.836228730842194, 6164.70028286486, 

parameters:
-0.2623964228411486, -41.73293911148669, 9.262039753190791, 
objectives:
-50.926126981957644, -27.35246178421147, 1733.4450190125842, 

parameters:
-0.032015394946542486, -38.66265439418334, 18.79419458727074, 
objectives:
-57.455823995940506, -15.73937324161285, 1477.0076752023074, 

parameters:
2.2234455600900813, -100, 1.1651432523194625, 
objectives:
-96.22143309363517, -98.78492882935656, 10004.778566906365, 

parameters:
2.221063058590726, -81.95529333944852, 8.51145264356848, 
objectives:
-85.5336248727806, -73.39497182000656, 6714.0917748217225, 

parameters:
1.8776426462253766, -70.85609508143935, 14.4768610780297, 
objectives:
-81.80741425254482, -56.36426268138692, 5010.634891018869, 

parameters:
4.044777385768855, -58.3739484916907, 9.883851298959435, 
objectives:
-51.897575690223, -44.30898263537955, 3414.9942353120264, 

parameters:
2.246198875292929, -78.96512988698238, 10.07172668311018, 
objectives:
-83.99144718272535, -68.8327893176767, 6231.465420772255, 

parameters:
1.399859843340075, -16.167100032362445, 14.584243926407936, 
objectives:
-28.79173637777428, -1.2226878983187088, 249.7504871110019, 

parameters:
0.3593973682710281, -82.31302635030382, 0, 
objectives:
-82.18385988198368, -79.62144935506778, 6776.56347341413, 

parameters:
-0.40583739685771725, -21.75855286285762, 0.6146741535259932, 
objectives:
-22.208523023695363, -15.355825129212509, 473.9846525249318, 

