[!]Generation 21 at Sun May 26 02:43:06 2019
size of front generated: 54
[!!!]Points in the front:
parameters:
0, 0.0, 20.0, 
objectives:
-20.0, 24.0, -19.0, 

parameters:
0, 0, 20.0, 
objectives:
-20.0, 24.0, -19.0, 

parameters:
2.048357973035493, 0.0005269160720332198, 20.0, 
objectives:
-15.803702698229895, 20.002865409628136, -14.803702698229895, 

parameters:
1.9503308162912567, 0.004204677231703633, 20.0, 
objectives:
-16.192005029792977, 20.006671705041995, -15.192005029792977, 

parameters:
1.2020788649679792, 0.0007160440865147573, 20.0, 
objectives:
-18.55429035831078, 20.637394181817303, -17.55429035831078, 

parameters:
1.1253738331704561, 0.0, 20.0, 
objectives:
-18.733533735615236, 20.76497093170294, -17.733533735615232, 

parameters:
1.270853711101257, 0, 20.0, 
objectives:
-18.38493084498016, 20.531654310614808, -17.38493084498016, 

parameters:
0.6174725099266521, 0.0, 20.0, 
objectives:
-19.61872769948488, 21.911382260808512, -18.61872769948488, 

parameters:
1.6027176990492378, 0.006890061228069026, 20.0, 
objectives:
-17.424405915926247, 20.1647232878768, -16.424405915926247, 

parameters:
0.848174614921404, 0.0, 20.0, 
objectives:
-19.280599822602927, 21.326701717711455, -18.280599822602927, 

parameters:
0.44095253245027616, 0, 20.0, 
objectives:
-19.805560864125688, 22.430629006073207, -18.805560864125688, 

parameters:
0.7875970951601725, 0.013975187812345038, 20.0, 
objectives:
-19.365715627882913, 21.4838959914764, -18.365715627882913, 

parameters:
0.9048229811716484, 0.028712725023426026, 20.0, 
objectives:
-19.152582647720223, 21.22812542759318, -18.152582647720223, 

parameters:
0.7004552462508914, 0.0, 20.0, 
objectives:
-19.509362447999603, 21.68881656699683, -18.509362447999603, 

parameters:
0.5000496572434621, 0.0056553455948692355, 20.0, 
objectives:
-19.744294994695828, 22.255506376330324, -18.744294994695828, 

parameters:
0.2902186865762674, 0.003396254107164497, 20.0, 
objectives:
-19.91237685985478, 22.92674839384015, -18.91237685985478, 

parameters:
1.5208509541550492, 0.0008842458419297397, 20.0, 
objectives:
-17.68612812940375, 20.230468053976058, -16.68612812940375, 

parameters:
0.5627905495902523, 0.0, 20.0, 
objectives:
-19.683266797291903, 22.06557100434709, -18.683266797291903, 

parameters:
1.8188622083277686, 0.013908744996193307, 20.0, 
objectives:
-16.67783152212084, 20.046719644568086, -15.67783152212084, 

parameters:
1.5671644670980711, 0.0, 20.0, 
objectives:
-17.543995533065218, 20.187346598542497, -16.543995533065218, 

parameters:
0.3666080040257206, 0, 20.0, 
objectives:
-19.86559857138428, 22.66796941251284, -18.86559857138428, 

parameters:
1.0031051378912585, 0.0, 20.0, 
objectives:
-18.99378008233616, 20.993799366098806, -17.99378008233616, 

parameters:
1.73264024941367, 0.0, 20.0, 
objectives:
-16.997957766111735, 20.071481236233584, -15.997957766111735, 

parameters:
1.6671566342413675, 0.0005158126335899468, 20.0, 
objectives:
-17.220072944271404, 20.111300518763123, -16.220072944271404, 

parameters:
1.3151729450667051, 0.0, 20.0, 
objectives:
-18.27032012456457, 20.46898809516861, -17.27032012456457, 

parameters:
1.9075284220028004, 0, 20.0, 
objectives:
-16.361335319251506, 20.00855099273729, -15.361335319251506, 

parameters:
0.7319349712390374, 0.001736789601408006, 20.0, 
objectives:
-19.4625344082759, 21.60972570676795, -18.4625344082759, 

parameters:
0.18807826539857736, 0.00037053355497673496, 20.0, 
objectives:
-19.964256032529686, 23.283430905876006, -18.964256032529686, 

parameters:
1.8600287558084947, 1.0487162017129423e-05, 20.0, 
objectives:
-16.540282540403485, 20.019602436362536, -15.540282540403487, 

parameters:
1.3955930983468545, 0, 20.0, 
objectives:
-18.052319903846627, 20.365307702765953, -17.052319903846627, 

parameters:
1.4792300761065091, 0.004103034591487435, 20.0, 
objectives:
-17.807775347350443, 20.27530434822352, -16.807775347350443, 

parameters:
1.4264771590954077, 0.0, 20.0, 
objectives:
-17.965162914579096, 20.328928449039275, -16.965162914579096, 

parameters:
1.0630639787644225, 0.0007768185784053871, 20.0, 
objectives:
-18.86911815847515, 20.87862592646716, -17.86911815847515, 

parameters:
1.7020685779112177, 0.009649013669118266, 20.0, 
objectives:
-17.093313542418166, 20.098412145936962, -16.093313542418166, 

parameters:
1.0721247394078213, 0.0003470683186857555, 20.0, 
objectives:
-18.850201474831024, 20.86129956753769, -17.850201474831024, 

parameters:
1.7799663680936728, 0.0, 20.0, 
objectives:
-16.83171972845542, 20.04841479916989, -15.83171972845542, 

parameters:
1.4585823077129387, 6.225700250958729e-06, 20.0, 
objectives:
-17.872531425926546, 20.293139343221696, -16.872531425926546, 

parameters:
1.8846660813726481, 0.0010214433580497326, 20.0, 
objectives:
-16.447012318365417, 20.01432335614399, -15.447012318365417, 

parameters:
0.1548707693102986, 0, 20.0, 
objectives:
-19.976015044813238, 23.40450187794557, -18.976015044813238, 

parameters:
0.32143995325450336, 0.0, 20.0, 
objectives:
-19.896676356451742, 22.817563830530244, -18.896676356451742, 

parameters:
0.9550714198887376, 0.0, 20.0, 
objectives:
-19.08783858291171, 21.09187573753334, -18.08783858291171, 

parameters:
0.051566242556175236, 0.0001275221323588475, 20.0, 
objectives:
-19.99721340049628, 23.79652162927902, -18.99721340049628, 

parameters:
1.3601785843659748, 0.0, 20.0, 
objectives:
-18.149914218632173, 20.40937144390393, -17.149914218632173, 

parameters:
1.7819361436408963, 0.0003642039984845286, 20.0, 
objectives:
-16.824339375987726, 20.047916049448688, -15.824339375987726, 

parameters:
1.3481293265366732, 0.0013336503975032443, 20.0, 
objectives:
-18.181213668534273, 20.426269025319034, -17.181213668534273, 

parameters:
0.967249969111476, 0.0003010910386501809, 20.0, 
objectives:
-19.0641264062152, 21.066873717338897, -18.0641264062152, 

parameters:
0.10141847938240682, 0, 20.0, 
objectives:
-19.98971429203976, 23.604611790430614, -18.98971429203976, 

parameters:
1.6811148235621896, 0.0, 20.0, 
objectives:
-17.173852949999468, 20.101687755751772, -16.173852949999468, 

parameters:
0.09431621938253403, 1.5273039183853408e-05, 20.0, 
objectives:
-19.991089177722202, 23.631645944747664, -18.991089177722202, 

parameters:
0.01758630391716142, 0, 20.0, 
objectives:
-19.999690721914533, 23.929964062416822, -18.999690721914533, 

parameters:
0.1835522496923615, 0.0005195173684119447, 20.0, 
objectives:
-19.965789054264462, 23.30000194696609, -18.965789054264462, 

parameters:
0.011323411473280094, 2.0521951974103787e-07, 20.0, 
objectives:
-19.99987157513309, 23.954834778973794, -18.99987157513309, 

parameters:
1.0660943082727772, 0.0, 20.0, 
objectives:
-18.863442925868387, 20.872179841040502, -17.863442925868387, 

parameters:
0, 0.0, 20.0, 
objectives:
-20.0, 24.0, -19.0, 

size of all points: 80
[!!!]All points:
0, 0, 20.0, -20.0, 24.0, -19.0, 

0, 0.0, 20.0, -20.0, 24.0, -19.0, 

2.048357973035493, 0.0005269160720332198, 20.0, -15.803702698229895, 20.002865409628136, -14.803702698229895, 

1.9503308162912567, 0.004204677231703633, 20.0, -16.192005029792977, 20.006671705041995, -15.192005029792977, 

0.1835522496923615, 0.0005195173684119447, 20.0, -19.965789054264462, 23.30000194696609, -18.965789054264462, 

1.2051517972154258, 0.04910559609055757, 20.0, -18.498503549577872, 20.680889261560424, -17.498503549577872, 

1.1253738331704561, 0.0, 20.0, -18.733533735615236, 20.76497093170294, -17.733533735615232, 

0.32143995325450336, 0.0, 20.0, -19.896676356451742, 22.817563830530244, -18.896676356451742, 

1.3601785843659748, 0.0, 20.0, -18.149914218632173, 20.40937144390393, -17.149914218632173, 

0.6174725099266521, 0.0, 20.0, -19.61872769948488, 21.911382260808512, -18.61872769948488, 

0.09431621938253403, 1.5273039183853408e-05, 20.0, -19.991089177722202, 23.631645944747664, -18.991089177722202, 

1.6027176990492378, 0.006890061228069026, 20.0, -17.424405915926247, 20.1647232878768, -16.424405915926247, 

1.270853711101257, 0, 20.0, -18.38493084498016, 20.531654310614808, -17.38493084498016, 

1.4264771590954077, 0.0, 20.0, -17.965162914579096, 20.328928449039275, -16.965162914579096, 

0.7004552462508914, 0.0, 20.0, -19.509362447999603, 21.68881656699683, -18.509362447999603, 

1.8188622083277686, 0.013908744996193307, 20.0, -16.67783152212084, 20.046719644568086, -15.67783152212084, 

1.3151729450667051, 0.0, 20.0, -18.27032012456457, 20.46898809516861, -17.27032012456457, 

1.5671644670980711, 0.0, 20.0, -17.543995533065218, 20.187346598542497, -16.543995533065218, 

1.73264024941367, 0.0, 20.0, -16.997957766111735, 20.071481236233584, -15.997957766111735, 

1.6671566342413675, 0.0005158126335899468, 20.0, -17.220072944271404, 20.111300518763123, -16.220072944271404, 

0.848174614921404, 0.0, 20.0, -19.280599822602927, 21.326701717711455, -18.280599822602927, 

1.0031051378912585, 0.0, 20.0, -18.99378008233616, 20.993799366098806, -17.99378008233616, 

1.5208509541550492, 0.0008842458419297397, 20.0, -17.68612812940375, 20.230468053976058, -16.68612812940375, 

1.9075284220028004, 0, 20.0, -16.361335319251506, 20.00855099273729, -15.361335319251506, 

1.8600287558084947, 1.0487162017129423e-05, 20.0, -16.540282540403485, 20.019602436362536, -15.540282540403487, 

0.5000496572434621, 0.0056553455948692355, 20.0, -19.744294994695828, 22.255506376330324, -18.744294994695828, 

1.6811148235621896, 0.0, 20.0, -17.173852949999468, 20.101687755751772, -16.173852949999468, 

1.7799663680936728, 0.0, 20.0, -16.83171972845542, 20.04841479916989, -15.83171972845542, 

0.3666080040257206, 0, 20.0, -19.86559857138428, 22.66796941251284, -18.86559857138428, 

0.7319349712390374, 0.001736789601408006, 20.0, -19.4625344082759, 21.60972570676795, -18.4625344082759, 

1.4585823077129387, 6.225700250958729e-06, 20.0, -17.872531425926546, 20.293139343221696, -16.872531425926546, 

0.5627905495902523, 0.0, 20.0, -19.683266797291903, 22.06557100434709, -18.683266797291903, 

1.0660943082727772, 0.0, 20.0, -18.863442925868387, 20.872179841040502, -17.863442925868387, 

0.9048229811716484, 0.028712725023426026, 20.0, -19.152582647720223, 21.22812542759318, -18.152582647720223, 

0.9550714198887376, 0.0, 20.0, -19.08783858291171, 21.09187573753334, -18.08783858291171, 

0.01758630391716142, 0, 20.0, -19.999690721914533, 23.929964062416822, -18.999690721914533, 

0.7875970951601725, 0.013975187812345038, 20.0, -19.365715627882913, 21.4838959914764, -18.365715627882913, 

0.44095253245027616, 0, 20.0, -19.805560864125688, 22.430629006073207, -18.805560864125688, 

1.0721247394078213, 0.0003470683186857555, 20.0, -18.850201474831024, 20.86129956753769, -17.850201474831024, 

1.8846660813726481, 0.0010214433580497326, 20.0, -16.447012318365417, 20.01432335614399, -15.447012318365417, 

0.2902186865762674, 0.003396254107164497, 20.0, -19.91237685985478, 22.92674839384015, -18.91237685985478, 

1.0630639787644225, 0.0007768185784053871, 20.0, -18.86911815847515, 20.87862592646716, -17.86911815847515, 

0.5246298819405175, 23.11794205016589, 20.0, 3.393178563190812, 45.29465903542874, 4.393178563190812, 

6.37939655448718, 17.861037357636626, 20.0, 38.557737757039526, 57.04015153909081, 39.557737757039526, 

7.718534461470964, 3.747827218155479, 20.0, 43.32360145107034, 56.44946360518648, 44.323601451070346, 

0.1548707693102986, 0, 20.0, -19.976015044813238, 23.40450187794557, -18.976015044813238, 

1.2020788649679792, 0.0007160440865147573, 20.0, -18.55429035831078, 20.637394181817303, -17.55429035831078, 

0.9223928088210862, 31.813141063930807, 20.0, 12.663949557695659, 52.97437832241131, 13.663949557695659, 

1.0592121983375227, 0.06905958326838697, 20.0, -18.809009935624605, 20.954141271025303, -17.809009935624605, 

1.3955930983468545, 0, 20.0, -18.052319903846627, 20.365307702765953, -17.052319903846627, 

1.5596571941693678, 18.387879252658998, 20.0, 0.8204098159832611, 38.581781039305795, 1.8204098159832611, 

3.1428880708600477, 3.9640432498556133, 20.0, -6.158211324189994, 25.270236392369814, -5.158211324189994, 

1.1343649933252355, 28.934368741211948, 20.0, 10.22115267929371, 49.68369270599277, 11.22115267929371, 

0, 0.0, 20.0, -20.0, 24.0, -19.0, 

12.893844529086907, 10.154367285354056, 20.0, 156.40559402561843, 148.8302159092708, 157.40559402561843, 

0.9560313536930256, 7.667922247389208, 20.0, -11.418081803366674, 28.757792781861227, -10.418081803366674, 

1.8581815487770768, 9.785908679012213, 20.0, -6.761252652772212, 29.80602115211948, -5.761252652772212, 

2.7984249094947016, 17.380302701808183, 20.0, 5.211484675888613, 38.0177850379098, 6.211484675888613, 

5.689092900615192, 6.5700576533839365, 20.0, 18.93583568521411, 40.17946408275334, 19.93583568521411, 

5.060531902472128, 7.351556740335571, 20.0, 12.96053987627375, 36.718412266385236, 13.96053987627375, 

1.4792300761065091, 0.004103034591487435, 20.0, -17.807775347350443, 20.27530434822352, -16.807775347350443, 

5.8719717730129855, 36.252785821294566, 20.0, 50.73283832435584, 71.24495123230389, 51.73283832435584, 

0.967249969111476, 0.0003010910386501809, 20.0, -19.0641264062152, 21.066873717338897, -18.0641264062152, 

0.29632003374020655, 34.08867420434885, 20.0, 14.176479766744649, 56.99119963178382, 15.176479766744649, 

0.18807826539857736, 0.00037053355497673496, 20.0, -19.964256032529686, 23.283430905876006, -18.964256032529686, 

0.051566242556175236, 0.0001275221323588475, 20.0, -19.99721340049628, 23.79652162927902, -18.99721340049628, 

1.7819361436408963, 0.0003642039984845286, 20.0, -16.824339375987726, 20.047916049448688, -15.824339375987726, 

0.48745148569709673, 17.51344720467147, 20.0, -2.248943844420225, 39.80125021279139, -1.248943844420225, 

1.2916153479389965, 3.8642437445467683, 20.0, -14.467486048421657, 24.366052559822357, -13.467486048421657, 

6.6865722300257815, 43.24133906528718, 20.0, 67.95158725263913, 85.205298332536, 68.95158725263913, 

18.08803736333044, 32.17209094176734, 20.0, 339.34918659900535, 310.9970371456836, 340.34918659900535, 

0.011323411473280094, 2.0521951974103787e-07, 20.0, -19.99987157513309, 23.954834778973794, -18.99987157513309, 

1.3481293265366732, 0.0013336503975032443, 20.0, -18.181213668534273, 20.426269025319034, -17.181213668534273, 

7.1279725487866274, 0.0002110729374444843, 20.0, 30.808203729193174, 46.29631353404666, 31.808203729193174, 

1.7020685779112177, 0.009649013669118266, 20.0, -17.093313542418166, 20.098412145936962, -16.093313542418166, 

0.10141847938240682, 0, 20.0, -19.98971429203976, 23.604611790430614, -18.98971429203976, 

8.05572322011264, 0.0006271857398673872, 20.0, 44.895303784801825, 56.67241090435126, 45.895303784801825, 

13.077304442509321, 20.461339962740876, 20.0, 171.47723144481492, 163.16801367477763, 172.47723144481492, 

2.471852006324454, 4.272637643647145e-06, 20.0, -13.889943386192128, 20.222648588510058, -12.889943386192128, 

1.1556563279642467, 43.752035013172176, 20.0, 25.087576561535982, 64.46495124967899, 26.087576561535982, 

