Generation 2103 at Fri May 24 19:48:19 2019
parameters:
2.218314653871026, -2.270987787634587, 0.0, 
objectives:
2.649932115944343, -2.2233264995397612, 11.078305435164367, 

parameters:
0.05101637681523949, -100, 19.95971668145522, 
objectives:
-119.95711401075187, -76.24174615510238, 9981.042885989249, 

parameters:
-0.09310337269809921, -0.38187417318528993, 20, 
objectives:
-20.37320593517753, 23.999207555614866, -18.84550387784629, 

parameters:
1.9973066371654076, -100, 0, 
objectives:
-96.01076619713501, -99.99999274579665, 10004.989233802866, 

parameters:
1.5616954016490325, -64.67418919203458, 10.62106882544512, 
objectives:
-72.85636548994796, -53.86100944565385, 4175.568571349168, 

parameters:
-0.29271743531605354, -85.11696858233542, 7.651433102374408, 
objectives:
-92.68271818777183, -72.20898224175879, 7238.332591040838, 

parameters:
2.337795934228866, -91.75981940932446, 0, 
objectives:
-86.29452957922744, -91.64571331614292, 8426.329747861935, 

parameters:
3.2545840677085227, -89.67390694323724, 0.413381190840085, 
objectives:
-79.49497068029517, -87.6865445694491, 8052.588522727314, 

parameters:
0.41849305244231916, -35.55290544822044, 14.337080915387507, 
objectives:
-49.71484992866546, -18.714660307659724, 1250.8471413296577, 

parameters:
-1.7568606933315758, -75.0836432076772, 17.984456317432617, 
objectives:
-89.98154002933632, -42.985184621144775, 5623.655580516111, 

parameters:
3.0996720489318896, -44.56134193554616, 20, 
objectives:
-54.95337512461654, -23.3520633203441, 1976.3211619075944, 

parameters:
2.539488793127191, -47.56893915510665, 0.09674877020280472, 
objectives:
-41.21668459489086, -47.181142226994005, 2270.1562269024544, 

parameters:
0.46918155853770815, -60.29761054551747, 8.103041037032286, 
objectives:
-68.18052024767789, -49.851164407764145, 3628.9189277967394, 

parameters:
-0.3744739831049766, -3.5319807231179587, 10.340069554373331, 
objectives:
-13.731819513468784, 12.446215527697785, 3.275049038126035, 

parameters:
1.9375933513623051, -80.45855431074648, 13.209217584116569, 
objectives:
-89.91350389961964, -67.24544213683572, 6465.124012186468, 

parameters:
4.807216410114576, -69.11118686998032, 1.963582553128521, 
objectives:
-47.96543980943397, -59.26714034363523, 4798.501897637886, 

parameters:
-0.5173355396254, -95.82978338903247, 12.17188141792517, 
objectives:
-107.73402874639814, -77.32092375204618, 9172.443139031519, 

parameters:
-0.1325740758459788, -93.75688984646335, 8.604523168646026, 
objectives:
-102.34383712952297, -80.604494488847, 8782.767446398802, 

parameters:
-1.114504100890442, -97.21135908080204, 18.63542296107917, 
objectives:
-114.6046626509796, -68.87580032525949, 9433.655030766457, 

parameters:
0.730251738361964, -28.27287597294557, 5.653633566167672, 
objectives:
-33.39324193773257, -21.006981758845086, 795.235149816776, 

parameters:
0.6045296223138581, -78.60762613531897, 15.824059829477264, 
objectives:
-94.06622990054129, -60.836228730842194, 6164.70028286486, 

parameters:
3.407146389240839, -55.7108225416457, 17.677544875521452, 
objectives:
-61.779720899450254, -36.053216705370716, 3098.6268499089338, 

parameters:
-0.746436974309979, -50.244712399201326, 17.689154954946975, 
objectives:
-67.37669919753127, -25.012641390397402, 2508.3991372801256, 

parameters:
2.206481404600919, -9.267148994841165, 0.924695769394105, 
objectives:
-5.323284575385625, -8.29981865500109, 90.82391491204115, 

parameters:
3.3465130779674084, -54.66825585724924, 19.999949599767717, 
objectives:
-63.469055676010065, -32.855208788344264, 2980.8173986549054, 

parameters:
-0.16279213025224737, -48.04814210511891, 12.757114835310812, 
objectives:
-60.77875566275766, -30.61335747112705, 2296.8933461960623, 

parameters:
-1.0141132942347157, -97.02879473493755, 1.3821937628904748, 
objectives:
-97.38256272428444, -86.56172202156462, 9415.233239725298, 

parameters:
3.909270398018931, -26.545250359174492, 12.076435228073326, 
objectives:
-23.339290542420727, -10.8235016783498, 708.8562764480073, 

parameters:
4.107897653300843, -23.64766216333912, 0, 
objectives:
-6.772839033344546, -19.20442964654792, 577.0867489214152, 

parameters:
2.7999992607648037, -11.23289090359117, 17.003741991599217, 
objectives:
-20.396637034906938, 6.410849905232279, 118.01409192066546, 

parameters:
2.9924500737639095, -69.83496425355833, 0, 
objectives:
-60.8802068095887, -68.85000710464433, 4886.876989739739, 

parameters:
1.1184993216298016, -4.7274273731737075, 13.59117937893447, 
objectives:
-17.06756601962185, 9.640795451727882, 11.00843092218392, 

parameters:
-1.104478970385001, -17.310376406080525, 14.197890388318868, 
objectives:
-30.288392998376683, 6.525303659801059, 287.6711147278932, 

parameters:
1.22448923178451, -10.65373876170662, 17.536107017797175, 
objectives:
-26.690471900747575, 7.483785207708735, 98.46541646364915, 

parameters:
2.7982131580957317, -100, 10.68143618276662, 
objectives:
-102.85143930462652, -88.68141957147623, 9998.148560695372, 

parameters:
-0.5854447903921498, -20.146295321549633, 2.8939036769874193, 
objectives:
-22.697453395939746, -10.567866880396307, 404.32205710870255, 

