Generation 2107 at Fri May 24 19:48:19 2019
parameters:
3.5468131567826164, 0.019971279713109524, 5.456371812592023, 
objectives:
7.143483036247355, 7.868974034300935, 8.123910608547625, 

parameters:
0.05101637681523949, -100, 19.95971668145522, 
objectives:
-119.95711401075187, -76.24174615510238, 9981.042885989249, 

parameters:
-0.09310337269809921, -0.38187417318528993, 20, 
objectives:
-20.37320593517753, 23.999207555614866, -18.84550387784629, 

parameters:
1.9973066371654076, -100, 0, 
objectives:
-96.01076619713501, -99.99999274579665, 10004.989233802866, 

parameters:
3.3465130779674084, -54.66825585724924, 19.999949599767717, 
objectives:
-63.469055676010065, -32.855208788344264, 2980.8173986549054, 

parameters:
3.0996720489318896, -44.56134193554616, 20, 
objectives:
-54.95337512461654, -23.3520633203441, 1976.3211619075944, 

parameters:
3.2545840677085227, -89.67390694323724, 0.413381190840085, 
objectives:
-79.49497068029517, -87.6865445694491, 8052.588522727314, 

parameters:
-0.29271743531605354, -85.11696858233542, 7.651433102374408, 
objectives:
-92.68271818777183, -72.20898224175879, 7238.332591040838, 

parameters:
-0.1325740758459788, -93.75688984646335, 8.604523168646026, 
objectives:
-102.34383712952297, -80.604494488847, 8782.767446398802, 

parameters:
3.909270398018931, -26.545250359174492, 12.076435228073326, 
objectives:
-23.339290542420727, -10.8235016783498, 708.8562764480073, 

parameters:
0.41849305244231916, -35.55290544822044, 14.337080915387507, 
objectives:
-49.71484992866546, -18.714660307659724, 1250.8471413296577, 

parameters:
0.46918155853770815, -60.29761054551747, 8.103041037032286, 
objectives:
-68.18052024767789, -49.851164407764145, 3628.9189277967394, 

parameters:
-0.5173355396254, -95.82978338903247, 12.17188141792517, 
objectives:
-107.73402874639814, -77.32092375204618, 9172.443139031519, 

parameters:
2.539488793127191, -47.56893915510665, 0.09674877020280472, 
objectives:
-41.21668459489086, -47.181142226994005, 2270.1562269024544, 

parameters:
4.807216410114576, -69.11118686998032, 1.963582553128521, 
objectives:
-47.96543980943397, -59.26714034363523, 4798.501897637886, 

parameters:
0.4942842044342414, -57.29819767985996, 13.341015724065363, 
objectives:
-70.39489652917213, -41.69000189877837, 3270.986758510997, 

parameters:
-3.13457282313973, -29.65705067374645, 20, 
objectives:
-39.83150389018027, 16.706787402378648, 870.366201448731, 

parameters:
-1.114504100890442, -97.21135908080204, 18.63542296107917, 
objectives:
-114.6046626509796, -68.87580032525949, 9433.655030766457, 

parameters:
1.9375933513623051, -80.45855431074648, 13.209217584116569, 
objectives:
-89.91350389961964, -67.24544213683572, 6465.124012186468, 

parameters:
-3.5243877959693415, -73.29012292047338, 13.97807765294574, 
objectives:
-74.84689123704149, -28.79318474727265, 5370.8853493815295, 

parameters:
2.337795934228866, -91.75981940932446, 0, 
objectives:
-86.29452957922744, -91.64571331614292, 8426.329747861935, 

parameters:
2.752183982728402, -39.80927947367654, 0.7316797560131556, 
objectives:
-32.96644255490293, -38.51181897379022, 1592.6215691320579, 

parameters:
1.4615039955217881, -76.41379985578114, 9.803789929008623, 
objectives:
-84.08159585586361, -66.3200319799335, 5832.401012399295, 

parameters:
0.9607029590555916, -97.49831040404364, 1.915656100209758, 
objectives:
-98.49101632871522, -94.50251596451807, 9505.927825718572, 

parameters:
0.6045296223138581, -78.60762613531897, 15.824059829477264, 
objectives:
-94.06622990054129, -60.836228730842194, 6164.70028286486, 

parameters:
2.218314653871026, -2.270987787634587, 0.0, 
objectives:
2.649932115944343, -2.2233264995397612, 11.078305435164367, 

parameters:
-0.3744739831049766, -3.5319807231179587, 10.340069554373331, 
objectives:
-13.731819513468784, 12.446215527697785, 3.275049038126035, 

parameters:
2.206481404600919, -9.267148994841165, 0.924695769394105, 
objectives:
-5.323284575385625, -8.29981865500109, 90.82391491204115, 

parameters:
1.4292465341164113, -40.642299474798, 3.707821604317552, 
objectives:
-42.30737542383178, -36.60871835166232, 1651.1314306501322, 

parameters:
1.5616954016490325, -64.67418919203458, 10.62106882544512, 
objectives:
-72.85636548994796, -53.86100944565385, 4175.568571349168, 

parameters:
-3.4672263399420804, -74.23997792912509, 16.825938095907283, 
objectives:
-79.04425753264422, -27.52347598106133, 5507.770043313461, 

parameters:
1.9025126633008238, -18.52189026658596, 15.569966095187457, 
objectives:
-30.47230192775342, -2.9424203905818054, 332.1100073862843, 

parameters:
1.6786001391126488, -7.037476179450465, 7.819804471242052, 
objectives:
-12.039582223663512, 0.8856261623699959, 45.52396493211967, 

parameters:
0.7823207247022284, -65.23106790373998, 8.437968876407913, 
objectives:
-73.05701106384927, -55.31035620984236, 4248.2662767022275, 

parameters:
-1.1479819321512756, -33.307253173173464, 14.832307461734844, 
objectives:
-46.821698118362534, -8.56515546628774, 1096.8586689966846, 

parameters:
1.0699138373508337, -9.237451062123302, 1.2641236245669525, 
objectives:
-9.356859067335469, -7.1082671676048985, 86.21109411991075, 

parameters:
2.1601731710907366, -79.60865546706898, 7.533895948947695, 
objectives:
-82.47620328691647, -72.04910407338403, 6335.670477454645, 

parameters:
-0.4736544558195992, -10.28075461798185, 20, 
objectives:
-30.05640607446409, 15.838211748814306, 86.9182640586729, 

parameters:
-0.6632336492782225, -100, 0.32088382233459467, 
objectives:
-99.88100494879968, -92.58630270701761, 10001.1189950512, 

