Generation 211 at Fri May 24 19:55:16 2019
parameters:
0, 0.0, 20.0, 
objectives:
-20.0, 24.0, -19.0, 

parameters:
0, 0.0, 20.0, 
objectives:
-20.0, 24.0, -19.0, 

parameters:
1.9979647189482492, 0.0, 20.0, 
objectives:
-16.008136981838042, 20.000004142368958, -15.008136981838044, 

parameters:
0.2084234640423246, 0.0, 20.0, 
objectives:
-19.956559659636596, 23.209746484194103, -18.956559659636596, 

parameters:
1.8250280566148942, 0.0, 20.0, 
objectives:
-16.66927259256846, 20.03061518097196, -15.669272592568463, 

parameters:
0.8113311104869143, 0.0, 20.0, 
objectives:
-19.34174182915607, 21.412933728896274, -18.34174182915607, 

parameters:
0.6968635178760074, 0.0, 20.0, 
objectives:
-19.514381237453474, 21.698164691042496, -18.514381237453474, 

parameters:
1.1519144137543003, 0.0, 20.0, 
objectives:
-18.673093183385088, 20.719249161597713, -17.673093183385088, 

parameters:
1.2468121567681718, 0.0, 20.0, 
objectives:
-18.4454594457351, 20.567291927192212, -17.4454594457351, 

parameters:
0.8898875540647825, 0.0, 20.0, 
objectives:
-19.2081001411206, 21.23234964262027, -18.2081001411206, 

parameters:
1.8899236400560266, 0.0, 20.0, 
objectives:
-16.42818863475738, 20.012116805018515, -15.428188634757378, 

parameters:
1.0817676516633563, 0.0, 20.0, 
objectives:
-18.829778747814746, 20.84315064553183, -17.829778747814746, 

parameters:
1.4378190188745172, 0.0, 20.0, 
objectives:
-17.932676468962722, 20.31604745553921, -16.932676468962722, 

parameters:
1.7193011718928422, 0.0, 20.0, 
objectives:
-17.0440034803279, 20.07879183210073, -16.0440034803279, 

parameters:
1.6346629295120103, 0.0, 20.0, 
objectives:
-17.327877106879214, 20.133471175072746, -16.327877106879214, 

parameters:
1.5077056901774724, 0.0, 20.0, 
objectives:
-17.726823551806472, 20.24235368748364, -16.726823551806472, 

parameters:
0.9638971778782761, 0.0, 20.0, 
objectives:
-19.070902230478296, 21.0735090580086, -18.070902230478296, 

parameters:
1.011776832033207, 0.0, 20.0, 
objectives:
-18.976307642160847, 20.976585029706325, -17.976307642160847, 

parameters:
0.30447865444262834, 0.0, 20.0, 
objectives:
-19.907292748988805, 22.87479263324068, -18.907292748988805, 

parameters:
1.5810908420071148, 0.0, 20.0, 
objectives:
-17.500151749321233, 20.17548488265031, -16.500151749321233, 

parameters:
0.5303675526404212, 0.0, 20.0, 
objectives:
-19.71871025910621, 22.159819530332104, -18.71871025910621, 

parameters:
1.9379176761034853, 0.0, 20.0, 
objectives:
-16.244475080645667, 20.003854214940393, -15.244475080645667, 

parameters:
1.6885107133158161, 0.0, 20.0, 
objectives:
-17.148931571017712, 20.097025575719023, -16.148931571017712, 

parameters:
1.3011359661632742, 0.0, 20.0, 
objectives:
-18.307045197556363, 20.48841093779054, -17.307045197556363, 

parameters:
0.47844740490402055, 0.0, 20.0, 
objectives:
-19.771088080740608, 22.31512229964331, -18.771088080740608, 

parameters:
1.3873116441578481, 0.0, 20.0, 
objectives:
-18.07536640198405, 20.375387021384558, -17.07536640198405, 

parameters:
1.5437692465905701, 0.0, 20.0, 
objectives:
-17.616776513281184, 20.208146500356538, -16.616776513281184, 

parameters:
0.6170030464320657, 0.0, 20.0, 
objectives:
-19.61930724069355, 21.912680573578186, -18.61930724069355, 

parameters:
1.9694480059823125, 0.0, 20.0, 
objectives:
-16.12127455173229, 20.000933424338456, -15.121274551732293, 

parameters:
0.6056510748599161, 0.0, 20.0, 
objectives:
-19.63318677552103, 21.94420892503931, -18.63318677552103, 

parameters:
0.35927496183252405, 0.0, 20.0, 
objectives:
-19.87092150180024, 22.691978650869665, -18.87092150180024, 

parameters:
0.4098901669297029, 0.0, 20.0, 
objectives:
-19.83199005105434, 22.528449281226848, -18.83199005105434, 

parameters:
1.3383772680884112, 0.0, 20.0, 
objectives:
-18.2087462882642, 20.437744639382153, -17.2087462882642, 

parameters:
1.3526153809779697, 0.0, 20.0, 
objectives:
-18.17043163114182, 20.4191068449463, -17.17043163114182, 

parameters:
0.39845209355492994, 0.0, 20.0, 
objectives:
-19.841235929141693, 22.564955696638588, -18.841235929141693, 

parameters:
1.717910320318476, 0.0, 20.0, 
objectives:
-17.04878413134327, 20.079574587382826, -16.04878413134327, 

parameters:
0, 0.0, 20.0, 
objectives:
-20.0, 24.0, -19.0, 

