Generation 2115 at Fri May 24 19:48:19 2019
parameters:
3.5468131567826164, 0.019971279713109524, 5.456371812592023, 
objectives:
7.143483036247355, 7.868974034300935, 8.123910608547625, 

parameters:
0.05101637681523949, -100, 19.95971668145522, 
objectives:
-119.95711401075187, -76.24174615510238, 9981.042885989249, 

parameters:
-2.342053753580474, -8.01852581526444, 19.801857770468303, 
objectives:
-22.335167801072355, 30.63676275418615, 50.980114264254325, 

parameters:
-0.09310337269809921, -0.38187417318528993, 20, 
objectives:
-20.37320593517753, 23.999207555614866, -18.84550387784629, 

parameters:
1.9973066371654076, -100, 0, 
objectives:
-96.01076619713501, -99.99999274579665, 10004.989233802866, 

parameters:
4.807216410114576, -69.11118686998032, 1.963582553128521, 
objectives:
-47.96543980943397, -59.26714034363523, 4798.501897637886, 

parameters:
3.4542844312966356, -76.7278228591409, 8.042856361938938, 
objectives:
-72.83859828878153, -66.57002329009018, 5892.0480252740645, 

parameters:
0.46918155853770815, -60.29761054551747, 8.103041037032286, 
objectives:
-68.18052024767789, -49.851164407764145, 3628.9189277967394, 

parameters:
3.2545840677085227, -89.67390694323724, 0.413381190840085, 
objectives:
-79.49497068029517, -87.6865445694491, 8052.588522727314, 

parameters:
1.5616954016490325, -64.67418919203458, 10.62106882544512, 
objectives:
-72.85636548994796, -53.86100944565385, 4175.568571349168, 

parameters:
2.2483782958440615, -43.93584264625228, 0.1858190230473058, 
objectives:
-39.06645670807695, -43.688331845358576, 1936.227654974416, 

parameters:
-0.6659843034343678, -23.987567704064475, 0.6218070370570827, 
objectives:
-24.165839648700597, -16.25828836084896, 576.2251324124408, 

parameters:
-0.32854100175348416, -81.5629207116227, 7.532251740393288, 
objectives:
-88.9872332621828, -68.60856577438228, 6646.08572245989, 

parameters:
-3.455065836707286, -48.95145882208401, 19.60514223285234, 
objectives:
-56.619121118954524, 0.41142669357929407, 2389.5776585133153, 

parameters:
-0.5173355396254, -95.82978338903247, 12.17188141792517, 
objectives:
-107.73402874639814, -77.32092375204618, 9172.443139031519, 

parameters:
0.9607029590555916, -97.49831040404364, 1.915656100209758, 
objectives:
-98.49101632871522, -94.50251596451807, 9505.927825718572, 

parameters:
2.337795934228866, -91.75981940932446, 0, 
objectives:
-86.29452957922744, -91.64571331614292, 8426.329747861935, 

parameters:
2.206481404600919, -9.267148994841165, 0.924695769394105, 
objectives:
-5.323284575385625, -8.29981865500109, 90.82391491204115, 

parameters:
-0.29271743531605354, -85.11696858233542, 7.651433102374408, 
objectives:
-92.68271818777183, -72.20898224175879, 7238.332591040838, 

parameters:
1.9300068745414893, -30.671531034433695, 5.562655333425621, 
objectives:
-32.50925983208191, -25.103976663396622, 939.9050871985811, 

parameters:
-0.1325740758459788, -93.75688984646335, 8.604523168646026, 
objectives:
-102.34383712952297, -80.604494488847, 8782.767446398802, 

parameters:
4.54991639364648, -85.35652775181495, 0.2992455578787974, 
objectives:
-64.95403412052075, -78.55520857934908, 7307.139323477651, 

parameters:
2.3140568303147164, -52.118216959867894, 1.7407117702201522, 
objectives:
-48.50406971616185, -50.27887349698042, 2720.9226863195677, 

parameters:
3.3168120485590427, -33.489286074837096, 5.204008563156571, 
objectives:
-27.692052472527234, -26.551283540450264, 1128.3295154045877, 

parameters:
-2.9012580790894456, -38.05382411180226, 4.64864765703018, 
objectives:
-34.285173327350655, -9.382845696932515, 1452.8621803164344, 

parameters:
0.24080043814197127, -0.46918544458146894, 12.210788184881295, 
objectives:
-12.6219887784534, 14.836385838741307, -10.93266835246482, 

parameters:
-0.3530058283640889, -88.04071972421956, 0.06445744124312938, 
objectives:
-87.98056405060368, -82.43962585466105, 7752.228485232198, 

parameters:
1.1903223091188728, -44.44086486987737, 12.895614519975668, 
objectives:
-55.91961219026695, -30.889672386791112, 1964.5117230623111, 

parameters:
2.218314653871026, -2.270987787634587, 0.0, 
objectives:
2.649932115944343, -2.2233264995397612, 11.078305435164367, 

parameters:
3.7563174910585526, -50.02780035532769, 14.942384599189559, 
objectives:
-50.860263860884835, -32.00076462673992, 2502.9483448869682, 

parameters:
1.0528881880887682, -100.0, 16.99456139537963, 
objectives:
-115.88598785876279, -82.1084178203586, 9985.114012141235, 

parameters:
2.752183982728402, -39.80927947367654, 0.7316797560131556, 
objectives:
-32.96644255490293, -38.51181897379022, 1592.6215691320579, 

parameters:
-0.3744739831049766, -3.5319807231179587, 10.340069554373331, 
objectives:
-13.731819513468784, 12.446215527697785, 3.275049038126035, 

parameters:
-1.5497999559377638, -15.613890638065651, 0, 
objectives:
-13.212010734640957, -3.012810910889902, 247.19546076089887, 

parameters:
4.01831757175664, -39.59164116985961, 0, 
objectives:
-23.444765062371427, -35.51803534939799, 1584.6449266304103, 

parameters:
-0.5720424093645053, -2.426113819084212, 20, 
objectives:
-22.098881300972664, 24.189288336485358, -12.786739218737072, 

