Generation 212 at Sat May 25 04:36:27 2019
parameters:
0, 0.0, 20.0, 
objectives:
-20.0, 24.0, -19.0, 

parameters:
0, 0.0, 20.0, 
objectives:
-20.0, 24.0, -19.0, 

parameters:
1.9971487895634539, 0.0, 20.0, 
objectives:
-16.01139671234523, 20.000008129400953, -15.011396712345231, 

parameters:
1.23002108466958, 0.0, 20.0, 
objectives:
-18.48704813126827, 20.59286753005341, -17.48704813126827, 

parameters:
1.3234195027860154, 0.0, 20.0, 
objectives:
-18.248560819645615, 20.457761169210322, -17.248560819645615, 

parameters:
1.9256138418811688, 0.0, 20.0, 
objectives:
-16.292011331955646, 20.00553330051968, -15.292011331955646, 

parameters:
1.5600070917104698, 0.0, 20.0, 
objectives:
-17.566377873813042, 20.193593759345077, -16.566377873813042, 

parameters:
1.39817358065715, 0.0, 20.0, 
objectives:
-18.045110638352362, 20.362195039019035, -17.045110638352362, 

parameters:
1.7615991324384104, 0.0, 20.0, 
objectives:
-16.89676849659224, 20.05683497365412, -15.896768496592241, 

parameters:
1.700664428349015, 0.0, 20.0, 
objectives:
-17.107740502148317, 20.08960178445562, -16.107740502148317, 

parameters:
1.862666147136347, 0.0, 20.0, 
objectives:
-16.530474824312236, 20.018860587142374, -15.530474824312236, 

parameters:
0.08724350396489898, 0.0, 20.0, 
objectives:
-19.992388571015926, 23.658637413124477, -18.992388571015926, 

parameters:
0.44031764687773367, 0.0, 20.0, 
objectives:
-19.806120369848056, 22.432609042641012, -18.806120369848056, 

parameters:
0.6385250073332925, 0.0, 20.0, 
objectives:
-19.59228581501002, 21.85361415565681, -18.59228581501002, 

parameters:
1.1368241208279022, 0.0, 20.0, 
objectives:
-18.707630918303867, 20.745072598384525, -17.707630918303867, 

parameters:
0.815496376751176, 0.0, 20.0, 
objectives:
-19.334965659505706, 21.403048833489592, -18.334965659505706, 

parameters:
1.8167850752728478, 0.0, 20.0, 
objectives:
-16.699291990265834, 20.033567708642774, -15.699291990265833, 

parameters:
1.107734681739038, 0.0, 20.0, 
objectives:
-18.77292387487251, 20.796137398171336, -17.77292387487251, 

parameters:
1.0219886234552311, 0.0, 20.0, 
objectives:
-18.95553925352808, 20.956506252650993, -17.95553925352808, 

parameters:
1.4886637776944611, 0.0, 20.0, 
objectives:
-17.783880156980455, 20.2614647322417, -16.783880156980455, 

parameters:
0.2372563059146105, 0.0, 20.0, 
objectives:
-19.943709445303753, 23.107265331037805, -18.943709445303753, 

parameters:
0.7051157639896101, 0.0, 20.0, 
objectives:
-19.502811759373348, 21.67672518466821, -18.502811759373348, 

parameters:
1.460885416938542, 0.0, 20.0, 
objectives:
-17.8658137985763, 20.29064453366953, -16.8658137985763, 

parameters:
0.7634526018088579, 0.0, 20.0, 
objectives:
-19.417140124791285, 21.529049467973284, -18.417140124791285, 

parameters:
1.6262064498802187, 0.0, 20.0, 
objectives:
-17.355452582367974, 20.13972161811115, -16.355452582367974, 

parameters:
0.32182802514920833, 0.0, 20.0, 
objectives:
-19.89642672222856, 22.816261177174606, -18.89642672222856, 

parameters:
0.5385751032055895, 0.0, 20.0, 
objectives:
-19.70993685820709, 22.135762728970555, -18.70993685820709, 

parameters:
0.37009534621910267, 0.0, 20.0, 
objectives:
-19.863029434706963, 22.656589180416628, -18.863029434706963, 

parameters:
1.643921308766639, 0.0, 20.0, 
objectives:
-17.29752273058298, 20.126792034350462, -16.29752273058298, 

parameters:
0.9695622590982977, 0.0, 20.0, 
objectives:
-19.059949025732205, 21.061801937874606, -18.059949025732205, 

parameters:
0.5539248062778304, 0.0, 20.0, 
objectives:
-19.69316730899007, 22.09113346589861, -18.69316730899007, 

parameters:
0.9001830125071382, 0.0, 20.0, 
objectives:
-19.189670543993575, 21.209597405977874, -18.189670543993575, 

parameters:
0.9046450322118749, 0.0, 20.0, 
objectives:
-19.181617365694375, 21.199802505458123, -18.181617365694375, 

parameters:
0.24550759512692805, 0.0, 20.0, 
objectives:
-19.93972602073499, 23.078243598757297, -18.93972602073499, 

parameters:
0.04054348361786998, 0.0, 20.0, 
objectives:
-19.998356225936128, 23.839469839592393, -18.998356225936128, 

parameters:
0.993379485188692, 0.0, 20.0, 
objectives:
-19.01319719840625, 21.013284860838983, -18.01319719840625, 

parameters:
0.004584988192513925, 0.0, 20.0, 
objectives:
-19.999978977883274, 23.98168106934667, -18.999978977883274, 

