Generation 2121 at Fri May 24 19:48:19 2019
parameters:
0.05101637681523949, -100, 19.95971668145522, 
objectives:
-119.95711401075187, -76.24174615510238, 9981.042885989249, 

parameters:
3.5468131567826164, 0.019971279713109524, 5.456371812592023, 
objectives:
7.143483036247355, 7.868974034300935, 8.123910608547625, 

parameters:
-2.342053753580474, -8.01852581526444, 19.801857770468303, 
objectives:
-22.335167801072355, 30.63676275418615, 50.980114264254325, 

parameters:
-0.09310337269809921, -0.38187417318528993, 20, 
objectives:
-20.37320593517753, 23.999207555614866, -18.84550387784629, 

parameters:
1.9973066371654076, -100, 0, 
objectives:
-96.01076619713501, -99.99999274579665, 10004.989233802866, 

parameters:
3.4542844312966356, -76.7278228591409, 8.042856361938938, 
objectives:
-72.83859828878153, -66.57002329009018, 5892.0480252740645, 

parameters:
3.2545840677085227, -89.67390694323724, 0.413381190840085, 
objectives:
-79.49497068029517, -87.6865445694491, 8052.588522727314, 

parameters:
3.7563174910585526, -50.02780035532769, 14.942384599189559, 
objectives:
-50.860263860884835, -32.00076462673992, 2502.9483448869682, 

parameters:
2.2483782958440615, -43.93584264625228, 0.1858190230473058, 
objectives:
-39.06645670807695, -43.688331845358576, 1936.227654974416, 

parameters:
4.54991639364648, -85.35652775181495, 0.2992455578787974, 
objectives:
-64.95403412052075, -78.55520857934908, 7307.139323477651, 

parameters:
0.09510908174603612, -81.44140678126844, 20, 
objectives:
-101.43236104383787, -57.81279737082201, 6613.711784249468, 

parameters:
1.5399110088748889, -69.30434798704988, 7.811192078156557, 
objectives:
-74.74421414995236, -61.2814740291388, 4798.652783747202, 

parameters:
-0.5173355396254, -95.82978338903247, 12.17188141792517, 
objectives:
-107.73402874639814, -77.32092375204618, 9172.443139031519, 

parameters:
-0.6825872524567389, -66.92856912721587, 20, 
objectives:
-86.46264376999943, -39.73229476017247, 4460.899290773729, 

parameters:
2.337795934228866, -91.75981940932446, 0, 
objectives:
-86.29452957922744, -91.64571331614292, 8426.329747861935, 

parameters:
5.0587703892899025, -28.15051366303257, 0.18159488552791087, 
objectives:
-2.7409506970041697, -18.612842483107958, 818.8609824586117, 

parameters:
1.9300068745414893, -30.671531034433695, 5.562655333425621, 
objectives:
-32.50925983208191, -25.103976663396622, 939.9050871985811, 

parameters:
-0.1325740758459788, -93.75688984646335, 8.604523168646026, 
objectives:
-102.34383712952297, -80.604494488847, 8782.767446398802, 

parameters:
3.3168120485590427, -33.489286074837096, 5.204008563156571, 
objectives:
-27.692052472527234, -26.551283540450264, 1128.3295154045877, 

parameters:
0.46918155853770815, -60.29761054551747, 8.103041037032286, 
objectives:
-68.18052024767789, -49.851164407764145, 3628.9189277967394, 

parameters:
-0.5768827525652513, -37.19742070037766, 19.75732118440005, 
objectives:
-56.62194817457045, -10.79977479550935, 1365.2235792866918, 

parameters:
-0.8235591324340957, -92.67019134708286, 19.10444432902956, 
objectives:
-111.09638603149682, -65.59326084370132, 8570.338169620538, 

parameters:
-4.365260440652501, -56.45722281217053, 19.278208815192585, 
objectives:
-56.67993291263744, 3.337526480357731, 3188.1952975626014, 

parameters:
2.218314653871026, -2.270987787634587, 0.0, 
objectives:
2.649932115944343, -2.2233264995397612, 11.078305435164367, 

parameters:
0.24080043814197127, -0.46918544458146894, 12.210788184881295, 
objectives:
-12.6219887784534, 14.836385838741307, -10.93266835246482, 

parameters:
1.5616954016490325, -64.67418919203458, 10.62106882544512, 
objectives:
-72.85636548994796, -53.86100944565385, 4175.568571349168, 

parameters:
-1.8739446606752885, -20.501607468924387, 0.16402449760568485, 
objectives:
-17.153963375256648, -5.3301357373441265, 424.66355290352396, 

parameters:
0.9771384510175875, -59.57792986083397, 1.3939460530425383, 
objectives:
-60.01707636141946, -57.137738059404725, 3550.090580001867, 

parameters:
1.0474746796898076, -27.119956574259692, 17.143966277864752, 
objectives:
-43.166719647533185, -9.068685810562904, 720.4452815164581, 

parameters:
3.7749186811816626, -41.37794666392786, 19.957371240279183, 
objectives:
-47.08530685467274, -18.27023909884102, 1707.4271099321138, 

parameters:
2.3140568303147164, -52.118216959867894, 1.7407117702201522, 
objectives:
-48.50406971616185, -50.27887349698042, 2720.9226863195677, 

parameters:
-1.3791047789746353, -10.44599065195758, 9.497820361931344, 
objectives:
-18.041881022498245, 10.470178817262983, 102.52283033024446, 

parameters:
-0.7160508618980392, -67.70385268019149, 8.920281264150189, 
objectives:
-76.11140510751676, -51.40663913162422, 4576.404115313747, 

parameters:
1.6962330280276254, 2.3279526586775425, 20, 
objectives:
-14.79484085595069, 22.420227031938808, -10.703429933584395, 

parameters:
-1.4253467383262046, -28.570583960073872, 19.876280204693856, 
objectives:
-46.41525084031058, 3.0386965223819544, 799.4336009393936, 

parameters:
-1.7001383575320923, -9.695235736053874, 13.022684949572678, 
objectives:
-19.827450250874634, 17.018473078399094, 84.86538146283534, 

