Generation 2123 at Fri May 24 19:48:19 2019
parameters:
0.05101637681523949, -100, 19.95971668145522, 
objectives:
-119.95711401075187, -76.24174615510238, 9981.042885989249, 

parameters:
3.5468131567826164, 0.019971279713109524, 5.456371812592023, 
objectives:
7.143483036247355, 7.868974034300935, 8.123910608547625, 

parameters:
-0.09310337269809921, -0.38187417318528993, 20, 
objectives:
-20.37320593517753, 23.999207555614866, -18.84550387784629, 

parameters:
1.9973066371654076, -100, 0, 
objectives:
-96.01076619713501, -99.99999274579665, 10004.989233802866, 

parameters:
3.4542844312966356, -76.7278228591409, 8.042856361938938, 
objectives:
-72.83859828878153, -66.57002329009018, 5892.0480252740645, 

parameters:
3.2545840677085227, -89.67390694323724, 0.413381190840085, 
objectives:
-79.49497068029517, -87.6865445694491, 8052.588522727314, 

parameters:
1.5399110088748889, -69.30434798704988, 7.811192078156557, 
objectives:
-74.74421414995236, -61.2814740291388, 4798.652783747202, 

parameters:
3.7563174910585526, -50.02780035532769, 14.942384599189559, 
objectives:
-50.860263860884835, -32.00076462673992, 2502.9483448869682, 

parameters:
4.54991639364648, -85.35652775181495, 0.2992455578787974, 
objectives:
-64.95403412052075, -78.55520857934908, 7307.139323477651, 

parameters:
0.09510908174603612, -81.44140678126844, 20, 
objectives:
-101.43236104383787, -57.81279737082201, 6613.711784249468, 

parameters:
2.2483782958440615, -43.93584264625228, 0.1858190230473058, 
objectives:
-39.06645670807695, -43.688331845358576, 1936.227654974416, 

parameters:
3.279575963035488, -99.1455429169915, 3.885128642695502, 
objectives:
-92.27505306236687, -93.6230996291178, 9837.709170159627, 

parameters:
-0.6825872524567389, -66.92856912721587, 20, 
objectives:
-86.46264376999943, -39.73229476017247, 4460.899290773729, 

parameters:
-0.5173355396254, -95.82978338903247, 12.17188141792517, 
objectives:
-107.73402874639814, -77.32092375204618, 9172.443139031519, 

parameters:
-0.1325740758459788, -93.75688984646335, 8.604523168646026, 
objectives:
-102.34383712952297, -80.604494488847, 8782.767446398802, 

parameters:
0.46918155853770815, -60.29761054551747, 8.103041037032286, 
objectives:
-68.18052024767789, -49.851164407764145, 3628.9189277967394, 

parameters:
5.0587703892899025, -28.15051366303257, 0.18159488552791087, 
objectives:
-2.7409506970041697, -18.612842483107958, 818.8609824586117, 

parameters:
-0.8235591324340957, -92.67019134708286, 19.10444432902956, 
objectives:
-111.09638603149682, -65.59326084370132, 8570.338169620538, 

parameters:
0.9771384510175875, -59.57792986083397, 1.3939460530425383, 
objectives:
-60.01707636141946, -57.137738059404725, 3550.090580001867, 

parameters:
-0.039460270308318, -5.940600595052667, 4.477085518874514, 
objectives:
-10.416129000994374, 2.6958831179879246, 31.815207023998394, 

parameters:
2.337795934228866, -91.75981940932446, 0, 
objectives:
-86.29452957922744, -91.64571331614292, 8426.329747861935, 

parameters:
1.3831156670516842, -50.87232391595871, 0, 
objectives:
-48.959314967514885, -50.49177763572162, 2590.9063495586684, 

parameters:
1.5616954016490325, -64.67418919203458, 10.62106882544512, 
objectives:
-72.85636548994796, -53.86100944565385, 4175.568571349168, 

parameters:
1.053263799992779, -41.517966298887124, 20, 
objectives:
-60.4086016665119, -20.621656866483015, 1705.8508902279023, 

parameters:
3.3168120485590427, -33.489286074837096, 5.204008563156571, 
objectives:
-27.692052472527234, -26.551283540450264, 1128.3295154045877, 

parameters:
-0.5768827525652513, -37.19742070037766, 19.75732118440005, 
objectives:
-56.62194817457045, -10.79977479550935, 1365.2235792866918, 

parameters:
1.9300068745414893, -30.671531034433695, 5.562655333425621, 
objectives:
-32.50925983208191, -25.103976663396622, 939.9050871985811, 

parameters:
2.915220068985455, -37.43721043730946, 19.52704464357184, 
objectives:
-48.46574703026574, -17.072538019063877, 1391.5161887344361, 

parameters:
-1.8739446606752885, -20.501607468924387, 0.16402449760568485, 
objectives:
-17.153963375256648, -5.3301357373441265, 424.66355290352396, 

parameters:
0.4780597744338442, -6.645828361505863, 16.52127990370244, 
objectives:
-22.938567117276563, 12.191753592392937, 28.874295854825004, 

parameters:
1.6233449732390035, -99.66853158037071, 0, 
objectives:
-97.03328267823036, -99.52666257118638, 9937.451436289495, 

parameters:
0.4117001252578256, -16.388028357789604, 11.293763884838853, 
objectives:
-27.51229524949115, -2.571567980844744, 258.44320656401476, 

parameters:
2.761573375659456, -5.390386330699208, 19.941898101555058, 
objectives:
-17.705996923103104, 15.131505777369188, 17.740654201784974, 

parameters:
-1.5325312834544882, -24.002895712228664, 20, 
objectives:
-41.654243577462005, 8.475881556355947, 559.4876547068918, 

parameters:
1.1057002249734391, -18.6757504601682, 17.352458807475546, 
objectives:
-34.805636280137435, -0.5235195650800968, 333.6537694305035, 

parameters:
4.058203359396407, -22.833727734357026, 5.123252210564413, 
objectives:
-11.48796543870516, -13.47427445516196, 533.7248845423971, 

parameters:
2.3156661410232795, -28.907945221869568, 19.946864724253444, 
objectives:
-43.492500269441365, -8.861435385027594, 822.0847419030398, 

parameters:
0.24080043814197127, -0.46918544458146894, 12.210788184881295, 
objectives:
-12.6219887784534, 14.836385838741307, -10.93266835246482, 

parameters:
1.0474746796898076, -27.119956574259692, 17.143966277864752, 
objectives:
-43.166719647533185, -9.068685810562904, 720.4452815164581, 

parameters:
-1.0493681037086733, -29.76639578638742, 20, 
objectives:
-48.665222369306285, -0.46774995447159284, 868.1394915289438, 

