Generation 2127 at Fri May 24 19:48:19 2019
parameters:
0.05101637681523949, -100, 19.95971668145522, 
objectives:
-119.95711401075187, -76.24174615510238, 9981.042885989249, 

parameters:
3.5468131567826164, 0.019971279713109524, 5.456371812592023, 
objectives:
7.143483036247355, 7.868974034300935, 8.123910608547625, 

parameters:
-0.09310337269809921, -0.38187417318528993, 20, 
objectives:
-20.37320593517753, 23.999207555614866, -18.84550387784629, 

parameters:
1.9973066371654076, -100, 0, 
objectives:
-96.01076619713501, -99.99999274579665, 10004.989233802866, 

parameters:
3.2545840677085227, -89.67390694323724, 0.413381190840085, 
objectives:
-79.49497068029517, -87.6865445694491, 8052.588522727314, 

parameters:
-0.8235591324340957, -92.67019134708286, 19.10444432902956, 
objectives:
-111.09638603149682, -65.59326084370132, 8570.338169620538, 

parameters:
1.9965667229124484, -84.8768372004184, 3.9977231589183932, 
objectives:
-84.88828168029544, -80.87910225410845, 7205.066048666451, 

parameters:
5.0587703892899025, -28.15051366303257, 0.18159488552791087, 
objectives:
-2.7409506970041697, -18.612842483107958, 818.8609824586117, 

parameters:
0.46918155853770815, -60.29761054551747, 8.103041037032286, 
objectives:
-68.18052024767789, -49.851164407764145, 3628.9189277967394, 

parameters:
-0.6825872524567389, -66.92856912721587, 20, 
objectives:
-86.46264376999943, -39.73229476017247, 4460.899290773729, 

parameters:
2.2483782958440615, -43.93584264625228, 0.1858190230473058, 
objectives:
-39.06645670807695, -43.688331845358576, 1936.227654974416, 

parameters:
-0.5173355396254, -95.82978338903247, 12.17188141792517, 
objectives:
-107.73402874639814, -77.32092375204618, 9172.443139031519, 

parameters:
4.6050043858211565, -38.732980180982615, 18.909979444861566, 
objectives:
-36.436894232412094, -13.036952885973587, 1503.5398396489625, 

parameters:
3.244881692859834, -48.488766170983624, 19.528827461643292, 
objectives:
-57.48833643197001, -27.410208280122763, 2343.1608745233398, 

parameters:
1.0924372386525611, -8.267874324226547, 19.325362707944794, 
objectives:
-26.39981791177651, 11.881158549502835, 51.22580225365462, 

parameters:
-1.3579178457647454, -24.93733472908626, 11.769000354332418, 
objectives:
-34.86239420757231, -1.8927221158484944, 612.9456039120056, 

parameters:
1.4667837596390656, -87.50844980883667, 20, 
objectives:
-105.35699521129575, -67.22413024985202, 7640.880242543228, 

parameters:
2.8258874308167408, -71.01882998292763, 12.71771664545026, 
objectives:
-75.75090685672984, -57.6190232890963, 5039.942135270178, 

parameters:
-0.039460270308318, -5.940600595052667, 4.477085518874514, 
objectives:
-10.416129000994374, 2.6958831179879246, 31.815207023998394, 

parameters:
0.09510908174603612, -81.44140678126844, 20, 
objectives:
-101.43236104383787, -57.81279737082201, 6613.711784249468, 

parameters:
4.037811694551431, -54.3433731447753, 15.138240459082803, 
objectives:
-53.1776903232018, -35.05245618324192, 2955.3678875738588, 

parameters:
3.7563174910585526, -50.02780035532769, 14.942384599189559, 
objectives:
-50.860263860884835, -32.00076462673992, 2502.9483448869682, 

parameters:
-3.1481911960624807, -33.35137411794018, 19.45933255338543, 
objectives:
-42.8995988643603, 12.611831026660482, 1103.76593080839, 

parameters:
0.6564250959593727, -62.720102350445956, 6.672928911985722, 
objectives:
-68.96213735582641, -54.241979915692454, 3928.569203845036, 

parameters:
3.0269823207731195, -78.31949344606063, 6.2056786273406415, 
objectives:
-75.36255010312826, -71.05912213153944, 6137.899996990467, 

parameters:
3.4542844312966356, -76.7278228591409, 8.042856361938938, 
objectives:
-72.83859828878153, -66.57002329009018, 5892.0480252740645, 

parameters:
1.5399110088748889, -69.30434798704988, 7.811192078156557, 
objectives:
-74.74421414995236, -61.2814740291388, 4798.652783747202, 

parameters:
-1.8739446606752885, -20.501607468924387, 0.16402449760568485, 
objectives:
-17.153963375256648, -5.3301357373441265, 424.66355290352396, 

parameters:
3.279575963035488, -99.1455429169915, 3.885128642695502, 
objectives:
-92.27505306236687, -93.6230996291178, 9837.709170159627, 

parameters:
-0.3962934715626891, -40.455522932874466, 6.494655587410524, 
objectives:
-46.793130004681785, -28.218644943609977, 1631.3117287005246, 

parameters:
-1.6708690857336996, -57.81267824176864, 17.37067555994211, 
objectives:
-72.39155030005018, -26.966722837231156, 3328.7268934279873, 

parameters:
1.7827443476755418, -98.48068155177607, 5.97778040155867, 
objectives:
-101.28028454416565, -92.45570113175047, 9696.645035909938, 

parameters:
1.5638945459943105, -2.6742667513866776, 19.24987998790391, 
objectives:
-19.478380588299835, 16.765801203530742, -8.652411179340906, 

parameters:
5.326802116100555, -39.957748864827515, 5.23372015883291, 
objectives:
-16.816648239567076, -23.656416386303476, 1620.762794969885, 

parameters:
1.3517564545956657, -100, 2.845769528410733, 
objectives:
-101.01852401586969, -96.7340107774309, 9999.98147598413, 

parameters:
1.0849991690234129, -16.102306050295734, 19.959300825720227, 
objectives:
-34.88438367923447, 4.694221296112337, 241.50218250845188, 

parameters:
3.694901765733392, -28.78505065897724, 3.3603613677017146, 
objectives:
-18.49311296825922, -22.551997295789356, 839.8710791306041, 

parameters:
3.3110119770813293, -62.04032756093991, 2.545158439775686, 
objectives:
-53.62268568833958, -57.77641671711353, 3858.4198857413203, 

