Generation 2130 at Fri May 24 19:48:19 2019
parameters:
3.5468131567826164, 0.019971279713109524, 5.456371812592023, 
objectives:
7.143483036247355, 7.868974034300935, 8.123910608547625, 

parameters:
0.05101637681523949, -100, 19.95971668145522, 
objectives:
-119.95711401075187, -76.24174615510238, 9981.042885989249, 

parameters:
-0.09310337269809921, -0.38187417318528993, 20, 
objectives:
-20.37320593517753, 23.999207555614866, -18.84550387784629, 

parameters:
1.9973066371654076, -100, 0, 
objectives:
-96.01076619713501, -99.99999274579665, 10004.989233802866, 

parameters:
1.9965667229124484, -84.8768372004184, 3.9977231589183932, 
objectives:
-84.88828168029544, -80.87910225410845, 7205.066048666451, 

parameters:
3.0269823207731195, -78.31949344606063, 6.2056786273406415, 
objectives:
-75.36255010312826, -71.05912213153944, 6137.899996990467, 

parameters:
2.2483782958440615, -43.93584264625228, 0.1858190230473058, 
objectives:
-39.06645670807695, -43.688331845358576, 1936.227654974416, 

parameters:
3.279575963035488, -99.1455429169915, 3.885128642695502, 
objectives:
-92.27505306236687, -93.6230996291178, 9837.709170159627, 

parameters:
5.0587703892899025, -28.15051366303257, 0.18159488552791087, 
objectives:
-2.7409506970041697, -18.612842483107958, 818.8609824586117, 

parameters:
-0.6825872524567389, -66.92856912721587, 20, 
objectives:
-86.46264376999943, -39.73229476017247, 4460.899290773729, 

parameters:
3.2545840677085227, -89.67390694323724, 0.413381190840085, 
objectives:
-79.49497068029517, -87.6865445694491, 8052.588522727314, 

parameters:
0.42754542212162416, -74.91765649884735, 20, 
objectives:
-94.7348614108702, -52.445043099356695, 5593.8380503672615, 

parameters:
0.09510908174603612, -81.44140678126844, 20, 
objectives:
-101.43236104383787, -57.81279737082201, 6613.711784249468, 

parameters:
-1.5457041445396973, -94.62551623030569, 20, 
objectives:
-112.2363149278585, -62.05349834969971, 8937.377523154293, 

parameters:
0.5297731188136146, -31.723451206293714, 14.964691009555171, 
objectives:
-46.40748265843138, -14.597193114575497, 992.6933249859604, 

parameters:
-1.4419563291117559, -69.01927783701719, 3.2063784023670934, 
objectives:
-70.14641818431883, -53.965836063137615, 4763.533572796071, 

parameters:
0.9168562664364432, -39.96268519942047, 16.325777924238245, 
objectives:
-55.44783771035494, -22.463706927624223, 1582.5310558370454, 

parameters:
4.037811694551431, -54.3433731447753, 15.138240459082803, 
objectives:
-53.1776903232018, -35.05245618324192, 2955.3678875738588, 

parameters:
-1.3579178457647454, -24.93733472908626, 11.769000354332418, 
objectives:
-34.86239420757231, -1.8927221158484944, 612.9456039120056, 

parameters:
3.7563174910585526, -50.02780035532769, 14.942384599189559, 
objectives:
-50.860263860884835, -32.00076462673992, 2502.9483448869682, 

parameters:
-0.5173355396254, -95.82978338903247, 12.17188141792517, 
objectives:
-107.73402874639814, -77.32092375204618, 9172.443139031519, 

parameters:
-0.039460270308318, -5.940600595052667, 4.477085518874514, 
objectives:
-10.416129000994374, 2.6958831179879246, 31.815207023998394, 

parameters:
1.4667837596390656, -87.50844980883667, 20, 
objectives:
-105.35699521129575, -67.22413024985202, 7640.880242543228, 

parameters:
0.46918155853770815, -60.29761054551747, 8.103041037032286, 
objectives:
-68.18052024767789, -49.851164407764145, 3628.9189277967394, 

parameters:
3.244881692859834, -48.488766170983624, 19.528827461643292, 
objectives:
-57.48833643197001, -27.410208280122763, 2343.1608745233398, 

parameters:
2.4471888991631032, -62.74925814728865, 7.813791577167987, 
objectives:
-64.57431621626952, -54.73548865858595, 3936.6443399660902, 

parameters:
3.7861047021927763, -20.50235197986824, 6.121726465191696, 
objectives:
-12.289489629093685, -11.1904555074814, 429.55929905718176, 

parameters:
3.9994893263251505, -33.90972541252837, 11.588081194116757, 
objectives:
-29.50189173525632, -18.323686652323406, 1155.2773112303441, 

parameters:
-1.8739446606752885, -20.501607468924387, 0.16402449760568485, 
objectives:
-17.153963375256648, -5.3301357373441265, 424.66355290352396, 

parameters:
-0.8235591324340957, -92.67019134708286, 19.10444432902956, 
objectives:
-111.09638603149682, -65.59326084370132, 8570.338169620538, 

parameters:
-2.7909125864577975, -20.081610706123733, 16.017710771836953, 
objectives:
-28.31012841271213, 18.888943476792964, 396.042570845715, 

parameters:
1.0924372386525611, -8.267874324226547, 19.325362707944794, 
objectives:
-26.39981791177651, 11.881158549502835, 51.22580225365462, 

parameters:
-1.3050137573895149, -59.375400279954995, 5.733709577712705, 
objectives:
-63.4060489506918, -42.718574765708325, 3522.407509734143, 

parameters:
0.27056591640549277, -57.64484563317144, 0.5241845920989026, 
objectives:
-58.09582431015, -54.12971879157416, 3323.477249395186, 

parameters:
-0.5420321723855064, -10.29161417947843, 17.84564351052517, 
objectives:
-27.84345881410265, 14.015956896489719, 89.36547778461724, 

parameters:
1.603717267757372, -100, 2.6648613044482428, 
objectives:
-100.09295222954506, -97.17809869167807, 10000.907047770454, 

parameters:
1.2725315013864718, -88.66083209512837, 14.173213714323355, 
objectives:
-101.21470938743082, -73.95840796433, 7849.189270508242, 

parameters:
1.3126673314755646, -100, 12.611414929321136, 
objectives:
-110.88831940619795, -86.91615887345793, 9990.111680593802, 

