Generation 2132 at Fri May 24 19:48:19 2019
parameters:
0.05101637681523949, -100, 19.95971668145522, 
objectives:
-119.95711401075187, -76.24174615510238, 9981.042885989249, 

parameters:
3.7778969787762477, 1.1076981239405566, 0, 
objectives:
15.380203706187258, 4.268615791082266, 16.49950071602813, 

parameters:
-0.09310337269809921, -0.38187417318528993, 20, 
objectives:
-20.37320593517753, 23.999207555614866, -18.84550387784629, 

parameters:
1.9973066371654076, -100, 0, 
objectives:
-96.01076619713501, -99.99999274579665, 10004.989233802866, 

parameters:
3.0269823207731195, -78.31949344606063, 6.2056786273406415, 
objectives:
-75.36255010312826, -71.05912213153944, 6137.899996990467, 

parameters:
1.9965667229124484, -84.8768372004184, 3.9977231589183932, 
objectives:
-84.88828168029544, -80.87910225410845, 7205.066048666451, 

parameters:
-2.9058999002465464, -22.71374618517555, 6.803146258759203, 
objectives:
-21.072638213681866, 8.157253904822724, 518.5553737360707, 

parameters:
0.09510908174603612, -81.44140678126844, 20, 
objectives:
-101.43236104383787, -57.81279737082201, 6613.711784249468, 

parameters:
4.037811694551431, -54.3433731447753, 15.138240459082803, 
objectives:
-53.1776903232018, -35.05245618324192, 2955.3678875738588, 

parameters:
3.279575963035488, -99.1455429169915, 3.885128642695502, 
objectives:
-92.27505306236687, -93.6230996291178, 9837.709170159627, 

parameters:
3.2291089208111328, -18.137755162754846, 5.4543408840245355, 
objectives:
-13.164951624317343, -11.172705539512805, 334.9509658824776, 

parameters:
-1.3579178457647454, -24.93733472908626, 11.769000354332418, 
objectives:
-34.86239420757231, -1.8927221158484944, 612.9456039120056, 

parameters:
0.46918155853770815, -60.29761054551747, 8.103041037032286, 
objectives:
-68.18052024767789, -49.851164407764145, 3628.9189277967394, 

parameters:
-0.6825872524567389, -66.92856912721587, 20, 
objectives:
-86.46264376999943, -39.73229476017247, 4460.899290773729, 

parameters:
3.2545840677085227, -89.67390694323724, 0.413381190840085, 
objectives:
-79.49497068029517, -87.6865445694491, 8052.588522727314, 

parameters:
0.42754542212162416, -74.91765649884735, 20, 
objectives:
-94.7348614108702, -52.445043099356695, 5593.8380503672615, 

parameters:
2.2483782958440615, -43.93584264625228, 0.1858190230473058, 
objectives:
-39.06645670807695, -43.688331845358576, 1936.227654974416, 

parameters:
3.244881692859834, -48.488766170983624, 19.528827461643292, 
objectives:
-57.48833643197001, -27.410208280122763, 2343.1608745233398, 

parameters:
-1.5457041445396973, -94.62551623030569, 20, 
objectives:
-112.2363149278585, -62.05349834969971, 8937.377523154293, 

parameters:
-1.4419563291117559, -69.01927783701719, 3.2063784023670934, 
objectives:
-70.14641818431883, -53.965836063137615, 4763.533572796071, 

parameters:
1.2502764342181885, -0.05600758013459384, 20, 
objectives:
-18.492816418173245, 20.506077844954, -17.43367198900612, 

parameters:
3.8343220731886096, -13.54116259118291, 6.68404238215474, 
objectives:
-5.523179212396252, -3.4923827408412116, 192.38106769963815, 

parameters:
2.7297716680921695, -50.97552615998709, 18.52579090698561, 
objectives:
-62.049663707053995, -31.91716856545145, 2588.4301297404613, 

parameters:
0.5297731188136146, -31.723451206293714, 14.964691009555171, 
objectives:
-46.40748265843138, -14.597193114575497, 992.6933249859604, 

parameters:
0.9168562664364432, -39.96268519942047, 16.325777924238245, 
objectives:
-55.44783771035494, -22.463706927624223, 1582.5310558370454, 

parameters:
3.5468131567826164, 0.019971279713109524, 5.456371812592023, 
objectives:
7.143483036247355, 7.868974034300935, 8.123910608547625, 

parameters:
5.0587703892899025, -28.15051366303257, 0.18159488552791087, 
objectives:
-2.7409506970041697, -18.612842483107958, 818.8609824586117, 

parameters:
2.4471888991631032, -62.74925814728865, 7.813791577167987, 
objectives:
-64.57431621626952, -54.73548865858595, 3936.6443399660902, 

parameters:
-0.5173355396254, -95.82978338903247, 12.17188141792517, 
objectives:
-107.73402874639814, -77.32092375204618, 9172.443139031519, 

parameters:
1.4667837596390656, -87.50844980883667, 20, 
objectives:
-105.35699521129575, -67.22413024985202, 7640.880242543228, 

parameters:
-0.8235591324340957, -92.67019134708286, 19.10444432902956, 
objectives:
-111.09638603149682, -65.59326084370132, 8570.338169620538, 

parameters:
-1.989709842476051, -28.599007080143195, 15.751958126661389, 
objectives:
-40.39201994955852, 3.0707356736684694, 807.1101931006654, 

parameters:
0.3775076074417081, -31.984646379694695, 7.875744266538668, 
objectives:
-39.717878652557005, -21.476420549246498, 1016.2843717612546, 

parameters:
3.937171058088257, -91.13569917566294, 19.80712816714728, 
objectives:
-95.44151140216242, -67.57593930022088, 8302.40985201043, 

parameters:
0.8461728167907878, -100, 9.542832022227289, 
objectives:
-108.82682358635164, -89.12585080906021, 9992.173176413648, 

