Generation 2133 at Fri May 24 19:48:19 2019
parameters:
3.7778969787762477, 1.1076981239405566, 0, 
objectives:
15.380203706187258, 4.268615791082266, 16.49950071602813, 

parameters:
0.05101637681523949, -100, 19.95971668145522, 
objectives:
-119.95711401075187, -76.24174615510238, 9981.042885989249, 

parameters:
-0.09310337269809921, -0.38187417318528993, 20, 
objectives:
-20.37320593517753, 23.999207555614866, -18.84550387784629, 

parameters:
1.9973066371654076, -100, 0, 
objectives:
-96.01076619713501, -99.99999274579665, 10004.989233802866, 

parameters:
3.2545840677085227, -89.67390694323724, 0.413381190840085, 
objectives:
-79.49497068029517, -87.6865445694491, 8052.588522727314, 

parameters:
-1.5457041445396973, -94.62551623030569, 20, 
objectives:
-112.2363149278585, -62.05349834969971, 8937.377523154293, 

parameters:
4.037811694551431, -54.3433731447753, 15.138240459082803, 
objectives:
-53.1776903232018, -35.05245618324192, 2955.3678875738588, 

parameters:
1.9965667229124484, -84.8768372004184, 3.9977231589183932, 
objectives:
-84.88828168029544, -80.87910225410845, 7205.066048666451, 

parameters:
2.2483782958440615, -43.93584264625228, 0.1858190230473058, 
objectives:
-39.06645670807695, -43.688331845358576, 1936.227654974416, 

parameters:
3.0269823207731195, -78.31949344606063, 6.2056786273406415, 
objectives:
-75.36255010312826, -71.05912213153944, 6137.899996990467, 

parameters:
3.244881692859834, -48.488766170983624, 19.528827461643292, 
objectives:
-57.48833643197001, -27.410208280122763, 2343.1608745233398, 

parameters:
-1.4419563291117559, -69.01927783701719, 3.2063784023670934, 
objectives:
-70.14641818431883, -53.965836063137615, 4763.533572796071, 

parameters:
0.46918155853770815, -60.29761054551747, 8.103041037032286, 
objectives:
-68.18052024767789, -49.851164407764145, 3628.9189277967394, 

parameters:
1.4667837596390656, -87.50844980883667, 20, 
objectives:
-105.35699521129575, -67.22413024985202, 7640.880242543228, 

parameters:
-0.6825872524567389, -66.92856912721587, 20, 
objectives:
-86.46264376999943, -39.73229476017247, 4460.899290773729, 

parameters:
2.7297716680921695, -50.97552615998709, 18.52579090698561, 
objectives:
-62.049663707053995, -31.91716856545145, 2588.4301297404613, 

parameters:
0.9168562664364432, -39.96268519942047, 16.325777924238245, 
objectives:
-55.44783771035494, -22.463706927624223, 1582.5310558370454, 

parameters:
3.4009493524132752, -32.7948072345601, 10.032574503791942, 
objectives:
-31.260925240671767, -20.799573642740988, 1078.033263545844, 

parameters:
-0.9281213132655646, -17.238482888897092, 8.052373933426024, 
objectives:
-24.429447650185317, -0.6122145302710145, 290.9743275495096, 

parameters:
3.5468131567826164, 0.019971279713109524, 5.456371812592023, 
objectives:
7.143483036247355, 7.868974034300935, 8.123910608547625, 

parameters:
3.279575963035488, -99.1455429169915, 3.885128642695502, 
objectives:
-92.27505306236687, -93.6230996291178, 9837.709170159627, 

parameters:
3.770521672471727, -98.2569104660763, 4.047558886076011, 
objectives:
-88.08763566957333, -91.07460458730822, 9665.58972913504, 

parameters:
0.09510908174603612, -81.44140678126844, 20, 
objectives:
-101.43236104383787, -57.81279737082201, 6613.711784249468, 

parameters:
-0.5173355396254, -95.82978338903247, 12.17188141792517, 
objectives:
-107.73402874639814, -77.32092375204618, 9172.443139031519, 

parameters:
2.4471888991631032, -62.74925814728865, 7.813791577167987, 
objectives:
-64.57431621626952, -54.73548865858595, 3936.6443399660902, 

parameters:
3.332505517777625, -74.67257740381928, 4.595314269554812, 
objectives:
-68.16229864735577, -68.30169217935665, 5583.504094885845, 

parameters:
1.2502764342181885, -0.05600758013459384, 20, 
objectives:
-18.492816418173245, 20.506077844954, -17.43367198900612, 

parameters:
0.5297731188136146, -31.723451206293714, 14.964691009555171, 
objectives:
-46.40748265843138, -14.597193114575497, 992.6933249859604, 

parameters:
3.8343220731886096, -13.54116259118291, 6.68404238215474, 
objectives:
-5.523179212396252, -3.4923827408412116, 192.38106769963815, 

parameters:
0.42754542212162416, -74.91765649884735, 20, 
objectives:
-94.7348614108702, -52.445043099356695, 5593.8380503672615, 

parameters:
1.3100162449968153, -24.656383104766913, 20, 
objectives:
-42.940240542611356, -4.180305522598619, 590.6533703711909, 

parameters:
3.2291089208111328, -18.137755162754846, 5.4543408840245355, 
objectives:
-13.164951624317343, -11.172705539512805, 334.9509658824776, 

parameters:
5.0587703892899025, -28.15051366303257, 0.18159488552791087, 
objectives:
-2.7409506970041697, -18.612842483107958, 818.8609824586117, 

parameters:
0.6472101281797142, -82.47400902344891, 5.7018338959212045, 
objectives:
-87.75696196935172, -74.94213469022816, 6797.679211454029, 

parameters:
-1.1359912011114774, 4.238238886891857, 0, 
objectives:
5.528714895894554, 14.072679700340464, 20.253144871365024, 

parameters:
-0.17872952905195705, -27.215347810802054, 14.624212619647011, 
objectives:
-41.807616185893934, -7.844272830392079, 727.0828880878363, 

parameters:
4.843603670358303, -27.206650222404363, 7.7707872831526, 
objectives:
-11.516940990048539, -11.34978110517655, 756.8915255566112, 

parameters:
4.458396568775171, -5.320345358788813, 13.740939556281383, 
objectives:
0.8160150493960252, 14.464307886858105, 35.44243514497051, 

parameters:
-1.2135067810800557, -31.33265173257484, 4.791209000270246, 
objectives:
-34.6512620251178, -16.214816900257095, 979.4164543022821, 

parameters:
-1.7685737968309345, -18.414453583315726, 19.321572478436597, 
objectives:
-34.60817278691533, 15.109267357281595, 323.89838156848975, 

parameters:
4.119995963723754, -81.15013084959953, 0, 
objectives:
-64.17576410849951, -76.65574796339452, 6603.3181036482265, 

parameters:
-2.19692359954624, -95.14078555733929, 5.61185435349935, 
objectives:
-95.92616660859542, -71.91476350341176, 9051.983695416362, 

