Generation 2137 at Fri May 24 19:48:19 2019
parameters:
0.05101637681523949, -100, 19.95971668145522, 
objectives:
-119.95711401075187, -76.24174615510238, 9981.042885989249, 

parameters:
3.7778969787762477, 1.1076981239405566, 0, 
objectives:
15.380203706187258, 4.268615791082266, 16.49950071602813, 

parameters:
-0.09310337269809921, -0.38187417318528993, 20, 
objectives:
-20.37320593517753, 23.999207555614866, -18.84550387784629, 

parameters:
1.9973066371654076, -100, 0, 
objectives:
-96.01076619713501, -99.99999274579665, 10004.989233802866, 

parameters:
1.4667837596390656, -87.50844980883667, 20, 
objectives:
-105.35699521129575, -67.22413024985202, 7640.880242543228, 

parameters:
0.09510908174603612, -81.44140678126844, 20, 
objectives:
-101.43236104383787, -57.81279737082201, 6613.711784249468, 

parameters:
3.8343220731886096, -13.54116259118291, 6.68404238215474, 
objectives:
-5.523179212396252, -3.4923827408412116, 192.38106769963815, 

parameters:
3.549250423630531, -92.8956591655416, 4.269343570295552, 
objectives:
-84.56782416619565, -86.22613872012667, 8638.93132679982, 

parameters:
0.5297731188136146, -31.723451206293714, 14.964691009555171, 
objectives:
-46.40748265843138, -14.597193114575497, 992.6933249859604, 

parameters:
3.0269823207731195, -78.31949344606063, 6.2056786273406415, 
objectives:
-75.36255010312826, -71.05912213153944, 6137.899996990467, 

parameters:
-1.5457041445396973, -94.62551623030569, 20, 
objectives:
-112.2363149278585, -62.05349834969971, 8937.377523154293, 

parameters:
3.4193077355888426, 0.895212898196813, 6.800620228440453, 
objectives:
5.78625806041406, 9.710267574939593, 6.692451295315184, 

parameters:
-0.6825872524567389, -66.92856912721587, 20, 
objectives:
-86.46264376999943, -39.73229476017247, 4460.899290773729, 

parameters:
0.42754542212162416, -74.91765649884735, 20, 
objectives:
-94.7348614108702, -52.445043099356695, 5593.8380503672615, 

parameters:
1.76424496316144, -55.77492540013543, 3.674540289323805, 
objectives:
-56.336905399418725, -52.04480467341687, 3111.280323391389, 

parameters:
0.6854001850179587, -60.27275564771258, 14.096498527762408, 
objectives:
-73.89948076185233, -44.448084446399356, 3620.178348254729, 

parameters:
3.770521672471727, -98.2569104660763, 4.047558886076011, 
objectives:
-88.08763566957333, -91.07460458730822, 9665.58972913504, 

parameters:
2.7297716680921695, -50.97552615998709, 18.52579090698561, 
objectives:
-62.049663707053995, -31.91716856545145, 2588.4301297404613, 

parameters:
1.013778484290916, -46.300489915841666, 7.218118964991795, 
objectives:
-52.490862065622274, -38.10973807280235, 2138.5449942971754, 

parameters:
1.8759217819402287, -66.49085324101488, 10.121814504990784, 
objectives:
-73.09358521404785, -56.3536433318272, 4415.430832745145, 

parameters:
1.5063408697636183, -63.527858678036566, 19.931284131108676, 
objectives:
-81.19007999322503, -43.35287521006215, 4019.1266069013973, 

parameters:
2.2483782958440615, -43.93584264625228, 0.1858190230473058, 
objectives:
-39.06645670807695, -43.688331845358576, 1936.227654974416, 

parameters:
1.7553950285942654, -95.88377225274714, 16.252656740341294, 
objectives:
-109.05501728667497, -79.57128392036944, 9181.526536382753, 

parameters:
3.279575963035488, -99.1455429169915, 3.885128642695502, 
objectives:
-92.27505306236687, -93.6230996291178, 9837.709170159627, 

parameters:
-1.1540759072717703, -47.91893806431608, 17.426948535011146, 
objectives:
-64.01399539958207, -20.54379470047269, 2281.129567876495, 

parameters:
2.8796353499299334, -24.59403093588133, 13.137376542389866, 
objectives:
-29.439107729705107, -10.682896044645108, 601.0212808812641, 

parameters:
3.244881692859834, -48.488766170983624, 19.528827461643292, 
objectives:
-57.48833643197001, -27.410208280122763, 2343.1608745233398, 

parameters:
3.8150769576667094, -36.02796512018428, 12.105592695838428, 
objectives:
-33.57874562310323, -20.62786806209321, 1301.4634901982959, 

parameters:
-1.1476448113476339, -12.173503866292888, 7.3787937439665905, 
objectives:
-18.235208997246332, 5.112957736077385, 143.13249125169446, 

parameters:
0.9168562664364432, -39.96268519942047, 16.325777924238245, 
objectives:
-55.44783771035494, -22.463706927624223, 1582.5310558370454, 

parameters:
1.2502764342181885, -0.05600758013459384, 20, 
objectives:
-18.492816418173245, 20.506077844954, -17.43367198900612, 

parameters:
-0.9281213132655646, -17.238482888897092, 8.052373933426024, 
objectives:
-24.429447650185317, -0.6122145302710145, 290.9743275495096, 

parameters:
0.2772049033879185, -75.47110075239333, 6.560851892637542, 
objectives:
-81.95511008656857, -65.94222591484515, 5690.403039443729, 

parameters:
3.5468131567826164, 0.019971279713109524, 5.456371812592023, 
objectives:
7.143483036247355, 7.868974034300935, 8.123910608547625, 

parameters:
-0.5173355396254, -95.82978338903247, 12.17188141792517, 
objectives:
-107.73402874639814, -77.32092375204618, 9172.443139031519, 

parameters:
1.310296605548904, -14.43064347699115, 15.168519347699121, 
objectives:
-27.882285630177293, 1.2135666430253345, 195.7918290068411, 

parameters:
0.7391470217702079, -51.68787127740089, 5.951832261857247, 
objectives:
-57.09336521946637, -44.146288782832706, 2667.230543247098, 

parameters:
-0.5864950215174232, -29.105677090256457, 0.26664122013688507, 
objectives:
-29.02834190012862, -22.149079373785156, 848.2177740724075, 

parameters:
-2.4425993167142828, -24.494017611481752, 9.41995236750712, 
objectives:
-27.947678556975788, 4.662623444895582, 597.5032378060843, 

