Generation 2141 at Fri May 24 19:48:19 2019
parameters:
0.05101637681523949, -100, 19.95971668145522, 
objectives:
-119.95711401075187, -76.24174615510238, 9981.042885989249, 

parameters:
3.7778969787762477, 1.1076981239405566, 0, 
objectives:
15.380203706187258, 4.268615791082266, 16.49950071602813, 

parameters:
-0.09310337269809921, -0.38187417318528993, 20, 
objectives:
-20.37320593517753, 23.999207555614866, -18.84550387784629, 

parameters:
1.9973066371654076, -100, 0, 
objectives:
-96.01076619713501, -99.99999274579665, 10004.989233802866, 

parameters:
2.8796353499299334, -24.59403093588133, 13.137376542389866, 
objectives:
-29.439107729705107, -10.682896044645108, 601.0212808812641, 

parameters:
3.4193077355888426, 0.895212898196813, 6.800620228440453, 
objectives:
5.78625806041406, 9.710267574939593, 6.692451295315184, 

parameters:
0.09510908174603612, -81.44140678126844, 20, 
objectives:
-101.43236104383787, -57.81279737082201, 6613.711784249468, 

parameters:
2.73867507062834, 0.15372996030133024, 15.989046672253851, 
objectives:
-8.334975569471379, 16.688417492522962, -7.46507262907846, 

parameters:
0.6854001850179587, -60.27275564771258, 14.096498527762408, 
objectives:
-73.89948076185233, -44.448084446399356, 3620.178348254729, 

parameters:
2.21687682935951, -34.92789526910313, 15.6076578590797, 
objectives:
-45.62101025163176, -19.273201850910397, 1210.2647529469084, 

parameters:
2.6264226903539893, -69.14965483909668, 17.048569893283055, 
objectives:
-79.30012858397345, -51.70867955882329, 4772.524290621331, 

parameters:
1.8759217819402287, -66.49085324101488, 10.121814504990784, 
objectives:
-73.09358521404785, -56.3536433318272, 4415.430832745145, 

parameters:
3.0269823207731195, -78.31949344606063, 6.2056786273406415, 
objectives:
-75.36255010312826, -71.05912213153944, 6137.899996990467, 

parameters:
2.7297716680921695, -50.97552615998709, 18.52579090698561, 
objectives:
-62.049663707053995, -31.91716856545145, 2588.4301297404613, 

parameters:
3.549250423630531, -92.8956591655416, 4.269343570295552, 
objectives:
-84.56782416619565, -86.22613872012667, 8638.93132679982, 

parameters:
1.2400917781025522, -41.983652034045846, 4.900630083379874, 
objectives:
-45.34645449930817, -36.50556144495863, 1760.2642356505796, 

parameters:
-1.5457041445396973, -94.62551623030569, 20, 
objectives:
-112.2363149278585, -62.05349834969971, 8937.377523154293, 

parameters:
3.770521672471727, -98.2569104660763, 4.047558886076011, 
objectives:
-88.08763566957333, -91.07460458730822, 9665.58972913504, 

parameters:
1.013778484290916, -46.300489915841666, 7.218118964991795, 
objectives:
-52.490862065622274, -38.10973807280235, 2138.5449942971754, 

parameters:
3.279575963035488, -99.1455429169915, 3.885128642695502, 
objectives:
-92.27505306236687, -93.6230996291178, 9837.709170159627, 

parameters:
-0.8785798784265046, -21.145495990165728, 15.760094323863237, 
objectives:
-36.13368771125303, 2.9008204501794594, 433.1438089490275, 

parameters:
1.76424496316144, -55.77492540013543, 3.674540289323805, 
objectives:
-56.336905399418725, -52.04480467341687, 3111.280323391389, 

parameters:
1.7553950285942654, -95.88377225274714, 16.252656740341294, 
objectives:
-109.05501728667497, -79.57128392036944, 9181.526536382753, 

parameters:
1.4667837596390656, -87.50844980883667, 20, 
objectives:
-105.35699521129575, -67.22413024985202, 7640.880242543228, 

parameters:
4.620305198446038, -85.9483163689242, 0, 
objectives:
-64.6010962421367, -79.08231703592087, 7409.460306779471, 

parameters:
3.244881692859834, -48.488766170983624, 19.528827461643292, 
objectives:
-57.48833643197001, -27.410208280122763, 2343.1608745233398, 

parameters:
1.1870321088675901, -74.3900515263788, 8.36266664822788, 
objectives:
-81.34367294712405, -65.36646808613864, 5527.926144676547, 

parameters:
3.4442160423101185, -88.70631240362313, 9.141777094329562, 
objectives:
-85.98546535184633, -77.47877533242766, 7872.530707300959, 

parameters:
3.702274839987374, -15.674533920665219, 13.857138649726656, 
objectives:
-15.82483357958834, 1.0803443599154772, 246.54071397116144, 

parameters:
0.9168562664364432, -39.96268519942047, 16.325777924238245, 
objectives:
-55.44783771035494, -22.463706927624223, 1582.5310558370454, 

parameters:
0.1555129551557446, -10.138627871793796, 0, 
objectives:
-10.114443592572524, -6.7364954131955015, 103.81595940193527, 

parameters:
4.032296938474413, -20.619980087631774, 12.888029090059497, 
objectives:
-17.248590577661144, -3.601720151439803, 429.5549683243015, 

parameters:
0.6804861710547158, -75.55580354798471, 9.575141284782973, 
objectives:
-84.66788340377097, -64.2395455184239, 5700.567369925872, 

parameters:
-0.6174211971531927, -48.20622418849012, 20, 
objectives:
-67.82501525379604, -21.355330465183265, 2305.2212594456637, 

parameters:
-2.185993612040715, -74.89768455985221, 16.172374877062538, 
objectives:
-86.29149136503193, -41.202767162743996, 5599.269345621944, 

parameters:
-1.1476448113476339, -12.173503866292888, 7.3787937439665905, 
objectives:
-18.235208997246332, 5.112957736077385, 143.13249125169446, 

parameters:
-0.25164813673188546, -100, 11.068022556013528, 
objectives:
-111.0046957712929, -83.86205811233829, 9989.995304228707, 

parameters:
-1.1540759072717703, -47.91893806431608, 17.426948535011146, 
objectives:
-64.01399539958207, -20.54379470047269, 2281.129567876495, 

