Generation 2143 at Fri May 24 19:48:19 2019
parameters:
0.05101637681523949, -100, 19.95971668145522, 
objectives:
-119.95711401075187, -76.24174615510238, 9981.042885989249, 

parameters:
3.7778969787762477, 1.1076981239405566, 0, 
objectives:
15.380203706187258, 4.268615791082266, 16.49950071602813, 

parameters:
-0.09310337269809921, -0.38187417318528993, 20, 
objectives:
-20.37320593517753, 23.999207555614866, -18.84550387784629, 

parameters:
1.9973066371654076, -100, 0, 
objectives:
-96.01076619713501, -99.99999274579665, 10004.989233802866, 

parameters:
2.73867507062834, 0.15372996030133024, 15.989046672253851, 
objectives:
-8.334975569471379, 16.688417492522962, -7.46507262907846, 

parameters:
3.4193077355888426, 0.895212898196813, 6.800620228440453, 
objectives:
5.78625806041406, 9.710267574939593, 6.692451295315184, 

parameters:
1.6235792557811586, -97.15682963720921, 2.808733375092128, 
objectives:
-97.32955341249844, -94.20640368543881, 9440.276821378406, 

parameters:
3.549250423630531, -92.8956591655416, 4.269343570295552, 
objectives:
-84.56782416619565, -86.22613872012667, 8638.93132679982, 

parameters:
0.6854001850179587, -60.27275564771258, 14.096498527762408, 
objectives:
-73.89948076185233, -44.448084446399356, 3620.178348254729, 

parameters:
1.1870321088675901, -74.3900515263788, 8.36266664822788, 
objectives:
-81.34367294712405, -65.36646808613864, 5527.926144676547, 

parameters:
-1.5457041445396973, -94.62551623030569, 20, 
objectives:
-112.2363149278585, -62.05349834969971, 8937.377523154293, 

parameters:
2.7297716680921695, -50.97552615998709, 18.52579090698561, 
objectives:
-62.049663707053995, -31.91716856545145, 2588.4301297404613, 

parameters:
4.48932502798478, -85.32226831017925, 5.6430343774781, 
objectives:
-70.81126348076681, -73.48249483774973, 7295.400474423632, 

parameters:
0.09510908174603612, -81.44140678126844, 20, 
objectives:
-101.43236104383787, -57.81279737082201, 6613.711784249468, 

parameters:
-0.15292285230832636, -27.22350288746186, 5.228617391202132, 
objectives:
-32.428734879905875, -17.359808688268306, 736.9138774712002, 

parameters:
2.21687682935951, -34.92789526910313, 15.6076578590797, 
objectives:
-45.62101025163176, -19.273201850910397, 1210.2647529469084, 

parameters:
1.013778484290916, -46.300489915841666, 7.218118964991795, 
objectives:
-52.490862065622274, -38.10973807280235, 2138.5449942971754, 

parameters:
1.2400917781025522, -41.983652034045846, 4.900630083379874, 
objectives:
-45.34645449930817, -36.50556144495863, 1760.2642356505796, 

parameters:
3.244881692859834, -48.488766170983624, 19.528827461643292, 
objectives:
-57.48833643197001, -27.410208280122763, 2343.1608745233398, 

parameters:
2.9214032210465746, -54.949792979331875, 6.745761538832172, 
objectives:
-53.16095773822274, -47.3550475447447, 3022.2685837125396, 

parameters:
4.09813636458043, -64.97750505743157, 6.690083760422415, 
objectives:
-54.872867155157486, -53.88524509263437, 4233.180801390819, 

parameters:
-0.8266894103969351, -77.9055872899818, 18.28470166062569, 
objectives:
-95.50687356934505, -51.63071260650594, 6052.67924471761, 

parameters:
3.4442160423101185, -88.70631240362313, 9.141777094329562, 
objectives:
-85.98546535184633, -77.47877533242766, 7872.530707300959, 

parameters:
2.8796353499299334, -24.59403093588133, 13.137376542389866, 
objectives:
-29.439107729705107, -10.682896044645108, 601.0212808812641, 

parameters:
2.6264226903539893, -69.14965483909668, 17.048569893283055, 
objectives:
-79.30012858397345, -51.70867955882329, 4772.524290621331, 

parameters:
-0.8785798784265046, -21.145495990165728, 15.760094323863237, 
objectives:
-36.13368771125303, 2.9008204501794594, 433.1438089490275, 

parameters:
2.9389994990955817, -12.914168575554504, 8.66378462293063, 
objectives:
-12.940235142801054, -3.368663893322122, 167.74968343059288, 

parameters:
-0.1494410483503561, -68.24302959540249, 18.110136531813705, 
objectives:
-86.33083350028414, -45.51279624325531, 4640.023284454099, 

parameters:
3.0269823207731195, -78.31949344606063, 6.2056786273406415, 
objectives:
-75.36255010312826, -71.05912213153944, 6137.899996990467, 

parameters:
0.9168562664364432, -39.96268519942047, 16.325777924238245, 
objectives:
-55.44783771035494, -22.463706927624223, 1582.5310558370454, 

parameters:
4.620305198446038, -85.9483163689242, 0, 
objectives:
-64.6010962421367, -79.08231703592087, 7409.460306779471, 

parameters:
1.7553950285942654, -95.88377225274714, 16.252656740341294, 
objectives:
-109.05501728667497, -79.57128392036944, 9181.526536382753, 

parameters:
3.702274839987374, -15.674533920665219, 13.857138649726656, 
objectives:
-15.82483357958834, 1.0803443599154772, 246.54071397116144, 

parameters:
-0.9146058898187972, -81.49377483631547, 5.414705426166228, 
objectives:
-86.07197632879046, -67.58414191718282, 6637.657135579609, 

parameters:
1.4026197113781018, -18.149133465962535, 9.754395085913597, 
objectives:
-25.936186497129743, -8.037875170814957, 322.6039925341541, 

parameters:
3.021059614874703, -100, 15.28074974893145, 
objectives:
-106.15394855230457, -83.67668751394046, 9994.846051447696, 

parameters:
-1.6841295286544566, -14.780786060319787, 12.676047093504605, 
objectives:
-24.62054088453851, 11.468071417088527, 209.63188173672503, 

