Generation 2147 at Fri May 24 19:48:19 2019
parameters:
3.7778969787762477, 1.1076981239405566, 0, 
objectives:
15.380203706187258, 4.268615791082266, 16.49950071602813, 

parameters:
0.05101637681523949, -100, 19.95971668145522, 
objectives:
-119.95711401075187, -76.24174615510238, 9981.042885989249, 

parameters:
-0.09310337269809921, -0.38187417318528993, 20, 
objectives:
-20.37320593517753, 23.999207555614866, -18.84550387784629, 

parameters:
1.9973066371654076, -100, 0, 
objectives:
-96.01076619713501, -99.99999274579665, 10004.989233802866, 

parameters:
2.4427041898182402, -92.44512597289595, 2.758424976818349, 
objectives:
-89.23674719075872, -89.49071399639497, 8550.309694926738, 

parameters:
0.359084053728302, -87.33819330507433, 5.853821888747019, 
objectives:
-93.0630738361794, -78.79176627359857, 7623.235129263426, 

parameters:
-1.5457041445396973, -94.62551623030569, 20, 
objectives:
-112.2363149278585, -62.05349834969971, 8937.377523154293, 

parameters:
0.09510908174603612, -81.44140678126844, 20, 
objectives:
-101.43236104383787, -57.81279737082201, 6613.711784249468, 

parameters:
2.7297716680921695, -50.97552615998709, 18.52579090698561, 
objectives:
-62.049663707053995, -31.91716856545145, 2588.4301297404613, 

parameters:
2.9214032210465746, -54.949792979331875, 6.745761538832172, 
objectives:
-53.16095773822274, -47.3550475447447, 3022.2685837125396, 

parameters:
3.0269823207731195, -78.31949344606063, 6.2056786273406415, 
objectives:
-75.36255010312826, -71.05912213153944, 6137.899996990467, 

parameters:
2.9389994990955817, -12.914168575554504, 8.66378462293063, 
objectives:
-12.940235142801054, -3.368663893322122, 167.74968343059288, 

parameters:
1.6235792557811586, -97.15682963720921, 2.808733375092128, 
objectives:
-97.32955341249844, -94.20640368543881, 9440.276821378406, 

parameters:
0.6854001850179587, -60.27275564771258, 14.096498527762408, 
objectives:
-73.89948076185233, -44.448084446399356, 3620.178348254729, 

parameters:
-0.2132288076441975, -37.2308707500935, 5.6188311992171025, 
objectives:
-42.80423542490124, -26.713657795890246, 1381.5643721353601, 

parameters:
1.2400917781025522, -41.983652034045846, 4.900630083379874, 
objectives:
-45.34645449930817, -36.50556144495863, 1760.2642356505796, 

parameters:
4.48932502798478, -85.32226831017925, 5.6430343774781, 
objectives:
-70.81126348076681, -73.48249483774973, 7295.400474423632, 

parameters:
3.4677687561510524, -74.25738502783264, 5.02408678106563, 
objectives:
-67.25605166276085, -67.0789531252338, 5522.160564536855, 

parameters:
3.303061129498276, -30.043265950529747, 19.906885742620048, 
objectives:
-39.03993886794737, -8.438411900700377, 894.6011560568425, 

parameters:
3.4193077355888426, 0.895212898196813, 6.800620228440453, 
objectives:
5.78625806041406, 9.710267574939593, 6.692451295315184, 

parameters:
1.3962405938029925, -62.948952534628916, 8.329490297761161, 
objectives:
-69.32895503660674, -54.25493681629639, 3957.190622704986, 

parameters:
1.013778484290916, -46.300489915841666, 7.218118964991795, 
objectives:
-52.490862065622274, -38.10973807280235, 2138.5449942971754, 

parameters:
-0.15292285230832636, -27.22350288746186, 5.228617391202132, 
objectives:
-32.428734879905875, -17.359808688268306, 736.9138774712002, 

parameters:
0.07664399504577801, -23.067204781475787, 7.882924809316731, 
objectives:
-30.944255288815942, -11.484981650365594, 525.2188859231993, 

parameters:
1.1870321088675901, -74.3900515263788, 8.36266664822788, 
objectives:
-81.34367294712405, -65.36646808613864, 5527.926144676547, 

parameters:
2.5845398019042536, -66.85207234064737, 2.030837285432685, 
objectives:
-62.203063638452775, -64.47954827520442, 4474.848584941344, 

parameters:
4.760370194420474, -10.125862578515072, 18.780997916154067, 
objectives:
-6.245736106742314, 16.274778947883924, 107.41321943074468, 

parameters:
-0.21898310907488616, -3.9016750874488944, 20, 
objectives:
-23.85372148538879, 21.022210950910754, -3.728977909920559, 

parameters:
1.452084171258713, 3.058282438758397, 4.059686123551644, 
objectives:
1.107144755626856, 7.418180317695292, 8.401953792086466, 

parameters:
4.235447483021478, -27.367836284998276, 0.0, 
objectives:
-9.428820903565306, -22.370610835651217, 767.9374783039012, 

parameters:
0.483621163873017, -99.4866983313777, 19.971961094179505, 
objectives:
-119.22476999541131, -77.21533246254437, 9878.865073214516, 

parameters:
1.2612084370469732, -38.78387183126236, 0, 
objectives:
-37.19322510958389, -38.23805885777178, 1506.7793609454645, 

parameters:
2.6264226903539893, -69.14965483909668, 17.048569893283055, 
objectives:
-79.30012858397345, -51.70867955882329, 4772.524290621331, 

parameters:
-0.38802113433906377, -69.45068593311237, 18.347365513197627, 
objectives:
-87.64749104561622, -45.40067548186471, 4806.200971467308, 

parameters:
-0.828479256350273, -11.033308637168304, 19.804802825819028, 
objectives:
-30.15173358478463, 16.77178909225452, 103.61547453539637, 

parameters:
-0.1494410483503561, -68.24302959540249, 18.110136531813705, 
objectives:
-86.33083350028414, -45.51279624325531, 4640.023284454099, 

parameters:
-0.100989365199121, -15.133647156606088, 20, 
objectives:
-35.123448304722764, 9.280509156073716, 210.03747511253485, 

parameters:
-0.35889181102278833, -99.49752859196748, 1.474958785327714, 
objectives:
-100.84368404527598, -92.4581992305294, 9899.412040456078, 

parameters:
2.73867507062834, 0.15372996030133024, 15.989046672253851, 
objectives:
-8.334975569471379, 16.688417492522962, -7.46507262907846, 

