Generation 2149 at Fri May 24 19:48:19 2019
parameters:
3.7778969787762477, 1.1076981239405566, 0, 
objectives:
15.380203706187258, 4.268615791082266, 16.49950071602813, 

parameters:
0.05101637681523949, -100, 19.95971668145522, 
objectives:
-119.95711401075187, -76.24174615510238, 9981.042885989249, 

parameters:
-0.09310337269809921, -0.38187417318528993, 20, 
objectives:
-20.37320593517753, 23.999207555614866, -18.84550387784629, 

parameters:
1.9973066371654076, -100, 0, 
objectives:
-96.01076619713501, -99.99999274579665, 10004.989233802866, 

parameters:
0.359084053728302, -87.33819330507433, 5.853821888747019, 
objectives:
-93.0630738361794, -78.79176627359857, 7623.235129263426, 

parameters:
2.4427041898182402, -92.44512597289595, 2.758424976818349, 
objectives:
-89.23674719075872, -89.49071399639497, 8550.309694926738, 

parameters:
-0.2132288076441975, -37.2308707500935, 5.6188311992171025, 
objectives:
-42.80423542490124, -26.713657795890246, 1381.5643721353601, 

parameters:
2.9389994990955817, -12.914168575554504, 8.66378462293063, 
objectives:
-12.940235142801054, -3.368663893322122, 167.74968343059288, 

parameters:
2.9214032210465746, -54.949792979331875, 6.745761538832172, 
objectives:
-53.16095773822274, -47.3550475447447, 3022.2685837125396, 

parameters:
3.303061129498276, -30.043265950529747, 19.906885742620048, 
objectives:
-39.03993886794737, -8.438411900700377, 894.6011560568425, 

parameters:
1.6235792557811586, -97.15682963720921, 2.808733375092128, 
objectives:
-97.32955341249844, -94.20640368543881, 9440.276821378406, 

parameters:
3.0269823207731195, -78.31949344606063, 6.2056786273406415, 
objectives:
-75.36255010312826, -71.05912213153944, 6137.899996990467, 

parameters:
0.07664399504577801, -23.067204781475787, 7.882924809316731, 
objectives:
-30.944255288815942, -11.484981650365594, 525.2188859231993, 

parameters:
4.760370194420474, -10.125862578515072, 18.780997916154067, 
objectives:
-6.245736106742314, 16.274778947883924, 107.41321943074468, 

parameters:
1.013778484290916, -46.300489915841666, 7.218118964991795, 
objectives:
-52.490862065622274, -38.10973807280235, 2138.5449942971754, 

parameters:
0.6854001850179587, -60.27275564771258, 14.096498527762408, 
objectives:
-73.89948076185233, -44.448084446399356, 3620.178348254729, 

parameters:
-1.5457041445396973, -94.62551623030569, 20, 
objectives:
-112.2363149278585, -62.05349834969971, 8937.377523154293, 

parameters:
-0.23808004141066097, -41.244204194006365, 19.874955069649904, 
objectives:
-61.06247715753817, -16.36024685259572, 1682.2661066333603, 

parameters:
3.4193077355888426, 0.895212898196813, 6.800620228440453, 
objectives:
5.78625806041406, 9.710267574939593, 6.692451295315184, 

parameters:
1.0787358285583803, -81.5076034834012, 5.051455518435728, 
objectives:
-85.39538801402139, -75.60742029138345, 6640.601641076735, 

parameters:
1.3962405938029925, -62.948952534628916, 8.329490297761161, 
objectives:
-69.32895503660674, -54.25493681629639, 3957.190622704986, 

parameters:
3.411923881597341, -94.90230634609398, 19.006765057231792, 
objectives:
-102.2678468295115, -73.90201224143729, 9000.082209324453, 

parameters:
1.2400917781025522, -41.983652034045846, 4.900630083379874, 
objectives:
-45.34645449930817, -36.50556144495863, 1760.2642356505796, 

parameters:
1.1870321088675901, -74.3900515263788, 8.36266664822788, 
objectives:
-81.34367294712405, -65.36646808613864, 5527.926144676547, 

parameters:
2.7297716680921695, -50.97552615998709, 18.52579090698561, 
objectives:
-62.049663707053995, -31.91716856545145, 2588.4301297404613, 

parameters:
-0.21898310907488616, -3.9016750874488944, 20, 
objectives:
-23.85372148538879, 21.022210950910754, -3.728977909920559, 

parameters:
0.09510908174603612, -81.44140678126844, 20, 
objectives:
-101.43236104383787, -57.81279737082201, 6613.711784249468, 

parameters:
1.452084171258713, 3.058282438758397, 4.059686123551644, 
objectives:
1.107144755626856, 7.418180317695292, 8.401953792086466, 

parameters:
3.872115211657065, -25.694098465786425, 7.500477223837521, 
objectives:
-18.201299477277907, -14.688805876231125, 668.6794949580368, 

parameters:
2.5845398019042536, -66.85207234064737, 2.030837285432685, 
objectives:
-62.203063638452775, -64.47954827520442, 4474.848584941344, 

parameters:
-0.31138652347090995, -99.87848378439004, 19.59730475317588, 
objectives:
-119.37882697056662, -74.93867137033122, 9957.21117988249, 

parameters:
3.3570341930491847, -71.97680281418813, 5.324417503710853, 
objectives:
-66.03154174459759, -64.81084350937263, 5187.605404422112, 

parameters:
3.4677687561510524, -74.25738502783264, 5.02408678106563, 
objectives:
-67.25605166276085, -67.0789531252338, 5522.160564536855, 

parameters:
2.854441971212032, -65.77480707197277, 3.620574403345546, 
objectives:
-61.247542508301485, -61.424161586458524, 4331.85250991891, 

parameters:
0.6120280494601423, -52.27461168223998, 13.13290513153932, 
objectives:
-65.03293848045331, -37.215240415215234, 2720.876699730767, 

parameters:
1.4785954749794397, -61.814146615913195, 6.197348654128487, 
objectives:
-65.82525069141201, -55.344935283072786, 3817.977617778114, 

