Generation 2154 at Fri May 24 19:48:19 2019
parameters:
0.05101637681523949, -100, 19.95971668145522, 
objectives:
-119.95711401075187, -76.24174615510238, 9981.042885989249, 

parameters:
3.7778969787762477, 1.1076981239405566, 0, 
objectives:
15.380203706187258, 4.268615791082266, 16.49950071602813, 

parameters:
-0.09310337269809921, -0.38187417318528993, 20, 
objectives:
-20.37320593517753, 23.999207555614866, -18.84550387784629, 

parameters:
1.9973066371654076, -100, 0, 
objectives:
-96.01076619713501, -99.99999274579665, 10004.989233802866, 

parameters:
-0.8341786306377661, -55.850727306285556, 15.387934977676629, 
objectives:
-70.54280829614949, -32.43022381824516, 3105.611659651207, 

parameters:
-1.5457041445396973, -94.62551623030569, 20, 
objectives:
-112.2363149278585, -62.05349834969971, 8937.377523154293, 

parameters:
1.6235792557811586, -97.15682963720921, 2.808733375092128, 
objectives:
-97.32955341249844, -94.20640368543881, 9440.276821378406, 

parameters:
2.195058314311048, -94.39409426456642, 10.636022080212836, 
objectives:
-100.2118353415532, -83.72002443837171, 8905.427290950865, 

parameters:
2.9389994990955817, -12.914168575554504, 8.66378462293063, 
objectives:
-12.940235142801054, -3.368663893322122, 167.74968343059288, 

parameters:
4.760370194420474, -10.125862578515072, 18.780997916154067, 
objectives:
-6.245736106742314, 16.274778947883924, 107.41321943074468, 

parameters:
3.306046154504288, -62.275299269285476, 2.4497479430862814, 
objectives:
-53.79510603665916, -58.11979476850376, 3887.6930923116943, 

parameters:
2.410912120003311, -27.88296940277044, 18.452272939723564, 
objectives:
-40.522745092115144, -9.261847692681258, 765.8202070264878, 

parameters:
1.700651481075673, -46.16644646237559, 3.609293862270686, 
objectives:
-46.883524864561394, -42.46754306432271, 2131.623700561206, 

parameters:
-0.2132288076441975, -37.2308707500935, 5.6188311992171025, 
objectives:
-42.80423542490124, -26.713657795890246, 1381.5643721353601, 

parameters:
-2.737773291601669, -86.57342814965945, 12.738658068387817, 
objectives:
-91.81668362183983, -51.38827431865752, 7490.715206112066, 

parameters:
2.37905505215215, -58.72140647312776, 10.336627282562864, 
objectives:
-63.39813081451995, -48.24109645800282, 3444.526853840898, 

parameters:
1.0787358285583803, -81.5076034834012, 5.051455518435728, 
objectives:
-85.39538801402139, -75.60742029138345, 6640.601641076735, 

parameters:
-1.3858418809771833, -69.49931722872, 18.893394365611496, 
objectives:
-86.47215387526113, -39.1419976201294, 4814.182258611716, 

parameters:
3.018081112959806, -14.969863894723531, 16.74782042148533, 
objectives:
-22.60887071180416, 2.8144456793272745, 217.45781820946652, 

parameters:
2.4427041898182402, -92.44512597289595, 2.758424976818349, 
objectives:
-89.23674719075872, -89.49071399639497, 8550.309694926738, 

parameters:
0.359084053728302, -87.33819330507433, 5.853821888747019, 
objectives:
-93.0630738361794, -78.79176627359857, 7623.235129263426, 

parameters:
-1.0245661998743032, -92.4153266997756, 2.5014279518992812, 
objectives:
-93.86701875375002, -80.76589805045424, 8540.140916972283, 

parameters:
2.4139784815124328, -64.97029949308991, 0.49917930383963616, 
objectives:
-59.64218668772448, -64.29974200609493, 4227.467929027164, 

parameters:
2.6587876800151444, -35.44505897936391, 20, 
objectives:
-48.375907051963594, -15.011057772024174, 1244.4213579779862, 

parameters:
1.6767483617133556, -74.79089831908857, 0, 
objectives:
-71.97941325058015, -74.68640669743357, 5597.489956444754, 

parameters:
3.55216977488768, -71.51099853045959, 0, 
objectives:
-58.893088420834, -69.10176752038471, 5127.4408209330195, 

parameters:
-1.2749378583086433, -21.925294037826262, 15.475589028706311, 
objectives:
-35.77541652398394, 4.275512966663252, 467.86839615898214, 

parameters:
-1.8688453347652434, -1.8286167494658923, 0, 
objectives:
1.6639661358079225, 13.139347474868895, 7.836422101701021, 

parameters:
1.768495149370317, -77.3292966981302, 7.579518024327699, 
objectives:
-81.78123962911155, -69.69618417793743, 5976.368184896468, 

parameters:
3.4193077355888426, 0.895212898196813, 6.800620228440453, 
objectives:
5.78625806041406, 9.710267574939593, 6.692451295315184, 

parameters:
2.453101637427493, -35.68184448683625, 15.649051087868145, 
objectives:
-45.31318793115494, -19.82749230512863, 1264.5626825384477, 

parameters:
3.0269823207731195, -78.31949344606063, 6.2056786273406415, 
objectives:
-75.36255010312826, -71.05912213153944, 6137.899996990467, 

parameters:
0.6854001850179587, -60.27275564771258, 14.096498527762408, 
objectives:
-73.89948076185233, -44.448084446399356, 3620.178348254729, 

parameters:
1.2400917781025522, -41.983652034045846, 4.900630083379874, 
objectives:
-45.34645449930817, -36.50556144495863, 1760.2642356505796, 

parameters:
-0.7828271236207678, -14.51076662760261, 16.397563017796642, 
objectives:
-30.29551133992289, 9.630923190153469, 195.77760340842536, 

parameters:
0.07664399504577801, -23.067204781475787, 7.882924809316731, 
objectives:
-30.944255288815942, -11.484981650365594, 525.2188859231993, 

parameters:
0.6665703068878668, -64.86400927677434, 12.207972058257319, 
objectives:
-76.62766536100708, -50.8780024720439, 4196.576043373236, 

parameters:
-1.6930978186639867, -43.39405741224721, 15.940222381178284, 
objectives:
-56.46769956986074, -13.814863532848225, 1870.9705765397932, 

