Generation 2155 at Fri May 24 19:48:19 2019
parameters:
0.05101637681523949, -100, 19.95971668145522, 
objectives:
-119.95711401075187, -76.24174615510238, 9981.042885989249, 

parameters:
3.7778969787762477, 1.1076981239405566, 0, 
objectives:
15.380203706187258, 4.268615791082266, 16.49950071602813, 

parameters:
-2.4302703632706626, -13.594292996027567, 20, 
objectives:
-27.68807895743585, 26.033002495646798, 171.7110161004359, 

parameters:
-0.09310337269809921, -0.38187417318528993, 20, 
objectives:
-20.37320593517753, 23.999207555614866, -18.84550387784629, 

parameters:
1.9973066371654076, -100, 0, 
objectives:
-96.01076619713501, -99.99999274579665, 10004.989233802866, 

parameters:
1.700651481075673, -46.16644646237559, 3.609293862270686, 
objectives:
-46.883524864561394, -42.46754306432271, 2131.623700561206, 

parameters:
-0.8341786306377661, -55.850727306285556, 15.387934977676629, 
objectives:
-70.54280829614949, -32.43022381824516, 3105.611659651207, 

parameters:
-1.5457041445396973, -94.62551623030569, 20, 
objectives:
-112.2363149278585, -62.05349834969971, 8937.377523154293, 

parameters:
1.768495149370317, -77.3292966981302, 7.579518024327699, 
objectives:
-81.78123962911155, -69.69618417793743, 5976.368184896468, 

parameters:
4.760370194420474, -10.125862578515072, 18.780997916154067, 
objectives:
-6.245736106742314, 16.274778947883924, 107.41321943074468, 

parameters:
2.37905505215215, -58.72140647312776, 10.336627282562864, 
objectives:
-63.39813081451995, -48.24109645800282, 3444.526853840898, 

parameters:
2.9389994990955817, -12.914168575554504, 8.66378462293063, 
objectives:
-12.940235142801054, -3.368663893322122, 167.74968343059288, 

parameters:
3.306046154504288, -62.275299269285476, 2.4497479430862814, 
objectives:
-53.79510603665916, -58.11979476850376, 3887.6930923116943, 

parameters:
2.410912120003311, -27.88296940277044, 18.452272939723564, 
objectives:
-40.522745092115144, -9.261847692681258, 765.8202070264878, 

parameters:
-1.3858418809771833, -69.49931722872, 18.893394365611496, 
objectives:
-86.47215387526113, -39.1419976201294, 4814.182258611716, 

parameters:
3.4193077355888426, 0.895212898196813, 6.800620228440453, 
objectives:
5.78625806041406, 9.710267574939593, 6.692451295315184, 

parameters:
1.0787358285583803, -81.5076034834012, 5.051455518435728, 
objectives:
-85.39538801402139, -75.60742029138345, 6640.601641076735, 

parameters:
1.6767483617133556, -74.79089831908857, 0, 
objectives:
-71.97941325058015, -74.68640669743357, 5597.489956444754, 

parameters:
-0.2132288076441975, -37.2308707500935, 5.6188311992171025, 
objectives:
-42.80423542490124, -26.713657795890246, 1381.5643721353601, 

parameters:
2.6587876800151444, -35.44505897936391, 20, 
objectives:
-48.375907051963594, -15.011057772024174, 1244.4213579779862, 

parameters:
-2.737773291601669, -86.57342814965945, 12.738658068387817, 
objectives:
-91.81668362183983, -51.38827431865752, 7490.715206112066, 

parameters:
-0.6979089498734985, -96.94961172923209, 6.4060142796747455, 
objectives:
-102.8685491065933, -83.26488474774982, 9394.308277071494, 

parameters:
-0.17345955667669122, -57.79360790182261, 18.403213665401964, 
objectives:
-76.1667333494221, -34.66646779191141, 3322.7279888620137, 

parameters:
2.4427041898182402, -92.44512597289595, 2.758424976818349, 
objectives:
-89.23674719075872, -89.49071399639497, 8550.309694926738, 

parameters:
0.359084053728302, -87.33819330507433, 5.853821888747019, 
objectives:
-93.0630738361794, -78.79176627359857, 7623.235129263426, 

parameters:
2.4139784815124328, -64.97029949308991, 0.49917930383963616, 
objectives:
-59.64218668772448, -64.29974200609493, 4227.467929027164, 

parameters:
3.018081112959806, -14.969863894723531, 16.74782042148533, 
objectives:
-22.60887071180416, 2.8144456793272745, 217.45781820946652, 

parameters:
-1.8688453347652434, -1.8286167494658923, 0, 
objectives:
1.6639661358079225, 13.139347474868895, 7.836422101701021, 

parameters:
-2.91556014624169, -92.31720034498981, 15.19401211243556, 
objectives:
-99.0107214910725, -52.96045668123463, 8516.771958390906, 

parameters:
-1.2749378583086433, -21.925294037826262, 15.475589028706311, 
objectives:
-35.77541652398394, 4.275512966663252, 467.86839615898214, 

parameters:
3.55216977488768, -71.51099853045959, 0, 
objectives:
-58.893088420834, -69.10176752038471, 5127.4408209330195, 

parameters:
3.86683891641127, -99.39734827654738, 0.668936671323161, 
objectives:
-85.11384174239785, -95.2433240653966, 9895.116350943405, 

parameters:
1.6235792557811586, -97.15682963720921, 2.808733375092128, 
objectives:
-97.32955341249844, -94.20640368543881, 9440.276821378406, 

parameters:
2.195058314311048, -94.39409426456642, 10.636022080212836, 
objectives:
-100.2118353415532, -83.72002443837171, 8905.427290950865, 

parameters:
3.749765256701778, -64.57137310029415, 7.058627660428179, 
objectives:
-57.56926128035458, -54.451066986305335, 4177.464335877331, 

parameters:
-1.2171380529953706, -32.69338078111534, 0, 
objectives:
-31.211955741065974, -22.343403529084494, 1071.338571939051, 

parameters:
-0.6809044446190393, -32.13131066407263, 3.570098761862236, 
objectives:
-35.2377785632329, -21.373963261032273, 1030.3146570919873, 

parameters:
-0.6722799844431522, -34.30044708207311, 0.1942072261990705, 
objectives:
-34.0426939307893, -26.96515954061855, 1177.7784231813819, 

parameters:
-1.0245661998743032, -92.4153266997756, 2.5014279518992812, 
objectives:
-93.86701875375002, -80.76589805045424, 8540.140916972283, 

