Generation 2156 at Fri May 24 19:48:19 2019
parameters:
3.4193077355888426, 0.895212898196813, 6.800620228440453, 
objectives:
5.78625806041406, 9.710267574939593, 6.692451295315184, 

parameters:
0.05101637681523949, -100, 19.95971668145522, 
objectives:
-119.95711401075187, -76.24174615510238, 9981.042885989249, 

parameters:
-2.4302703632706626, -13.594292996027567, 20, 
objectives:
-27.68807895743585, 26.033002495646798, 171.7110161004359, 

parameters:
-0.09310337269809921, -0.38187417318528993, 20, 
objectives:
-20.37320593517753, 23.999207555614866, -18.84550387784629, 

parameters:
1.9973066371654076, -100, 0, 
objectives:
-96.01076619713501, -99.99999274579665, 10004.989233802866, 

parameters:
2.4427041898182402, -92.44512597289595, 2.758424976818349, 
objectives:
-89.23674719075872, -89.49071399639497, 8550.309694926738, 

parameters:
-0.2132288076441975, -37.2308707500935, 5.6188311992171025, 
objectives:
-42.80423542490124, -26.713657795890246, 1381.5643721353601, 

parameters:
0.359084053728302, -87.33819330507433, 5.853821888747019, 
objectives:
-93.0630738361794, -78.79176627359857, 7623.235129263426, 

parameters:
-1.5457041445396973, -94.62551623030569, 20, 
objectives:
-112.2363149278585, -62.05349834969971, 8937.377523154293, 

parameters:
2.4139784815124328, -64.97029949308991, 0.49917930383963616, 
objectives:
-59.64218668772448, -64.29974200609493, 4227.467929027164, 

parameters:
-1.3858418809771833, -69.49931722872, 18.893394365611496, 
objectives:
-86.47215387526113, -39.1419976201294, 4814.182258611716, 

parameters:
1.700651481075673, -46.16644646237559, 3.609293862270686, 
objectives:
-46.883524864561394, -42.46754306432271, 2131.623700561206, 

parameters:
2.410912120003311, -27.88296940277044, 18.452272939723564, 
objectives:
-40.522745092115144, -9.261847692681258, 765.8202070264878, 

parameters:
2.9389994990955817, -12.914168575554504, 8.66378462293063, 
objectives:
-12.940235142801054, -3.368663893322122, 167.74968343059288, 

parameters:
1.768495149370317, -77.3292966981302, 7.579518024327699, 
objectives:
-81.78123962911155, -69.69618417793743, 5976.368184896468, 

parameters:
-1.5364203443935713, -32.768058766300975, 1.1622505749288652, 
objectives:
-31.56972186656338, -19.099539339131365, 1075.9440122114918, 

parameters:
2.37905505215215, -58.72140647312776, 10.336627282562864, 
objectives:
-63.39813081451995, -48.24109645800282, 3444.526853840898, 

parameters:
1.0787358285583803, -81.5076034834012, 5.051455518435728, 
objectives:
-85.39538801402139, -75.60742029138345, 6640.601641076735, 

parameters:
1.8012034586903858, -99.1785902481135, 0.7946078962598235, 
objectives:
-96.72886424477511, -98.34446228701701, 9839.842489606532, 

parameters:
-1.2254932782524675, -53.22696716726175, 0, 
objectives:
-51.72513339221977, -42.8231602792099, 2835.6118675998023, 

parameters:
-1.4243338939803873, -85.34766211333803, 20, 
objectives:
-103.3189350717967, -53.621599495875145, 7267.2521552540575, 

parameters:
3.306046154504288, -62.275299269285476, 2.4497479430862814, 
objectives:
-53.79510603665916, -58.11979476850376, 3887.6930923116943, 

parameters:
1.6767483617133556, -74.79089831908857, 0, 
objectives:
-71.97941325058015, -74.68640669743357, 5597.489956444754, 

parameters:
4.760370194420474, -10.125862578515072, 18.780997916154067, 
objectives:
-6.245736106742314, 16.274778947883924, 107.41321943074468, 

parameters:
2.6587876800151444, -35.44505897936391, 20, 
objectives:
-48.375907051963594, -15.011057772024174, 1244.4213579779862, 

parameters:
-0.6979089498734985, -96.94961172923209, 6.4060142796747455, 
objectives:
-102.8685491065933, -83.26488474774982, 9394.308277071494, 

parameters:
-1.8688453347652434, -1.8286167494658923, 0, 
objectives:
1.6639661358079225, 13.139347474868895, 7.836422101701021, 

parameters:
-0.17345955667669122, -57.79360790182261, 18.403213665401964, 
objectives:
-76.1667333494221, -34.66646779191141, 3322.7279888620137, 

parameters:
-1.2749378583086433, -21.925294037826262, 15.475589028706311, 
objectives:
-35.77541652398394, 4.275512966663252, 467.86839615898214, 

parameters:
-0.3479252034794526, -97.01327763665694, 6.727993568902264, 
objectives:
-103.62021925834298, -84.77253130662065, 9405.969096185396, 

parameters:
0.30724434031159764, -62.31674610526459, 9.945390144048003, 
objectives:
-72.16773716465909, -49.50593423780947, 3874.5258540886152, 

parameters:
-0.8341786306377661, -55.850727306285556, 15.387934977676629, 
objectives:
-70.54280829614949, -32.43022381824516, 3105.611659651207, 

parameters:
-1.7341177097656388, -17.60304021393947, 20, 
objectives:
-34.59587598261665, 16.34059485644591, 293.8741890048929, 

parameters:
2.149725977180751, -54.61195918739408, 19.255242040486632, 
objectives:
-69.24587945091497, -35.334299278664716, 2968.8321660220754, 

parameters:
-0.9924628461368049, -98.1706274514281, 19.913397007317844, 
objectives:
-117.09904195778398, -69.30239655860107, 9619.543679700733, 

parameters:
3.142095362630137, -11.86638684956958, 17.727455717558662, 
objectives:
-19.721079299266428, 7.165450685330347, 133.956444413941, 

parameters:
-0.420261200657205, -97.16731966472803, 19.64975454818431, 
objectives:
-116.6404547361345, -71.65990083713707, 9423.014875756035, 

parameters:
3.018081112959806, -14.969863894723531, 16.74782042148533, 
objectives:
-22.60887071180416, 2.8144456793272745, 217.45781820946652, 

parameters:
2.743706746278736, -1.3941841322028266, 3.185763816567942, 
objectives:
2.9479787608046806, 2.3446794088256198, 7.285912287493657, 

