Generation 2169 at Fri May 24 19:48:19 2019
parameters:
0.05101637681523949, -100, 19.95971668145522, 
objectives:
-119.95711401075187, -76.24174615510238, 9981.042885989249, 

parameters:
3.4193077355888426, 0.895212898196813, 6.800620228440453, 
objectives:
5.78625806041406, 9.710267574939593, 6.692451295315184, 

parameters:
-0.09310337269809921, -0.38187417318528993, 20, 
objectives:
-20.37320593517753, 23.999207555614866, -18.84550387784629, 

parameters:
1.9973066371654076, -100, 0, 
objectives:
-96.01076619713501, -99.99999274579665, 10004.989233802866, 

parameters:
-1.5491604765933058, -96.05727447831737, 20, 
objectives:
-113.65737629607857, -63.46073438970535, 9210.39987838504, 

parameters:
-1.4243338939803873, -85.34766211333803, 20, 
objectives:
-103.3189350717967, -53.621599495875145, 7267.2521552540575, 

parameters:
2.4427041898182402, -92.44512597289595, 2.758424976818349, 
objectives:
-89.23674719075872, -89.49071399639497, 8550.309694926738, 

parameters:
-1.427168588793426, -64.63862757240373, 5.039961509944179, 
objectives:
-67.6417789015093, -47.85318152644723, 4176.149023114807, 

parameters:
2.410912120003311, -27.88296940277044, 18.452272939723564, 
objectives:
-40.522745092115144, -9.261847692681258, 765.8202070264878, 

parameters:
-1.3858418809771833, -69.49931722872, 18.893394365611496, 
objectives:
-86.47215387526113, -39.1419976201294, 4814.182258611716, 

parameters:
2.2293279947371074, -90.11413030125873, 6.098194821860161, 
objectives:
-91.24242181500031, -83.96334415022842, 8120.4281884384945, 

parameters:
-1.5208582640138855, -48.14924519036701, 10.384971599340762, 
objectives:
-56.22120693048845, -25.367830675751375, 2311.2778506619593, 

parameters:
0.9353669978413544, -37.54665447174656, 3.3968537865532746, 
objectives:
-40.06859683764908, -33.016357255907955, 1408.2293196548233, 

parameters:
1.4861454294036598, -81.78727962589751, 3.1835973610943165, 
objectives:
-82.76224874965443, -78.33963574508044, 6689.1841394809935, 

parameters:
0.10174458659485519, -58.50226437891351, 0, 
objectives:
-58.49191241801215, -54.898890764391574, 3423.525289421194, 

parameters:
1.700651481075673, -46.16644646237559, 3.609293862270686, 
objectives:
-46.883524864561394, -42.46754306432271, 2131.623700561206, 

parameters:
-1.2749378583086433, -21.925294037826262, 15.475589028706311, 
objectives:
-35.77541652398394, 4.275512966663252, 467.86839615898214, 

parameters:
1.9799596855388923, -21.839996154480716, 4.180277921132985, 
objectives:
-22.100033719254434, -17.65931661914403, 477.7253944629587, 

parameters:
4.694629672714986, -73.69640103348706, 0, 
objectives:
-51.65685326955105, -66.43537196041099, 5454.1990730524885, 

parameters:
3.306046154504288, -62.275299269285476, 2.4497479430862814, 
objectives:
-53.79510603665916, -58.11979476850376, 3887.6930923116943, 

parameters:
2.842902917539214, -0.4736748320200084, 10.205519289740113, 
objectives:
-2.5970971232071465, 10.442329786116224, -0.8990544446979545, 

parameters:
-1.8392751917564154, -13.254305607128416, 19.650351475534936, 
objectives:
-29.52172385165275, 21.13607986644278, 160.40919888263144, 

parameters:
-0.5887406007607272, -9.486637765089696, 1.9875999194442167, 
objectives:
-11.127622189549811, -0.7974599476184703, 89.35531166156592, 

parameters:
1.6767483617133556, -74.79089831908857, 0, 
objectives:
-71.97941325058015, -74.68640669743357, 5597.489956444754, 

parameters:
1.0416827532786166, -52.88952635725023, 1.5667896337100273, 
objectives:
-53.371213032482146, -50.40436477817655, 2797.8203116190352, 

parameters:
-0.17345955667669122, -57.79360790182261, 18.403213665401964, 
objectives:
-76.1667333494221, -34.66646779191141, 3322.7279888620137, 

parameters:
-1.8808584936198538, -14.362195758274332, 6.477526375346788, 
objectives:
-17.302093460599174, 7.176393264573817, 204.33276929666835, 

parameters:
2.222514983033343, -78.13585742928927, 7.189898588093122, 
objectives:
-80.3861831675747, -70.89644592352181, 6103.961890471934, 

parameters:
-2.857283864258547, -98.45470152249636, 2.8970854232892154, 
objectives:
-93.18771586483332, -71.9644095612207, 9699.59523754151, 

parameters:
1.0523957785193159, -36.441843131957086, 16.58541738107438, 
objectives:
-51.91972363838619, -18.958471990314692, 1313.5300503477388, 

parameters:
1.6916286401924827, -100, 0.24113346618551204, 
objectives:
-97.37952600986605, -99.66377363826494, 10003.620473990135, 

parameters:
-1.7656867627388384, -99.02108354835843, 4.487797205328577, 
objectives:
-100.39123100957585, -80.35288954796334, 9804.804839629764, 

parameters:
2.1897438640630944, -46.17283104343475, 10.71892019475752, 
objectives:
-52.0967730479903, -35.41790811472764, 2127.006384561016, 

parameters:
3.0237993529137204, 0.612917143964534, 17.43437708256262, 
objectives:
-7.678097411916651, 19.095459341553706, -6.915347130515544, 

parameters:
1.768495149370317, -77.3292966981302, 7.579518024327699, 
objectives:
-81.78123962911155, -69.69618417793743, 5976.368184896468, 

parameters:
-1.7988122239032174, -37.09161410965329, 19.179953535570323, 
objectives:
-53.03584222835998, -3.4806862616064613, 1360.8436091407245, 

parameters:
0.4789670425910244, -4.091228636185406, 17.969304707451677, 
objectives:
-21.83112391574869, 16.191617328790567, -0.0017435260197906643, 

