Generation 217 at Sat May 25 04:36:27 2019
parameters:
0, 0.0, 20.0, 
objectives:
-20.0, 24.0, -19.0, 

parameters:
0, 0.0, 20.0, 
objectives:
-20.0, 24.0, -19.0, 

parameters:
1.9971487895634539, 0.0, 20.0, 
objectives:
-16.01139671234523, 20.000008129400953, -15.011396712345231, 

parameters:
1.23002108466958, 0.0, 20.0, 
objectives:
-18.48704813126827, 20.59286753005341, -17.48704813126827, 

parameters:
1.3234195027860154, 0.0, 20.0, 
objectives:
-18.248560819645615, 20.457761169210322, -17.248560819645615, 

parameters:
1.9256138418811688, 0.0, 20.0, 
objectives:
-16.292011331955646, 20.00553330051968, -15.292011331955646, 

parameters:
1.6262064498802187, 0.0, 20.0, 
objectives:
-17.355452582367974, 20.13972161811115, -16.355452582367974, 

parameters:
1.7615991324384104, 0.0, 20.0, 
objectives:
-16.89676849659224, 20.05683497365412, -15.896768496592241, 

parameters:
1.39817358065715, 0.0, 20.0, 
objectives:
-18.045110638352362, 20.362195039019035, -17.045110638352362, 

parameters:
0.8746623716313485, 0.0, 20.0, 
objectives:
-19.234965735652224, 21.26638477782238, -18.234965735652224, 

parameters:
0.6385250073332925, 0.0, 20.0, 
objectives:
-19.59228581501002, 21.85361415565681, -18.59228581501002, 

parameters:
1.862666147136347, 0.0, 20.0, 
objectives:
-16.530474824312236, 20.018860587142374, -15.530474824312236, 

parameters:
1.822610595704018, 0.0, 20.0, 
objectives:
-16.678090616427443, 20.031467000756482, -15.678090616427445, 

parameters:
1.5600070917104698, 0.0, 20.0, 
objectives:
-17.566377873813042, 20.193593759345077, -16.566377873813042, 

parameters:
0.44031764687773367, 0.0, 20.0, 
objectives:
-19.806120369848056, 22.432609042641012, -18.806120369848056, 

parameters:
1.1368241208279022, 0.0, 20.0, 
objectives:
-18.707630918303867, 20.745072598384525, -17.707630918303867, 

parameters:
0.23638872998874005, 0.0, 20.0, 
objectives:
-19.94412036833431, 23.11032471171073, -18.94412036833431, 

parameters:
0.7051157639896101, 0.0, 20.0, 
objectives:
-19.502811759373348, 21.67672518466821, -18.502811759373348, 

parameters:
0.815496376751176, 0.0, 20.0, 
objectives:
-19.334965659505706, 21.403048833489592, -18.334965659505706, 

parameters:
0.9695622590982977, 0.0, 20.0, 
objectives:
-19.059949025732205, 21.061801937874606, -18.059949025732205, 

parameters:
0.32182802514920833, 0.0, 20.0, 
objectives:
-19.89642672222856, 22.816261177174606, -18.89642672222856, 

parameters:
0.7634526018088579, 0.0, 20.0, 
objectives:
-19.417140124791285, 21.529049467973284, -18.417140124791285, 

parameters:
0.1713093500172676, 0.0, 20.0, 
objectives:
-19.97065310659666, 23.34410949333427, -18.97065310659666, 

parameters:
0.5385751032055895, 0.0, 20.0, 
objectives:
-19.70993685820709, 22.135762728970555, -18.70993685820709, 

parameters:
1.0543106009012289, 0.0, 20.0, 
objectives:
-18.88842915682729, 20.894328439567794, -17.88842915682729, 

parameters:
0.37009534621910267, 0.0, 20.0, 
objectives:
-19.863029434706963, 22.656589180416628, -18.863029434706963, 

parameters:
1.6935739432589112, 0.0, 20.0, 
objectives:
-17.131807298714463, 20.093896928249894, -16.131807298714463, 

parameters:
1.1179521101175336, 0.0, 20.0, 
objectives:
-18.750183079483755, 20.77800848004611, -17.750183079483755, 

parameters:
1.700664428349015, 0.0, 20.0, 
objectives:
-17.107740502148317, 20.08960178445562, -16.107740502148317, 

parameters:
1.5203419142712262, 0.0, 20.0, 
objectives:
-17.688560463710104, 20.230071879204992, -16.688560463710104, 

parameters:
0.522573671835789, 0.0, 20.0, 
objectives:
-19.72691675750406, 22.182788555152783, -18.72691675750406, 

parameters:
1.4571075689124344, 0.0, 20.0, 
objectives:
-17.876837532618094, 20.294732191732166, -16.876837532618094, 

parameters:
1.0219886234552311, 0.0, 20.0, 
objectives:
-18.95553925352808, 20.956506252650993, -17.95553925352808, 

parameters:
0.09005670766346276, 0.0, 20.0, 
objectives:
-19.99188978940482, 23.64788337994133, -18.991889789404816, 

parameters:
1.4886637776944611, 0.0, 20.0, 
objectives:
-17.783880156980455, 20.2614647322417, -16.783880156980455, 

parameters:
0.09582302309877513, 0.0, 20.0, 
objectives:
-19.99081794824421, 23.625889959360688, -18.99081794824421, 

parameters:
0.9803622821335717, 0.0, 20.0, 
objectives:
-19.038889795769855, 21.039661075695857, -18.038889795769855, 

parameters:
1.4664985453837516, 0.0, 20.0, 
objectives:
-17.84938201638734, 20.284623802077654, -16.84938201638734, 

