Generation 2178 at Fri May 24 19:48:20 2019
parameters:
2.7491724209644466, -1.1025110937687606, 7.566761771646926, 
objectives:
-1.111323865224171, 7.0255099942118955, 2.2067179404277786, 

parameters:
0.05101637681523949, -100, 19.95971668145522, 
objectives:
-119.95711401075187, -76.24174615510238, 9981.042885989249, 

parameters:
-1.0866005542499, -1.9127787581248263, 20, 
objectives:
-20.732077993628636, 27.614324223370964, -14.160576657970257, 

parameters:
-0.09310337269809921, -0.38187417318528993, 20, 
objectives:
-20.37320593517753, 23.999207555614866, -18.84550387784629, 

parameters:
1.9973066371654076, -100, 0, 
objectives:
-96.01076619713501, -99.99999274579665, 10004.989233802866, 

parameters:
0.8674056093426454, -87.11323294616092, 0, 
objectives:
-86.36084045504184, -85.83046289241241, 7590.467746823216, 

parameters:
4.173191539478946, -18.570532467989143, 9.501031468964172, 
objectives:
-10.65603631177466, -4.3467395317621005, 353.77917230085336, 

parameters:
1.0080490136682403, -59.51378519806364, 9.767478836667163, 
objectives:
-68.26510122077329, -48.76233960211192, 3534.139312578549, 

parameters:
-1.4243338939803873, -85.34766211333803, 20, 
objectives:
-103.3189350717967, -53.621599495875145, 7267.2521552540575, 

parameters:
2.4427041898182402, -92.44512597289595, 2.758424976818349, 
objectives:
-89.23674719075872, -89.49071399639497, 8550.309694926738, 

parameters:
1.700651481075673, -46.16644646237559, 3.609293862270686, 
objectives:
-46.883524864561394, -42.46754306432271, 2131.623700561206, 

parameters:
1.4861454294036598, -81.78727962589751, 3.1835973610943165, 
objectives:
-82.76224874965443, -78.33963574508044, 6689.1841394809935, 

parameters:
4.787515485632566, -65.36182071681901, 0.5154492510332082, 
objectives:
-42.95696544268059, -57.07612888314444, 4295.57246269173, 

parameters:
2.222514983033343, -78.13585742928927, 7.189898588093122, 
objectives:
-80.3861831675747, -70.89644592352181, 6103.961890471934, 

parameters:
2.124741098486772, -69.17537641139525, 9.516309070343741, 
objectives:
-74.17716074614022, -59.64350699939982, 4781.2309173234735, 

parameters:
3.1843939779702666, -9.209558984068357, 20, 
objectives:
-19.069193977135058, 12.193230110983876, 75.95634168796748, 

parameters:
-2.577700458166156, -93.81251595355596, 6.031786123198353, 
objectives:
-93.19976242472431, -66.82538834566297, 8802.400903065023, 

parameters:
3.3443799835015797, -24.50178127365062, 12.394475382689713, 
objectives:
-25.71137918229431, -10.299948350921202, 600.1276876731725, 

parameters:
-0.47163341186486174, -37.85026693813509, 3.2836973129306597, 
objectives:
-40.911526175878464, -28.457597902557694, 1430.581448050339, 

parameters:
1.6767483617133556, -74.79089831908857, 0, 
objectives:
-71.97941325058015, -74.68640669743357, 5597.489956444754, 

parameters:
-0.17345955667669122, -57.79360790182261, 18.403213665401964, 
objectives:
-76.1667333494221, -34.66646779191141, 3322.7279888620137, 

parameters:
2.373466605612867, -10.629994104358865, 9.955455911514196, 
objectives:
-14.952106287913596, -0.5350608873366713, 109.6746624751495, 

parameters:
1.3528631492900212, -27.41210664451434, 7.407076891521218, 
objectives:
-32.98894483532864, -19.586243649446292, 746.8467524994128, 

parameters:
3.7333762688891454, -98.72793599409427, 2.0492635278436686, 
objectives:
-86.8391011568333, -93.67407917670255, 9760.094180491235, 

parameters:
1.0416827532786166, -52.88952635725023, 1.5667896337100273, 
objectives:
-53.371213032482146, -50.40436477817655, 2797.8203116190352, 

parameters:
-1.767591521664154, -73.09479581761747, 6.663012870866635, 
objectives:
-76.6334289010251, -52.23703707263522, 5340.31054253578, 

parameters:
0.8162189848537047, -97.03735076217404, 5.580899137947562, 
objectives:
-101.95203646888599, -90.05511413240568, 9412.332757234488, 

parameters:
-1.5491604765933058, -96.05727447831737, 20, 
objectives:
-113.65737629607857, -63.46073438970535, 9210.39987838504, 

parameters:
-1.1677490666150814, -96.41519634783562, 16.385854635851327, 
objectives:
-111.43741310110656, -69.99470756294357, 9281.867870038423, 

parameters:
0.7576023918819119, -28.59062424042042, 16.19308737575007, 
objectives:
-44.209750231985296, -10.853985048012802, 802.8046684653508, 

parameters:
-1.2749378583086433, -21.925294037826262, 15.475589028706311, 
objectives:
-35.77541652398394, 4.275512966663252, 467.86839615898214, 

parameters:
-1.5208582640138855, -48.14924519036701, 10.384971599340762, 
objectives:
-56.22120693048845, -25.367830675751375, 2311.2778506619593, 

parameters:
2.1927735187159483, -52.06457156917968, 18.956319409067756, 
objectives:
-66.21263527386552, -33.07109053059379, 2697.5715489775466, 

parameters:
2.234703311586491, -48.69987249532011, 16.03714973587173, 
objectives:
-59.74312334037621, -32.607637114978715, 2361.6343302153796, 

parameters:
1.9799596855388923, -21.839996154480716, 4.180277921132985, 
objectives:
-22.100033719254434, -17.65931661914403, 477.7253944629587, 

parameters:
1.942250645172222, -100.0, 19.473885428394375, 
objectives:
-115.70154785972247, -80.5227795836226, 9985.298452140278, 

parameters:
2.1682776630135008, -44.36883277588575, 14.895457984006876, 
objectives:
-54.56286273596934, -29.44505742000959, 1959.3992919344298, 

parameters:
-0.6058289652907338, -40.22953675025575, 4.604570831161983, 
objectives:
-44.46707884623248, -28.834621322745587, 1615.178085044201, 

parameters:
2.4014379686094465, -46.47873783290409, 13.865892713227936, 
objectives:
-54.577726229052956, -32.45169267703487, 2153.174082143681, 

