Generation 2179 at Fri May 24 19:48:20 2019
parameters:
2.7491724209644466, -1.1025110937687606, 7.566761771646926, 
objectives:
-1.111323865224171, 7.0255099942118955, 2.2067179404277786, 

parameters:
0.05101637681523949, -100, 19.95971668145522, 
objectives:
-119.95711401075187, -76.24174615510238, 9981.042885989249, 

parameters:
-1.0866005542499, -1.9127787581248263, 20, 
objectives:
-20.732077993628636, 27.614324223370964, -14.160576657970257, 

parameters:
-0.09310337269809921, -0.38187417318528993, 20, 
objectives:
-20.37320593517753, 23.999207555614866, -18.84550387784629, 

parameters:
1.9973066371654076, -100, 0, 
objectives:
-96.01076619713501, -99.99999274579665, 10004.989233802866, 

parameters:
-0.47163341186486174, -37.85026693813509, 3.2836973129306597, 
objectives:
-40.911526175878464, -28.457597902557694, 1430.581448050339, 

parameters:
1.700651481075673, -46.16644646237559, 3.609293862270686, 
objectives:
-46.883524864561394, -42.46754306432271, 2131.623700561206, 

parameters:
1.3528631492900212, -27.41210664451434, 7.407076891521218, 
objectives:
-32.98894483532864, -19.586243649446292, 746.8467524994128, 

parameters:
1.0080490136682403, -59.51378519806364, 9.767478836667163, 
objectives:
-68.26510122077329, -48.76233960211192, 3534.139312578549, 

parameters:
4.173191539478946, -18.570532467989143, 9.501031468964172, 
objectives:
-10.65603631177466, -4.3467395317621005, 353.77917230085336, 

parameters:
1.0416827532786166, -52.88952635725023, 1.5667896337100273, 
objectives:
-53.371213032482146, -50.40436477817655, 2797.8203116190352, 

parameters:
1.4861454294036598, -81.78727962589751, 3.1835973610943165, 
objectives:
-82.76224874965443, -78.33963574508044, 6689.1841394809935, 

parameters:
-1.5491604765933058, -96.05727447831737, 20, 
objectives:
-113.65737629607857, -63.46073438970535, 9210.39987838504, 

parameters:
-0.17345955667669122, -57.79360790182261, 18.403213665401964, 
objectives:
-76.1667333494221, -34.66646779191141, 3322.7279888620137, 

parameters:
-1.4243338939803873, -85.34766211333803, 20, 
objectives:
-103.3189350717967, -53.621599495875145, 7267.2521552540575, 

parameters:
3.3443799835015797, -24.50178127365062, 12.394475382689713, 
objectives:
-25.71137918229431, -10.299948350921202, 600.1276876731725, 

parameters:
3.1843939779702666, -9.209558984068357, 20, 
objectives:
-19.069193977135058, 12.193230110983876, 75.95634168796748, 

parameters:
2.373466605612867, -10.629994104358865, 9.955455911514196, 
objectives:
-14.952106287913596, -0.5350608873366713, 109.6746624751495, 

parameters:
4.207692793975592, -66.83548659820936, 8.396250134736782, 
objectives:
-57.52705808447202, -53.565328990900824, 4477.29069733316, 

parameters:
0.7576023918819119, -28.59062424042042, 16.19308737575007, 
objectives:
-44.209750231985296, -10.853985048012802, 802.8046684653508, 

parameters:
2.222514983033343, -78.13585742928927, 7.189898588093122, 
objectives:
-80.3861831675747, -70.89644592352181, 6103.961890471934, 

parameters:
2.124741098486772, -69.17537641139525, 9.516309070343741, 
objectives:
-74.17716074614022, -59.64350699939982, 4781.2309173234735, 

parameters:
4.787515485632566, -65.36182071681901, 0.5154492510332082, 
objectives:
-42.95696544268059, -57.07612888314444, 4295.57246269173, 

parameters:
1.1862426660453236, -90.17396845449836, 4.552371984107615, 
objectives:
-93.31916877585965, -84.95939547182573, 8129.199386511505, 

parameters:
1.6767483617133556, -74.79089831908857, 0, 
objectives:
-71.97941325058015, -74.68640669743357, 5597.489956444754, 

parameters:
-0.2247672028868979, -92.86239355981284, 4.284845105625053, 
objectives:
-97.0967183699443, -83.6279593471466, 8620.189812847439, 

parameters:
-1.1677490666150814, -96.41519634783562, 16.385854635851327, 
objectives:
-111.43741310110656, -69.99470756294357, 9281.867870038423, 

parameters:
3.7333762688891454, -98.72793599409427, 2.0492635278436686, 
objectives:
-86.8391011568333, -93.67407917670255, 9760.094180491235, 

parameters:
-1.767591521664154, -73.09479581761747, 6.663012870866635, 
objectives:
-76.6334289010251, -52.23703707263522, 5340.31054253578, 

parameters:
0.8162189848537047, -97.03735076217404, 5.580899137947562, 
objectives:
-101.95203646888599, -90.05511413240568, 9412.332757234488, 

parameters:
2.4427041898182402, -92.44512597289595, 2.758424976818349, 
objectives:
-89.23674719075872, -89.49071399639497, 8550.309694926738, 

parameters:
2.766759114316444, -87.19537227207242, 0, 
objectives:
-79.5404162754193, -86.60745273268508, 7611.687901661949, 

parameters:
0.8674056093426454, -87.11323294616092, 0, 
objectives:
-86.36084045504184, -85.83046289241241, 7590.467746823216, 

