Generation 2183 at Fri May 24 19:48:20 2019
parameters:
3.79770593243899, -3.478396155563736, 2.8682819462266576, 
objectives:
8.075892247491906, 2.6216324101892603, 24.65352821809622, 

parameters:
0.05101637681523949, -100, 19.95971668145522, 
objectives:
-119.95711401075187, -76.24174615510238, 9981.042885989249, 

parameters:
-1.0866005542499, -1.9127787581248263, 20, 
objectives:
-20.732077993628636, 27.614324223370964, -14.160576657970257, 

parameters:
-0.09310337269809921, -0.38187417318528993, 20, 
objectives:
-20.37320593517753, 23.999207555614866, -18.84550387784629, 

parameters:
1.9973066371654076, -100, 0, 
objectives:
-96.01076619713501, -99.99999274579665, 10004.989233802866, 

parameters:
-0.47163341186486174, -37.85026693813509, 3.2836973129306597, 
objectives:
-40.911526175878464, -28.457597902557694, 1430.581448050339, 

parameters:
4.173191539478946, -18.570532467989143, 9.501031468964172, 
objectives:
-10.65603631177466, -4.3467395317621005, 353.77917230085336, 

parameters:
4.154451866601342, -86.51410276977673, 18.605797513807463, 
objectives:
-87.86042997167681, -63.266642410467256, 7484.34365085759, 

parameters:
1.6767483617133556, -74.79089831908857, 0, 
objectives:
-71.97941325058015, -74.68640669743357, 5597.489956444754, 

parameters:
1.4861454294036598, -81.78727962589751, 3.1835973610943165, 
objectives:
-82.76224874965443, -78.33963574508044, 6689.1841394809935, 

parameters:
1.3528631492900212, -27.41210664451434, 7.407076891521218, 
objectives:
-32.98894483532864, -19.586243649446292, 746.8467524994128, 

parameters:
1.700651481075673, -46.16644646237559, 3.609293862270686, 
objectives:
-46.883524864561394, -42.46754306432271, 2131.623700561206, 

parameters:
2.124741098486772, -69.17537641139525, 9.516309070343741, 
objectives:
-74.17716074614022, -59.64350699939982, 4781.2309173234735, 

parameters:
-0.7425292281100941, -90.00379691523314, 16.8840172778326, 
objectives:
-106.33646453846796, -65.5983130703624, 8085.350791535296, 

parameters:
2.222514983033343, -78.13585742928927, 7.189898588093122, 
objectives:
-80.3861831675747, -70.89644592352181, 6103.961890471934, 

parameters:
2.7491724209644466, -1.1025110937687606, 7.566761771646926, 
objectives:
-1.111323865224171, 7.0255099942118955, 2.2067179404277786, 

parameters:
0.30327905709815717, -6.979461078239883, 14.28752188419944, 
objectives:
-21.175004775964975, 10.186922764041277, 35.51733324494033, 

parameters:
-0.17345955667669122, -57.79360790182261, 18.403213665401964, 
objectives:
-76.1667333494221, -34.66646779191141, 3322.7279888620137, 

parameters:
1.0316767796101598, -60.81961601034865, 13.06995908722486, 
objectives:
-72.82521811998672, -46.812007063977646, 3688.0200895366197, 

parameters:
3.3443799835015797, -24.50178127365062, 12.394475382689713, 
objectives:
-25.71137918229431, -10.299948350921202, 600.1276876731725, 

parameters:
1.0370458380747585, -30.483419825467656, 14.97251891177038, 
objectives:
-44.38047466696986, -14.583620195728134, 916.3418294142123, 

parameters:
-3.1921496901489905, -54.69985416676393, 18.39085603187526, 
objectives:
-62.90089055432089, -9.350579729974406, 2984.8730094776843, 

parameters:
1.1862426660453236, -90.17396845449836, 4.552371984107615, 
objectives:
-93.31916877585965, -84.95939547182573, 8129.199386511505, 

parameters:
4.787515485632566, -65.36182071681901, 0.5154492510332082, 
objectives:
-42.95696544268059, -57.07612888314444, 4295.57246269173, 

parameters:
0.8162189848537047, -97.03735076217404, 5.580899137947562, 
objectives:
-101.95203646888599, -90.05511413240568, 9412.332757234488, 

parameters:
-0.2247672028868979, -92.86239355981284, 4.284845105625053, 
objectives:
-97.0967183699443, -83.6279593471466, 8620.189812847439, 

parameters:
2.251405911588022, -98.018703184734, 4.419925380267076, 
objectives:
-97.36979998626758, -93.53557287208551, 9609.315077215448, 

parameters:
-2.0087227759424002, -51.12839526854662, 9.184296812567545, 
objectives:
-56.277724890524425, -25.87424016161973, 2609.9634731147626, 

parameters:
1.966634066048095, -57.008034436675885, 0, 
objectives:
-53.140384886935024, -57.0069211511274, 3254.7836398829645, 

parameters:
-1.1700566157129262, -95.93807783058472, 2.911667210336594, 
objectives:
-97.48071255694772, -82.97715167342284, 9203.572143100968, 

parameters:
2.7717233865269026, -54.32418992193065, 13.577768604337894, 
objectives:
-60.219507994848385, -40.15086433228021, 2946.222292601074, 

parameters:
1.0416827532786166, -52.88952635725023, 1.5667896337100273, 
objectives:
-53.371213032482146, -50.40436477817655, 2797.8203116190352, 

parameters:
2.2919084786738053, -6.2253191874723175, 14.679964723483234, 
objectives:
-15.652439436338675, 8.539856095932572, 30.32747873704464, 

parameters:
2.1194673221915297, -57.47577129278128, 4.283282704548976, 
objectives:
-57.26691226749252, -53.1782161471607, 3304.6731447253896, 

parameters:
-0.2920500763219894, -97.540355503711, 16.122593286616723, 
objectives:
-113.57765554324804, -76.16426866472663, 9499.083651750787, 

parameters:
-1.5491604765933058, -96.05727447831737, 20, 
objectives:
-113.65737629607857, -63.46073438970535, 9210.39987838504, 

parameters:
0.330025480384633, -49.64694317698217, 6.299493726132037, 
objectives:
-55.83752008541109, -40.55863455468556, 2459.6283899100677, 

parameters:
-1.23792223013054, -90.1365925700995, 9.965482636325598, 
objectives:
-98.56962375857373, -69.68696956540036, 8117.172288959641, 

