Generation 2187 at Fri May 24 19:48:20 2019
parameters:
3.79770593243899, -3.478396155563736, 2.8682819462266576, 
objectives:
8.075892247491906, 2.6216324101892603, 24.65352821809622, 

parameters:
0.05101637681523949, -100, 19.95971668145522, 
objectives:
-119.95711401075187, -76.24174615510238, 9981.042885989249, 

parameters:
-1.0866005542499, -1.9127787581248263, 20, 
objectives:
-20.732077993628636, 27.614324223370964, -14.160576657970257, 

parameters:
-0.09310337269809921, -0.38187417318528993, 20, 
objectives:
-20.37320593517753, 23.999207555614866, -18.84550387784629, 

parameters:
1.9973066371654076, -100, 0, 
objectives:
-96.01076619713501, -99.99999274579665, 10004.989233802866, 

parameters:
-0.7425292281100941, -90.00379691523314, 16.8840172778326, 
objectives:
-106.33646453846796, -65.5983130703624, 8085.350791535296, 

parameters:
4.173191539478946, -18.570532467989143, 9.501031468964172, 
objectives:
-10.65603631177466, -4.3467395317621005, 353.77917230085336, 

parameters:
0.46023215617196134, -83.1797524754458, 1.2730100449965223, 
objectives:
-84.24094888286763, -79.53585741756243, 6918.81002546901, 

parameters:
-2.681945523375747, -49.60102675408307, 16.45321310116258, 
objectives:
-58.86140806489044, -11.227199769062295, 2452.0014737484576, 

parameters:
1.3528631492900212, -27.41210664451434, 7.407076891521218, 
objectives:
-32.98894483532864, -19.586243649446292, 746.8467524994128, 

parameters:
-1.8768979438632836, 0.9265467197189565, 3.9595153427049716, 
objectives:
0.4897772686922064, 19.916399729555284, 1.4217193727952084, 

parameters:
3.5215032062762655, -71.76775339360641, 16.07731281624673, 
objectives:
-75.44408137803913, -53.375468570650725, 5147.934099181072, 

parameters:
2.222514983033343, -78.13585742928927, 7.189898588093122, 
objectives:
-80.3861831675747, -70.89644592352181, 6103.961890471934, 

parameters:
0.7198912907170172, -53.64236339716715, 11.540881918289235, 
objectives:
-64.66500184500617, -40.46280317129577, 2867.480512385899, 

parameters:
3.0376478067563197, -31.71597189704749, 6.684387908100824, 
objectives:
-29.173055607256835, -23.954871018080464, 1009.4457896640968, 

parameters:
3.3443799835015797, -24.50178127365062, 12.394475382689713, 
objectives:
-25.71137918229431, -10.299948350921202, 600.1276876731725, 

parameters:
1.966634066048095, -57.008034436675885, 0, 
objectives:
-53.140384886935024, -57.0069211511274, 3254.7836398829645, 

parameters:
-1.3942151225393762, -42.006066380134705, 8.627758930018988, 
objectives:
-48.6899895022362, -21.857611152040725, 1758.8256896101818, 

parameters:
4.787515485632566, -65.36182071681901, 0.5154492510332082, 
objectives:
-42.95696544268059, -57.07612888314444, 4295.57246269173, 

parameters:
0.2851239668773844, -80.7933905594906, 7.408579020292522, 
objectives:
-88.12067390329523, -70.44401173021973, 6521.24467475458, 

parameters:
1.6767483617133556, -74.79089831908857, 0, 
objectives:
-71.97941325058015, -74.68640669743357, 5597.489956444754, 

parameters:
-1.1700566157129262, -95.93807783058472, 2.911667210336594, 
objectives:
-97.48071255694772, -82.97715167342284, 9203.572143100968, 

parameters:
1.700651481075673, -46.16644646237559, 3.609293862270686, 
objectives:
-46.883524864561394, -42.46754306432271, 2131.623700561206, 

parameters:
1.0316767796101598, -60.81961601034865, 13.06995908722486, 
objectives:
-72.82521811998672, -46.812007063977646, 3688.0200895366197, 

parameters:
-0.40814678226149215, -36.739077141134345, 3.9403086001502343, 
objectives:
-40.51280194541417, -26.99959761606773, 1346.9860643779402, 

parameters:
2.251405911588022, -98.018703184734, 4.419925380267076, 
objectives:
-97.36979998626758, -93.53557287208551, 9609.315077215448, 

parameters:
0.8162189848537047, -97.03735076217404, 5.580899137947562, 
objectives:
-101.95203646888599, -90.05511413240568, 9412.332757234488, 

parameters:
0.6920447038881278, -52.644263447551054, 16.072045487019928, 
objectives:
-68.23738306239137, -34.861470903904035, 2756.8253543203195, 

parameters:
-0.47163341186486174, -37.85026693813509, 3.2836973129306597, 
objectives:
-40.911526175878464, -28.457597902557694, 1430.581448050339, 

parameters:
2.7491724209644466, -1.1025110937687606, 7.566761771646926, 
objectives:
-1.111323865224171, 7.0255099942118955, 2.2067179404277786, 

parameters:
0.30327905709815717, -6.979461078239883, 14.28752188419944, 
objectives:
-21.175004775964975, 10.186922764041277, 35.51733324494033, 

parameters:
2.9388971497020684, -91.30714022701491, 0, 
objectives:
-82.67002377048797, -90.42561236929625, 8346.630972892292, 

parameters:
2.3422033424895226, -79.9413162130988, 11.0960178188054, 
objectives:
-85.55141753433512, -68.7281952666824, 6386.003936561417, 

parameters:
-0.17345955667669122, -57.79360790182261, 18.403213665401964, 
objectives:
-76.1667333494221, -34.66646779191141, 3322.7279888620137, 

parameters:
-0.2247672028868979, -92.86239355981284, 4.284845105625053, 
objectives:
-97.0967183699443, -83.6279593471466, 8620.189812847439, 

parameters:
2.833008627266451, -11.905335308159536, 17.50268690372189, 
objectives:
-21.382084329715283, 6.291254968662692, 133.26025977815436, 

parameters:
3.419174323475281, -68.6039743371751, 9.05637852696934, 
objectives:
-65.9695998098318, -57.53354004979424, 4710.139669383124, 

parameters:
1.7820261103529678, -69.41205738528726, 6.525048712744809, 
objectives:
-72.76148904005234, -62.83949605597459, 4815.6842788036465, 

parameters:
3.408506540699085, -100, 13.985661781038457, 
objectives:
-102.36774494305001, -84.03044754376944, 9998.63225505695, 

parameters:
0.02658109487257132, -60.177220736362926, 10.643522386233519, 
objectives:
-70.82003656799182, -45.63931617501507, 3611.6550797213195, 

parameters:
2.124741098486772, -69.17537641139525, 9.516309070343741, 
objectives:
-74.17716074614022, -59.64350699939982, 4781.2309173234735, 

parameters:
2.0105279454671385, -58.64611813665638, 16.729358551008144, 
objectives:
-71.33325406816022, -41.91664874801248, 3427.6800365671525, 

