Generation 2190 at Fri May 24 19:48:20 2019
parameters:
0.05101637681523949, -100, 19.95971668145522, 
objectives:
-119.95711401075187, -76.24174615510238, 9981.042885989249, 

parameters:
3.79770593243899, -3.478396155563736, 2.8682819462266576, 
objectives:
8.075892247491906, 2.6216324101892603, 24.65352821809622, 

parameters:
-1.0866005542499, -1.9127787581248263, 20, 
objectives:
-20.732077993628636, 27.614324223370964, -14.160576657970257, 

parameters:
-0.09310337269809921, -0.38187417318528993, 20, 
objectives:
-20.37320593517753, 23.999207555614866, -18.84550387784629, 

parameters:
1.9973066371654076, -100, 0, 
objectives:
-96.01076619713501, -99.99999274579665, 10004.989233802866, 

parameters:
-0.7425292281100941, -90.00379691523314, 16.8840172778326, 
objectives:
-106.33646453846796, -65.5983130703624, 8085.350791535296, 

parameters:
0.8162189848537047, -97.03735076217404, 5.580899137947562, 
objectives:
-101.95203646888599, -90.05511413240568, 9412.332757234488, 

parameters:
-2.681945523375747, -49.60102675408307, 16.45321310116258, 
objectives:
-58.86140806489044, -11.227199769062295, 2452.0014737484576, 

parameters:
1.3528631492900212, -27.41210664451434, 7.407076891521218, 
objectives:
-32.98894483532864, -19.586243649446292, 746.8467524994128, 

parameters:
1.944285528597228, -95.09164340739787, 12.542691144424158, 
objectives:
-103.85408833510942, -82.54584816065002, 9034.658200992002, 

parameters:
-0.40814678226149215, -36.739077141134345, 3.9403086001502343, 
objectives:
-40.51280194541417, -26.99959761606773, 1346.9860643779402, 

parameters:
-2.3612799273558194, -83.860915218683, 17.0039444058548, 
objectives:
-95.2892167292043, -47.836208208071426, 7022.224799804618, 

parameters:
2.5547204544368025, -0.28232091010900096, 11.013700409270971, 
objectives:
-4.769424719062189, 11.039094281732543, -3.4073987126684138, 

parameters:
3.5215032062762655, -71.76775339360641, 16.07731281624673, 
objectives:
-75.44408137803913, -53.375468570650725, 5147.934099181072, 

parameters:
0.7013632763476108, -10.751891339350006, 2.7280590104287117, 
objectives:
-12.988039904369664, -6.337374988902683, 114.36701880817003, 

parameters:
0.2851239668773844, -80.7933905594906, 7.408579020292522, 
objectives:
-88.12067390329523, -70.44401173021973, 6521.24467475458, 

parameters:
-1.3942151225393762, -42.006066380134705, 8.627758930018988, 
objectives:
-48.6899895022362, -21.857611152040725, 1758.8256896101818, 

parameters:
0.6920447038881278, -52.644263447551054, 16.072045487019928, 
objectives:
-68.23738306239137, -34.861470903904035, 2756.8253543203195, 

parameters:
1.6767483617133556, -74.79089831908857, 0, 
objectives:
-71.97941325058015, -74.68640669743357, 5597.489956444754, 

parameters:
1.700651481075673, -46.16644646237559, 3.609293862270686, 
objectives:
-46.883524864561394, -42.46754306432271, 2131.623700561206, 

parameters:
2.7491724209644466, -1.1025110937687606, 7.566761771646926, 
objectives:
-1.111323865224171, 7.0255099942118955, 2.2067179404277786, 

parameters:
1.0316767796101598, -60.81961601034865, 13.06995908722486, 
objectives:
-72.82521811998672, -46.812007063977646, 3688.0200895366197, 

parameters:
1.8097694437200829, -37.61634004279585, 18.891544021283927, 
objectives:
-53.23261862465688, -18.688608356969354, 1400.3727596333854, 

parameters:
0.46023215617196134, -83.1797524754458, 1.2730100449965223, 
objectives:
-84.24094888286763, -79.53585741756243, 6918.81002546901, 

parameters:
4.691706515667704, -24.046415948829463, 17.268215369138897, 
objectives:
-19.302521288809572, 0.46708338679740535, 583.9740146441397, 

parameters:
4.787515485632566, -65.36182071681901, 0.5154492510332082, 
objectives:
-42.95696544268059, -57.07612888314444, 4295.57246269173, 

parameters:
0.6192455085662953, -55.29903549828158, 13.71811703858645, 
objectives:
-68.6336875369885, -39.67443549408078, 3045.6486750014997, 

parameters:
1.4099481551252608, -65.6695794336041, 2.5858492191097358, 
objectives:
-66.2674748525727, -62.73556903485428, 4312.89576756747, 

parameters:
-0.1772003029974838, -67.4921487684451, 6.827308334358662, 
objectives:
-74.28805715542137, -55.92463927471411, 4549.394236994951, 

parameters:
-1.1864699669873806, -13.469794197436574, 6.174160824610024, 
objectives:
-18.236244039483562, 2.857957477686008, 177.668905879249, 

parameters:
-1.4317049634338077, -78.13818544028845, 5.597645192786485, 
objectives:
-81.68605153075394, -60.76394129144573, 6103.0281578104405, 

parameters:
2.222514983033343, -78.13585742928927, 7.189898588093122, 
objectives:
-80.3861831675747, -70.89644592352181, 6103.961890471934, 

parameters:
1.966634066048095, -57.008034436675885, 0, 
objectives:
-53.140384886935024, -57.0069211511274, 3254.7836398829645, 

