Generation 2192 at Fri May 24 19:48:20 2019
parameters:
3.79770593243899, -3.478396155563736, 2.8682819462266576, 
objectives:
8.075892247491906, 2.6216324101892603, 24.65352821809622, 

parameters:
0.05101637681523949, -100, 19.95971668145522, 
objectives:
-119.95711401075187, -76.24174615510238, 9981.042885989249, 

parameters:
-1.0866005542499, -1.9127787581248263, 20, 
objectives:
-20.732077993628636, 27.614324223370964, -14.160576657970257, 

parameters:
-0.09310337269809921, -0.38187417318528993, 20, 
objectives:
-20.37320593517753, 23.999207555614866, -18.84550387784629, 

parameters:
1.9973066371654076, -100, 0, 
objectives:
-96.01076619713501, -99.99999274579665, 10004.989233802866, 

parameters:
0.7013632763476108, -10.751891339350006, 2.7280590104287117, 
objectives:
-12.988039904369664, -6.337374988902683, 114.36701880817003, 

parameters:
-0.7425292281100941, -90.00379691523314, 16.8840172778326, 
objectives:
-106.33646453846796, -65.5983130703624, 8085.350791535296, 

parameters:
4.724868928136903, -98.17651430245769, 0, 
objectives:
-75.85212791438413, -90.75160362693174, 9661.952346968754, 

parameters:
1.3528631492900212, -27.41210664451434, 7.407076891521218, 
objectives:
-32.98894483532864, -19.586243649446292, 746.8467524994128, 

parameters:
1.944285528597228, -95.09164340739787, 12.542691144424158, 
objectives:
-103.85408833510942, -82.54584816065002, 9034.658200992002, 

parameters:
-0.34848221656078726, -97.91817738693427, 16.7189776913789, 
objectives:
-114.51571522305404, -75.68383097405311, 9572.371924943007, 

parameters:
2.829858524731092, -92.97577650739294, 11.281950496888772, 
objectives:
-96.24962773428847, -81.0051608394353, 8642.221165925785, 

parameters:
2.5547204544368025, -0.28232091010900096, 11.013700409270971, 
objectives:
-4.769424719062189, 11.039094281732543, -3.4073987126684138, 

parameters:
2.7491724209644466, -1.1025110937687606, 7.566761771646926, 
objectives:
-1.111323865224171, 7.0255099942118955, 2.2067179404277786, 

parameters:
-3.707606945791187, -77.27078903094714, 17.640582587317166, 
objectives:
-81.16502235378526, -27.053429395986175, 5967.880604142303, 

parameters:
1.4099481551252608, -65.6695794336041, 2.5858492191097358, 
objectives:
-66.2674748525727, -62.73556903485428, 4312.89576756747, 

parameters:
1.3613603678043893, -87.50353354081192, 4.421490935886845, 
objectives:
-90.07172242567026, -82.67418202511412, 7655.300193243137, 

parameters:
3.5215032062762655, -71.76775339360641, 16.07731281624673, 
objectives:
-75.44408137803913, -53.375468570650725, 5147.934099181072, 

parameters:
-1.3942151225393762, -42.006066380134705, 8.627758930018988, 
objectives:
-48.6899895022362, -21.857611152040725, 1758.8256896101818, 

parameters:
0.1769488696126682, -1.3039649363085029, 15.360303040423878, 
objectives:
-16.63295707427518, 17.379853528121902, -12.628667582844638, 

parameters:
1.6767483617133556, -74.79089831908857, 0, 
objectives:
-71.97941325058015, -74.68640669743357, 5597.489956444754, 

parameters:
1.8703228621040475, -27.546216296539015, 17.831581118195658, 
objectives:
-41.8796898062256, -9.69781901825047, 745.460558746025, 

parameters:
2.5010462003919955, -70.02983954278774, 0, 
objectives:
-63.77460744629251, -69.77879224786048, 4911.433658485093, 

parameters:
1.8097694437200829, -37.61634004279585, 18.891544021283927, 
objectives:
-53.23261862465688, -18.688608356969354, 1400.3727596333854, 

parameters:
0.6920447038881278, -52.644263447551054, 16.072045487019928, 
objectives:
-68.23738306239137, -34.861470903904035, 2756.8253543203195, 

parameters:
0.46023215617196134, -83.1797524754458, 1.2730100449965223, 
objectives:
-84.24094888286763, -79.53585741756243, 6918.81002546901, 

parameters:
-0.40814678226149215, -36.739077141134345, 3.9403086001502343, 
objectives:
-40.51280194541417, -26.99959761606773, 1346.9860643779402, 

parameters:
-2.681945523375747, -49.60102675408307, 16.45321310116258, 
objectives:
-58.86140806489044, -11.227199769062295, 2452.0014737484576, 

parameters:
0.7316812840342559, -33.41876226163942, 20, 
objectives:
-52.883404760233404, -11.810129896370427, 1098.3490286013812, 

parameters:
0.6192455085662953, -55.29903549828158, 13.71811703858645, 
objectives:
-68.6336875369885, -39.67443549408078, 3045.6486750014997, 

parameters:
1.700651481075673, -46.16644646237559, 3.609293862270686, 
objectives:
-46.883524864561394, -42.46754306432271, 2131.623700561206, 

parameters:
0.2851239668773844, -80.7933905594906, 7.408579020292522, 
objectives:
-88.12067390329523, -70.44401173021973, 6521.24467475458, 

parameters:
1.0316767796101598, -60.81961601034865, 13.06995908722486, 
objectives:
-72.82521811998672, -46.812007063977646, 3688.0200895366197, 

parameters:
3.382135394271157, -46.93414540253289, 15.506211127528516, 
objectives:
-51.00151670487969, -29.51763602690729, 2199.7466333637526, 

parameters:
1.4771852235464253, -63.45175256743296, 6.187317086032646, 
objectives:
-67.4569934688017, -56.99110019092211, 4023.1196629773667, 

parameters:
-2.3612799273558194, -83.860915218683, 17.0039444058548, 
objectives:
-95.2892167292043, -47.836208208071426, 7022.224799804618, 

parameters:
2.9249163322852927, -80.26099039709004, 20, 
objectives:
-91.70585484622079, -59.40552017536196, 6431.381715072649, 

parameters:
1.623724875410332, -85.8435271071566, 9.39885746411434, 
objectives:
-92.60590210024465, -76.30308667365729, 7363.348771204042, 

parameters:
-1.2358854247491369, -57.74440153294809, 6.251325353916592, 
objectives:
-62.46831410375733, -41.02212169692759, 3330.6919958275284, 

parameters:
3.382960385559122, -58.674316590766864, 14.488541497694442, 
objectives:
-61.71843711819898, -42.273195665046586, 3440.631306866108, 

