Generation 2194 at Fri May 24 19:48:20 2019
parameters:
3.79770593243899, -3.478396155563736, 2.8682819462266576, 
objectives:
8.075892247491906, 2.6216324101892603, 24.65352821809622, 

parameters:
0.05101637681523949, -100, 19.95971668145522, 
objectives:
-119.95711401075187, -76.24174615510238, 9981.042885989249, 

parameters:
-2.8318971031478433, -11.831477327674824, 17.055632877712547, 
objectives:
-20.867469002570225, 28.571385165446245, 131.947864080388, 

parameters:
-0.09310337269809921, -0.38187417318528993, 20, 
objectives:
-20.37320593517753, 23.999207555614866, -18.84550387784629, 

parameters:
1.9973066371654076, -100, 0, 
objectives:
-96.01076619713501, -99.99999274579665, 10004.989233802866, 

parameters:
0.1769488696126682, -1.3039649363085029, 15.360303040423878, 
objectives:
-16.63295707427518, 17.379853528121902, -12.628667582844638, 

parameters:
0.46023215617196134, -83.1797524754458, 1.2730100449965223, 
objectives:
-84.24094888286763, -79.53585741756243, 6918.81002546901, 

parameters:
1.3613603678043893, -87.50353354081192, 4.421490935886845, 
objectives:
-90.07172242567026, -82.67418202511412, 7655.300193243137, 

parameters:
-0.7425292281100941, -90.00379691523314, 16.8840172778326, 
objectives:
-106.33646453846796, -65.5983130703624, 8085.350791535296, 

parameters:
4.765962809468158, -22.71364942413318, 4.97012824363568, 
objectives:
-4.96937616653524, -10.092970917136512, 534.6541434200235, 

parameters:
3.5487500751343024, -63.8135646896529, 5.208326979848952, 
objectives:
-56.42826457373613, -56.206610914575435, 4080.5563385164323, 

parameters:
-3.707606945791187, -77.27078903094714, 17.640582587317166, 
objectives:
-81.16502235378526, -27.053429395986175, 5967.880604142303, 

parameters:
2.5010462003919955, -70.02983954278774, 0, 
objectives:
-63.77460744629251, -69.77879224786048, 4911.433658485093, 

parameters:
3.829629040300336, -29.303252115549952, 10.352287575128315, 
objectives:
-24.989481104366593, -15.603422115311307, 863.9943555586661, 

parameters:
4.724868928136903, -98.17651430245769, 0, 
objectives:
-75.85212791438413, -90.75160362693174, 9661.952346968754, 

parameters:
1.4099481551252608, -65.6695794336041, 2.5858492191097358, 
objectives:
-66.2674748525727, -62.73556903485428, 4312.89576756747, 

parameters:
1.4311972563038708, -19.91650327085377, 14.727994879061683, 
objectives:
-32.596172563463725, -4.864971830555842, 384.987433245319, 

parameters:
0.6192455085662953, -55.29903549828158, 13.71811703858645, 
objectives:
-68.6336875369885, -39.67443549408078, 3045.6486750014997, 

parameters:
-1.3942151225393762, -42.006066380134705, 8.627758930018988, 
objectives:
-48.6899895022362, -21.857611152040725, 1758.8256896101818, 

parameters:
1.944285528597228, -95.09164340739787, 12.542691144424158, 
objectives:
-103.85408833510942, -82.54584816065002, 9034.658200992002, 

parameters:
-0.34848221656078726, -97.91817738693427, 16.7189776913789, 
objectives:
-114.51571522305404, -75.68383097405311, 9572.371924943007, 

parameters:
1.6767483617133556, -74.79089831908857, 0, 
objectives:
-71.97941325058015, -74.68640669743357, 5597.489956444754, 

parameters:
3.6479720989827245, -7.289359359537064, 4.949176954381776, 
objectives:
1.069164121037585, 0.37562963387023807, 62.49328335304525, 

parameters:
4.338878707419238, -45.2063995916901, 7.379149025518581, 
objectives:
-33.75968017951264, -32.35689695815243, 2056.0652834557363, 

parameters:
3.5215032062762655, -71.76775339360641, 16.07731281624673, 
objectives:
-75.44408137803913, -53.375468570650725, 5147.934099181072, 

parameters:
2.9987985885990422, -48.217165397016785, 5.169721918500386, 
objectives:
-44.39409434053356, -42.04984485792896, 2329.7181099797563, 

parameters:
4.571279757493341, -39.27239876291553, 4.6036884546728025, 
objectives:
-22.979488596319957, -28.057230716947718, 1559.614214760045, 

parameters:
2.52946294251113, -100, 2.8328459556677728, 
objectives:
-96.43466317813072, -96.88682303683967, 10004.56533682187, 

parameters:
1.3077573827928273, -33.38353435921392, 8.270932642302947, 
objectives:
-39.94423762926772, -24.633401875833137, 1108.8996630427623, 

parameters:
0.6920447038881278, -52.644263447551054, 16.072045487019928, 
objectives:
-68.23738306239137, -34.861470903904035, 2756.8253543203195, 

parameters:
2.829858524731092, -92.97577650739294, 11.281950496888772, 
objectives:
-96.24962773428847, -81.0051608394353, 8642.221165925785, 

parameters:
-2.681945523375747, -49.60102675408307, 16.45321310116258, 
objectives:
-58.86140806489044, -11.227199769062295, 2452.0014737484576, 

parameters:
-0.2668126694036024, -54.40739625710766, 0, 
objectives:
-54.33620725655339, -49.268956578938976, 2961.235956478487, 

parameters:
0.7316812840342559, -33.41876226163942, 20, 
objectives:
-52.883404760233404, -11.810129896370427, 1098.3490286013812, 

parameters:
3.557475195950993, -48.034604955995434, 3.7577795913401664, 
objectives:
-39.13675477752905, -41.851096378652684, 2317.2211234570073, 

parameters:
2.5359310278151925, -54.873657875251524, 4.943173588475845, 
objectives:
-53.38588528589155, -49.64326222020063, 3013.6061011995134, 

