Generation 2197 at Fri May 24 19:48:20 2019
parameters:
0.05101637681523949, -100, 19.95971668145522, 
objectives:
-119.95711401075187, -76.24174615510238, 9981.042885989249, 

parameters:
2.755543285501322, -4.078280113214499, 2.3401949843679923, 
objectives:
1.1745437006889294, -1.1672394725803739, 22.88519249574429, 

parameters:
-2.8318971031478433, -11.831477327674824, 17.055632877712547, 
objectives:
-20.867469002570225, 28.571385165446245, 131.947864080388, 

parameters:
-0.09310337269809921, -0.38187417318528993, 20, 
objectives:
-20.37320593517753, 23.999207555614866, -18.84550387784629, 

parameters:
1.9973066371654076, -100, 0, 
objectives:
-96.01076619713501, -99.99999274579665, 10004.989233802866, 

parameters:
3.6479720989827245, -7.289359359537064, 4.949176954381776, 
objectives:
1.069164121037585, 0.37562963387023807, 62.49328335304525, 

parameters:
1.3077573827928273, -33.38353435921392, 8.270932642302947, 
objectives:
-39.94423762926772, -24.633401875833137, 1108.8996630427623, 

parameters:
0.6192455085662953, -55.29903549828158, 13.71811703858645, 
objectives:
-68.6336875369885, -39.67443549408078, 3045.6486750014997, 

parameters:
-1.3942151225393762, -42.006066380134705, 8.627758930018988, 
objectives:
-48.6899895022362, -21.857611152040725, 1758.8256896101818, 

parameters:
2.5010462003919955, -70.02983954278774, 0, 
objectives:
-63.77460744629251, -69.77879224786048, 4911.433658485093, 

parameters:
3.5487500751343024, -63.8135646896529, 5.208326979848952, 
objectives:
-56.42826457373613, -56.206610914575435, 4080.5563385164323, 

parameters:
4.724868928136903, -98.17651430245769, 0, 
objectives:
-75.85212791438413, -90.75160362693174, 9661.952346968754, 

parameters:
1.6767483617133556, -74.79089831908857, 0, 
objectives:
-71.97941325058015, -74.68640669743357, 5597.489956444754, 

parameters:
0.1769488696126682, -1.3039649363085029, 15.360303040423878, 
objectives:
-16.63295707427518, 17.379853528121902, -12.628667582844638, 

parameters:
1.7844943414826135, 1.125109167221603, 18.78485615753258, 
objectives:
-14.47532693552751, 19.956408013607195, -13.334565464583026, 

parameters:
-0.8834523675215095, -62.99037127501225, 4.370357469601185, 
objectives:
-66.58024065893407, -50.30571624964567, 3965.1970039799667, 

parameters:
-0.9539005205927016, -50.03396438607547, 5.7895310480208755, 
objectives:
-54.91356923090932, -35.51890505249676, 2499.5179873422344, 

parameters:
2.720131860351999, -80.98897628450705, 0, 
objectives:
-73.58985894680502, -80.47038638821302, 6567.613396950146, 

parameters:
-0.7425292281100941, -90.00379691523314, 16.8840172778326, 
objectives:
-106.33646453846796, -65.5983130703624, 8085.350791535296, 

parameters:
0.46023215617196134, -83.1797524754458, 1.2730100449965223, 
objectives:
-84.24094888286763, -79.53585741756243, 6918.81002546901, 

parameters:
1.8809102275403329, -60.30452919252475, 6.64322113174532, 
objectives:
-63.40992704020424, -53.64712568687493, 3634.53084328439, 

parameters:
1.3613603678043893, -87.50353354081192, 4.421490935886845, 
objectives:
-90.07172242567026, -82.67418202511412, 7655.300193243137, 

parameters:
1.3182184117573612, -90.06976572839413, 0, 
objectives:
-88.33206594729803, -89.60493959432748, 8115.300398148898, 

parameters:
-0.34848221656078726, -97.91817738693427, 16.7189776913789, 
objectives:
-114.51571522305404, -75.68383097405311, 9572.371924943007, 

parameters:
-0.5500786593066269, -25.762804993965233, 11.656274573217713, 
objectives:
-37.11649303575837, -7.603629252096434, 653.3684331152868, 

parameters:
1.944285528597228, -95.09164340739787, 12.542691144424158, 
objectives:
-103.85408833510942, -82.54584816065002, 9034.658200992002, 

parameters:
1.5624382186647665, -20.637228323104814, 7.656413278635282, 
objectives:
-25.852428414595767, -12.789354731984272, 421.6799927684686, 

parameters:
1.4311972563038708, -19.91650327085377, 14.727994879061683, 
objectives:
-32.596172563463725, -4.864971830555842, 384.987433245319, 

parameters:
3.829629040300336, -29.303252115549952, 10.352287575128315, 
objectives:
-24.989481104366593, -15.603422115311307, 863.9943555586661, 

parameters:
-0.6269028990225135, -45.130245552986594, 5.998517918773926, 
objectives:
-50.73575622695769, -32.23110879331978, 2032.1335529988953, 

parameters:
-0.3904498786075583, -95.59383206039017, 4.8143683089173654, 
objectives:
-100.25574926160287, -85.06521312933792, 9134.518810788868, 

parameters:
-2.264477495395794, -73.43915273901284, 17.711346527091283, 
objectives:
-86.0226409389501, -37.54203790318438, 5381.72566682412, 

parameters:
1.2046319369220149, -95.68832458697099, 12.834094526040072, 
objectives:
-107.07128100955859, -82.22161970516649, 9145.872505838928, 

parameters:
4.338878707419238, -45.2063995916901, 7.379149025518581, 
objectives:
-33.75968017951264, -32.35689695815243, 2056.0652834557363, 

parameters:
-1.1315643217749236, -42.824312115616976, 17.510931234876914, 
objectives:
-59.05480553617995, -15.506685779326425, 1818.6912147552162, 

parameters:
0.9941283825265995, -84.78498637016752, 2.0226238823324385, 
objectives:
-85.81931901155501, -81.75058477699652, 7188.459581148104, 

