Generation 2202 at Fri May 24 19:48:20 2019
parameters:
1.6746252984321632, 0.859144065253699, 1.9839132854685453, 
objectives:
1.6796006699341655, 2.948926047142603, 2.558585129541119, 

parameters:
0.05101637681523949, -100, 19.95971668145522, 
objectives:
-119.95711401075187, -76.24174615510238, 9981.042885989249, 

parameters:
-2.8318971031478433, -11.831477327674824, 17.055632877712547, 
objectives:
-20.867469002570225, 28.571385165446245, 131.947864080388, 

parameters:
-0.09310337269809921, -0.38187417318528993, 20, 
objectives:
-20.37320593517753, 23.999207555614866, -18.84550387784629, 

parameters:
1.9973066371654076, -100, 0, 
objectives:
-96.01076619713501, -99.99999274579665, 10004.989233802866, 

parameters:
3.6368816061394957, -84.71727336351712, 16.991402842097575, 
objectives:
-88.4817683885389, -65.04648912890174, 7174.251911123866, 

parameters:
-0.3686366615925376, -59.556893922250346, 3.4717704092647654, 
objectives:
-62.892771343245016, -50.47468387834534, 3544.687736245185, 

parameters:
3.5487500751343024, -63.8135646896529, 5.208326979848952, 
objectives:
-56.42826457373613, -56.206610914575435, 4080.5563385164323, 

parameters:
0.8732956753291768, -34.14615511884258, 7.925751933555367, 
objectives:
-41.3092617158493, -24.95094055005527, 1159.7968028030523, 

parameters:
1.3524212712267514, -69.93032175674028, 12.95767136084222, 
objectives:
-81.05894982271593, -56.55329218593848, 4880.121272935248, 

parameters:
0.4641211908751829, -90.69043790849985, 10.925874250414676, 
objectives:
-101.40090367909512, -77.4056399417665, 8215.04506226487, 

parameters:
1.3613603678043893, -87.50353354081192, 4.421490935886845, 
objectives:
-90.07172242567026, -82.67418202511412, 7655.300193243137, 

parameters:
0.6192455085662953, -55.29903549828158, 13.71811703858645, 
objectives:
-68.6336875369885, -39.67443549408078, 3045.6486750014997, 

parameters:
-1.3942151225393762, -42.006066380134705, 8.627758930018988, 
objectives:
-48.6899895022362, -21.857611152040725, 1758.8256896101818, 

parameters:
2.720131860351999, -80.98897628450705, 0, 
objectives:
-73.58985894680502, -80.47038638821302, 6567.613396950146, 

parameters:
-0.5500786593066269, -25.762804993965233, 11.656274573217713, 
objectives:
-37.11649303575837, -7.603629252096434, 653.3684331152868, 

parameters:
3.6479720989827245, -7.289359359537064, 4.949176954381776, 
objectives:
1.069164121037585, 0.37562963387023807, 62.49328335304525, 

parameters:
1.944285528597228, -95.09164340739787, 12.542691144424158, 
objectives:
-103.85408833510942, -82.54584816065002, 9034.658200992002, 

parameters:
3.0168311963306573, -6.641104082867754, 14.538032967297543, 
objectives:
-12.077866583011431, 8.930874566261025, 39.66750093933908, 

parameters:
1.3960907051174418, -76.19268055196025, 4.458290112375028, 
objectives:
-78.70190140741995, -71.36968400313968, 5803.815348837602, 

parameters:
1.5624382186647665, -20.637228323104814, 7.656413278635282, 
objectives:
-25.852428414595767, -12.789354731984272, 421.6799927684686, 

parameters:
2.5010462003919955, -70.02983954278774, 0, 
objectives:
-63.77460744629251, -69.77879224786048, 4911.433658485093, 

parameters:
-0.6269028990225135, -45.130245552986594, 5.998517918773926, 
objectives:
-50.73575622695769, -32.23110879331978, 2032.1335529988953, 

parameters:
-0.9539005205927016, -50.03396438607547, 5.7895310480208755, 
objectives:
-54.91356923090932, -35.51890505249676, 2499.5179873422344, 

parameters:
1.6767483617133556, -74.79089831908857, 0, 
objectives:
-71.97941325058015, -74.68640669743357, 5597.489956444754, 

parameters:
-0.34848221656078726, -97.91817738693427, 16.7189776913789, 
objectives:
-114.51571522305404, -75.68383097405311, 9572.371924943007, 

parameters:
-2.627333960246288, -57.516330520320096, 20, 
objectives:
-70.61344678165665, -16.104110940671504, 3296.0311602613688, 

parameters:
1.4311972563038708, -19.91650327085377, 14.727994879061683, 
objectives:
-32.596172563463725, -4.864971830555842, 384.987433245319, 

parameters:
1.011614176935182, -49.43087931625607, 19.176282690498773, 
objectives:
-67.58379876377859, -29.27769009052178, 2426.2589105307493, 

parameters:
-0.16102223320243247, -2.0175008702115753, 11.676345177297977, 
objectives:
-13.667917887924053, 14.32886139948163, -6.580107256408015, 

parameters:
2.8636863264475996, -38.88954921092038, 3.9951947841797377, 
objectives:
-34.68404461881717, -34.14840035624809, 1517.602542420701, 

parameters:
1.7481353226699854, -100, 10.158596021777122, 
objectives:
-107.10261891541063, -89.77796816253633, 9993.897381084591, 

parameters:
4.724868928136903, -98.17651430245769, 0, 
objectives:
-75.85212791438413, -90.75160362693174, 9661.952346968754, 

parameters:
1.5848087329442533, -100, 7.586202071385279, 
objectives:
-105.0745833513689, -92.24141414037537, 9995.925416648632, 

parameters:
1.168944537416155, -3.4772826127753955, 12.664180682338326, 
objectives:
-14.775031963558654, 9.87755125145338, 1.793745018326824, 

parameters:
2.970397665285611, -100.0, 20, 
objectives:
-111.1767377100658, -79.05832837120823, 9989.823262289934, 

parameters:
2.6271467276163634, -17.536786657183878, 4.087765484934854, 
objectives:
-14.722652213693367, -13.055708154289112, 311.35302070307307, 

