Generation 2204 at Fri May 24 19:48:20 2019
parameters:
0.05101637681523949, -100, 19.95971668145522, 
objectives:
-119.95711401075187, -76.24174615510238, 9981.042885989249, 

parameters:
1.6746252984321632, 0.859144065253699, 1.9839132854685453, 
objectives:
1.6796006699341655, 2.948926047142603, 2.558585129541119, 

parameters:
-2.8318971031478433, -11.831477327674824, 17.055632877712547, 
objectives:
-20.867469002570225, 28.571385165446245, 131.947864080388, 

parameters:
-0.09310337269809921, -0.38187417318528993, 20, 
objectives:
-20.37320593517753, 23.999207555614866, -18.84550387784629, 

parameters:
1.9973066371654076, -100, 0, 
objectives:
-96.01076619713501, -99.99999274579665, 10004.989233802866, 

parameters:
1.3960907051174418, -76.19268055196025, 4.458290112375028, 
objectives:
-78.70190140741995, -71.36968400313968, 5803.815348837602, 

parameters:
0.122621244347703, -69.59332578576192, 4.75225389203836, 
objectives:
-74.3305437082349, -61.31652090154899, 4839.4937760007215, 

parameters:
3.5487500751343024, -63.8135646896529, 5.208326979848952, 
objectives:
-56.42826457373613, -56.206610914575435, 4080.5563385164323, 

parameters:
-0.34848221656078726, -97.91817738693427, 16.7189776913789, 
objectives:
-114.51571522305404, -75.68383097405311, 9572.371924943007, 

parameters:
0.7612134121228777, -94.58765824368227, 4.3572388143917165, 
objectives:
-98.36545119927824, -88.69582721898631, 8944.04729906804, 

parameters:
0.6192455085662953, -55.29903549828158, 13.71811703858645, 
objectives:
-68.6336875369885, -39.67443549408078, 3045.6486750014997, 

parameters:
-0.3686366615925376, -59.556893922250346, 3.4717704092647654, 
objectives:
-62.892771343245016, -50.47468387834534, 3544.687736245185, 

parameters:
-0.6269028990225135, -45.130245552986594, 5.998517918773926, 
objectives:
-50.73575622695769, -32.23110879331978, 2032.1335529988953, 

parameters:
-1.3942151225393762, -42.006066380134705, 8.627758930018988, 
objectives:
-48.6899895022362, -21.857611152040725, 1758.8256896101818, 

parameters:
1.011614176935182, -49.43087931625607, 19.176282690498773, 
objectives:
-67.58379876377859, -29.27769009052178, 2426.2589105307493, 

parameters:
0.4641211908751829, -90.69043790849985, 10.925874250414676, 
objectives:
-101.40090367909512, -77.4056399417665, 8215.04506226487, 

parameters:
1.3613603678043893, -87.50353354081192, 4.421490935886845, 
objectives:
-90.07172242567026, -82.67418202511412, 7655.300193243137, 

parameters:
2.720131860351999, -80.98897628450705, 0, 
objectives:
-73.58985894680502, -80.47038638821302, 6567.613396950146, 

parameters:
-0.5500786593066269, -25.762804993965233, 11.656274573217713, 
objectives:
-37.11649303575837, -7.603629252096434, 653.3684331152868, 

parameters:
1.944285528597228, -95.09164340739787, 12.542691144424158, 
objectives:
-103.85408833510942, -82.54584816065002, 9034.658200992002, 

parameters:
1.0393242545225114, -4.918647286133835, 8.772564714767254, 
objectives:
-12.611017094862316, 4.776815316582148, 17.50072131666326, 

parameters:
0.9561359018207186, -35.411669617577466, 8.786521432331957, 
objectives:
-43.28399518715891, -25.535495929777866, 1247.1140195348778, 

parameters:
-0.16102223320243247, -2.0175008702115753, 11.676345177297977, 
objectives:
-13.667917887924053, 14.32886139948163, -6.580107256408015, 

parameters:
2.4070500225927463, -83.75681100087361, 4.560347870644091, 
objectives:
-82.52326906025397, -79.03077340933676, 7017.436930976682, 

parameters:
3.6479720989827245, -7.289359359537064, 4.949176954381776, 
objectives:
1.069164121037585, 0.37562963387023807, 62.49328335304525, 

parameters:
3.6368816061394957, -84.71727336351712, 16.991402842097575, 
objectives:
-88.4817683885389, -65.04648912890174, 7174.251911123866, 

parameters:
-1.2546386053295642, -16.617937316912556, 13.884433136301638, 
objectives:
-28.92825242323088, 7.8591682706906525, 264.84552556251657, 

parameters:
-2.627333960246288, -57.516330520320096, 20, 
objectives:
-70.61344678165665, -16.104110940671504, 3296.0311602613688, 

parameters:
1.4311972563038708, -19.91650327085377, 14.727994879061683, 
objectives:
-32.596172563463725, -4.864971830555842, 384.987433245319, 

parameters:
1.5624382186647665, -20.637228323104814, 7.656413278635282, 
objectives:
-25.852428414595767, -12.789354731984272, 421.6799927684686, 

parameters:
1.462362937113049, -59.41782706130596, 4.247860314333646, 
objectives:
-61.527182015797706, -54.8809131355826, 3529.368817732771, 

parameters:
0.12440836258196752, -86.231317206911, 0.42483446105762035, 
objectives:
-86.64067422728829, -82.28863875550093, 7436.430710218528, 

parameters:
-0.13749809844915117, -12.049073837382979, 7.854398471181727, 
objectives:
-19.884566581487572, 0.3742227546724841, 138.3446875946024, 

parameters:
5.17259095565579, -33.6275383411299, 8.759031447773308, 
objectives:
-15.630872594371132, -14.803173521447674, 1149.80800063092, 

parameters:
0.5291189313156648, -29.206708831586482, 12.590124804542308, 
objectives:
-41.51686679265216, -14.453092908830202, 841.7216828120062, 

parameters:
0.8732956753291768, -34.14615511884258, 7.925751933555367, 
objectives:
-41.3092617158493, -24.95094055005527, 1159.7968028030523, 

parameters:
2.3254482230207616, -17.01135379201247, 3.9344268381270426, 
objectives:
-15.538071192189097, -12.97101040801806, 291.8594404368405, 

