Generation 2205 at Fri May 24 19:48:20 2019
parameters:
0.05101637681523949, -100, 19.95971668145522, 
objectives:
-119.95711401075187, -76.24174615510238, 9981.042885989249, 

parameters:
1.6746252984321632, 0.859144065253699, 1.9839132854685453, 
objectives:
1.6796006699341655, 2.948926047142603, 2.558585129541119, 

parameters:
-2.8318971031478433, -11.831477327674824, 17.055632877712547, 
objectives:
-20.867469002570225, 28.571385165446245, 131.947864080388, 

parameters:
-0.09310337269809921, -0.38187417318528993, 20, 
objectives:
-20.37320593517753, 23.999207555614866, -18.84550387784629, 

parameters:
1.9973066371654076, -100, 0, 
objectives:
-96.01076619713501, -99.99999274579665, 10004.989233802866, 

parameters:
3.5487500751343024, -63.8135646896529, 5.208326979848952, 
objectives:
-56.42826457373613, -56.206610914575435, 4080.5563385164323, 

parameters:
0.122621244347703, -69.59332578576192, 4.75225389203836, 
objectives:
-74.3305437082349, -61.31652090154899, 4839.4937760007215, 

parameters:
0.9561359018207186, -35.411669617577466, 8.786521432331957, 
objectives:
-43.28399518715891, -25.535495929777866, 1247.1140195348778, 

parameters:
-0.34848221656078726, -97.91817738693427, 16.7189776913789, 
objectives:
-114.51571522305404, -75.68383097405311, 9572.371924943007, 

parameters:
1.3960907051174418, -76.19268055196025, 4.458290112375028, 
objectives:
-78.70190140741995, -71.36968400313968, 5803.815348837602, 

parameters:
-0.6269028990225135, -45.130245552986594, 5.998517918773926, 
objectives:
-50.73575622695769, -32.23110879331978, 2032.1335529988953, 

parameters:
-1.3942151225393762, -42.006066380134705, 8.627758930018988, 
objectives:
-48.6899895022362, -21.857611152040725, 1758.8256896101818, 

parameters:
-0.3686366615925376, -59.556893922250346, 3.4717704092647654, 
objectives:
-62.892771343245016, -50.47468387834534, 3544.687736245185, 

parameters:
-0.16102223320243247, -2.0175008702115753, 11.676345177297977, 
objectives:
-13.667917887924053, 14.32886139948163, -6.580107256408015, 

parameters:
-0.5500786593066269, -25.762804993965233, 11.656274573217713, 
objectives:
-37.11649303575837, -7.603629252096434, 653.3684331152868, 

parameters:
3.6479720989827245, -7.289359359537064, 4.949176954381776, 
objectives:
1.069164121037585, 0.37562963387023807, 62.49328335304525, 

parameters:
0.8333905010223488, -74.04425727794799, 5.431080830888222, 
objectives:
-78.78079838164193, -67.25219872395489, 5478.8154947392595, 

parameters:
1.4196856453173194, -93.89593043171878, 12.72126973734855, 
objectives:
-104.60169283754728, -80.83789594411945, 8806.739989232345, 

parameters:
0.5240081072521869, -51.79148768515885, 10.042399264118481, 
objectives:
-61.55930245281131, -39.5705363535831, 2673.590381874308, 

parameters:
3.6368816061394957, -84.71727336351712, 16.991402842097575, 
objectives:
-88.4817683885389, -65.04648912890174, 7174.251911123866, 

parameters:
1.3613603678043893, -87.50353354081192, 4.421490935886845, 
objectives:
-90.07172242567026, -82.67418202511412, 7655.300193243137, 

parameters:
2.720131860351999, -80.98897628450705, 0, 
objectives:
-73.58985894680502, -80.47038638821302, 6567.613396950146, 

parameters:
1.0393242545225114, -4.918647286133835, 8.772564714767254, 
objectives:
-12.611017094862316, 4.776815316582148, 17.50072131666326, 

parameters:
2.4070500225927463, -83.75681100087361, 4.560347870644091, 
objectives:
-82.52326906025397, -79.03077340933676, 7017.436930976682, 

parameters:
0.4641211908751829, -90.69043790849985, 10.925874250414676, 
objectives:
-101.40090367909512, -77.4056399417665, 8215.04506226487, 

parameters:
0.7612134121228777, -94.58765824368227, 4.3572388143917165, 
objectives:
-98.36545119927824, -88.69582721898631, 8944.04729906804, 

parameters:
0.6319601773729546, -55.87338039809907, 9.691334293770106, 
objectives:
-65.16534102608392, -44.31051314803553, 3113.542676482697, 

parameters:
-1.2546386053295642, -16.617937316912556, 13.884433136301638, 
objectives:
-28.92825242323088, 7.8591682706906525, 264.84552556251657, 

parameters:
1.011614176935182, -49.43087931625607, 19.176282690498773, 
objectives:
-67.58379876377859, -29.27769009052178, 2426.2589105307493, 

parameters:
2.6693808643151717, -28.91951312580855, 11.036268582004865, 
objectives:
-32.8301875090414, -17.435173802292358, 833.4275650505801, 

parameters:
1.5624382186647665, -20.637228323104814, 7.656413278635282, 
objectives:
-25.852428414595767, -12.789354731984272, 421.6799927684686, 

parameters:
-2.627333960246288, -57.516330520320096, 20, 
objectives:
-70.61344678165665, -16.104110940671504, 3296.0311602613688, 

parameters:
-1.3537963132424702, -98.2157127201086, 4.083119940621739, 
objectives:
-100.46606820298143, -82.88464306876807, 9645.07586963603, 

parameters:
0.16625812393914297, -100, 2.340332385963969, 
objectives:
-102.31269062218821, -94.29705834601684, 9998.687309377812, 

parameters:
0.6192455085662953, -55.29903549828158, 13.71811703858645, 
objectives:
-68.6336875369885, -39.67443549408078, 3045.6486750014997, 

parameters:
1.944285528597228, -95.09164340739787, 12.542691144424158, 
objectives:
-103.85408833510942, -82.54584816065002, 9034.658200992002, 

parameters:
-0.3061915251770393, -17.003883344233166, 7.910378490369981, 
objectives:
-24.820508584512908, -3.774985503064787, 282.31542354401034, 

parameters:
1.4311972563038708, -19.91650327085377, 14.727994879061683, 
objectives:
-32.596172563463725, -4.864971830555842, 384.987433245319, 

