Generation 2207 at Fri May 24 19:48:20 2019
parameters:
6.124715197776957, -17.761147877472204, 0.7243190542464046, 
objectives:
19.026669322161414, -0.023553360453600458, 353.24619112506906, 

parameters:
0.05101637681523949, -100, 19.95971668145522, 
objectives:
-119.95711401075187, -76.24174615510238, 9981.042885989249, 

parameters:
-0.09310337269809921, -0.38187417318528993, 20, 
objectives:
-20.37320593517753, 23.999207555614866, -18.84550387784629, 

parameters:
1.9973066371654076, -100, 0, 
objectives:
-96.01076619713501, -99.99999274579665, 10004.989233802866, 

parameters:
-0.34848221656078726, -97.91817738693427, 16.7189776913789, 
objectives:
-114.51571522305404, -75.68383097405311, 9572.371924943007, 

parameters:
1.3613603678043893, -87.50353354081192, 4.421490935886845, 
objectives:
-90.07172242567026, -82.67418202511412, 7655.300193243137, 

parameters:
3.5487500751343024, -63.8135646896529, 5.208326979848952, 
objectives:
-56.42826457373613, -56.206610914575435, 4080.5563385164323, 

parameters:
0.5240081072521869, -51.79148768515885, 10.042399264118481, 
objectives:
-61.55930245281131, -39.5705363535831, 2673.590381874308, 

parameters:
4.825044581448578, -21.294029062581235, 7.163669684948475, 
objectives:
-5.176643534563423, -6.149482490460786, 470.55305924607205, 

parameters:
1.3960907051174418, -76.19268055196025, 4.458290112375028, 
objectives:
-78.70190140741995, -71.36968400313968, 5803.815348837602, 

parameters:
-0.6269028990225135, -45.130245552986594, 5.998517918773926, 
objectives:
-50.73575622695769, -32.23110879331978, 2032.1335529988953, 

parameters:
-0.16102223320243247, -2.0175008702115753, 11.676345177297977, 
objectives:
-13.667917887924053, 14.32886139948163, -6.580107256408015, 

parameters:
0.6319601773729546, -55.87338039809907, 9.691334293770106, 
objectives:
-65.16534102608392, -44.31051314803553, 3113.542676482697, 

parameters:
-1.3942151225393762, -42.006066380134705, 8.627758930018988, 
objectives:
-48.6899895022362, -21.857611152040725, 1758.8256896101818, 

parameters:
0.122621244347703, -69.59332578576192, 4.75225389203836, 
objectives:
-74.3305437082349, -61.31652090154899, 4839.4937760007215, 

parameters:
0.4641211908751829, -90.69043790849985, 10.925874250414676, 
objectives:
-101.40090367909512, -77.4056399417665, 8215.04506226487, 

parameters:
1.4196856453173194, -93.89593043171878, 12.72126973734855, 
objectives:
-104.60169283754728, -80.83789594411945, 8806.739989232345, 

parameters:
0.8333905010223488, -74.04425727794799, 5.431080830888222, 
objectives:
-78.78079838164193, -67.25219872395489, 5478.8154947392595, 

parameters:
3.6368816061394957, -84.71727336351712, 16.991402842097575, 
objectives:
-88.4817683885389, -65.04648912890174, 7174.251911123866, 

parameters:
0.06334127885512536, -94.8003109848286, 2.3528125445134234, 
objectives:
-97.14911141173502, -88.69685143812868, 8985.750162393306, 

parameters:
1.8887404409655915, -66.93182417632516, 7.672455809247234, 
objectives:
-71.0369395322335, -59.2469896776014, 4476.763972214598, 

parameters:
2.1270341247437896, -31.638759356438392, 14.858176619003387, 
objectives:
-41.9726618076172, -16.764445068585584, 991.6771911634391, 

parameters:
1.6746252984321632, 0.859144065253699, 1.9839132854685453, 
objectives:
1.6796006699341655, 2.948926047142603, 2.558585129541119, 

parameters:
2.720131860351999, -80.98897628450705, 0, 
objectives:
-73.58985894680502, -80.47038638821302, 6567.613396950146, 

parameters:
1.011614176935182, -49.43087931625607, 19.176282690498773, 
objectives:
-67.58379876377859, -29.27769009052178, 2426.2589105307493, 

parameters:
-1.2546386053295642, -16.617937316912556, 13.884433136301638, 
objectives:
-28.92825242323088, 7.8591682706906525, 264.84552556251657, 

parameters:
2.4070500225927463, -83.75681100087361, 4.560347870644091, 
objectives:
-82.52326906025397, -79.03077340933676, 7017.436930976682, 

parameters:
-0.3686366615925376, -59.556893922250346, 3.4717704092647654, 
objectives:
-62.892771343245016, -50.47468387834534, 3544.687736245185, 

parameters:
0.9561359018207186, -35.411669617577466, 8.786521432331957, 
objectives:
-43.28399518715891, -25.535495929777866, 1247.1140195348778, 

parameters:
-1.3613679657012856, -28.29598106642164, 8.236633070139852, 
objectives:
-34.67929139852383, -8.76055339543899, 795.2792341791896, 

parameters:
0.07001238639940688, -6.032178237864615, 15.41764784335978, 
objectives:
-21.444924346975057, 13.110321794146877, 21.974428184257008, 

parameters:
1.4969069310774532, -60.62997843062562, 7.89187591533971, 
objectives:
-66.2811239856576, -52.484999879288004, 3671.3431389430957, 

parameters:
2.6693808643151717, -28.91951312580855, 11.036268582004865, 
objectives:
-32.8301875090414, -17.435173802292358, 833.4275650505801, 

parameters:
-0.5158374603636515, -19.077677845029896, 17.428720553337932, 
objectives:
-36.24031011285341, 4.680480835277063, 347.795159690921, 

parameters:
3.6479720989827245, -7.289359359537064, 4.949176954381776, 
objectives:
1.069164121037585, 0.37562963387023807, 62.49328335304525, 

parameters:
3.6900031915885485, -34.67562364876182, 7.951428288879081, 
objectives:
-29.010928383707224, -23.86808457230326, 1209.0635706956248, 

parameters:
0.1936121786214572, -94.31762567030398, 2.7133194505022535, 
objectives:
-96.9934594450957, -88.34126925857701, 8894.138678308793, 

parameters:
1.3514939083539965, -100.0, 20, 
objectives:
-118.17346421568205, -79.57943984909802, 9982.826535784317, 

parameters:
0.7612134121228777, -94.58765824368227, 4.3572388143917165, 
objectives:
-98.36545119927824, -88.69582721898631, 8944.04729906804, 

parameters:
4.258606934551327, -21.088126631334347, 17.558099969714227, 
objectives:
-20.51049357803992, 1.5712786231832236, 446.2867178724873, 

