Generation 221 at Fri May 24 19:55:16 2019
parameters:
0, 0.0, 20.0, 
objectives:
-20.0, 24.0, -19.0, 

parameters:
0, 0.0, 20.0, 
objectives:
-20.0, 24.0, -19.0, 

parameters:
1.9979647189482492, 0.0, 20.0, 
objectives:
-16.008136981838042, 20.000004142368958, -15.008136981838044, 

parameters:
1.3548128090172258, 0.0, 20.0, 
objectives:
-18.164482252522856, 20.416266511408242, -17.164482252522856, 

parameters:
1.4573422270475125, 0.0, 20.0, 
objectives:
-17.876153633264195, 20.294477458545753, -16.876153633264195, 

parameters:
1.1519144137543003, 0.0, 20.0, 
objectives:
-18.673093183385088, 20.719249161597713, -17.673093183385088, 

parameters:
0.3999042408287957, 0.0, 20.0, 
objectives:
-19.840076598167144, 22.56030643851767, -18.840076598167144, 

parameters:
1.7797502456706433, 0.0, 20.0, 
objectives:
-16.832489063035286, 20.048509954282142, -15.832489063035284, 

parameters:
0.8563081479813445, 0.0, 20.0, 
objectives:
-19.26673635570076, 21.308031052373863, -18.26673635570076, 

parameters:
1.9379176761034853, 0.0, 20.0, 
objectives:
-16.244475080645667, 20.003854214940393, -15.244475080645667, 

parameters:
0.9638971778782761, 0.0, 20.0, 
objectives:
-19.070902230478296, 21.0735090580086, -18.070902230478296, 

parameters:
1.8426794365758716, 0.0, 20.0, 
objectives:
-16.60453249402043, 20.024749759676084, -15.604532494020429, 

parameters:
1.5799231005896892, 0.0, 20.0, 
objectives:
-17.503842996223064, 20.176464601418182, -16.503842996223064, 

parameters:
1.2468121567681718, 0.0, 20.0, 
objectives:
-18.4454594457351, 20.567291927192212, -17.4454594457351, 

parameters:
1.6346629295120103, 0.0, 20.0, 
objectives:
-17.327877106879214, 20.133471175072746, -16.327877106879214, 

parameters:
0.2777351729861943, 0.0, 20.0, 
objectives:
-19.922863173686327, 22.966196134368893, -18.922863173686327, 

parameters:
0.13144111574803352, 0.0, 20.0, 
objectives:
-19.982723233090912, 23.491512303916956, -18.982723233090912, 

parameters:
1.8899236400560266, 0.0, 20.0, 
objectives:
-16.42818863475738, 20.012116805018515, -15.428188634757378, 

parameters:
1.2759870182102695, 0.0, 20.0, 
objectives:
-18.371857129358865, 20.524194797800057, -17.371857129358865, 

parameters:
1.0912183230281345, 0.0, 20.0, 
objectives:
-18.809242571487665, 20.825884136399797, -17.809242571487665, 

parameters:
0.6170030464320657, 0.0, 20.0, 
objectives:
-19.61930724069355, 21.912680573578186, -18.61930724069355, 

parameters:
0.5074877979286417, 0.0, 20.0, 
objectives:
-19.74245613495354, 22.227592673331895, -18.74245613495354, 

parameters:
1.6885107133158161, 0.0, 20.0, 
objectives:
-17.148931571017712, 20.097025575719023, -16.148931571017712, 

parameters:
0.7170415636705789, 0.0, 20.0, 
objectives:
-19.48585139596885, 21.645982349348834, -18.48585139596885, 

parameters:
0.30447865444262834, 0.0, 20.0, 
objectives:
-19.907292748988805, 22.87479263324068, -18.907292748988805, 

parameters:
0.5303675526404212, 0.0, 20.0, 
objectives:
-19.71871025910621, 22.159819530332104, -18.71871025910621, 

parameters:
1.0375657386967634, 0.0, 20.0, 
objectives:
-18.92345733788264, 20.926279707330306, -17.92345733788264, 

parameters:
0.10780188034737699, 0.0, 20.0, 
objectives:
-19.98837875459357, 23.58041372401692, -18.98837875459357, 

parameters:
0.6626707146209413, 0.0, 20.0, 
objectives:
-19.56086752398377, 21.788449617532464, -18.56086752398377, 

parameters:
0.7703531217841441, 0.0, 20.0, 
objectives:
-19.406556067757425, 21.512031445106, -18.406556067757425, 

parameters:
0.8113311104869143, 0.0, 20.0, 
objectives:
-19.34174182915607, 21.412933728896274, -18.34174182915607, 

parameters:
1.7226349660273832, 0.0, 20.0, 
objectives:
-17.032528773819838, 20.07693136207063, -16.032528773819838, 

parameters:
1.5190642829376102, 0.0, 20.0, 
objectives:
-17.692443704303244, 20.231299163946314, -16.692443704303244, 

parameters:
1.000738955685656, 0.0, 20.0, 
objectives:
-18.998521542573183, 20.998522634684193, -17.998521542573183, 

parameters:
1.5208715373950206, 0.0, 20.0, 
objectives:
-17.686949766741705, 20.229564083678213, -16.686949766741705, 

parameters:
1.7167228665280145, 0.0, 20.0, 
objectives:
-17.052862599539836, 20.080245934348106, -16.052862599539836, 

parameters:
0, 0.0, 20.0, 
objectives:
-20.0, 24.0, -19.0, 

