Generation 2215 at Fri May 24 19:48:20 2019
parameters:
1.6746252984321632, 0.859144065253699, 1.9839132854685453, 
objectives:
1.6796006699341655, 2.948926047142603, 2.558585129541119, 

parameters:
0.05101637681523949, -100, 19.95971668145522, 
objectives:
-119.95711401075187, -76.24174615510238, 9981.042885989249, 

parameters:
-0.09310337269809921, -0.38187417318528993, 20, 
objectives:
-20.37320593517753, 23.999207555614866, -18.84550387784629, 

parameters:
1.9973066371654076, -100, 0, 
objectives:
-96.01076619713501, -99.99999274579665, 10004.989233802866, 

parameters:
-0.16102223320243247, -2.0175008702115753, 11.676345177297977, 
objectives:
-13.667917887924053, 14.32886139948163, -6.580107256408015, 

parameters:
0.1853195176308513, -77.42391567203101, 5.541726409445003, 
objectives:
-82.93129875786109, -68.58912400949448, 5989.95533490394, 

parameters:
1.1096154773163533, -72.79583041566147, 0, 
objectives:
-71.56458390816147, -72.00304581742688, 5301.464172413243, 

parameters:
1.3295885435309787, -16.205405134134793, 20, 
objectives:
-34.43759943904597, 4.244046386830121, 245.38296125653113, 

parameters:
2.0795560789719056, -95.28594175873877, 14.500589323340625, 
objectives:
-105.46197759649039, -80.77902326569676, 9070.234661012006, 

parameters:
2.6934462980438383, -67.36312258296735, 7.388760616791003, 
objectives:
-67.49723023931229, -59.49349419790565, 4538.656176471541, 

parameters:
1.011614176935182, -49.43087931625607, 19.176282690498773, 
objectives:
-67.58379876377859, -29.27769009052178, 2426.2589105307493, 

parameters:
3.5487500751343024, -63.8135646896529, 5.208326979848952, 
objectives:
-56.42826457373613, -56.206610914575435, 4080.5563385164323, 

parameters:
-0.34848221656078726, -97.91817738693427, 16.7189776913789, 
objectives:
-114.51571522305404, -75.68383097405311, 9572.371924943007, 

parameters:
2.720131860351999, -80.98897628450705, 0, 
objectives:
-73.58985894680502, -80.47038638821302, 6567.613396950146, 

parameters:
-0.3686366615925376, -59.556893922250346, 3.4717704092647654, 
objectives:
-62.892771343245016, -50.47468387834534, 3544.687736245185, 

parameters:
0.08946808451429089, -39.07378536067601, 5.418850980578398, 
objectives:
-44.48463180310775, -30.00480218000812, 1522.3498559697475, 

parameters:
3.1632229036291504, -89.63403610769342, 0.1342497340183375, 
objectives:
-79.76230670366772, -88.14669885014764, 8045.132158359313, 

parameters:
3.3872278145623684, -54.89131389079367, 6.514329551315116, 
objectives:
-49.932331174363824, -46.45258332998307, 3019.0153233740675, 

parameters:
0.5240081072521869, -51.79148768515885, 10.042399264118481, 
objectives:
-61.55930245281131, -39.5705363535831, 2673.590381874308, 

parameters:
-0.29575695398766744, -25.49389102479713, 14.178543925900458, 
objectives:
-39.584962774865524, -6.044847107113936, 636.8474078341632, 

parameters:
0.9284218237097539, -86.16237184620319, 1.9399685630076857, 
objectives:
-87.24037332647032, -83.07412349529397, 7423.87632068312, 

parameters:
0.8979427135970373, -35.49352448732074, 0, 
objectives:
-34.68722337041873, -34.27899422480688, 1261.596581648939, 

parameters:
1.8412477013367519, -97.95276548557376, 4.285387005987098, 
objectives:
-98.847959393883, -93.6421761872558, 9594.849072363502, 

parameters:
2.827751421023705, -21.960780490700685, 8.39120015915456, 
objectives:
-22.355802550753662, -12.884407916539365, 482.8808577006869, 

parameters:
1.3613603678043893, -87.50353354081192, 4.421490935886845, 
objectives:
-90.07172242567026, -82.67418202511412, 7655.300193243137, 

parameters:
-1.4616176980365145, -66.8096425296889, 11.632020017799084, 
objectives:
-76.30533625227442, -43.1948254245302, 4455.032641222231, 

parameters:
2.1270341247437896, -31.638759356438392, 14.858176619003387, 
objectives:
-41.9726618076172, -16.764445068585584, 991.6771911634391, 

parameters:
1.412044088556384, -92.63990307565359, 8.757718378855426, 
objectives:
-99.40375294648199, -83.53649254299667, 8576.387791995663, 

parameters:
1.582294225999346, -38.696283709562614, 15.647806465341938, 
objectives:
-51.84043515727368, -22.873999130587194, 1485.2582214832498, 

parameters:
0.4641211908751829, -90.69043790849985, 10.925874250414676, 
objectives:
-101.40090367909512, -77.4056399417665, 8215.04506226487, 

parameters:
2.3823047050019834, -19.824211953611876, 6.003171302900839, 
objectives:
-20.152007549038128, -13.674883763244384, 393.6715839863017, 

parameters:
-0.15270908529575422, -62.6949815565932, 9.513642675173372, 
objectives:
-72.1853041670347, -48.54718247550494, 3922.1703897711195, 

parameters:
-1.3613679657012856, -28.29598106642164, 8.236633070139852, 
objectives:
-34.67929139852383, -8.76055339543899, 795.2792341791896, 

parameters:
0.901906601889355, -22.552869434646393, 0, 
objectives:
-21.73943391611479, -21.34706032367221, 510.4453552547391, 

