Generation 2218 at Fri May 24 19:48:20 2019
parameters:
1.6746252984321632, 0.859144065253699, 1.9839132854685453, 
objectives:
1.6796006699341655, 2.948926047142603, 2.558585129541119, 

parameters:
0.051044676920685594, -100.0, 20, 
objectives:
-119.99739444095806, -76.2015731486408, 9981.002605559042, 

parameters:
-3.5109569134161047, -14.49809239654822, 20.0, 
objectives:
-22.17127394868388, 35.87255370498054, 203.52150158671367, 

parameters:
-0.09310337269809921, -0.38187417318528993, 20, 
objectives:
-20.37320593517753, 23.999207555614866, -18.84550387784629, 

parameters:
1.9973066371654076, -100, 0, 
objectives:
-96.01076619713501, -99.99999274579665, 10004.989233802866, 

parameters:
3.5487500751343024, -63.8135646896529, 5.208326979848952, 
objectives:
-56.42826457373613, -56.206610914575435, 4080.5563385164323, 

parameters:
1.1096154773163533, -72.79583041566147, 0, 
objectives:
-71.56458390816147, -72.00304581742688, 5301.464172413243, 

parameters:
2.720131860351999, -80.98897628450705, 0, 
objectives:
-73.58985894680502, -80.47038638821302, 6567.613396950146, 

parameters:
3.1305062230066207, -3.1542283890547864, 8.806013067932824, 
objectives:
-2.160172244704432, 6.929828999134733, 11.943212874669506, 

parameters:
-0.3686366615925376, -59.556893922250346, 3.4717704092647654, 
objectives:
-62.892771343245016, -50.47468387834534, 3544.687736245185, 

parameters:
3.1632229036291504, -89.63403610769342, 0.1342497340183375, 
objectives:
-79.76230670366772, -88.14669885014764, 8045.132158359313, 

parameters:
0.9284218237097539, -86.16237184620319, 1.9399685630076857, 
objectives:
-87.24037332647032, -83.07412349529397, 7423.87632068312, 

parameters:
3.3872278145623684, -54.89131389079367, 6.514329551315116, 
objectives:
-49.932331174363824, -46.45258332998307, 3019.0153233740675, 

parameters:
0.1853195176308513, -77.42391567203101, 5.541726409445003, 
objectives:
-82.93129875786109, -68.58912400949448, 5989.95533490394, 

parameters:
0.5240081072521869, -51.79148768515885, 10.042399264118481, 
objectives:
-61.55930245281131, -39.5705363535831, 2673.590381874308, 

parameters:
2.0853014590847136, -66.0989860310904, 5.282993526325079, 
objectives:
-67.03349738215465, -60.80871616584334, 4369.14144298722, 

parameters:
0.8979427135970373, -35.49352448732074, 0, 
objectives:
-34.68722337041873, -34.27899422480688, 1261.596581648939, 

parameters:
-0.34848221656078726, -97.91817738693427, 16.7189776913789, 
objectives:
-114.51571522305404, -75.68383097405311, 9572.371924943007, 

parameters:
1.538811546429556, -91.6481890577717, 0, 
objectives:
-89.28024808234679, -91.435494268065, 8402.758498544488, 

parameters:
-0.16102223320243247, -2.0175008702115753, 11.676345177297977, 
objectives:
-13.667917887924053, 14.32886139948163, -6.580107256408015, 

parameters:
0.08946808451429089, -39.07378536067601, 5.418850980578398, 
objectives:
-44.48463180310775, -30.00480218000812, 1522.3498559697475, 

parameters:
-0.29575695398766744, -25.49389102479713, 14.178543925900458, 
objectives:
-39.584962774865524, -6.044847107113936, 636.8474078341632, 

parameters:
2.0795560789719056, -95.28594175873877, 14.500589323340625, 
objectives:
-105.46197759649039, -80.77902326569676, 9070.234661012006, 

parameters:
2.497754406720319, -29.29507060002301, 7.307475673704875, 
objectives:
-30.36376919743711, -21.739835476908638, 858.1324628629184, 

parameters:
1.011614176935182, -49.43087931625607, 19.176282690498773, 
objectives:
-67.58379876377859, -29.27769009052178, 2426.2589105307493, 

parameters:
1.412044088556384, -92.63990307565359, 8.757718378855426, 
objectives:
-99.40375294648199, -83.53649254299667, 8576.387791995663, 

parameters:
-2.8847700493462805, -44.99239350817629, 13.267733280081227, 
objectives:
-49.938228550652184, -7.8636817931046, 2020.3696385521082, 

parameters:
2.2132927334974135, -99.50848875198359, 0, 
objectives:
-94.60982402783114, -99.4629949618208, 9907.837998427798, 

parameters:
0.6244336312096037, -97.25826480370804, 9.73824085739517, 
objectives:
-106.6065883013176, -85.62784111136568, 9450.821749130584, 

parameters:
0.9841471501019343, -20.245156464854826, 5.708279256358202, 
objectives:
-24.98489010815927, -13.504920195850602, 406.12662664314877, 

parameters:
0.3722003913144647, -76.64494286667207, 12.209028225995933, 
objectives:
-88.71543796137337, -61.786183074639354, 5863.376771940724, 

parameters:
2.1270341247437896, -31.638759356438392, 14.858176619003387, 
objectives:
-41.9726618076172, -16.764445068585584, 991.6771911634391, 

parameters:
-0.6217757654987854, -1.430347019915195, 13.06714378749124, 
objectives:
-14.110885704844835, 18.51050493213279, -9.63464608754936, 

parameters:
2.5816430658362086, -22.80952311447284, 13.945586949522536, 
objectives:
-30.090229144615197, -8.525627508914958, 513.9936386795283, 

