Generation 2224 at Fri May 24 19:48:20 2019
parameters:
0.051044676920685594, -100.0, 20, 
objectives:
-119.99739444095806, -76.2015731486408, 9981.002605559042, 

parameters:
1.6746252984321632, 0.859144065253699, 1.9839132854685453, 
objectives:
1.6796006699341655, 2.948926047142603, 2.558585129541119, 

parameters:
-3.5109569134161047, -14.49809239654822, 20.0, 
objectives:
-22.17127394868388, 35.87255370498054, 203.52150158671367, 

parameters:
-0.09310337269809921, -0.38187417318528993, 20, 
objectives:
-20.37320593517753, 23.999207555614866, -18.84550387784629, 

parameters:
1.9973066371654076, -100, 0, 
objectives:
-96.01076619713501, -99.99999274579665, 10004.989233802866, 

parameters:
0.8979427135970373, -35.49352448732074, 0, 
objectives:
-34.68722337041873, -34.27899422480688, 1261.596581648939, 

parameters:
1.7305826021783828, -54.05898827467381, 4.355243754097497, 
objectives:
-55.4193158858088, -49.63115878632733, 2922.0138856701856, 

parameters:
1.538811546429556, -91.6481890577717, 0, 
objectives:
-89.28024808234679, -91.435494268065, 8402.758498544488, 

parameters:
-0.3686366615925376, -59.556893922250346, 3.4717704092647654, 
objectives:
-62.892771343245016, -50.47468387834534, 3544.687736245185, 

parameters:
-1.4805959501949946, -47.90934392870137, 9.965613677025075, 
objectives:
-55.68279323799263, -25.829182083162493, 2288.5317863693035, 

parameters:
3.1305062230066207, -3.1542283890547864, 8.806013067932824, 
objectives:
-2.160172244704432, 6.929828999134733, 11.943212874669506, 

parameters:
2.0853014590847136, -66.0989860310904, 5.282993526325079, 
objectives:
-67.03349738215465, -60.80871616584334, 4369.14144298722, 

parameters:
-1.381946550776867, -39.33785456453099, 9.247934759811908, 
objectives:
-46.676013055138824, -18.652357332407536, 1541.128643249584, 

parameters:
0.1853195176308513, -77.42391567203101, 5.541726409445003, 
objectives:
-82.93129875786109, -68.58912400949448, 5989.95533490394, 

parameters:
-1.9987907827330818, -15.845112237547845, 0, 
objectives:
-11.84994764440912, 0.14521548652320604, 256.0627464136272, 

parameters:
-0.34848221656078726, -97.91817738693427, 16.7189776913789, 
objectives:
-114.51571522305404, -75.68383097405311, 9572.371924943007, 

parameters:
3.5487500751343024, -63.8135646896529, 5.208326979848952, 
objectives:
-56.42826457373613, -56.206610914575435, 4080.5563385164323, 

parameters:
-0.5185390716283189, -31.69643151107969, 20, 
objectives:
-51.42754874227453, -5.353392455761256, 985.9326533053708, 

parameters:
-0.17651765485434723, -25.391308204720698, 0, 
objectives:
-25.36014972224542, -20.654079102828028, 645.7496908295918, 

parameters:
0.3729101023446092, -94.79756368898421, 11.163733870944455, 
objectives:
-105.822235615498, -80.98640828298753, 8976.553409440503, 

parameters:
0.02768285355788702, -2.278288394390973, 14.257557611125419, 
objectives:
-16.535079665135285, 15.869304142884005, -8.066193262727714, 

parameters:
0.6244336312096037, -97.25826480370804, 9.73824085739517, 
objectives:
-106.6065883013176, -85.62784111136568, 9450.821749130584, 

parameters:
2.720131860351999, -80.98897628450705, 0, 
objectives:
-73.58985894680502, -80.47038638821302, 6567.613396950146, 

parameters:
2.3319294692696255, -71.83491318799011, 1.3738425795597247, 
objectives:
-67.77086071790171, -70.35089343586077, 5165.318805196164, 

parameters:
0.9841471501019343, -20.245156464854826, 5.708279256358202, 
objectives:
-24.98489010815927, -13.504920195850602, 406.12662664314877, 

parameters:
0.7234124635601911, -83.47606349276349, 3.027492101554401, 
objectives:
-85.98023000188367, -78.81889565301563, 6966.749009738761, 

parameters:
0.9284218237097539, -86.16237184620319, 1.9399685630076857, 
objectives:
-87.24037332647032, -83.07412349529397, 7423.87632068312, 

parameters:
1.1096154773163533, -72.79583041566147, 0, 
objectives:
-71.56458390816147, -72.00304581742688, 5301.464172413243, 

parameters:
-0.29575695398766744, -25.49389102479713, 14.178543925900458, 
objectives:
-39.584962774865524, -6.044847107113936, 636.8474078341632, 

parameters:
-0.31587216283748853, -78.01553649986619, 0, 
objectives:
-77.91576127661055, -72.6522726252606, 6087.523710585209, 

parameters:
3.1632229036291504, -89.63403610769342, 0.1342497340183375, 
objectives:
-79.76230670366772, -88.14669885014764, 8045.132158359313, 

parameters:
-2.820771019241099, -24.74884926599396, 20.0, 
objectives:
-36.79210012300349, 18.490983953960903, 601.4622891338803, 

parameters:
0.3822795304665334, -88.76432305191076, 13.612835028776235, 
objectives:
-102.23102044127329, -72.53446850558696, 7866.638349474614, 

parameters:
4.630375380376404, -65.48435951599367, 1.5682257597368803, 
objectives:
-45.61220911253463, -56.99725911456648, 4309.07349162337, 

parameters:
-1.4851188708807692, -100, 1.3476365918346387, 
objectives:
-99.14205853118847, -86.50630986399611, 10001.857941468812, 

