Generation 2225 at Fri May 24 19:48:20 2019
parameters:
0.051044676920685594, -100.0, 20, 
objectives:
-119.99739444095806, -76.2015731486408, 9981.002605559042, 

parameters:
1.6746252984321632, 0.859144065253699, 1.9839132854685453, 
objectives:
1.6796006699341655, 2.948926047142603, 2.558585129541119, 

parameters:
-3.5109569134161047, -14.49809239654822, 20.0, 
objectives:
-22.17127394868388, 35.87255370498054, 203.52150158671367, 

parameters:
-0.09310337269809921, -0.38187417318528993, 20, 
objectives:
-20.37320593517753, 23.999207555614866, -18.84550387784629, 

parameters:
1.9973066371654076, -100, 0, 
objectives:
-96.01076619713501, -99.99999274579665, 10004.989233802866, 

parameters:
0.8979427135970373, -35.49352448732074, 0, 
objectives:
-34.68722337041873, -34.27899422480688, 1261.596581648939, 

parameters:
1.7305826021783828, -54.05898827467381, 4.355243754097497, 
objectives:
-55.4193158858088, -49.63115878632733, 2922.0138856701856, 

parameters:
-1.4805959501949946, -47.90934392870137, 9.965613677025075, 
objectives:
-55.68279323799263, -25.829182083162493, 2288.5317863693035, 

parameters:
2.0853014590847136, -66.0989860310904, 5.282993526325079, 
objectives:
-67.03349738215465, -60.80871616584334, 4369.14144298722, 

parameters:
-0.3686366615925376, -59.556893922250346, 3.4717704092647654, 
objectives:
-62.892771343245016, -50.47468387834534, 3544.687736245185, 

parameters:
0.02768285355788702, -2.278288394390973, 14.257557611125419, 
objectives:
-16.535079665135285, 15.869304142884005, -8.066193262727714, 

parameters:
-1.3055769479978472, -90.28175066511234, 12.286487486502715, 
objectives:
-100.86370698447169, -67.06842421947485, 8141.212546838154, 

parameters:
1.6413515556829597, -61.65232470430516, 4.487608195370661, 
objectives:
-63.44589797033295, -57.036087802323465, 3800.215568179048, 

parameters:
-1.381946550776867, -39.33785456453099, 9.247934759811908, 
objectives:
-46.676013055138824, -18.652357332407536, 1541.128643249584, 

parameters:
0.9284218237097539, -86.16237184620319, 1.9399685630076857, 
objectives:
-87.24037332647032, -83.07412349529397, 7423.87632068312, 

parameters:
0.3729101023446092, -94.79756368898421, 11.163733870944455, 
objectives:
-105.822235615498, -80.98640828298753, 8976.553409440503, 

parameters:
3.1305062230066207, -3.1542283890547864, 8.806013067932824, 
objectives:
-2.160172244704432, 6.929828999134733, 11.943212874669506, 

parameters:
-1.9987907827330818, -15.845112237547845, 0, 
objectives:
-11.84994764440912, 0.14521548652320604, 256.0627464136272, 

parameters:
3.0361915255928675, -75.1361183111052, 12.047460753515038, 
objectives:
-77.96512008453828, -62.01496467987968, 5643.607273086964, 

parameters:
2.720131860351999, -80.98897628450705, 0, 
objectives:
-73.58985894680502, -80.47038638821302, 6567.613396950146, 

parameters:
2.3319294692696255, -71.83491318799011, 1.3738425795597247, 
objectives:
-67.77086071790171, -70.35089343586077, 5165.318805196164, 

parameters:
0.7234124635601911, -83.47606349276349, 3.027492101554401, 
objectives:
-85.98023000188367, -78.81889565301563, 6966.749009738761, 

parameters:
1.538811546429556, -91.6481890577717, 0, 
objectives:
-89.28024808234679, -91.435494268065, 8402.758498544488, 

parameters:
0.8039312508049379, -98.08603200326016, 10.087819021918751, 
objectives:
-107.52754556915811, -86.56763252854037, 9612.428160578678, 

parameters:
-0.34848221656078726, -97.91817738693427, 16.7189776913789, 
objectives:
-114.51571522305404, -75.68383097405311, 9572.371924943007, 

parameters:
-0.29575695398766744, -25.49389102479713, 14.178543925900458, 
objectives:
-39.584962774865524, -6.044847107113936, 636.8474078341632, 

parameters:
2.0980916372826646, -7.795730466866008, 3.043185695089722, 
objectives:
-6.436927643520278, -4.742922802471492, 63.13221633536864, 

parameters:
0.1853195176308513, -77.42391567203101, 5.541726409445003, 
objectives:
-82.93129875786109, -68.58912400949448, 5989.95533490394, 

parameters:
-0.5185390716283189, -31.69643151107969, 20, 
objectives:
-51.42754874227453, -5.353392455761256, 985.9326533053708, 

parameters:
2.6023031213825645, -27.79879618349917, 9.205619838206974, 
objectives:
-30.23243448614871, -18.230407295265017, 771.3394309490785, 

parameters:
-0.31587216283748853, -78.01553649986619, 0, 
objectives:
-77.91576127661055, -72.6522726252606, 6087.523710585209, 

parameters:
1.1096154773163533, -72.79583041566147, 0, 
objectives:
-71.56458390816147, -72.00304581742688, 5301.464172413243, 

parameters:
0.4152912157920304, -20.108554112906, 7.759185760072165, 
objectives:
-27.69527307906414, -9.838066422087934, 397.7672295455106, 

parameters:
-0.4416615958036305, -100, 0.23603309968190325, 
objectives:
-100.0409681344741, -93.80225555189577, 10000.959031865526, 

parameters:
3.7227093326346603, -39.05425392986805, 11.378824461578276, 
objectives:
-36.57451361616113, -24.707702023543213, 1528.7144903323208, 

parameters:
0.9841471501019343, -20.245156464854826, 5.708279256358202, 
objectives:
-24.98489010815927, -13.504920195850602, 406.12662664314877, 

parameters:
0.6244336312096037, -97.25826480370804, 9.73824085739517, 
objectives:
-106.6065883013176, -85.62784111136568, 9450.821749130584, 

parameters:
-0.2992642513134889, -91.66165794597568, 0.7203482242086416, 
objectives:
-92.29244707807008, -85.65469362439886, 8402.22874827295, 

parameters:
-0.17651765485434723, -25.391308204720698, 0, 
objectives:
-25.36014972224542, -20.654079102828028, 645.7496908295918, 

parameters:
1.849041000354764, -26.365682292936242, 1.3267198884245612, 
objectives:
-24.273449560367858, -25.01617378493779, 698.2414355046201, 

