Generation 2226 at Fri May 24 19:48:20 2019
parameters:
0.051044676920685594, -100.0, 20, 
objectives:
-119.99739444095806, -76.2015731486408, 9981.002605559042, 

parameters:
4.9186737281369615, -14.333205378987318, 0, 
objectives:
9.860145864877436, -5.814549047670408, 230.63412768009573, 

parameters:
-3.5109569134161047, -14.49809239654822, 20.0, 
objectives:
-22.17127394868388, 35.87255370498054, 203.52150158671367, 

parameters:
-0.09310337269809921, -0.38187417318528993, 20, 
objectives:
-20.37320593517753, 23.999207555614866, -18.84550387784629, 

parameters:
1.9973066371654076, -100, 0, 
objectives:
-96.01076619713501, -99.99999274579665, 10004.989233802866, 

parameters:
1.7305826021783828, -54.05898827467381, 4.355243754097497, 
objectives:
-55.4193158858088, -49.63115878632733, 2922.0138856701856, 

parameters:
0.8979427135970373, -35.49352448732074, 0, 
objectives:
-34.68722337041873, -34.27899422480688, 1261.596581648939, 

parameters:
-1.3055769479978472, -90.28175066511234, 12.286487486502715, 
objectives:
-100.86370698447169, -67.06842421947485, 8141.212546838154, 

parameters:
2.3319294692696255, -71.83491318799011, 1.3738425795597247, 
objectives:
-67.77086071790171, -70.35089343586077, 5165.318805196164, 

parameters:
1.538811546429556, -91.6481890577717, 0, 
objectives:
-89.28024808234679, -91.435494268065, 8402.758498544488, 

parameters:
-1.4805959501949946, -47.90934392870137, 9.965613677025075, 
objectives:
-55.68279323799263, -25.829182083162493, 2288.5317863693035, 

parameters:
3.0361915255928675, -75.1361183111052, 12.047460753515038, 
objectives:
-77.96512008453828, -62.01496467987968, 5643.607273086964, 

parameters:
2.0853014590847136, -66.0989860310904, 5.282993526325079, 
objectives:
-67.03349738215465, -60.80871616584334, 4369.14144298722, 

parameters:
2.720131860351999, -80.98897628450705, 0, 
objectives:
-73.58985894680502, -80.47038638821302, 6567.613396950146, 

parameters:
-0.34848221656078726, -97.91817738693427, 16.7189776913789, 
objectives:
-114.51571522305404, -75.68383097405311, 9572.371924943007, 

parameters:
0.3729101023446092, -94.79756368898421, 11.163733870944455, 
objectives:
-105.822235615498, -80.98640828298753, 8976.553409440503, 

parameters:
-1.381946550776867, -39.33785456453099, 9.247934759811908, 
objectives:
-46.676013055138824, -18.652357332407536, 1541.128643249584, 

parameters:
0.1853195176308513, -77.42391567203101, 5.541726409445003, 
objectives:
-82.93129875786109, -68.58912400949448, 5989.95533490394, 

parameters:
0.9284218237097539, -86.16237184620319, 1.9399685630076857, 
objectives:
-87.24037332647032, -83.07412349529397, 7423.87632068312, 

parameters:
-0.3686366615925376, -59.556893922250346, 3.4717704092647654, 
objectives:
-62.892771343245016, -50.47468387834534, 3544.687736245185, 

parameters:
3.1305062230066207, -3.1542283890547864, 8.806013067932824, 
objectives:
-2.160172244704432, 6.929828999134733, 11.943212874669506, 

parameters:
-1.9987907827330818, -15.845112237547845, 0, 
objectives:
-11.84994764440912, 0.14521548652320604, 256.0627464136272, 

parameters:
2.6023031213825645, -27.79879618349917, 9.205619838206974, 
objectives:
-30.23243448614871, -18.230407295265017, 771.3394309490785, 

parameters:
0.02768285355788702, -2.278288394390973, 14.257557611125419, 
objectives:
-16.535079665135285, 15.869304142884005, -8.066193262727714, 

parameters:
1.6746252984321632, 0.859144065253699, 1.9839132854685453, 
objectives:
1.6796006699341655, 2.948926047142603, 2.558585129541119, 

parameters:
0.8039312508049379, -98.08603200326016, 10.087819021918751, 
objectives:
-107.52754556915811, -86.56763252854037, 9612.428160578678, 

parameters:
2.5449789448529883, -42.849451161968005, 20, 
objectives:
-56.37253333222298, -22.552449111634928, 1823.5523827116263, 

parameters:
-0.29575695398766744, -25.49389102479713, 14.178543925900458, 
objectives:
-39.584962774865524, -6.044847107113936, 636.8474078341632, 

parameters:
2.400830424047155, -25.94812152882085, 13.035334024416773, 
objectives:
-33.219468828207184, -12.752122475562253, 667.0336635750697, 

parameters:
1.6055377225106326, -84.01312830263417, 11.601263159407413, 
objectives:
-93.03664008363695, -72.25626465486467, 7050.182215413868, 

parameters:
-0.5185390716283189, -31.69643151107969, 20, 
objectives:
-51.42754874227453, -5.353392455761256, 985.9326533053708, 

parameters:
2.291456919363954, -98.34595960815004, 1.3848635517757364, 
objectives:
-94.48004834662484, -96.87614892052918, 9676.793682509406, 

parameters:
2.811886691560092, -61.0254387565996, 4.001425308303873, 
objectives:
-57.12015729873071, -56.364853448363334, 3729.009456893357, 

parameters:
0.7234124635601911, -83.47606349276349, 3.027492101554401, 
objectives:
-85.98023000188367, -78.81889565301563, 6966.749009738761, 

parameters:
1.6413515556829597, -61.65232470430516, 4.487608195370661, 
objectives:
-63.44589797033295, -57.036087802323465, 3800.215568179048, 

parameters:
-1.0604309290651575, -27.3478790726212, 10.73185151973391, 
objectives:
-36.95521683703712, -7.2497900813086655, 739.2991520062967, 

parameters:
3.699115254993417, -13.4917583461948, 7.01860768149248, 
objectives:
-6.826912357962268, -3.586158014950975, 189.69238926034956, 

parameters:
-0.8075489065477893, -3.651905440272155, 15.29530065347431, 
objectives:
-18.295070857279935, 19.525726075859843, -0.3067520723184174, 

parameters:
2.0980916372826646, -7.795730466866008, 3.043185695089722, 
objectives:
-6.436927643520278, -4.742922802471492, 63.13221633536864, 

parameters:
-3.9585550578070388, -60.268101056643076, 20, 
objectives:
-64.59794291095338, -4.763722679725234, 3628.9141631194316, 

