Generation 2228 at Fri May 24 19:48:20 2019
parameters:
0.051044676920685594, -100.0, 20, 
objectives:
-119.99739444095806, -76.2015731486408, 9981.002605559042, 

parameters:
4.9186737281369615, -14.333205378987318, 0, 
objectives:
9.860145864877436, -5.814549047670408, 230.63412768009573, 

parameters:
-3.5109569134161047, -14.49809239654822, 20.0, 
objectives:
-22.17127394868388, 35.87255370498054, 203.52150158671367, 

parameters:
-0.09310337269809921, -0.38187417318528993, 20, 
objectives:
-20.37320593517753, 23.999207555614866, -18.84550387784629, 

parameters:
1.9973066371654076, -100, 0, 
objectives:
-96.01076619713501, -99.99999274579665, 10004.989233802866, 

parameters:
3.1305062230066207, -3.1542283890547864, 8.806013067932824, 
objectives:
-2.160172244704432, 6.929828999134733, 11.943212874669506, 

parameters:
1.7305826021783828, -54.05898827467381, 4.355243754097497, 
objectives:
-55.4193158858088, -49.63115878632733, 2922.0138856701856, 

parameters:
2.0853014590847136, -66.0989860310904, 5.282993526325079, 
objectives:
-67.03349738215465, -60.80871616584334, 4369.14144298722, 

parameters:
5.019362148336953, -43.82145671666926, 0.0, 
objectives:
-18.62746034051151, -34.70490893385932, 1946.5140651470751, 

parameters:
-1.9987907827330818, -15.845112237547845, 0, 
objectives:
-11.84994764440912, 0.14521548652320604, 256.0627464136272, 

parameters:
2.720131860351999, -80.98897628450705, 0, 
objectives:
-73.58985894680502, -80.47038638821302, 6567.613396950146, 

parameters:
2.3319294692696255, -71.83491318799011, 1.3738425795597247, 
objectives:
-67.77086071790171, -70.35089343586077, 5165.318805196164, 

parameters:
3.0361915255928675, -75.1361183111052, 12.047460753515038, 
objectives:
-77.96512008453828, -62.01496467987968, 5643.607273086964, 

parameters:
0.9284218237097539, -86.16237184620319, 1.9399685630076857, 
objectives:
-87.24037332647032, -83.07412349529397, 7423.87632068312, 

parameters:
0.1853195176308513, -77.42391567203101, 5.541726409445003, 
objectives:
-82.93129875786109, -68.58912400949448, 5989.95533490394, 

parameters:
-1.3055769479978472, -90.28175066511234, 12.286487486502715, 
objectives:
-100.86370698447169, -67.06842421947485, 8141.212546838154, 

parameters:
0.8979427135970373, -35.49352448732074, 0, 
objectives:
-34.68722337041873, -34.27899422480688, 1261.596581648939, 

parameters:
1.6055377225106326, -84.01312830263417, 11.601263159407413, 
objectives:
-93.03664008363695, -72.25626465486467, 7050.182215413868, 

parameters:
-0.29575695398766744, -25.49389102479713, 14.178543925900458, 
objectives:
-39.584962774865524, -6.044847107113936, 636.8474078341632, 

parameters:
-1.8731146342515679, -47.316344871932515, 2.527625965158662, 
objectives:
-46.335412404043794, -29.787701936720197, 2240.817424507543, 

parameters:
1.538811546429556, -91.6481890577717, 0, 
objectives:
-89.28024808234679, -91.435494268065, 8402.758498544488, 

parameters:
1.6746252984321632, 0.859144065253699, 1.9839132854685453, 
objectives:
1.6796006699341655, 2.948926047142603, 2.558585129541119, 

parameters:
0.5492670285759089, -94.06607951550937, 0, 
objectives:
-93.76438524682877, -91.9614533611324, 8849.729009686813, 

parameters:
2.6023031213825645, -27.79879618349917, 9.205619838206974, 
objectives:
-30.23243448614871, -18.230407295265017, 771.3394309490785, 

parameters:
1.2215439162279524, -58.157808610677364, 6.0653727970365106, 
objectives:
-62.73101186844035, -51.48644193927914, 3378.757499138415, 

parameters:
-0.3686366615925376, -59.556893922250346, 3.4717704092647654, 
objectives:
-62.892771343245016, -50.47468387834534, 3544.687736245185, 

parameters:
2.4204871182407097, -58.97960612383773, 3.6621572122865995, 
objectives:
-56.78300544655512, -55.14063949494476, 3481.79053920032, 

parameters:
-0.3486042817671029, -97.13400133546605, 4.2092539408377885, 
objectives:
-101.22173033103748, -87.4088053222935, 9431.92648644275, 

parameters:
-1.4805959501949946, -47.90934392870137, 9.965613677025075, 
objectives:
-55.68279323799263, -25.829182083162493, 2288.5317863693035, 

parameters:
0.3729101023446092, -94.79756368898421, 11.163733870944455, 
objectives:
-105.822235615498, -80.98640828298753, 8976.553409440503, 

parameters:
3.268752255528638, -42.76015167533069, 20.0, 
objectives:
-52.07541036730713, -21.150419389421685, 1820.1153126053096, 

parameters:
0.8039312508049379, -98.08603200326016, 10.087819021918751, 
objectives:
-107.52754556915811, -86.56763252854037, 9612.428160578678, 

parameters:
2.0354059641114124, -22.543045352462258, 8.972118680893573, 
objectives:
-27.372286594615524, -13.569673089274026, 504.359652521017, 

parameters:
-1.381946550776867, -39.33785456453099, 9.247934759811908, 
objectives:
-46.676013055138824, -18.652357332407536, 1541.128643249584, 

parameters:
-0.34848221656078726, -97.91817738693427, 16.7189776913789, 
objectives:
-114.51571522305404, -75.68383097405311, 9572.371924943007, 

parameters:
2.400830424047155, -25.94812152882085, 13.035334024416773, 
objectives:
-33.219468828207184, -12.752122475562253, 667.0336635750697, 

parameters:
2.6328932215051593, -26.447104419341336, 6.400942190428456, 
objectives:
-25.915919893921977, -19.645608399085702, 700.9805166929634, 

parameters:
1.9498422619784042, -98.0238456621503, 17.54884051890782, 
objectives:
-111.77080133446105, -80.47248934455902, 9595.92736272475, 

parameters:
2.5449789448529883, -42.849451161968005, 20, 
objectives:
-56.37253333222298, -22.552449111634928, 1823.5523827116263, 

