Generation 2231 at Fri May 24 19:48:20 2019
parameters:
0.051044676920685594, -100.0, 20, 
objectives:
-119.99739444095806, -76.2015731486408, 9981.002605559042, 

parameters:
4.9186737281369615, -14.333205378987318, 0, 
objectives:
9.860145864877436, -5.814549047670408, 230.63412768009573, 

parameters:
-3.5109569134161047, -14.49809239654822, 20.0, 
objectives:
-22.17127394868388, 35.87255370498054, 203.52150158671367, 

parameters:
-0.09310337269809921, -0.38187417318528993, 20, 
objectives:
-20.37320593517753, 23.999207555614866, -18.84550387784629, 

parameters:
1.9973066371654076, -100, 0, 
objectives:
-96.01076619713501, -99.99999274579665, 10004.989233802866, 

parameters:
0.3729101023446092, -94.79756368898421, 11.163733870944455, 
objectives:
-105.822235615498, -80.98640828298753, 8976.553409440503, 

parameters:
1.2215439162279524, -58.157808610677364, 6.0653727970365106, 
objectives:
-62.73101186844035, -51.48644193927914, 3378.757499138415, 

parameters:
-1.9987907827330818, -15.845112237547845, 0, 
objectives:
-11.84994764440912, 0.14521548652320604, 256.0627464136272, 

parameters:
1.7305826021783828, -54.05898827467381, 4.355243754097497, 
objectives:
-55.4193158858088, -49.63115878632733, 2922.0138856701856, 

parameters:
1.538811546429556, -91.6481890577717, 0, 
objectives:
-89.28024808234679, -91.435494268065, 8402.758498544488, 

parameters:
2.3319294692696255, -71.83491318799011, 1.3738425795597247, 
objectives:
-67.77086071790171, -70.35089343586077, 5165.318805196164, 

parameters:
2.6468449133999306, -64.66250385981338, 7.667050951412147, 
objectives:
-65.32376681563444, -56.57704456640987, 4181.578142464559, 

parameters:
4.848768744854312, -20.536891885191494, 6.034963079426253, 
objectives:
-3.0612966235416845, -6.386445444106428, 440.23952356569407, 

parameters:
0.9284218237097539, -86.16237184620319, 1.9399685630076857, 
objectives:
-87.24037332647032, -83.07412349529397, 7423.87632068312, 

parameters:
0.1853195176308513, -77.42391567203101, 5.541726409445003, 
objectives:
-82.93129875786109, -68.58912400949448, 5989.95533490394, 

parameters:
2.720131860351999, -80.98897628450705, 0, 
objectives:
-73.58985894680502, -80.47038638821302, 6567.613396950146, 

parameters:
-1.3055769479978472, -90.28175066511234, 12.286487486502715, 
objectives:
-100.86370698447169, -67.06842421947485, 8141.212546838154, 

parameters:
4.230599816796997, -10.303127912926787, 7.365799904730532, 
objectives:
0.22904699222546387, 2.0382475344985416, 117.68661969528333, 

parameters:
-0.6589147031836371, -30.14834726591282, 1.0374684161138576, 
objectives:
-30.751647095955096, -22.041051450992835, 909.3195430360308, 

parameters:
2.0853014590847136, -66.0989860310904, 5.282993526325079, 
objectives:
-67.03349738215465, -60.80871616584334, 4369.14144298722, 

parameters:
-0.3486042817671029, -97.13400133546605, 4.2092539408377885, 
objectives:
-101.22173033103748, -87.4088053222935, 9431.92648644275, 

parameters:
2.6023031213825645, -27.79879618349917, 9.205619838206974, 
objectives:
-30.23243448614871, -18.230407295265017, 771.3394309490785, 

parameters:
3.0840212575838226, -44.01816578485328, 13.44755985110699, 
objectives:
-47.95453851873137, -29.395503846852684, 1934.6625463289502, 

parameters:
3.1305062230066207, -3.1542283890547864, 8.806013067932824, 
objectives:
-2.160172244704432, 6.929828999134733, 11.943212874669506, 

parameters:
1.6055377225106326, -84.01312830263417, 11.601263159407413, 
objectives:
-93.03664008363695, -72.25626465486467, 7050.182215413868, 

parameters:
3.0361915255928675, -75.1361183111052, 12.047460753515038, 
objectives:
-77.96512008453828, -62.01496467987968, 5643.607273086964, 

parameters:
3.253112380084337, -49.17407520834283, 14.720686167662898, 
objectives:
-53.31202121854775, -32.883098403559295, 2414.951726585552, 

parameters:
3.007666098112939, -43.367546148920226, 0, 
objectives:
-34.32149079118231, -42.35215518363407, 1890.7901143364636, 

parameters:
2.155736507656877, -41.186873308066595, 9.72861885829993, 
objectives:
-46.26829227592186, -31.434000589949505, 1692.2771139268732, 

parameters:
3.9892357269634977, -37.05785873155762, 18.30283942007644, 
objectives:
-39.44669646635208, -14.797960534053185, 1371.896056033287, 

parameters:
-4.01612869555811, -34.93478464544136, 17.662211002167517, 
objectives:
-36.4677059483236, 18.92123083824388, 1219.906256920483, 

parameters:
3.6655987444554903, -37.493883815944685, 0.0, 
objectives:
-24.057269660591018, -34.71966463841298, 1420.2279377589125, 

parameters:
0.21991563575207865, -3.537300007051855, 17.152677283324817, 
objectives:
-20.64161440352843, 16.78407762011289, -3.591823056587522, 

parameters:
-0.9326124597697059, -81.70691629593716, 8.193482474191542, 
objectives:
-89.030632770011, -64.9132179825491, 6669.696454117208, 

parameters:
2.829755186363012, -46.55522763510247, 0.9681912876808483, 
objectives:
-39.51590450803495, -44.89854267812531, 2175.428543283276, 

parameters:
0.3110606302821637, -75.81840767806926, 0.1756699380174186, 
objectives:
-75.89731890037515, -72.79022154546897, 5749.352031615606, 

parameters:
-0.9626062464458551, -46.316959455775645, 1.0869767255421106, 
objectives:
-46.47732539562117, -36.452946958753536, 2146.1003672881193, 

parameters:
3.2973522594581235, -47.96345245213293, 0, 
objectives:
-37.090920529179336, -46.280329567011826, 2312.3653030509695, 

parameters:
-1.3045056212835058, -100, 3.8562872070285192, 
objectives:
-102.15455229106826, -85.2239553918772, 9998.84544770893, 

