Generation 2239 at Fri May 24 19:48:20 2019
parameters:
4.9186737281369615, -14.333205378987318, 0, 
objectives:
9.860145864877436, -5.814549047670408, 230.63412768009573, 

parameters:
0.051044676920685594, -100.0, 20, 
objectives:
-119.99739444095806, -76.2015731486408, 9981.002605559042, 

parameters:
-0.09310337269809921, -0.38187417318528993, 20, 
objectives:
-20.37320593517753, 23.999207555614866, -18.84550387784629, 

parameters:
1.9973066371654076, -100, 0, 
objectives:
-96.01076619713501, -99.99999274579665, 10004.989233802866, 

parameters:
0.5518278135303074, -7.562787306507717, 5.80437175013395, 
objectives:
-13.062645120856027, 0.3387871252906427, 52.69589402912594, 

parameters:
-1.9987907827330818, -15.845112237547845, 0, 
objectives:
-11.84994764440912, 0.14521548652320604, 256.0627464136272, 

parameters:
0.9232032205552331, -25.283157240281245, 12.129543746687796, 
objectives:
-36.56039680052549, -11.994122189370826, 628.9608004765417, 

parameters:
1.2215439162279524, -58.157808610677364, 6.0653727970365106, 
objectives:
-62.73101186844035, -51.48644193927914, 3378.757499138415, 

parameters:
-0.7854522541058704, -28.33630565537331, 0.0, 
objectives:
-27.719370411893316, -20.577561395469836, 804.5631534382214, 

parameters:
-2.3319126695914925, -51.933014950184656, 9.129219705809973, 
objectives:
-55.624417957393305, -24.03832786740739, 2694.346638808894, 

parameters:
2.447897470424097, -71.4006289970114, 8.77105864274073, 
objectives:
-74.17948561404343, -62.42895821025836, 5096.270964551833, 

parameters:
0.949951058211383, -88.34771021041912, 12.870530305907288, 
objectives:
-100.31583350332949, -74.37457712436043, 7794.349776131286, 

parameters:
0.3729101023446092, -94.79756368898421, 11.163733870944455, 
objectives:
-105.822235615498, -80.98640828298753, 8976.553409440503, 

parameters:
-0.3486042817671029, -97.13400133546605, 4.2092539408377885, 
objectives:
-101.22173033103748, -87.4088053222935, 9431.92648644275, 

parameters:
-2.1962681009723606, -68.30860770963034, 9.18409573123973, 
objectives:
-72.66910986952132, -41.515846003152426, 4662.705385068279, 

parameters:
-0.538877270967457, -77.52974742384833, 2.1929766564816147, 
objectives:
-79.43233536716463, -68.89087297033156, 6009.959147662401, 

parameters:
1.7595534298645135, -95.99521343441268, 2.8681188604955423, 
objectives:
-95.76730402236025, -93.06928002082721, 9216.308911730497, 

parameters:
-0.07451472053336428, -81.24230056211994, 8.387193026353433, 
objectives:
-89.6239411448972, -68.55149621005688, 6592.929760043057, 

parameters:
0.6369743928339544, -34.83869200970562, 12.900825033451568, 
objectives:
-47.333780666031004, -20.080028170463684, 1202.2393722908007, 

parameters:
0.6815490756989735, -53.89445234131722, 13.978413201505557, 
objectives:
-67.40835640023666, -38.17772630002143, 2892.0980891115933, 

parameters:
3.281390801003204, -48.81320848491735, 14.246373556651735, 
objectives:
-52.29205645266063, -32.92487254336998, 2380.250474624264, 

parameters:
-2.6064276009515703, -63.114298339266014, 12.799814991792035, 
objectives:
-69.12064849205589, -29.09530810466554, 3978.408304705087, 

parameters:
-0.4713022191703473, -71.47844013158709, 9.148253082562642, 
objectives:
-80.40456743235484, -56.22285239054818, 5101.2412763441125, 

parameters:
1.642076845954649, -84.00418200405223, 0.9072470508432413, 
objectives:
-82.2150126868751, -82.96882596900721, 7059.491763487109, 

parameters:
0.8472165301352659, -44.32515042186617, 0, 
objectives:
-43.60737457293173, -42.99624069347279, 1966.436735769997, 

parameters:
2.446459599439474, -59.983531273338066, 11.790870778411538, 
objectives:
-65.78923748006005, -47.993334320994876, 3593.218317812804, 

parameters:
-2.0515179104837347, -33.612783268808975, 10.271637012323541, 
objectives:
-39.67569454409697, -6.926348877514943, 1124.7562878006368, 

parameters:
2.6468449133999306, -64.66250385981338, 7.667050951412147, 
objectives:
-65.32376681563444, -56.57704456640987, 4181.578142464559, 

parameters:
1.1904541575317937, -40.324523209056025, 5.986016228247374, 
objectives:
-44.893358336118666, -33.68314250975109, 1622.4983369106355, 

parameters:
-0.9815727764400792, -100, 9.473123341836981, 
objectives:
-108.5096382263887, -81.63710043695441, 9992.49036177361, 

parameters:
1.4636906027626964, -81.84515040312397, 4.570192186535738, 
objectives:
-84.27295240904388, -76.9873304470232, 6697.200842504063, 

parameters:
1.8549943282843957, -90.79475300553463, 0.0, 
objectives:
-87.35374904756735, -90.77372636070494, 8248.128177294007, 

parameters:
1.538811546429556, -91.6481890577717, 0, 
objectives:
-89.28024808234679, -91.435494268065, 8402.758498544488, 

parameters:
3.1745934881805233, -89.2312644737782, 3.789469890493901, 
objectives:
-82.94269054907392, -84.0621247208082, 7969.507133514055, 

parameters:
-1.3938279910752756, -81.31667750896374, 0, 
objectives:
-79.3739210402588, -69.7986090759577, 6615.3447975655135, 

parameters:
-0.6048711264530313, -42.74893492379073, 4.799904325511163, 
objectives:
-47.18297016968533, -31.163677012850883, 1824.0374018726, 

