Generation 2241 at Fri May 24 19:48:20 2019
parameters:
4.9186737281369615, -14.333205378987318, 0, 
objectives:
9.860145864877436, -5.814549047670408, 230.63412768009573, 

parameters:
0.051044676920685594, -100.0, 20, 
objectives:
-119.99739444095806, -76.2015731486408, 9981.002605559042, 

parameters:
-0.09310337269809921, -0.38187417318528993, 20, 
objectives:
-20.37320593517753, 23.999207555614866, -18.84550387784629, 

parameters:
1.9973066371654076, -100, 0, 
objectives:
-96.01076619713501, -99.99999274579665, 10004.989233802866, 

parameters:
-2.0330722100268255, -5.897569538397356, 8.23055714484967, 
objectives:
-9.994744072063664, 18.59865905774297, 31.684151926566088, 

parameters:
0.9232032205552331, -25.283157240281245, 12.129543746687796, 
objectives:
-36.56039680052549, -11.994122189370826, 628.9608004765417, 

parameters:
-0.7854522541058704, -28.33630565537331, 0.0, 
objectives:
-27.719370411893316, -20.577561395469836, 804.5631534382214, 

parameters:
-0.538877270967457, -77.52974742384833, 2.1929766564816147, 
objectives:
-79.43233536716463, -68.89087297033156, 6009.959147662401, 

parameters:
-0.3486042817671029, -97.13400133546605, 4.2092539408377885, 
objectives:
-101.22173033103748, -87.4088053222935, 9431.92648644275, 

parameters:
0.3227915335942084, -33.7270205164148, 14.062443805115086, 
objectives:
-47.68526994736978, -16.851548471516445, 1124.5536634837097, 

parameters:
1.642076845954649, -84.00418200405223, 0.9072470508432413, 
objectives:
-82.2150126868751, -82.96882596900721, 7059.491763487109, 

parameters:
0.6815490756989735, -53.89445234131722, 13.978413201505557, 
objectives:
-67.40835640023666, -38.17772630002143, 2892.0980891115933, 

parameters:
0.949951058211383, -88.34771021041912, 12.870530305907288, 
objectives:
-100.31583350332949, -74.37457712436043, 7794.349776131286, 

parameters:
-2.6064276009515703, -63.114298339266014, 12.799814991792035, 
objectives:
-69.12064849205589, -29.09530810466554, 3978.408304705087, 

parameters:
-0.07451472053336428, -81.24230056211994, 8.387193026353433, 
objectives:
-89.6239411448972, -68.55149621005688, 6592.929760043057, 

parameters:
3.116756766126169, -87.67334891073726, 9.57662085917141, 
objectives:
-87.53579703071541, -76.84958237687727, 7687.753661103897, 

parameters:
2.396795931214352, -6.001818784503833, 11.068133452257717, 
objectives:
-11.325321500875877, 5.223761678782149, 31.69832600565102, 

parameters:
0.8472165301352659, -44.32515042186617, 0, 
objectives:
-43.60737457293173, -42.99624069347279, 1966.436735769997, 

parameters:
2.446459599439474, -59.983531273338066, 11.790870778411538, 
objectives:
-65.78923748006005, -47.993334320994876, 3593.218317812804, 

parameters:
-1.2509208329761368, -91.60556697429637, 0, 
objectives:
-90.04076404392265, -81.03708071201811, 8394.14470361267, 

parameters:
-0.4713022191703473, -71.47844013158709, 9.148253082562642, 
objectives:
-80.40456743235484, -56.22285239054818, 5101.2412763441125, 

parameters:
2.6468449133999306, -64.66250385981338, 7.667050951412147, 
objectives:
-65.32376681563444, -56.57704456640987, 4181.578142464559, 

parameters:
-2.1962681009723606, -68.30860770963034, 9.18409573123973, 
objectives:
-72.66910986952132, -41.515846003152426, 4662.705385068279, 

parameters:
3.281390801003204, -48.81320848491735, 14.246373556651735, 
objectives:
-52.29205645266063, -32.92487254336998, 2380.250474624264, 

parameters:
1.1904541575317937, -40.324523209056025, 5.986016228247374, 
objectives:
-44.893358336118666, -33.68314250975109, 1622.4983369106355, 

parameters:
-0.9815727764400792, -100, 9.473123341836981, 
objectives:
-108.5096382263887, -81.63710043695441, 9992.49036177361, 

parameters:
0.4275827237344163, -58.03472070323791, 2.8278546897677748, 
objectives:
-60.679748407369544, -52.734369922771656, 3366.383779398699, 

parameters:
-0.42391721791617454, -70.89201557852189, 1.23151508082623, 
objectives:
-71.94382485170233, -63.78512581838518, 5025.62606351221, 

parameters:
2.447897470424097, -71.4006289970114, 8.77105864274073, 
objectives:
-74.17948561404343, -62.42895821025836, 5096.270964551833, 

parameters:
2.1002205852171643, -93.25710804895022, 12.859704443158007, 
objectives:
-101.7058859855383, -80.38735944009093, 8689.439423716989, 

parameters:
-0.04746751626446599, -95.92298070817976, 8.09212964431571, 
objectives:
-104.01285718739516, -83.63872783370589, 9194.128351462612, 

parameters:
1.4629221997086184, 1.900526960704461, 18.625169158574494, 
objectives:
-14.58450083546973, 20.814148682844785, -11.873025067809655, 

parameters:
-1.9987907827330818, -15.845112237547845, 0, 
objectives:
-11.84994764440912, 0.14521548652320604, 256.0627464136272, 

parameters:
1.2215439162279524, -58.157808610677364, 6.0653727970365106, 
objectives:
-62.73101186844035, -51.48644193927914, 3378.757499138415, 

parameters:
-0.863680049471832, -47.59633904456422, 4.225061482844478, 
objectives:
-51.07545729955303, -35.17061413597674, 2262.932372190119, 

parameters:
-0.28494592479713887, -45.73557083597039, 10.920198183827052, 
objectives:
-56.57457483973895, -29.594394772896287, 2081.903435688297, 

parameters:
0.3729101023446092, -94.79756368898421, 11.163733870944455, 
objectives:
-105.822235615498, -80.98640828298753, 8976.553409440503, 

parameters:
0.5518278135303074, -7.562787306507717, 5.80437175013395, 
objectives:
-13.062645120856027, 0.3387871252906427, 52.69589402912594, 

parameters:
-1.5543905460508078, -46.538528688395346, 13.901772453329002, 
objectives:
-58.02417117207222, -20.00306408121098, 2155.3490099969194, 

