Generation 2243 at Fri May 24 19:48:20 2019
parameters:
4.9186737281369615, -14.333205378987318, 0, 
objectives:
9.860145864877436, -5.814549047670408, 230.63412768009573, 

parameters:
0.051044676920685594, -100.0, 20, 
objectives:
-119.99739444095806, -76.2015731486408, 9981.002605559042, 

parameters:
-0.09310337269809921, -0.38187417318528993, 20, 
objectives:
-20.37320593517753, 23.999207555614866, -18.84550387784629, 

parameters:
1.9973066371654076, -100, 0, 
objectives:
-96.01076619713501, -99.99999274579665, 10004.989233802866, 

parameters:
2.396795931214352, -6.001818784503833, 11.068133452257717, 
objectives:
-11.325321500875877, 5.223761678782149, 31.69832600565102, 

parameters:
2.1002205852171643, -93.25710804895022, 12.859704443158007, 
objectives:
-101.7058859855383, -80.38735944009093, 8689.439423716989, 

parameters:
-2.0330722100268255, -5.897569538397356, 8.23055714484967, 
objectives:
-9.994744072063664, 18.59865905774297, 31.684151926566088, 

parameters:
1.642076845954649, -84.00418200405223, 0.9072470508432413, 
objectives:
-82.2150126868751, -82.96882596900721, 7059.491763487109, 

parameters:
-0.3486042817671029, -97.13400133546605, 4.2092539408377885, 
objectives:
-101.22173033103748, -87.4088053222935, 9431.92648644275, 

parameters:
0.3227915335942084, -33.7270205164148, 14.062443805115086, 
objectives:
-47.68526994736978, -16.851548471516445, 1124.5536634837097, 

parameters:
3.281390801003204, -48.81320848491735, 14.246373556651735, 
objectives:
-52.29205645266063, -32.92487254336998, 2380.250474624264, 

parameters:
0.9232032205552331, -25.283157240281245, 12.129543746687796, 
objectives:
-36.56039680052549, -11.994122189370826, 628.9608004765417, 

parameters:
1.1771304206077844, -98.29613289832511, 2.1166507422715464, 
objectives:
-99.0271476134764, -95.50236781136445, 9662.39872805004, 

parameters:
-0.07451472053336428, -81.24230056211994, 8.387193026353433, 
objectives:
-89.6239411448972, -68.55149621005688, 6592.929760043057, 

parameters:
-1.3953908176515712, -29.76853995483524, 12.765262184494068, 
objectives:
-40.58668660534299, -5.474598965748568, 876.3478243921144, 

parameters:
2.446459599439474, -59.983531273338066, 11.790870778411538, 
objectives:
-65.78923748006005, -47.993334320994876, 3593.218317812804, 

parameters:
3.3725492410317455, -42.86095640461741, 2.020839539363818, 
objectives:
-33.50770756079743, -38.95622544619677, 1847.4148327623343, 

parameters:
-2.6064276009515703, -63.114298339266014, 12.799814991792035, 
objectives:
-69.12064849205589, -29.09530810466554, 3978.408304705087, 

parameters:
0.949951058211383, -88.34771021041912, 12.870530305907288, 
objectives:
-100.31583350332949, -74.37457712436043, 7794.349776131286, 

parameters:
0.6815490756989735, -53.89445234131722, 13.978413201505557, 
objectives:
-67.40835640023666, -38.17772630002143, 2892.0980891115933, 

parameters:
-1.0368489902513414, -9.76727563704556, 19.058236384808815, 
objectives:
-27.750456193269148, 18.513412537353847, 78.41649281380015, 

parameters:
-0.42391721791617454, -70.89201557852189, 1.23151508082623, 
objectives:
-71.94382485170233, -63.78512581838518, 5025.62606351221, 

parameters:
3.116756766126169, -87.67334891073726, 9.57662085917141, 
objectives:
-87.53579703071541, -76.84958237687727, 7687.753661103897, 

parameters:
-0.9815727764400792, -100, 9.473123341836981, 
objectives:
-108.5096382263887, -81.63710043695441, 9992.49036177361, 

parameters:
-0.4713022191703473, -71.47844013158709, 9.148253082562642, 
objectives:
-80.40456743235484, -56.22285239054818, 5101.2412763441125, 

parameters:
-0.538877270967457, -77.52974742384833, 2.1929766564816147, 
objectives:
-79.43233536716463, -68.89087297033156, 6009.959147662401, 

parameters:
2.5667723009178576, -67.78399081438425, 16.63761205328894, 
objectives:
-77.83328282291404, -50.82514792000759, 4585.620118715999, 

parameters:
-0.1364584935711971, -74.91976879631726, 3.8038329094353625, 
objectives:
-78.70498078528489, -66.5514809921294, 5610.186544504665, 

parameters:
0.4275827237344163, -58.03472070323791, 2.8278546897677748, 
objectives:
-60.679748407369544, -52.734369922771656, 3366.383779398699, 

parameters:
-0.7909270190234787, -43.87083672949328, 13.58123052979171, 
objectives:
-56.82650170986362, -22.500332574186288, 1912.6946503654858, 

parameters:
-0.7854522541058704, -28.33630565537331, 0.0, 
objectives:
-27.719370411893316, -20.577561395469836, 804.5631534382214, 

parameters:
2.053872920024808, -39.665882144605305, 14.545536521896027, 
objectives:
-49.993024694890096, -25.11744333119728, 1564.055063759433, 

parameters:
3.00126910682705, -38.45517769357774, 9.760037198589023, 
objectives:
-39.20759864057232, -27.692600670702475, 1479.0482704976444, 

parameters:
-2.081482690031312, -68.09554520184383, 0, 
objectives:
-63.76297501294385, -51.4370442528186, 4642.335846525257, 

parameters:
4.936390647369715, -69.74829646784328, 7.720765290211176, 
objectives:
-53.10110913461526, -53.40514114367177, 4882.4720474993865, 

parameters:
4.911919754871322, -70.2378939702802, 8.624472504192534, 
objectives:
-54.73541079617758, -53.134144807277806, 4949.864232554426, 

