Generation 2248 at Fri May 24 19:48:20 2019
parameters:
0.051044676920685594, -100.0, 20, 
objectives:
-119.99739444095806, -76.2015731486408, 9981.002605559042, 

parameters:
4.9186737281369615, -14.333205378987318, 0, 
objectives:
9.860145864877436, -5.814549047670408, 230.63412768009573, 

parameters:
-0.09310337269809921, -0.38187417318528993, 20, 
objectives:
-20.37320593517753, 23.999207555614866, -18.84550387784629, 

parameters:
1.9973066371654076, -100, 0, 
objectives:
-96.01076619713501, -99.99999274579665, 10004.989233802866, 

parameters:
-0.1949494389568338, -14.046102716711797, 16.30590325545146, 
objectives:
-30.314000688413675, 7.077603578316584, 182.02510355671666, 

parameters:
-1.615070982779892, -79.31558600729976, 8.046357778962442, 
objectives:
-84.7534895068446, -58.200490017800135, 6286.52428018182, 

parameters:
-0.1364584935711971, -74.91976879631726, 3.8038329094353625, 
objectives:
-78.70498078528489, -66.5514809921294, 5610.186544504665, 

parameters:
1.642076845954649, -84.00418200405223, 0.9072470508432413, 
objectives:
-82.2150126868751, -82.96882596900721, 7059.491763487109, 

parameters:
4.976447839183915, -29.70155697966979, 0.0, 
objectives:
-4.936523883551537, -20.842315240287192, 907.9475201126894, 

parameters:
-1.6220646263569147, -98.55869843335635, 14.26865155664082, 
objectives:
-110.19625633791878, -71.17069471920948, 9703.17947897272, 

parameters:
0.6815490756989735, -53.89445234131722, 13.978413201505557, 
objectives:
-67.40835640023666, -38.17772630002143, 2892.0980891115933, 

parameters:
-1.4234503613126872, -64.91601480460693, 9.67304296593872, 
objectives:
-72.56284683942442, -43.52295946229624, 4207.442146077129, 

parameters:
3.281390801003204, -48.81320848491735, 14.246373556651735, 
objectives:
-52.29205645266063, -32.92487254336998, 2380.250474624264, 

parameters:
0.390941582822242, -81.20551677533075, 9.77247285461897, 
objectives:
-90.82515430877015, -68.84397493082119, 6585.716317215085, 

parameters:
-2.0330722100268255, -5.897569538397356, 8.23055714484967, 
objectives:
-9.994744072063664, 18.59865905774297, 31.684151926566088, 

parameters:
0.4275827237344163, -58.03472070323791, 2.8278546897677748, 
objectives:
-60.679748407369544, -52.734369922771656, 3366.383779398699, 

parameters:
2.5667723009178576, -67.78399081438425, 16.63761205328894, 
objectives:
-77.83328282291404, -50.82514792000759, 4585.620118715999, 

parameters:
-1.3953908176515712, -29.76853995483524, 12.765262184494068, 
objectives:
-40.58668660534299, -5.474598965748568, 876.3478243921144, 

parameters:
2.396795931214352, -6.001818784503833, 11.068133452257717, 
objectives:
-11.325321500875877, 5.223761678782149, 31.69832600565102, 

parameters:
1.6206360517439853, -70.82987667530189, 3.910052355234776, 
objectives:
-72.11346781832434, -66.77590731483072, 5016.587838695452, 

parameters:
-0.5679958264301757, -99.75532357892497, 0.6930930676350839, 
objectives:
-100.12579738771797, -92.46762794672708, 9951.754108527231, 

parameters:
2.446459599439474, -59.983531273338066, 11.790870778411538, 
objectives:
-65.78923748006005, -47.993334320994876, 3593.218317812804, 

parameters:
-1.5577571634692315, -88.76356540228886, 0.6775643502811373, 
objectives:
-87.01452237223029, -75.4283650177911, 7881.719585956471, 

parameters:
2.1002205852171643, -93.25710804895022, 12.859704443158007, 
objectives:
-101.7058859855383, -80.38735944009093, 8689.439423716989, 

parameters:
-0.3486042817671029, -97.13400133546605, 4.2092539408377885, 
objectives:
-101.22173033103748, -87.4088053222935, 9431.92648644275, 

parameters:
2.275370723305692, -18.19425057457465, 4.449111790555446, 
objectives:
-17.46605043665343, -13.669309748765304, 332.75895410833124, 

parameters:
-0.10652522008898924, -25.876545620958627, 12.981905418487155, 
objectives:
-38.84710341693078, -8.457191699600507, 657.625055477581, 

parameters:
3.6344771648570298, -47.105927284740226, 13.178379177834238, 
objectives:
-47.07488220070727, -31.256032504466916, 2219.9994304392667, 

parameters:
-0.860161360077899, -36.2873073273867, 4.869427168679827, 
objectives:
-40.41685693069547, -23.237357153024217, 1313.6391234689038, 

parameters:
0.949951058211383, -88.34771021041912, 12.870530305907288, 
objectives:
-100.31583350332949, -74.37457712436043, 7794.349776131286, 

parameters:
4.241743299013703, -43.88243789098544, 12.629366485062205, 
objectives:
-38.51941816132, -26.227658387250393, 1932.0313749858603, 

parameters:
-1.231437792761974, -42.97785407032856, 15.073119296775664, 
objectives:
-56.534534329661746, -17.462544565062515, 1834.539260231124, 

parameters:
2.7369423908347796, -55.20841267082923, 9.4412801327111, 
objectives:
-57.158839152791934, -45.22404845070885, 3047.018403150615, 

parameters:
-0.9753406907750368, -100, 3.4101195531269717, 
objectives:
-102.45883009004545, -87.73722822069135, 9998.541169909953, 

parameters:
-1.4632068763794037, -93.49771655083642, 10.725199054147442, 
objectives:
-102.08194124189988, -70.7787156280874, 8734.238775529486, 

parameters:
0.23866042684207134, 1.2494172214334398, 17.13467488025549, 
objectives:
-15.82829885948161, 21.486409193661082, -14.516672687700591, 

parameters:
-0.9607626820271231, -45.19693894731513, 20, 
objectives:
-64.27387401613919, -16.430823288030687, 2024.6863551385075, 

parameters:
3.452632854692714, -44.71663300780238, 15.104919953272413, 
objectives:
-47.900879331771236, -27.501570843997264, 1997.3930212305124, 

parameters:
1.017665499004416, -33.84184790004372, 14.427182018532863, 
objectives:
-47.23338685071267, -18.44968480966461, 1132.8791303390244, 

