Generation 2249 at Fri May 24 19:48:20 2019
parameters:
0.051044676920685594, -100.0, 20, 
objectives:
-119.99739444095806, -76.2015731486408, 9981.002605559042, 

parameters:
4.9186737281369615, -14.333205378987318, 0, 
objectives:
9.860145864877436, -5.814549047670408, 230.63412768009573, 

parameters:
-0.09310337269809921, -0.38187417318528993, 20, 
objectives:
-20.37320593517753, 23.999207555614866, -18.84550387784629, 

parameters:
1.9973066371654076, -100, 0, 
objectives:
-96.01076619713501, -99.99999274579665, 10004.989233802866, 

parameters:
-0.1949494389568338, -14.046102716711797, 16.30590325545146, 
objectives:
-30.314000688413675, 7.077603578316584, 182.02510355671666, 

parameters:
4.976447839183915, -29.70155697966979, 0.0, 
objectives:
-4.936523883551537, -20.842315240287192, 907.9475201126894, 

parameters:
3.6344771648570298, -47.105927284740226, 13.178379177834238, 
objectives:
-47.07488220070727, -31.256032504466916, 2219.9994304392667, 

parameters:
-0.860161360077899, -36.2873073273867, 4.869427168679827, 
objectives:
-40.41685693069547, -23.237357153024217, 1313.6391234689038, 

parameters:
3.281390801003204, -48.81320848491735, 14.246373556651735, 
objectives:
-52.29205645266063, -32.92487254336998, 2380.250474624264, 

parameters:
-1.4234503613126872, -64.91601480460693, 9.67304296593872, 
objectives:
-72.56284683942442, -43.52295946229624, 4207.442146077129, 

parameters:
0.6815490756989735, -53.89445234131722, 13.978413201505557, 
objectives:
-67.40835640023666, -38.17772630002143, 2892.0980891115933, 

parameters:
1.7592733228629034, -5.62781913334392, 9.83593776673095, 
objectives:
-12.368714275537789, 4.266067966472499, 25.931453055438034, 

parameters:
0.4275827237344163, -58.03472070323791, 2.8278546897677748, 
objectives:
-60.679748407369544, -52.734369922771656, 3366.383779398699, 

parameters:
-0.1364584935711971, -74.91976879631726, 3.8038329094353625, 
objectives:
-78.70498078528489, -66.5514809921294, 5610.186544504665, 

parameters:
2.446459599439474, -59.983531273338066, 11.790870778411538, 
objectives:
-65.78923748006005, -47.993334320994876, 3593.218317812804, 

parameters:
-1.6220646263569147, -98.55869843335635, 14.26865155664082, 
objectives:
-110.19625633791878, -71.17069471920948, 9703.17947897272, 

parameters:
1.642076845954649, -84.00418200405223, 0.9072470508432413, 
objectives:
-82.2150126868751, -82.96882596900721, 7059.491763487109, 

parameters:
-1.615070982779892, -79.31558600729976, 8.046357778962442, 
objectives:
-84.7534895068446, -58.200490017800135, 6286.52428018182, 

parameters:
-0.10652522008898924, -25.876545620958627, 12.981905418487155, 
objectives:
-38.84710341693078, -8.457191699600507, 657.625055477581, 

parameters:
3.120828301966095, -23.912632801179342, 7.0224902367810085, 
objectives:
-21.195553747607768, -15.633886481910134, 575.5310865376098, 

parameters:
2.5667723009178576, -67.78399081438425, 16.63761205328894, 
objectives:
-77.83328282291404, -50.82514792000759, 4585.620118715999, 

parameters:
-1.3953908176515712, -29.76853995483524, 12.765262184494068, 
objectives:
-40.58668660534299, -5.474598965748568, 876.3478243921144, 

parameters:
0.390941582822242, -81.20551677533075, 9.77247285461897, 
objectives:
-90.82515430877015, -68.84397493082119, 6585.716317215085, 

parameters:
2.275370723305692, -18.19425057457465, 4.449111790555446, 
objectives:
-17.46605043665343, -13.669309748765304, 332.75895410833124, 

parameters:
2.1002205852171643, -93.25710804895022, 12.859704443158007, 
objectives:
-101.7058859855383, -80.38735944009093, 8689.439423716989, 

parameters:
-0.3486042817671029, -97.13400133546605, 4.2092539408377885, 
objectives:
-101.22173033103748, -87.4088053222935, 9431.92648644275, 

parameters:
0.224722422137555, -89.7607599211005, 0.5810275609279771, 
objectives:
-90.29128731501712, -86.02812188171137, 8057.463494219525, 

parameters:
-1.4288226185471797, -70.35697537962878, 2.912714733231781, 
objectives:
-71.22815603758853, -55.68743609693626, 4950.232803911731, 

parameters:
0.949951058211383, -88.34771021041912, 12.870530305907288, 
objectives:
-100.31583350332949, -74.37457712436043, 7794.349776131286, 

parameters:
2.6147536938201963, -94.04965425690729, 11.2071907276161, 
objectives:
-98.41990810517702, -82.46454142522562, 8841.967211995528, 

parameters:
-0.7484810861223418, -97.76255574240983, 6.5464111478994145, 
objectives:
-103.74874295402637, -83.66199631373816, 9552.531118076173, 

parameters:
3.805348191693893, -78.02185827081057, 3.0760926882375292, 
objectives:
-66.61727609902012, -71.68648348932064, 6099.814950202242, 

parameters:
-0.5679958264301757, -99.75532357892497, 0.6930930676350839, 
objectives:
-100.12579738771797, -92.46762794672708, 9951.754108527231, 

parameters:
1.6206360517439853, -70.82987667530189, 3.910052355234776, 
objectives:
-72.11346781832434, -66.77590731483072, 5016.587838695452, 

parameters:
2.433123234375671, -93.53482869553528, 0.8909331863781029, 
objectives:
-88.50567320825466, -92.45629977300113, 8754.793334590411, 

parameters:
-1.5577571634692315, -88.76356540228886, 0.6775643502811373, 
objectives:
-87.01452237223029, -75.4283650177911, 7881.719585956471, 

