Generation 225 at Sat May 25 04:36:27 2019
parameters:
0, 0.0, 20.0, 
objectives:
-20.0, 24.0, -19.0, 

parameters:
0, 0.0, 20.0, 
objectives:
-20.0, 24.0, -19.0, 

parameters:
1.9971487895634539, 0.0, 20.0, 
objectives:
-16.01139671234523, 20.000008129400953, -15.011396712345231, 

parameters:
0.32182802514920833, 0.0, 20.0, 
objectives:
-19.89642672222856, 22.816261177174606, -18.89642672222856, 

parameters:
1.7615991324384104, 0.0, 20.0, 
objectives:
-16.89676849659224, 20.05683497365412, -15.896768496592241, 

parameters:
1.862666147136347, 0.0, 20.0, 
objectives:
-16.530474824312236, 20.018860587142374, -15.530474824312236, 

parameters:
0.44031764687773367, 0.0, 20.0, 
objectives:
-19.806120369848056, 22.432609042641012, -18.806120369848056, 

parameters:
0.15718651534870673, 0.0, 20.0, 
objectives:
-19.97529239939253, 23.395961539212642, -18.97529239939253, 

parameters:
1.9256138418811688, 0.0, 20.0, 
objectives:
-16.292011331955646, 20.00553330051968, -15.292011331955646, 

parameters:
1.3234195027860154, 0.0, 20.0, 
objectives:
-18.248560819645615, 20.457761169210322, -17.248560819645615, 

parameters:
0.6385250073332925, 0.0, 20.0, 
objectives:
-19.59228581501002, 21.85361415565681, -18.59228581501002, 

parameters:
0.7634526018088579, 0.0, 20.0, 
objectives:
-19.417140124791285, 21.529049467973284, -18.417140124791285, 

parameters:
0.9695622590982977, 0.0, 20.0, 
objectives:
-19.059949025732205, 21.061801937874606, -18.059949025732205, 

parameters:
1.0365572430163281, 0.0, 20.0, 
objectives:
-18.92554908195039, 20.928221945984298, -17.92554908195039, 

parameters:
1.571676873518426, 0.0, 20.0, 
objectives:
-17.529831805247344, 20.18346070067895, -16.529831805247344, 

parameters:
0.5645857635994, 0.0, 20.0, 
objectives:
-19.68124291554088, 22.060414030061516, -18.68124291554088, 

parameters:
1.6262064498802187, 0.0, 20.0, 
objectives:
-17.355452582367974, 20.13972161811115, -16.355452582367974, 

parameters:
1.4302314727687717, 0.0, 20.0, 
objectives:
-17.95443793430167, 20.324636174623244, -16.95443793430167, 

parameters:
1.24354417050306, 0.0, 20.0, 
objectives:
-18.453597896007857, 20.572225421979905, -17.453597896007857, 

parameters:
1.6935739432589112, 0.0, 20.0, 
objectives:
-17.131807298714463, 20.093896928249894, -16.131807298714463, 

parameters:
1.1881644010381707, 0.0, 20.0, 
objectives:
-18.588265356105605, 20.659077039741714, -17.588265356105605, 

parameters:
1.4957345263956916, 0.0, 20.0, 
objectives:
-17.762778226547855, 20.254283667869377, -16.762778226547855, 

parameters:
0.9021807386244254, 0.0, 20.0, 
objectives:
-19.186069914855086, 21.205207130647214, -18.186069914855086, 

parameters:
1.1179521101175336, 0.0, 20.0, 
objectives:
-18.750183079483755, 20.77800848004611, -17.750183079483755, 

parameters:
1.5203419142712262, 0.0, 20.0, 
objectives:
-17.688560463710104, 20.230071879204992, -16.688560463710104, 

parameters:
1.0962831461976834, 0.0, 20.0, 
objectives:
-18.79816326336291, 20.81670415184636, -17.79816326336291, 

parameters:
1.6734957373191839, 0.0, 20.0, 
objectives:
-17.19941201717452, 20.106605033548743, -16.19941201717452, 

parameters:
0.06317644560020935, 0.0, 20.0, 
objectives:
-19.996008736721326, 23.75128548087784, -18.996008736721322, 

parameters:
1.3882273815210646, 0.0, 20.0, 
objectives:
-18.07282473719517, 20.374265736720574, -17.07282473719517, 

parameters:
0.867822363781951, 0.0, 20.0, 
objectives:
-19.246884344919906, 21.281826199952288, -18.246884344919906, 

parameters:
0.5893499626343781, 0.0, 20.0, 
objectives:
-19.652666621542856, 21.989933527919632, -18.652666621542856, 

parameters:
1.2193251510320422, 0.0, 20.0, 
objectives:
-18.513246176060687, 20.609453219811144, -17.513246176060687, 

parameters:
0.8233313619322232, 0.0, 20.0, 
objectives:
-19.32212546845883, 21.384549083812278, -18.32212546845883, 

parameters:
0.7947076154392959, 0.0, 20.0, 
objectives:
-19.368439805962787, 21.45272973228003, -18.368439805962787, 

parameters:
1.3925434469992273, 0.0, 20.0, 
objectives:
-18.06082274821951, 20.36900346378358, -17.06082274821951, 

parameters:
0.04526669718756288, 0.0, 20.0, 
objectives:
-19.99795092612573, 23.820982285124018, -18.99795092612573, 

parameters:
0.006331747621995623, 0.0, 20.0, 
objectives:
-19.999959908972052, 23.974713100539965, -18.999959908972052, 

parameters:
0.815496376751176, 0.0, 20.0, 
objectives:
-19.334965659505706, 21.403048833489592, -18.334965659505706, 

