Generation 2252 at Fri May 24 19:48:20 2019
parameters:
0.051044676920685594, -100.0, 20, 
objectives:
-119.99739444095806, -76.2015731486408, 9981.002605559042, 

parameters:
4.9186737281369615, -14.333205378987318, 0, 
objectives:
9.860145864877436, -5.814549047670408, 230.63412768009573, 

parameters:
-0.09310337269809921, -0.38187417318528993, 20, 
objectives:
-20.37320593517753, 23.999207555614866, -18.84550387784629, 

parameters:
1.9973066371654076, -100, 0, 
objectives:
-96.01076619713501, -99.99999274579665, 10004.989233802866, 

parameters:
1.0864316056569165, -40.10940857095423, 11.184877122533067, 
objectives:
-50.11395205971703, -28.089924237278566, 1599.7601124229736, 

parameters:
2.1002205852171643, -93.25710804895022, 12.859704443158007, 
objectives:
-101.7058859855383, -80.38735944009093, 8689.439423716989, 

parameters:
1.7592733228629034, -5.62781913334392, 9.83593776673095, 
objectives:
-12.368714275537789, 4.266067966472499, 25.931453055438034, 

parameters:
0.6815490756989735, -53.89445234131722, 13.978413201505557, 
objectives:
-67.40835640023666, -38.17772630002143, 2892.0980891115933, 

parameters:
0.4275827237344163, -58.03472070323791, 2.8278546897677748, 
objectives:
-60.679748407369544, -52.734369922771656, 3366.383779398699, 

parameters:
0.949951058211383, -88.34771021041912, 12.870530305907288, 
objectives:
-100.31583350332949, -74.37457712436043, 7794.349776131286, 

parameters:
2.5667723009178576, -67.78399081438425, 16.63761205328894, 
objectives:
-77.83328282291404, -50.82514792000759, 4585.620118715999, 

parameters:
-1.7302647182367867, -64.48208478025907, 13.446072273846568, 
objectives:
-74.93434105893061, -37.121137638290335, 4148.487001329847, 

parameters:
1.642076845954649, -84.00418200405223, 0.9072470508432413, 
objectives:
-82.2150126868751, -82.96882596900721, 7059.491763487109, 

parameters:
-1.6220646263569147, -98.55869843335635, 14.26865155664082, 
objectives:
-110.19625633791878, -71.17069471920948, 9703.17947897272, 

parameters:
1.6813051340679648, -29.45225640794466, 16.179454618132905, 
objectives:
-42.80492407223427, -13.171235372240318, 855.0827398550276, 

parameters:
1.2988057648104196, -97.11775093858752, 0, 
objectives:
-95.43085452388274, -96.62607758312441, 9434.544443784222, 

parameters:
3.587669580343849, -73.017099329821, 5.166052962718898, 
objectives:
-65.31177927481528, -65.33035167075289, 5340.202114595951, 

parameters:
-1.615070982779892, -79.31558600729976, 8.046357778962442, 
objectives:
-84.7534895068446, -58.200490017800135, 6286.52428018182, 

parameters:
-0.10652522008898924, -25.876545620958627, 12.981905418487155, 
objectives:
-38.84710341693078, -8.457191699600507, 657.625055477581, 

parameters:
-0.4407373692178722, -9.381591770343896, 14.18174310785912, 
objectives:
-23.369085449577923, 10.757350243011803, 75.02677046615027, 

parameters:
-0.8314542481999511, -98.74941214955551, 0, 
objectives:
-98.05809598270577, -90.73227898990596, 9753.13771604963, 

parameters:
3.1442783591096477, -20.755070858520035, 19.531369355345138, 
objectives:
-30.399953814299913, 0.08567145995177228, 422.12808338640775, 

parameters:
-1.4288226185471797, -70.35697537962878, 2.912714733231781, 
objectives:
-71.22815603758853, -55.68743609693626, 4950.232803911731, 

parameters:
3.6344771648570298, -47.105927284740226, 13.178379177834238, 
objectives:
-47.07488220070727, -31.256032504466916, 2219.9994304392667, 

parameters:
-0.1364584935711971, -74.91976879631726, 3.8038329094353625, 
objectives:
-78.70498078528489, -66.5514809921294, 5610.186544504665, 

parameters:
0.6416730842277873, -47.85951425420799, 13.970578219865748, 
objectives:
-61.41834812705134, -32.043884024230984, 2277.974270775894, 

parameters:
-1.4456719503948818, -79.11139287786979, 13.245315077426552, 
objectives:
-90.2667405671378, -53.99342261070517, 6248.457135387399, 

parameters:
2.0683886535264064, -26.147818832789394, 7.088972063581952, 
objectives:
-28.958559274334565, -19.054169761276288, 681.8976892708305, 

parameters:
-0.07581356746033885, -2.0963045268951532, 13.44186455666497, 
objectives:
-15.53242138654906, 15.654561996622236, -8.041624190172795, 

parameters:
0.390941582822242, -81.20551677533075, 9.77247285461897, 
objectives:
-90.82515430877015, -68.84397493082119, 6585.716317215085, 

parameters:
2.975628579480603, -22.121324758188827, 0.0612519707915804, 
objectives:
-13.328211285958657, -21.108221662297908, 499.14612252948814, 

parameters:
2.275370723305692, -18.19425057457465, 4.449111790555446, 
objectives:
-17.46605043665343, -13.669309748765304, 332.75895410833124, 

parameters:
0.46884740526615953, -83.19041546015185, 10.696719861360622, 
objectives:
-93.66731743208766, -70.14926733043106, 6911.168322460738, 

parameters:
2.541310983237618, -13.20239955903709, 7.840607936191398, 
objectives:
-14.584745981704337, -5.068774042272016, 173.9210076937955, 

