Generation 2256 at Fri May 24 19:48:20 2019
parameters:
4.9186737281369615, -14.333205378987318, 0, 
objectives:
9.860145864877436, -5.814549047670408, 230.63412768009573, 

parameters:
0.051044676920685594, -100.0, 20, 
objectives:
-119.99739444095806, -76.2015731486408, 9981.002605559042, 

parameters:
-0.09310337269809921, -0.38187417318528993, 20, 
objectives:
-20.37320593517753, 23.999207555614866, -18.84550387784629, 

parameters:
1.9973066371654076, -100, 0, 
objectives:
-96.01076619713501, -99.99999274579665, 10004.989233802866, 

parameters:
1.4383933289558095, -61.404926147667084, 15.894057186909462, 
objectives:
-75.23000796579197, -45.19546690779628, 3757.7398733823243, 

parameters:
0.6815490756989735, -53.89445234131722, 13.978413201505557, 
objectives:
-67.40835640023666, -38.17772630002143, 2892.0980891115933, 

parameters:
3.6444476801621457, -50.48181292131487, 15.024838263870434, 
objectives:
-52.22465229174606, -32.75276648465377, 2547.6705964522016, 

parameters:
2.1002205852171643, -93.25710804895022, 12.859704443158007, 
objectives:
-101.7058859855383, -80.38735944009093, 8689.439423716989, 

parameters:
1.7592733228629034, -5.62781913334392, 9.83593776673095, 
objectives:
-12.368714275537789, 4.266067966472499, 25.931453055438034, 

parameters:
3.587669580343849, -73.017099329821, 5.166052962718898, 
objectives:
-65.31177927481528, -65.33035167075289, 5340.202114595951, 

parameters:
1.6813051340679648, -29.45225640794466, 16.179454618132905, 
objectives:
-42.80492407223427, -13.171235372240318, 855.0827398550276, 

parameters:
2.5667723009178576, -67.78399081438425, 16.63761205328894, 
objectives:
-77.83328282291404, -50.82514792000759, 4585.620118715999, 

parameters:
4.467372087972608, -34.61135581561381, 1.9833121804022649, 
objectives:
-16.637254623619338, -26.54011861470524, 1216.9200525870187, 

parameters:
-1.6220646263569147, -98.55869843335635, 14.26865155664082, 
objectives:
-110.19625633791878, -71.17069471920948, 9703.17947897272, 

parameters:
-1.9878314458748276, -45.7934197855497, 15.884274285061174, 
objectives:
-57.726220213402065, -14.00634585978041, 2086.1044952277225, 

parameters:
0.021728496102037642, -78.08335351015783, 13.574473370983275, 
objectives:
-91.65735475359826, -60.59532199603985, 6084.436094148837, 

parameters:
-1.4288226185471797, -70.35697537962878, 2.912714733231781, 
objectives:
-71.22815603758853, -55.68743609693626, 4950.232803911731, 

parameters:
-0.5863519859001578, -42.32224876820534, 12.79993120712349, 
objectives:
-54.778371323959774, -22.833100966112163, 1779.716618242104, 

parameters:
1.7596306552743917, -88.36150968437634, 0, 
objectives:
-85.26520964139496, -88.30373226249253, 7811.852693745115, 

parameters:
2.0400175910389216, -94.97931903700008, 4.1177367318643885, 
objectives:
-94.93538399711622, -90.85998089754314, 9022.114979772128, 

parameters:
0.8969784074554743, -80.91651971623119, 5.898293705126134, 
objectives:
-86.01024315791597, -73.80156937748559, 6543.389439545547, 

parameters:
1.2988057648104196, -97.11775093858752, 0, 
objectives:
-95.43085452388274, -96.62607758312441, 9434.544443784222, 

parameters:
-1.989088287549139, -84.32007692700046, 16.731610928945624, 
objectives:
-97.09521564028091, -51.67564063219311, 7098.100234261995, 

parameters:
-0.07581356746033885, -2.0963045268951532, 13.44186455666497, 
objectives:
-15.53242138654906, 15.654561996622236, -8.041624190172795, 

parameters:
1.3946449671683872, -75.02786210010669, 16.238918414023125, 
objectives:
-89.3217459296817, -58.422488970309, 5615.88620748305, 

parameters:
0.014315175523835766, -87.83330933547559, 0.14611830943834914, 
objectives:
-87.97922272066366, -83.7442468038823, 7715.544315436156, 

parameters:
1.642076845954649, -84.00418200405223, 0.9072470508432413, 
objectives:
-82.2150126868751, -82.96882596900721, 7059.491763487109, 

parameters:
2.0683886535264064, -26.147818832789394, 7.088972063581952, 
objectives:
-28.958559274334565, -19.054169761276288, 681.8976892708305, 

parameters:
3.1442783591096477, -20.755070858520035, 19.531369355345138, 
objectives:
-30.399953814299913, 0.08567145995177228, 422.12808338640775, 

parameters:
-0.4407373692178722, -9.381591770343896, 14.18174310785912, 
objectives:
-23.369085449577923, 10.757350243011803, 75.02677046615027, 

parameters:
-0.7971566337453226, -17.15638949051531, 19.62055544144114, 
objectives:
-36.14148623323227, 10.288251184631296, 276.3566036075472, 

parameters:
0.03357028357757752, -19.464384287080176, 18.901692985335245, 
objectives:
-38.36495030847594, 3.304154527884238, 360.96168965373784, 

parameters:
-0.40749411318789686, -100, 13.035697171046186, 
objectives:
-112.8696457187634, -81.16827492391944, 9988.130354281237, 

parameters:
0.9525901223313435, -16.12339327897749, 13.362930446606132, 
objectives:
-28.578895784420375, -1.663395380533487, 248.50830832313358, 

