Generation 2259 at Fri May 24 19:48:20 2019
parameters:
4.9186737281369615, -14.333205378987318, 0, 
objectives:
9.860145864877436, -5.814549047670408, 230.63412768009573, 

parameters:
0.051044676920685594, -100.0, 20, 
objectives:
-119.99739444095806, -76.2015731486408, 9981.002605559042, 

parameters:
-0.09310337269809921, -0.38187417318528993, 20, 
objectives:
-20.37320593517753, 23.999207555614866, -18.84550387784629, 

parameters:
1.9973066371654076, -100, 0, 
objectives:
-96.01076619713501, -99.99999274579665, 10004.989233802866, 

parameters:
1.7592733228629034, -5.62781913334392, 9.83593776673095, 
objectives:
-12.368714275537789, 4.266067966472499, 25.931453055438034, 

parameters:
2.0683886535264064, -26.147818832789394, 7.088972063581952, 
objectives:
-28.958559274334565, -19.054169761276288, 681.8976892708305, 

parameters:
1.6813051340679648, -29.45225640794466, 16.179454618132905, 
objectives:
-42.80492407223427, -13.171235372240318, 855.0827398550276, 

parameters:
1.4383933289558095, -61.404926147667084, 15.894057186909462, 
objectives:
-75.23000796579197, -45.19546690779628, 3757.7398733823243, 

parameters:
1.7596306552743917, -88.36150968437634, 0, 
objectives:
-85.26520964139496, -88.30373226249253, 7811.852693745115, 

parameters:
-0.7214385353670887, -95.03797109710693, 10.880893316528557, 
objectives:
-105.39839085332288, -76.75085007879741, 9022.855530498317, 

parameters:
3.6444476801621457, -50.48181292131487, 15.024838263870434, 
objectives:
-52.22465229174606, -32.75276648465377, 2547.6705964522016, 

parameters:
-1.6220646263569147, -98.55869843335635, 14.26865155664082, 
objectives:
-110.19625633791878, -71.17069471920948, 9703.17947897272, 

parameters:
0.014315175523835766, -87.83330933547559, 0.14611830943834914, 
objectives:
-87.97922272066366, -83.7442468038823, 7715.544315436156, 

parameters:
-1.4288226185471797, -70.35697537962878, 2.912714733231781, 
objectives:
-71.22815603758853, -55.68743609693626, 4950.232803911731, 

parameters:
0.6815490756989735, -53.89445234131722, 13.978413201505557, 
objectives:
-67.40835640023666, -38.17772630002143, 2892.0980891115933, 

parameters:
-2.6742746062916396, -35.58354670640098, 20, 
objectives:
-48.43180203654468, 6.265296388621881, 1254.3405408764763, 

parameters:
-1.9878314458748276, -45.7934197855497, 15.884274285061174, 
objectives:
-57.726220213402065, -14.00634585978041, 2086.1044952277225, 

parameters:
-0.5863519859001578, -42.32224876820534, 12.79993120712349, 
objectives:
-54.778371323959774, -22.833100966112163, 1779.716618242104, 

parameters:
-0.4407373692178722, -9.381591770343896, 14.18174310785912, 
objectives:
-23.369085449577923, 10.757350243011803, 75.02677046615027, 

parameters:
-1.0276634557626065, -93.00674552419657, 9.642594451733775, 
objectives:
-101.5932477976204, -74.19740507110244, 8642.668210729236, 

parameters:
-1.989088287549139, -84.32007692700046, 16.731610928945624, 
objectives:
-97.09521564028091, -51.67564063219311, 7098.100234261995, 

parameters:
3.8701709509558677, -18.69802924419548, 11.566224154457156, 
objectives:
-15.286030209029992, -3.6342657039391497, 354.028296651955, 

parameters:
3.587669580343849, -73.017099329821, 5.166052962718898, 
objectives:
-65.31177927481528, -65.33035167075289, 5340.202114595951, 

parameters:
4.467372087972608, -34.61135581561381, 1.9833121804022649, 
objectives:
-16.637254623619338, -26.54011861470524, 1216.9200525870187, 

parameters:
2.5667723009178576, -67.78399081438425, 16.63761205328894, 
objectives:
-77.83328282291404, -50.82514792000759, 4585.620118715999, 

parameters:
-2.990487699974517, -66.71626478472204, 17.739260499132023, 
objectives:
-75.51250860015519, -24.07203680199307, 4443.26374300971, 

parameters:
1.574310504247458, -52.93137212766988, 12.919314248444204, 
objectives:
-63.372232812330196, -39.830846332431626, 2792.2892946332076, 

parameters:
1.3946449671683872, -75.02786210010669, 16.238918414023125, 
objectives:
-89.3217459296817, -58.422488970309, 5615.88620748305, 

parameters:
0.021728496102037642, -78.08335351015783, 13.574473370983275, 
objectives:
-91.65735475359826, -60.59532199603985, 6084.436094148837, 

parameters:
0.26006097254017374, -91.21686045765156, 0, 
objectives:
-91.14922874821302, -88.18947263837372, 8321.583263460116, 

parameters:
5.097467383714129, -82.5646145127351, 4.131477594567011, 
objectives:
-60.71191837927275, -68.83883272499524, 6839.768265770011, 

parameters:
0.1821527657212731, -91.74386425749539, 16.672935989065024, 
objectives:
-108.38362061650051, -71.76635970125555, 8401.296872538735, 

parameters:
-0.039793169322208666, -81.95037325346314, 9.996385407393953, 
objectives:
-91.94517516453239, -67.79323167245565, 6706.868874470858, 

parameters:
0.6193114008890976, -1.55365459123509, 17.00556013730605, 
objectives:
-18.17566811726992, 17.358206553785784, -13.208170937168957, 

parameters:
-2.107738799788085, -80.21883925604016, 15.986711099184506, 
objectives:
-91.76298750709255, -47.358610109571195, 6424.518023335357, 

parameters:
1.5547509190421698, -2.351019258971339, 18.14377905677894, 
objectives:
-18.077547895487807, 15.991006541901392, -9.199237080462323, 

parameters:
2.791024995844943, -80.46982132558489, 16.798147286321885, 
objectives:
-89.47814808447552, -63.04595349521151, 6467.383817412666, 

parameters:
3.7991691539873, -67.42161200567622, 14.195879774852452, 
objectives:
-67.1838055199201, -49.98872258616439, 4546.911571929701, 

parameters:
2.1788982003895803, -82.31061494152341, 19.472990696243976, 
objectives:
-97.03600827010644, -62.80561967917681, 6761.3119387231545, 

