Generation 2266 at Fri May 24 19:48:20 2019
parameters:
4.9186737281369615, -14.333205378987318, 0, 
objectives:
9.860145864877436, -5.814549047670408, 230.63412768009573, 

parameters:
0.051044676920685594, -100.0, 20, 
objectives:
-119.99739444095806, -76.2015731486408, 9981.002605559042, 

parameters:
-0.09310337269809921, -0.38187417318528993, 20, 
objectives:
-20.37320593517753, 23.999207555614866, -18.84550387784629, 

parameters:
1.9973066371654076, -100, 0, 
objectives:
-96.01076619713501, -99.99999274579665, 10004.989233802866, 

parameters:
4.473717567704296, -8.273066092127362, 14.68000878519754, 
objectives:
-2.93892600173886, 12.526221297839035, 74.777762655096, 

parameters:
2.5667723009178576, -67.78399081438425, 16.63761205328894, 
objectives:
-77.83328282291404, -50.82514792000759, 4585.620118715999, 

parameters:
-1.0276634557626065, -93.00674552419657, 9.642594451733775, 
objectives:
-101.5932477976204, -74.19740507110244, 8642.668210729236, 

parameters:
4.446468188612737, -48.29688872126031, 12.03462956555156, 
objectives:
-40.56043893446683, -30.277052557814663, 2341.3259099405946, 

parameters:
1.4383933289558095, -61.404926147667084, 15.894057186909462, 
objectives:
-75.23000796579197, -45.19546690779628, 3757.7398733823243, 

parameters:
2.604100412938837, -55.774330518674645, 16.195551492478874, 
objectives:
-65.1885430504853, -39.213841717282904, 3102.3617322745513, 

parameters:
-1.2654336814044471, -84.03661243474949, 15.217782528797406, 
objectives:
-97.65307256151408, -58.155772778301476, 7049.535769381528, 

parameters:
0.014315175523835766, -87.83330933547559, 0.14611830943834914, 
objectives:
-87.97922272066366, -83.7442468038823, 7715.544315436156, 

parameters:
-1.6410991112747428, -39.51435394733644, 12.016829245397572, 
objectives:
-48.837976899707265, -14.239921963813144, 1553.060544923012, 

parameters:
0.3382529336273401, -33.39318647510771, 5.53609513667919, 
objectives:
-38.814866564679406, -25.09568802583038, 1110.6832228717449, 

parameters:
-2.355856619427257, -17.839377713126204, 1.224935782513159, 
objectives:
-13.514253084340138, 2.359044958395208, 323.56852182037, 

parameters:
3.091633183924199, -27.88683012132705, 13.2887169046586, 
objectives:
-31.61735128204437, -13.40645020842397, 774.9447730550364, 

parameters:
-1.9878314458748276, -45.7934197855497, 15.884274285061174, 
objectives:
-57.726220213402065, -14.00634585978041, 2086.1044952277225, 

parameters:
-0.4482170766878615, -56.332285800347776, 16.744105835798955, 
objectives:
-72.87549308831211, -33.594413109962765, 3157.7832162040995, 

parameters:
1.4242219320602074, -63.15800946247035, 0.06646571693568637, 
objectives:
-61.196067067644734, -62.76002336201419, 3991.89610165632, 

parameters:
4.313565870766216, -95.72417317045492, 2.0031654749909475, 
objectives:
-79.12048812400677, -88.36842065708973, 9180.721014213688, 

parameters:
-1.6220646263569147, -98.55869843335635, 14.26865155664082, 
objectives:
-110.19625633791878, -71.17069471920948, 9703.17947897272, 

parameters:
2.953164638099112, -72.18953759949673, 6.248584309179424, 
objectives:
-69.7169405289571, -65.0324304629947, 5214.801935899693, 

parameters:
-1.3996661767000438, -12.817208299667627, 0, 
objectives:
-10.858142893469509, -1.2594781866693339, 167.2398940032668, 

parameters:
0.26006097254017374, -91.21686045765156, 0, 
objectives:
-91.14922874821302, -88.18947263837372, 8321.583263460116, 

parameters:
0.8895766969434644, -80.50442114066271, 0.0, 
objectives:
-79.71307444091786, -79.27138122869172, 6482.753169892927, 

parameters:
0.2512829085880779, -76.0634734038166, 6.970683210152514, 
objectives:
-82.97101351382064, -66.03477872786792, 5779.744446143111, 

parameters:
0.021728496102037642, -78.08335351015783, 13.574473370983275, 
objectives:
-91.65735475359826, -60.59532199603985, 6084.436094148837, 

parameters:
1.9273447827413093, -69.96443677568867, 0, 
objectives:
-66.24977886412853, -69.95915799509376, 4899.737071250896, 

parameters:
-2.888934215039378, -37.7302791123189, 16.0691404960631, 
objectives:
-45.453478709556805, 2.2405391427269024, 1416.8507622962497, 

parameters:
-2.267433679180172, -15.469120874767857, 15.604264675553589, 
objectives:
-25.93213006084091, 18.34613400698695, 229.83069145210558, 

parameters:
3.9635794156242463, -99.2174192082012, 0.6071524153217271, 
objectives:
-84.11460983956269, -94.75462267141623, 9860.199083704572, 

parameters:
-0.7608504584114184, -99.41339489085104, 11.723957359389706, 
objectives:
-110.55845883017587, -80.06714227775079, 9872.878019784963, 

parameters:
-2.006184126213311, -85.87996520635262, 3.8771994149757143, 
objectives:
-85.73238987305808, -65.95325453825339, 7376.515999177631, 

parameters:
2.0683886535264064, -26.147818832789394, 7.088972063581952, 
objectives:
-28.958559274334565, -19.054169761276288, 681.8976892708305, 

parameters:
-0.19512452819424164, -23.218990658327684, 0.1642623755461595, 
objectives:
-23.345179452370818, -18.236156588501533, 539.995338397465, 

parameters:
0.7027365198744104, -24.690384644895587, 0.0, 
objectives:
-24.19654602853039, -23.007492108028032, 611.108932529261, 

