Generation 227 at Sat May 25 04:36:27 2019
parameters:
0, 0.0, 20.0, 
objectives:
-20.0, 24.0, -19.0, 

parameters:
0, 0.0, 20.0, 
objectives:
-20.0, 24.0, -19.0, 

parameters:
1.9971487895634539, 0.0, 20.0, 
objectives:
-16.01139671234523, 20.000008129400953, -15.011396712345231, 

parameters:
0.7634526018088579, 0.0, 20.0, 
objectives:
-19.417140124791285, 21.529049467973284, -18.417140124791285, 

parameters:
0.867822363781951, 0.0, 20.0, 
objectives:
-19.246884344919906, 21.281826199952288, -18.246884344919906, 

parameters:
0.17555678382692533, 0.0, 20.0, 
objectives:
-19.969179815652346, 23.328593049039952, -18.969179815652346, 

parameters:
1.862666147136347, 0.0, 20.0, 
objectives:
-16.530474824312236, 20.018860587142374, -15.530474824312236, 

parameters:
1.3234195027860154, 0.0, 20.0, 
objectives:
-18.248560819645615, 20.457761169210322, -17.248560819645615, 

parameters:
0.32182802514920833, 0.0, 20.0, 
objectives:
-19.89642672222856, 22.816261177174606, -18.89642672222856, 

parameters:
0.9695622590982977, 0.0, 20.0, 
objectives:
-19.059949025732205, 21.061801937874606, -18.059949025732205, 

parameters:
1.571676873518426, 0.0, 20.0, 
objectives:
-17.529831805247344, 20.18346070067895, -16.529831805247344, 

parameters:
0.6385250073332925, 0.0, 20.0, 
objectives:
-19.59228581501002, 21.85361415565681, -18.59228581501002, 

parameters:
0.06317644560020935, 0.0, 20.0, 
objectives:
-19.996008736721326, 23.75128548087784, -18.996008736721322, 

parameters:
1.7917154592058995, 0.0, 20.0, 
objectives:
-16.78975571324259, 20.04338244993381, -15.789755713242593, 

parameters:
1.24354417050306, 0.0, 20.0, 
objectives:
-18.453597896007857, 20.572225421979905, -17.453597896007857, 

parameters:
1.6935739432589112, 0.0, 20.0, 
objectives:
-17.131807298714463, 20.093896928249894, -16.131807298714463, 

parameters:
1.9256138418811688, 0.0, 20.0, 
objectives:
-16.292011331955646, 20.00553330051968, -15.292011331955646, 

parameters:
1.4957345263956916, 0.0, 20.0, 
objectives:
-17.762778226547855, 20.254283667869377, -16.762778226547855, 

parameters:
1.0365572430163281, 0.0, 20.0, 
objectives:
-18.92554908195039, 20.928221945984298, -17.92554908195039, 

parameters:
1.1881644010381707, 0.0, 20.0, 
objectives:
-18.588265356105605, 20.659077039741714, -17.588265356105605, 

parameters:
1.4302314727687717, 0.0, 20.0, 
objectives:
-17.95443793430167, 20.324636174623244, -16.95443793430167, 

parameters:
1.3882273815210646, 0.0, 20.0, 
objectives:
-18.07282473719517, 20.374265736720574, -17.07282473719517, 

parameters:
1.1246317237127204, 0.0, 20.0, 
objectives:
-18.735203486018957, 20.766269619130163, -17.735203486018953, 

parameters:
1.9453451192557676, 0.0, 20.0, 
objectives:
-16.215632366987762, 20.002987155989167, -15.215632366987764, 

parameters:
1.7615991324384104, 0.0, 20.0, 
objectives:
-16.89676849659224, 20.05683497365412, -15.896768496592241, 

parameters:
0.34930912626346783, 0.0, 20.0, 
objectives:
-19.87798313430905, 22.724780360637077, -18.87798313430905, 

parameters:
0.44031764687773367, 0.0, 20.0, 
objectives:
-19.806120369848056, 22.432609042641012, -18.806120369848056, 

parameters:
1.0962831461976834, 0.0, 20.0, 
objectives:
-18.79816326336291, 20.81670415184636, -17.79816326336291, 

parameters:
1.5203419142712262, 0.0, 20.0, 
objectives:
-17.688560463710104, 20.230071879204992, -16.688560463710104, 

parameters:
0.5368106272943263, 0.0, 20.0, 
objectives:
-19.71183435042387, 22.140923140398822, -18.71183435042387, 

parameters:
0.4653614938945712, 0.0, 20.0, 
objectives:
-19.783438680000213, 22.355115344421502, -18.783438680000213, 

parameters:
1.6262064498802187, 0.0, 20.0, 
objectives:
-17.355452582367974, 20.13972161811115, -16.355452582367974, 

parameters:
0.5645857635994, 0.0, 20.0, 
objectives:
-19.68124291554088, 22.060414030061516, -18.68124291554088, 

parameters:
1.6734957373191839, 0.0, 20.0, 
objectives:
-17.19941201717452, 20.106605033548743, -16.19941201717452, 

parameters:
0.9978131245329754, 0.0, 20.0, 
objectives:
-19.00436896850974, 21.00437853335836, -18.00436896850974, 

parameters:
0.6276368765482213, 0.0, 20.0, 
objectives:
-19.606071951196792, 21.883380542610322, -18.606071951196792, 

parameters:
1.2182476719761484, 0.0, 20.0, 
objectives:
-18.515872609724696, 20.61113670237071, -17.515872609724696, 

parameters:
1.6372561806094517, 0.0, 20.0, 
objectives:
-17.31939219905615, 20.131583078506043, -16.31939219905615, 

parameters:
1.410389362976209, 0.0, 20.0, 
objectives:
-18.010801844803563, 20.3476407032916, -17.010801844803563, 

parameters:
1.7694968528335464, 0.0, 20.0, 
objectives:
-16.868880887812175, 20.05313170085364, -15.868880887812175, 

