Generation 2272 at Fri May 24 19:48:20 2019
parameters:
4.9186737281369615, -14.333205378987318, 0, 
objectives:
9.860145864877436, -5.814549047670408, 230.63412768009573, 

parameters:
0.051044676920685594, -100.0, 20, 
objectives:
-119.99739444095806, -76.2015731486408, 9981.002605559042, 

parameters:
-0.09310337269809921, -0.38187417318528993, 20, 
objectives:
-20.37320593517753, 23.999207555614866, -18.84550387784629, 

parameters:
1.9973066371654076, -100, 0, 
objectives:
-96.01076619713501, -99.99999274579665, 10004.989233802866, 

parameters:
-1.2654336814044471, -84.03661243474949, 15.217782528797406, 
objectives:
-97.65307256151408, -58.155772778301476, 7049.535769381528, 

parameters:
1.7586694356832133, 0.6095451243638621, 0.1918337183564765, 
objectives:
3.5106295900136977, 0.8596192839937973, 4.272629724285591, 

parameters:
-0.9429973162028052, -94.76661018703112, 0, 
objectives:
-93.87736624866542, -86.1053769838542, 8982.599650279075, 

parameters:
0.31090680254387904, -8.914606773658958, 17.417604413766668, 
objectives:
-26.235548147557566, 11.356033469800252, 63.14927255506757, 

parameters:
-1.6220646263569147, -98.55869843335635, 14.26865155664082, 
objectives:
-110.19625633791878, -71.17069471920948, 9703.17947897272, 

parameters:
0.014315175523835766, -87.83330933547559, 0.14611830943834914, 
objectives:
-87.97922272066366, -83.7442468038823, 7715.544315436156, 

parameters:
3.091633183924199, -27.88683012132705, 13.2887169046586, 
objectives:
-31.61735128204437, -13.40645020842397, 774.9447730550364, 

parameters:
0.8895766969434644, -80.50442114066271, 0.0, 
objectives:
-79.71307444091786, -79.27138122869172, 6482.753169892927, 

parameters:
0.2512829085880779, -76.0634734038166, 6.970683210152514, 
objectives:
-82.97101351382064, -66.03477872786792, 5779.744446143111, 

parameters:
-0.5980210283182912, -53.04775087937225, 1.6688009831409751, 
objectives:
-54.358922712202364, -44.62923663264725, 2813.7527015271094, 

parameters:
3.1159781528698076, -21.833250481904933, 1.7276516933474964, 
objectives:
-13.851582326090492, -18.860191550874728, 485.6724947614165, 

parameters:
-1.3996661767000438, -12.817208299667627, 0, 
objectives:
-10.858142893469509, -1.2594781866693339, 167.2398940032668, 

parameters:
2.5667723009178576, -67.78399081438425, 16.63761205328894, 
objectives:
-77.83328282291404, -50.82514792000759, 4585.620118715999, 

parameters:
1.4242219320602074, -63.15800946247035, 0.06646571693568637, 
objectives:
-61.196067067644734, -62.76002336201419, 3991.89610165632, 

parameters:
0.1519062307899688, -39.269753756501295, 11.33930893178157, 
objectives:
-50.585987185330055, -24.514994244926786, 1531.797326667419, 

parameters:
0.08752941401409187, -99.54363149200971, 3.8133203020723174, 
objectives:
-103.34929039576437, -92.07276744767611, 9906.128911713275, 

parameters:
2.2913042668859407, -91.74595882968384, 0, 
objectives:
-86.49588358623413, -91.6611006537779, 8423.571036821493, 

parameters:
3.077216808423669, -46.07554586169664, 0.1240225937863397, 
objectives:
-36.730305169437834, -44.79112721555982, 2133.3011671455693, 

parameters:
4.25323433308826, -43.41576825994994, 0.0982619211088499, 
objectives:
-25.424027888898056, -38.24044137903339, 1903.9206739727288, 

parameters:
2.7684839386505624, -59.69734804682948, 10.406981531522007, 
objectives:
-62.439826259785356, -48.699798951343595, 3562.0308856113397, 

parameters:
3.550935878740544, -71.56499356220137, 0, 
objectives:
-58.955847947274485, -69.15959146223666, 5135.15744917285, 

parameters:
2.953164638099112, -72.18953759949673, 6.248584309179424, 
objectives:
-69.7169405289571, -65.0324304629947, 5214.801935899693, 

parameters:
0.3382529336273401, -33.39318647510771, 5.53609513667919, 
objectives:
-38.814866564679406, -25.09568802583038, 1110.6832228717449, 

parameters:
0.9786957797586269, -21.7086522783196, 19.822048576981476, 
objectives:
-40.57285542598373, -0.843541391055286, 453.4013805933266, 

parameters:
0.4606399338373526, -90.30975904285901, 15.990577546152931, 
objectives:
-106.08814744036627, -71.94955208340981, 8141.0741899817485, 

parameters:
-0.18603785309903031, -45.750407525858016, 4.092264389071721, 
objectives:
-49.80806183214404, -36.879381641604475, 2090.0421344757997, 

parameters:
-0.4482170766878615, -56.332285800347776, 16.744105835798955, 
objectives:
-72.87549308831211, -33.594413109962765, 3157.7832162040995, 

parameters:
3.2044045561637033, -56.049666592016145, 20, 
objectives:
-65.78145803245344, -34.59907625710826, 3132.833333635733, 

parameters:
1.5131459313161937, -68.36266383066165, 18.51096661234082, 
objectives:
-84.58401983354372, -49.61467033412684, 4658.232450021172, 

parameters:
2.398730317754568, -31.579433317007123, 0, 
objectives:
-25.82552617969219, -31.420447450710462, 1004.0145157606145, 

parameters:
1.7384723393283634, -90.08845843079925, 9.404290609970008, 
objectives:
-96.47046296615942, -80.61577110353286, 8110.548337902484, 

parameters:
4.273391942722033, -44.64876908756891, 6.25564370466142, 
objectives:
-32.64253409610873, -33.22481445767403, 2006.518816026509, 

parameters:
3.4871543889808976, -54.18234236990234, 20, 
objectives:
-62.022096637313595, -31.970714193237193, 2928.8864704219027, 

