Generation 2274 at Fri May 24 19:48:20 2019
parameters:
4.9186737281369615, -14.333205378987318, 0, 
objectives:
9.860145864877436, -5.814549047670408, 230.63412768009573, 

parameters:
0.051044676920685594, -100.0, 20, 
objectives:
-119.99739444095806, -76.2015731486408, 9981.002605559042, 

parameters:
-0.09310337269809921, -0.38187417318528993, 20, 
objectives:
-20.37320593517753, 23.999207555614866, -18.84550387784629, 

parameters:
1.9973066371654076, -100, 0, 
objectives:
-96.01076619713501, -99.99999274579665, 10004.989233802866, 

parameters:
2.5667723009178576, -67.78399081438425, 16.63761205328894, 
objectives:
-77.83328282291404, -50.82514792000759, 4585.620118715999, 

parameters:
0.31090680254387904, -8.914606773658958, 17.417604413766668, 
objectives:
-26.235548147557566, 11.356033469800252, 63.14927255506757, 

parameters:
4.25323433308826, -43.41576825994994, 0.0982619211088499, 
objectives:
-25.424027888898056, -38.24044137903339, 1903.9206739727288, 

parameters:
-1.2654336814044471, -84.03661243474949, 15.217782528797406, 
objectives:
-97.65307256151408, -58.155772778301476, 7049.535769381528, 

parameters:
1.7586694356832133, 0.6095451243638621, 0.1918337183564765, 
objectives:
3.5106295900136977, 0.8596192839937973, 4.272629724285591, 

parameters:
0.014315175523835766, -87.83330933547559, 0.14611830943834914, 
objectives:
-87.97922272066366, -83.7442468038823, 7715.544315436156, 

parameters:
3.091633183924199, -27.88683012132705, 13.2887169046586, 
objectives:
-31.61735128204437, -13.40645020842397, 774.9447730550364, 

parameters:
1.4242219320602074, -63.15800946247035, 0.06646571693568637, 
objectives:
-61.196067067644734, -62.76002336201419, 3991.89610165632, 

parameters:
-1.3996661767000438, -12.817208299667627, 0, 
objectives:
-10.858142893469509, -1.2594781866693339, 167.2398940032668, 

parameters:
-0.9429973162028052, -94.76661018703112, 0, 
objectives:
-93.87736624866542, -86.1053769838542, 8982.599650279075, 

parameters:
0.8895766969434644, -80.50442114066271, 0.0, 
objectives:
-79.71307444091786, -79.27138122869172, 6482.753169892927, 

parameters:
0.8867157322977159, -47.00713741682653, 1.4679236415906989, 
objectives:
-47.68879626851296, -44.299811914522415, 2209.989309272726, 

parameters:
0.2512829085880779, -76.0634734038166, 6.970683210152514, 
objectives:
-82.97101351382064, -66.03477872786792, 5779.744446143111, 

parameters:
2.3575967651206593, -74.2390470525448, 2.5934512549141653, 
objectives:
-71.27423580055158, -71.51772035120587, 5515.400918521955, 

parameters:
0.1519062307899688, -39.269753756501295, 11.33930893178157, 
objectives:
-50.585987185330055, -24.514994244926786, 1531.797326667419, 

parameters:
4.881916926335446, -58.577988380526214, 20, 
objectives:
-54.744875504885684, -30.272543210227468, 3436.2138355847046, 

parameters:
3.550935878740544, -71.56499356220137, 0, 
objectives:
-58.955847947274485, -69.15959146223666, 5135.15744917285, 

parameters:
0.7826210672461009, -97.0623763517841, 14.841317476663216, 
objectives:
-111.2911980935499, -80.73904740920786, 9407.87608131361, 

parameters:
0.9786957797586269, -21.7086522783196, 19.822048576981476, 
objectives:
-40.57285542598373, -0.843541391055286, 453.4013805933266, 

parameters:
-0.5980210283182912, -53.04775087937225, 1.6688009831409751, 
objectives:
-54.358922712202364, -44.62923663264725, 2813.7527015271094, 

parameters:
0.4606399338373526, -90.30975904285901, 15.990577546152931, 
objectives:
-106.08814744036627, -71.94955208340981, 8141.0741899817485, 

parameters:
2.7684839386505624, -59.69734804682948, 10.406981531522007, 
objectives:
-62.439826259785356, -48.699798951343595, 3562.0308856113397, 

parameters:
3.1159781528698076, -21.833250481904933, 1.7276516933474964, 
objectives:
-13.851582326090492, -18.860191550874728, 485.6724947614165, 

parameters:
-1.4402976274048065, -32.25603415671706, 2.7739268447817564, 
objectives:
-32.955503745990896, -17.64645954680816, 1040.7522699300237, 

parameters:
-0.225535565989329, -49.160857115416476, 17.05533240680959, 
objectives:
-66.16532323069994, -27.152516153123443, 2400.7854062071115, 

parameters:
2.5378339894752004, -93.03665697671073, 0, 
objectives:
-86.59605561857512, -92.74739157647592, 8663.260142760273, 

parameters:
2.2913042668859407, -91.74595882968384, 0, 
objectives:
-86.49588358623413, -91.6611006537779, 8423.571036821493, 

parameters:
1.1774455138946485, -6.315990482027907, 8.515112900379638, 
objectives:
-13.444725444216912, 2.8757183009637703, 33.76300080687811, 

parameters:
1.7184342229582463, -35.849132496820296, 19.29731971811954, 
objectives:
-52.19343603630573, -16.472533491899632, 1269.8159972350916, 

parameters:
0.08752941401409187, -99.54363149200971, 3.8133203020723174, 
objectives:
-103.34929039576437, -92.07276744767611, 9906.128911713275, 

parameters:
0.7145952613327213, -84.10059270736335, 3.7087615815080404, 
objectives:
-87.29870790135222, -78.739565783667, 7070.711578535828, 

parameters:
3.2091267781762776, -49.49516371317786, 18.117213514363236, 
objectives:
-57.31388254913304, -29.915962633111675, 2442.9525121583233, 

parameters:
-0.1136037098229504, -90.82759507225423, 20, 
objectives:
-110.81468926936869, -66.36027443007688, 8230.664932412265, 

parameters:
1.9203690116532968, -99.52288503356039, 0, 
objectives:
-95.83506789264213, -99.51654393925531, 9909.492462544196, 

parameters:
-1.4557048604085059, -97.7115234816276, 0.4375499898172273, 
objectives:
-96.02999683082787, -85.33207740955939, 9550.223347751458, 

