Generation 2275 at Fri May 24 19:48:20 2019
parameters:
4.9186737281369615, -14.333205378987318, 0, 
objectives:
9.860145864877436, -5.814549047670408, 230.63412768009573, 

parameters:
0.051044676920685594, -100.0, 20, 
objectives:
-119.99739444095806, -76.2015731486408, 9981.002605559042, 

parameters:
-0.09310337269809921, -0.38187417318528993, 20, 
objectives:
-20.37320593517753, 23.999207555614866, -18.84550387784629, 

parameters:
1.9973066371654076, -100, 0, 
objectives:
-96.01076619713501, -99.99999274579665, 10004.989233802866, 

parameters:
0.31090680254387904, -8.914606773658958, 17.417604413766668, 
objectives:
-26.235548147557566, 11.356033469800252, 63.14927255506757, 

parameters:
1.7586694356832133, 0.6095451243638621, 0.1918337183564765, 
objectives:
3.5106295900136977, 0.8596192839937973, 4.272629724285591, 

parameters:
0.4606399338373526, -90.30975904285901, 15.990577546152931, 
objectives:
-106.08814744036627, -71.94955208340981, 8141.0741899817485, 

parameters:
0.014315175523835766, -87.83330933547559, 0.14611830943834914, 
objectives:
-87.97922272066366, -83.7442468038823, 7715.544315436156, 

parameters:
1.4242219320602074, -63.15800946247035, 0.06646571693568637, 
objectives:
-61.196067067644734, -62.76002336201419, 3991.89610165632, 

parameters:
-1.3996661767000438, -12.817208299667627, 0, 
objectives:
-10.858142893469509, -1.2594781866693339, 167.2398940032668, 

parameters:
3.091633183924199, -27.88683012132705, 13.2887169046586, 
objectives:
-31.61735128204437, -13.40645020842397, 774.9447730550364, 

parameters:
3.224940981200626, -43.31922877708745, 0.5617689855842711, 
objectives:
-33.48075343044447, -41.25697938407843, 1887.3940571882847, 

parameters:
0.2512829085880779, -76.0634734038166, 6.970683210152514, 
objectives:
-82.97101351382064, -66.03477872786792, 5779.744446143111, 

parameters:
2.5378339894752004, -93.03665697671073, 0, 
objectives:
-86.59605561857512, -92.74739157647592, 8663.260142760273, 

parameters:
-1.2654336814044471, -84.03661243474949, 15.217782528797406, 
objectives:
-97.65307256151408, -58.155772778301476, 7049.535769381528, 

parameters:
-0.9429973162028052, -94.76661018703112, 0, 
objectives:
-93.87736624866542, -86.1053769838542, 8982.599650279075, 

parameters:
3.8908853655551274, -55.533476421481645, 15.246278465987002, 
objectives:
-55.64076595957759, -36.71175048982409, 3084.859713917162, 

parameters:
0.1519062307899688, -39.269753756501295, 11.33930893178157, 
objectives:
-50.585987185330055, -24.514994244926786, 1531.797326667419, 

parameters:
0.7826210672461009, -97.0623763517841, 14.841317476663216, 
objectives:
-111.2911980935499, -80.73904740920786, 9407.87608131361, 

parameters:
3.1159781528698076, -21.833250481904933, 1.7276516933474964, 
objectives:
-13.851582326090492, -18.860191550874728, 485.6724947614165, 

parameters:
2.7684839386505624, -59.69734804682948, 10.406981531522007, 
objectives:
-62.439826259785356, -48.699798951343595, 3562.0308856113397, 

parameters:
0.8867157322977159, -47.00713741682653, 1.4679236415906989, 
objectives:
-47.68879626851296, -44.299811914522415, 2209.989309272726, 

parameters:
0.9786957797586269, -21.7086522783196, 19.822048576981476, 
objectives:
-40.57285542598373, -0.843541391055286, 453.4013805933266, 

parameters:
-1.8911135429451367, -68.29483128610009, 1.953745004719678, 
objectives:
-66.67226585850926, -51.20032167728936, 4666.806545824466, 

parameters:
0.2416662669819803, -50.14019366209789, 13.425541896326353, 
objectives:
-63.50733297382724, -33.62291424910246, 2501.6718811609526, 

parameters:
2.3575967651206593, -74.2390470525448, 2.5934512549141653, 
objectives:
-71.27423580055158, -71.51772035120587, 5515.400918521955, 

parameters:
3.550935878740544, -71.56499356220137, 0, 
objectives:
-58.955847947274485, -69.15959146223666, 5135.15744917285, 

parameters:
3.654207094803853, -95.63779199559903, 16.875589348790157, 
objectives:
-99.16015185267437, -76.02580153430947, 9144.06489793639, 

parameters:
2.5667723009178576, -67.78399081438425, 16.63761205328894, 
objectives:
-77.83328282291404, -50.82514792000759, 4585.620118715999, 

parameters:
-0.225535565989329, -49.160857115416476, 17.05533240680959, 
objectives:
-66.16532323069994, -27.152516153123443, 2400.7854062071115, 

parameters:
0.42194766121389304, -73.57909666685178, 13.100213713750701, 
objectives:
-86.50127055179861, -57.98863376915277, 5401.961292424971, 

parameters:
0.8895766969434644, -80.50442114066271, 0.0, 
objectives:
-79.71307444091786, -79.27138122869172, 6482.753169892927, 

parameters:
-0.5980210283182912, -53.04775087937225, 1.6688009831409751, 
objectives:
-54.358922712202364, -44.62923663264725, 2813.7527015271094, 

parameters:
0.5123477932423458, -35.785145139970226, 17.529097215783324, 
objectives:
-53.05174209451325, -16.042938835915983, 1264.3100157341917, 

parameters:
-1.4267519484663878, -80.0700581601867, 0, 
objectives:
-78.03443703773407, -68.32742924386852, 6414.249834898134, 

parameters:
-0.2409293681120367, -100, 16.317396715992288, 
objectives:
-116.25934975557342, -78.6608388511407, 9984.740650244426, 

parameters:
-1.4402976274048065, -32.25603415671706, 2.7739268447817564, 
objectives:
-32.955503745990896, -17.64645954680816, 1040.7522699300237, 

parameters:
-1.9412857291725751, -93.66562044268215, 20, 
objectives:
-109.89703016039306, -58.13188724370275, 8758.017043194886, 

