Generation 2276 at Fri May 24 19:48:20 2019
parameters:
0.051044676920685594, -100.0, 20, 
objectives:
-119.99739444095806, -76.2015731486408, 9981.002605559042, 

parameters:
4.9186737281369615, -14.333205378987318, 0, 
objectives:
9.860145864877436, -5.814549047670408, 230.63412768009573, 

parameters:
-0.09310337269809921, -0.38187417318528993, 20, 
objectives:
-20.37320593517753, 23.999207555614866, -18.84550387784629, 

parameters:
1.9973066371654076, -100, 0, 
objectives:
-96.01076619713501, -99.99999274579665, 10004.989233802866, 

parameters:
-1.2654336814044471, -84.03661243474949, 15.217782528797406, 
objectives:
-97.65307256151408, -58.155772778301476, 7049.535769381528, 

parameters:
0.2512829085880779, -76.0634734038166, 6.970683210152514, 
objectives:
-82.97101351382064, -66.03477872786792, 5779.744446143111, 

parameters:
0.7826210672461009, -97.0623763517841, 14.841317476663216, 
objectives:
-111.2911980935499, -80.73904740920786, 9407.87608131361, 

parameters:
1.7586694356832133, 0.6095451243638621, 0.1918337183564765, 
objectives:
3.5106295900136977, 0.8596192839937973, 4.272629724285591, 

parameters:
3.8908853655551274, -55.533476421481645, 15.246278465987002, 
objectives:
-55.64076595957759, -36.71175048982409, 3084.859713917162, 

parameters:
0.4606399338373526, -90.30975904285901, 15.990577546152931, 
objectives:
-106.08814744036627, -71.94955208340981, 8141.0741899817485, 

parameters:
0.014315175523835766, -87.83330933547559, 0.14611830943834914, 
objectives:
-87.97922272066366, -83.7442468038823, 7715.544315436156, 

parameters:
2.5378339894752004, -93.03665697671073, 0, 
objectives:
-86.59605561857512, -92.74739157647592, 8663.260142760273, 

parameters:
1.4242219320602074, -63.15800946247035, 0.06646571693568637, 
objectives:
-61.196067067644734, -62.76002336201419, 3991.89610165632, 

parameters:
3.224940981200626, -43.31922877708745, 0.5617689855842711, 
objectives:
-33.48075343044447, -41.25697938407843, 1887.3940571882847, 

parameters:
2.5667723009178576, -67.78399081438425, 16.63761205328894, 
objectives:
-77.83328282291404, -50.82514792000759, 4585.620118715999, 

parameters:
0.8867157322977159, -47.00713741682653, 1.4679236415906989, 
objectives:
-47.68879626851296, -44.299811914522415, 2209.989309272726, 

parameters:
0.2416662669819803, -50.14019366209789, 13.425541896326353, 
objectives:
-63.50733297382724, -33.62291424910246, 2501.6718811609526, 

parameters:
2.3575967651206593, -74.2390470525448, 2.5934512549141653, 
objectives:
-71.27423580055158, -71.51772035120587, 5515.400918521955, 

parameters:
3.550935878740544, -71.56499356220137, 0, 
objectives:
-58.955847947274485, -69.15959146223666, 5135.15744917285, 

parameters:
3.091633183924199, -27.88683012132705, 13.2887169046586, 
objectives:
-31.61735128204437, -13.40645020842397, 774.9447730550364, 

parameters:
-1.3996661767000438, -12.817208299667627, 0, 
objectives:
-10.858142893469509, -1.2594781866693339, 167.2398940032668, 

parameters:
-0.9429973162028052, -94.76661018703112, 0, 
objectives:
-93.87736624866542, -86.1053769838542, 8982.599650279075, 

parameters:
2.7684839386505624, -59.69734804682948, 10.406981531522007, 
objectives:
-62.439826259785356, -48.699798951343595, 3562.0308856113397, 

parameters:
0.1519062307899688, -39.269753756501295, 11.33930893178157, 
objectives:
-50.585987185330055, -24.514994244926786, 1531.797326667419, 

parameters:
-1.8911135429451367, -68.29483128610009, 1.953745004719678, 
objectives:
-66.67226585850926, -51.20032167728936, 4666.806545824466, 

parameters:
0.31090680254387904, -8.914606773658958, 17.417604413766668, 
objectives:
-26.235548147557566, 11.356033469800252, 63.14927255506757, 

parameters:
2.2410988973867467, -34.24991554238365, 12.884260877949819, 
objectives:
-42.111652152465375, -21.307525986112722, 1166.194978050331, 

parameters:
3.1159781528698076, -21.833250481904933, 1.7276516933474964, 
objectives:
-13.851582326090492, -18.860191550874728, 485.6724947614165, 

parameters:
4.571195696229441, -17.707855889753404, 20, 
objectives:
-16.812025796526843, 8.903191418555394, 315.4639903055009, 

parameters:
0.7790597452175518, 0.2796755631552479, 12.00039411270428, 
objectives:
-11.113784462930596, 13.770764781607756, -10.315241605459638, 

parameters:
-0.225535565989329, -49.160857115416476, 17.05533240680959, 
objectives:
-66.16532323069994, -27.152516153123443, 2400.7854062071115, 

parameters:
-1.0541442652649187, -100, 0.46207428738484735, 
objectives:
-99.35085415539393, -90.21012851956456, 10001.649145844605, 

parameters:
0.9786957797586269, -21.7086522783196, 19.822048576981476, 
objectives:
-40.57285542598373, -0.843541391055286, 453.4013805933266, 

parameters:
-0.3864683887669127, -15.9992239282555, 0.0, 
objectives:
-15.849866112739406, -10.303992557671755, 257.12452412197945, 

parameters:
3.654207094803853, -95.63779199559903, 16.875589348790157, 
objectives:
-99.16015185267437, -76.02580153430947, 9144.06489793639, 

parameters:
3.7897781495221112, -30.46858169500082, 2.8401943154124805, 
objectives:
-18.946357587818063, -24.425081555081547, 940.8566946121219, 

parameters:
-0.703195964276488, -32.16675974143343, 1.8030004400129318, 
objectives:
-33.47527561727162, -23.056490880139805, 1034.3919163872642, 

