Generation 2280 at Fri May 24 19:48:20 2019
parameters:
0.051044676920685594, -100.0, 20, 
objectives:
-119.99739444095806, -76.2015731486408, 9981.002605559042, 

parameters:
4.9186737281369615, -14.333205378987318, 0, 
objectives:
9.860145864877436, -5.814549047670408, 230.63412768009573, 

parameters:
-0.09310337269809921, -0.38187417318528993, 20, 
objectives:
-20.37320593517753, 23.999207555614866, -18.84550387784629, 

parameters:
1.9973066371654076, -100, 0, 
objectives:
-96.01076619713501, -99.99999274579665, 10004.989233802866, 

parameters:
0.7826210672461009, -97.0623763517841, 14.841317476663216, 
objectives:
-111.2911980935499, -80.73904740920786, 9407.87608131361, 

parameters:
-0.0035176221304106248, -2.2106015307929745, 1.3579759193461511, 
objectives:
-3.568565076473673, 3.1614572507402716, 4.528795582263544, 

parameters:
3.1159781528698076, -21.833250481904933, 1.7276516933474964, 
objectives:
-13.851582326090492, -18.860191550874728, 485.6724947614165, 

parameters:
-1.2654336814044471, -84.03661243474949, 15.217782528797406, 
objectives:
-97.65307256151408, -58.155772778301476, 7049.535769381528, 

parameters:
0.31090680254387904, -8.914606773658958, 17.417604413766668, 
objectives:
-26.235548147557566, 11.356033469800252, 63.14927255506757, 

parameters:
3.8908853655551274, -55.533476421481645, 15.246278465987002, 
objectives:
-55.64076595957759, -36.71175048982409, 3084.859713917162, 

parameters:
2.2410988973867467, -34.24991554238365, 12.884260877949819, 
objectives:
-42.111652152465375, -21.307525986112722, 1166.194978050331, 

parameters:
2.5378339894752004, -93.03665697671073, 0, 
objectives:
-86.59605561857512, -92.74739157647592, 8663.260142760273, 

parameters:
3.550935878740544, -71.56499356220137, 0, 
objectives:
-58.955847947274485, -69.15959146223666, 5135.15744917285, 

parameters:
-0.9429973162028052, -94.76661018703112, 0, 
objectives:
-93.87736624866542, -86.1053769838542, 8982.599650279075, 

parameters:
0.2512829085880779, -76.0634734038166, 6.970683210152514, 
objectives:
-82.97101351382064, -66.03477872786792, 5779.744446143111, 

parameters:
0.8867157322977159, -47.00713741682653, 1.4679236415906989, 
objectives:
-47.68879626851296, -44.299811914522415, 2209.989309272726, 

parameters:
0.4606399338373526, -90.30975904285901, 15.990577546152931, 
objectives:
-106.08814744036627, -71.94955208340981, 8141.0741899817485, 

parameters:
-1.7205134274216016, -62.57684162947158, 16.070062203887755, 
objectives:
-75.6867373794213, -32.6645592619594, 3903.751212570018, 

parameters:
-0.42053215352519313, -89.29519233723272, 10.979542961367631, 
objectives:
-100.09788800645181, -72.45667346961578, 7963.828678874166, 

parameters:
2.9232385367024403, -77.00921720330169, 1.9736854389350889, 
objectives:
-70.43757909977455, -74.18316236871414, 5937.991172368824, 

parameters:
3.091633183924199, -27.88683012132705, 13.2887169046586, 
objectives:
-31.61735128204437, -13.40645020842397, 774.9447730550364, 

parameters:
0.2416662669819803, -50.14019366209789, 13.425541896326353, 
objectives:
-63.50733297382724, -33.62291424910246, 2501.6718811609526, 

parameters:
0.8658557249564591, -81.56241954482341, 4.192411563824168, 
objectives:
-85.00512497220771, -76.08372474438521, 6649.985576578409, 

parameters:
3.164663387860074, -59.23031699405318, 2.1688453590420016, 
objectives:
-51.384067994633185, -55.705030827989475, 3517.0767002154457, 

parameters:
1.7586694356832133, 0.6095451243638621, 0.1918337183564765, 
objectives:
3.5106295900136977, 0.8596192839937973, 4.272629724285591, 

parameters:
-0.17275908849652355, -4.607918889522576, 20, 
objectives:
-24.578073186864426, 20.112963167121666, 2.262762195077123, 

parameters:
1.4242219320602074, -63.15800946247035, 0.06646571693568637, 
objectives:
-61.196067067644734, -62.76002336201419, 3991.89610165632, 

parameters:
0.1519062307899688, -39.269753756501295, 11.33930893178157, 
objectives:
-50.585987185330055, -24.514994244926786, 1531.797326667419, 

parameters:
1.1652512092093887, -19.233736057899584, 15.916987944091993, 
objectives:
-33.79291362142763, -2.6199425700812036, 356.3774251814186, 

parameters:
3.224940981200626, -43.31922877708745, 0.5617689855842711, 
objectives:
-33.48075343044447, -41.25697938407843, 1887.3940571882847, 

parameters:
3.663563949716385, -66.25946501185318, 15.502139396226694, 
objectives:
-68.33990359441836, -47.9898806008305, 4389.23626507443, 

parameters:
-1.8911135429451367, -68.29483128610009, 1.953745004719678, 
objectives:
-66.67226585850926, -51.20032167728936, 4666.806545824466, 

parameters:
1.0623361060782086, -89.40646406594861, 0.48463653435460974, 
objectives:
-88.7625425980258, -88.04261395362943, 7995.159738243683, 

parameters:
-0.24237727415580101, -15.93059452666879, 2.5050804024539888, 
objectives:
-18.376928186095583, -8.397258284564401, 252.3375083137028, 

parameters:
2.5667723009178576, -67.78399081438425, 16.63761205328894, 
objectives:
-77.83328282291404, -50.82514792000759, 4585.620118715999, 

parameters:
-1.4393696214046896, -39.80655243586741, 15.056805677508464, 
objectives:
-52.79157320635319, -12.920483365717509, 1572.5765960589758, 

parameters:
-0.38527566016621306, -39.46520148439935, 11.52716582300068, 
objectives:
-50.84392997308352, -22.248495686417307, 1547.1233997155525, 

