Generation 2285 at Fri May 24 19:48:20 2019
parameters:
0.051044676920685594, -100.0, 20, 
objectives:
-119.99739444095806, -76.2015731486408, 9981.002605559042, 

parameters:
3.8745039388411624, -3.2136665355016714, 0.4160038912931636, 
objectives:
11.382110345300847, 0.7161023725225246, 25.923429482205833, 

parameters:
-0.09310337269809921, -0.38187417318528993, 20, 
objectives:
-20.37320593517753, 23.999207555614866, -18.84550387784629, 

parameters:
1.9973066371654076, -100, 0, 
objectives:
-96.01076619713501, -99.99999274579665, 10004.989233802866, 

parameters:
-0.8473499752437403, -69.43622242542841, 11.721118931400502, 
objectives:
-80.43933937628334, -49.60770161250738, 4811.385867762713, 

parameters:
3.1480851053098022, -87.54777451200195, 0.06021394614086676, 
objectives:
-77.69754862786938, -86.16946115682687, 7675.463047888471, 

parameters:
-0.0035176221304106248, -2.2106015307929745, 1.3579759193461511, 
objectives:
-3.568565076473673, 3.1614572507402716, 4.528795582263544, 

parameters:
0.4606399338373526, -90.30975904285901, 15.990577546152931, 
objectives:
-106.08814744036627, -71.94955208340981, 8141.0741899817485, 

parameters:
0.7826210672461009, -97.0623763517841, 14.841317476663216, 
objectives:
-111.2911980935499, -80.73904740920786, 9407.87608131361, 

parameters:
0.8658557249564591, -81.56241954482341, 4.192411563824168, 
objectives:
-85.00512497220771, -76.08372474438521, 6649.985576578409, 

parameters:
4.9186737281369615, -14.333205378987318, 0, 
objectives:
9.860145864877436, -5.814549047670408, 230.63412768009573, 

parameters:
2.8045712684883757, -77.39934714092, 15.48534563212558, 
objectives:
-85.0190727730151, -61.26666658271743, 5984.039212208546, 

parameters:
1.7457711201673565, -97.2222049146643, 3.565295782087175, 
objectives:
-97.73978389274109, -93.59227680923617, 9452.6395494909, 

parameters:
2.372725285965419, -91.40573152201372, 0.9230758998515665, 
objectives:
-86.69898213920561, -90.34373148336415, 8360.714504457263, 

parameters:
2.2410988973867467, -34.24991554238365, 12.884260877949819, 
objectives:
-42.111652152465375, -21.307525986112722, 1166.194978050331, 

parameters:
3.8908853655551274, -55.533476421481645, 15.246278465987002, 
objectives:
-55.64076595957759, -36.71175048982409, 3084.859713917162, 

parameters:
3.091633183924199, -27.88683012132705, 13.2887169046586, 
objectives:
-31.61735128204437, -13.40645020842397, 774.9447730550364, 

parameters:
0.2512829085880779, -76.0634734038166, 6.970683210152514, 
objectives:
-82.97101351382064, -66.03477872786792, 5779.744446143111, 

parameters:
3.1159781528698076, -21.833250481904933, 1.7276516933474964, 
objectives:
-13.851582326090492, -18.860191550874728, 485.6724947614165, 

parameters:
3.224940981200626, -43.31922877708745, 0.5617689855842711, 
objectives:
-33.48075343044447, -41.25697938407843, 1887.3940571882847, 

parameters:
0.2416662669819803, -50.14019366209789, 13.425541896326353, 
objectives:
-63.50733297382724, -33.62291424910246, 2501.6718811609526, 

parameters:
0.2695728739358607, -71.73810545315055, 0.4582106513974744, 
objectives:
-72.123646570186, -68.28551676313448, 5146.970232890314, 

parameters:
0.629784991266702, -94.7719559737274, 3.1447735876199676, 
objectives:
-97.52010042612257, -89.74969321594945, 8979.975494633729, 

parameters:
0.31090680254387904, -8.914606773658958, 17.417604413766668, 
objectives:
-26.235548147557566, 11.356033469800252, 63.14927255506757, 

parameters:
0.8867157322977159, -47.00713741682653, 1.4679236415906989, 
objectives:
-47.68879626851296, -44.299811914522415, 2209.989309272726, 

parameters:
-0.09463380626894702, -63.330590699437785, 12.553936315042625, 
objectives:
-75.87557145719146, -46.38916360203042, 3999.2187375819617, 

parameters:
-2.5503754897685202, -58.357707735109614, 20, 
objectives:
-71.85329259629759, -17.651790637223513, 3393.1264672352845, 

parameters:
0.1519062307899688, -39.269753756501295, 11.33930893178157, 
objectives:
-50.585987185330055, -24.514994244926786, 1531.797326667419, 

parameters:
1.4242219320602074, -63.15800946247035, 0.06646571693568637, 
objectives:
-61.196067067644734, -62.76002336201419, 3991.89610165632, 

parameters:
-0.17275908849652355, -4.607918889522576, 20, 
objectives:
-24.578073186864426, 20.112963167121666, 2.262762195077123, 

parameters:
0.778965189132137, -51.65258822869851, 1.8772242982661937, 
objectives:
-52.923025761085036, -48.2844379210812, 2667.719433191098, 

parameters:
1.596812013953954, -31.90676699449691, 3.751270488178534, 
objectives:
-33.10822887476776, -27.992935954226507, 1017.8403181608466, 

parameters:
2.0308374545254586, -56.88746946841232, 13.95633601663981, 
objectives:
-66.71950471834869, -42.9301825031709, 3227.3521472696075, 

parameters:
-2.4525799663918697, -26.59528354634901, 3.5081028414576614, 
objectives:
-24.088237896259923, -3.2617123477771224, 710.8161525607914, 

parameters:
2.4310913001132874, -9.037523891475267, 17.729399272369406, 
objectives:
-20.85671825435816, 8.877715089927504, 70.85764372610336, 

parameters:
1.9121905692147838, -61.39635617669426, 15.127150833822448, 
objectives:
-72.86703423752274, -46.26149484673699, 3759.041873714675, 

parameters:
-0.33758669826035437, -13.334229863169847, 2.136799472315588, 
objectives:
-15.357064556643108, -5.733118818970514, 176.7788513503773, 

parameters:
-0.1916708478702791, -37.07434049494398, 14.082077690648873, 
objectives:
-51.11968047166955, -18.188841698890684, 1361.4613831583174, 

parameters:
3.5351943217613573, -44.76086892952792, 0.4693959513923261, 
objectives:
-32.73266598830651, -41.93465137256728, 2016.5635902675997, 

