Generation 2288 at Fri May 24 19:48:20 2019
parameters:
3.8745039388411624, -3.2136665355016714, 0.4160038912931636, 
objectives:
11.382110345300847, 0.7161023725225246, 25.923429482205833, 

parameters:
0.051044676920685594, -100.0, 20, 
objectives:
-119.99739444095806, -76.2015731486408, 9981.002605559042, 

parameters:
-0.09310337269809921, -0.38187417318528993, 20, 
objectives:
-20.37320593517753, 23.999207555614866, -18.84550387784629, 

parameters:
1.9973066371654076, -100, 0, 
objectives:
-96.01076619713501, -99.99999274579665, 10004.989233802866, 

parameters:
4.9186737281369615, -14.333205378987318, 0, 
objectives:
9.860145864877436, -5.814549047670408, 230.63412768009573, 

parameters:
0.7826210672461009, -97.0623763517841, 14.841317476663216, 
objectives:
-111.2911980935499, -80.73904740920786, 9407.87608131361, 

parameters:
-0.0035176221304106248, -2.2106015307929745, 1.3579759193461511, 
objectives:
-3.568565076473673, 3.1614572507402716, 4.528795582263544, 

parameters:
2.2410988973867467, -34.24991554238365, 12.884260877949819, 
objectives:
-42.111652152465375, -21.307525986112722, 1166.194978050331, 

parameters:
0.4606399338373526, -90.30975904285901, 15.990577546152931, 
objectives:
-106.08814744036627, -71.94955208340981, 8141.0741899817485, 

parameters:
0.5684876957928667, -3.9637908975149916, 8.654475548074645, 
objectives:
-12.295088185321752, 6.739912127656069, 8.38034099141594, 

parameters:
1.534512159158595, -97.50833884645299, 5.497932015352805, 
objectives:
-100.65154329520021, -91.79372790112899, 9505.732940145946, 

parameters:
-0.045683581474427526, -85.2471180436674, 5.374102638237874, 
objectives:
-90.61913369228894, -75.68819408991548, 7262.699119102343, 

parameters:
1.4242219320602074, -63.15800946247035, 0.06646571693568637, 
objectives:
-61.196067067644734, -62.76002336201419, 3991.89610165632, 

parameters:
0.629784991266702, -94.7719559737274, 3.1447735876199676, 
objectives:
-97.52010042612257, -89.74969321594945, 8979.975494633729, 

parameters:
3.091633183924199, -27.88683012132705, 13.2887169046586, 
objectives:
-31.61735128204437, -13.40645020842397, 774.9447730550364, 

parameters:
2.9833275623012137, -64.69220780704792, 13.77752892546787, 
objectives:
-69.56949338852968, -49.947745786798805, 4181.204465368791, 

parameters:
-1.6076577177869948, -53.8404854970852, 15.203120415542225, 
objectives:
-66.45904257506733, -25.622170872834907, 2887.1793214838594, 

parameters:
3.1480851053098022, -87.54777451200195, 0.06021394614086676, 
objectives:
-77.69754862786938, -86.16946115682687, 7675.463047888471, 

parameters:
-0.3023111512024115, -24.032454997804372, 9.579550808314998, 
objectives:
-33.52061377397804, -9.152267552538401, 569.0707344453186, 

parameters:
1.0491677435542068, -77.72865237674219, 17.698835113935804, 
objectives:
-94.32673453656336, -59.12573528290859, 6026.145318144608, 

parameters:
0.1519062307899688, -39.269753756501295, 11.33930893178157, 
objectives:
-50.585987185330055, -24.514994244926786, 1531.797326667419, 

parameters:
1.6039759977718961, -5.636000046658687, 19.403387282470835, 
objectives:
-22.466648327701172, 13.924222246152913, 15.93384824489424, 

parameters:
-0.5934184328460681, -72.9133953086486, 11.119241525559758, 
objectives:
-83.68049139776687, -55.06833461526308, 5306.596119346142, 

parameters:
3.8908853655551274, -55.533476421481645, 15.246278465987002, 
objectives:
-55.64076595957759, -36.71175048982409, 3084.859713917162, 

parameters:
2.372725285965419, -91.40573152201372, 0.9230758998515665, 
objectives:
-86.69898213920561, -90.34373148336415, 8360.714504457263, 

parameters:
-0.8473499752437403, -69.43622242542841, 11.721118931400502, 
objectives:
-80.43933937628334, -49.60770161250738, 4811.385867762713, 

parameters:
2.9840070324789822, -46.73043032294547, 1.2465999397713277, 
objectives:
-39.07273229283278, -44.51556054320605, 2192.3908161977743, 

parameters:
3.224940981200626, -43.31922877708745, 0.5617689855842711, 
objectives:
-33.48075343044447, -41.25697938407843, 1887.3940571882847, 

parameters:
0.31090680254387904, -8.914606773658958, 17.417604413766668, 
objectives:
-26.235548147557566, 11.356033469800252, 63.14927255506757, 

parameters:
0.2512829085880779, -76.0634734038166, 6.970683210152514, 
objectives:
-82.97101351382064, -66.03477872786792, 5779.744446143111, 

parameters:
2.012348498736996, -57.83153272916538, 8.447851020812333, 
objectives:
-62.22983726960868, -49.383529222932, 3341.087873264083, 

parameters:
0.2695728739358607, -71.73810545315055, 0.4582106513974744, 
objectives:
-72.123646570186, -68.28551676313448, 5146.970232890314, 

parameters:
0.8867157322977159, -47.00713741682653, 1.4679236415906989, 
objectives:
-47.68879626851296, -44.299811914522415, 2209.989309272726, 

parameters:
0.2416662669819803, -50.14019366209789, 13.425541896326353, 
objectives:
-63.50733297382724, -33.62291424910246, 2501.6718811609526, 

parameters:
3.0572921433594265, -32.135712345150196, 7.461584456391188, 
objectives:
-30.25026155169411, -23.55626121234944, 1035.5894587236949, 

parameters:
1.5374196232758481, -57.37084235086097, 20, 
objectives:
-75.00718325282732, -37.15686174593071, 3274.777211145376, 

parameters:
-0.0949781794025012, -82.38834011217658, 1.2260914762258548, 
objectives:
-83.60541073383983, -76.7733150637781, 6787.621515818021, 

parameters:
-0.058740741578166666, -87.25894076672867, 13.128242414812627, 
objectives:
-100.38373270682015, -69.89228491088222, 7601.997951791371, 

parameters:
0.8658557249564591, -81.56241954482341, 4.192411563824168, 
objectives:
-85.00512497220771, -76.08372474438521, 6649.985576578409, 

parameters:
0.37462946833900246, -50.506463520743125, 13.938638499919186, 
objectives:
-64.30475478211434, -33.925995655631986, 2538.1045661107846, 

parameters:
2.8045712684883757, -77.39934714092, 15.48534563212558, 
objectives:
-85.0190727730151, -61.26666658271743, 5984.039212208546, 

