Generation 2289 at Fri May 24 19:48:20 2019
parameters:
0.051044676920685594, -100.0, 20, 
objectives:
-119.99739444095806, -76.2015731486408, 9981.002605559042, 

parameters:
3.8745039388411624, -3.2136665355016714, 0.4160038912931636, 
objectives:
11.382110345300847, 0.7161023725225246, 25.923429482205833, 

parameters:
-0.09310337269809921, -0.38187417318528993, 20, 
objectives:
-20.37320593517753, 23.999207555614866, -18.84550387784629, 

parameters:
1.9973066371654076, -100, 0, 
objectives:
-96.01076619713501, -99.99999274579665, 10004.989233802866, 

parameters:
3.8908853655551274, -55.533476421481645, 15.246278465987002, 
objectives:
-55.64076595957759, -36.71175048982409, 3084.859713917162, 

parameters:
2.2410988973867467, -34.24991554238365, 12.884260877949819, 
objectives:
-42.111652152465375, -21.307525986112722, 1166.194978050331, 

parameters:
2.9840070324789822, -46.73043032294547, 1.2465999397713277, 
objectives:
-39.07273229283278, -44.51556054320605, 2192.3908161977743, 

parameters:
1.4242219320602074, -63.15800946247035, 0.06646571693568637, 
objectives:
-61.196067067644734, -62.76002336201419, 3991.89610165632, 

parameters:
0.1519062307899688, -39.269753756501295, 11.33930893178157, 
objectives:
-50.585987185330055, -24.514994244926786, 1531.797326667419, 

parameters:
0.7826210672461009, -97.0623763517841, 14.841317476663216, 
objectives:
-111.2911980935499, -80.73904740920786, 9407.87608131361, 

parameters:
1.534512159158595, -97.50833884645299, 5.497932015352805, 
objectives:
-100.65154329520021, -91.79372790112899, 9505.732940145946, 

parameters:
0.4606399338373526, -90.30975904285901, 15.990577546152931, 
objectives:
-106.08814744036627, -71.94955208340981, 8141.0741899817485, 

parameters:
3.091633183924199, -27.88683012132705, 13.2887169046586, 
objectives:
-31.61735128204437, -13.40645020842397, 774.9447730550364, 

parameters:
2.9833275623012137, -64.69220780704792, 13.77752892546787, 
objectives:
-69.56949338852968, -49.947745786798805, 4181.204465368791, 

parameters:
-1.705860281267693, -0.572488668312932, 1.5616617619394406, 
objectives:
0.7758088689543203, 14.722573517903973, 2.6760408126139668, 

parameters:
4.9186737281369615, -14.333205378987318, 0, 
objectives:
9.860145864877436, -5.814549047670408, 230.63412768009573, 

parameters:
0.629784991266702, -94.7719559737274, 3.1447735876199676, 
objectives:
-97.52010042612257, -89.74969321594945, 8979.975494633729, 

parameters:
-0.5934184328460681, -72.9133953086486, 11.119241525559758, 
objectives:
-83.68049139776687, -55.06833461526308, 5306.596119346142, 

parameters:
-1.6076577177869948, -53.8404854970852, 15.203120415542225, 
objectives:
-66.45904257506733, -25.622170872834907, 2887.1793214838594, 

parameters:
-1.7747255909016468, -80.77156575358192, 0, 
objectives:
-77.62191483058072, -66.52301246697414, 6528.195485208209, 

parameters:
-0.8473499752437403, -69.43622242542841, 11.721118931400502, 
objectives:
-80.43933937628334, -49.60770161250738, 4811.385867762713, 

parameters:
1.0491677435542068, -77.72865237674219, 17.698835113935804, 
objectives:
-94.32673453656336, -59.12573528290859, 6026.145318144608, 

parameters:
3.1480851053098022, -87.54777451200195, 0.06021394614086676, 
objectives:
-77.69754862786938, -86.16946115682687, 7675.463047888471, 

parameters:
2.372725285965419, -91.40573152201372, 0.9230758998515665, 
objectives:
-86.69898213920561, -90.34373148336415, 8360.714504457263, 

parameters:
3.224940981200626, -43.31922877708745, 0.5617689855842711, 
objectives:
-33.48075343044447, -41.25697938407843, 1887.3940571882847, 

parameters:
-0.3023111512024115, -24.032454997804372, 9.579550808314998, 
objectives:
-33.52061377397804, -9.152267552538401, 569.0707344453186, 

parameters:
-1.4507831533764373, -55.303937788039924, 13.414053439805928, 
objectives:
-66.61321946972498, -29.98197997660737, 3048.2162531817053, 

parameters:
-0.045683581474427526, -85.2471180436674, 5.374102638237874, 
objectives:
-90.61913369228894, -75.68819408991548, 7262.699119102343, 

parameters:
0.5684876957928667, -3.9637908975149916, 8.654475548074645, 
objectives:
-12.295088185321752, 6.739912127656069, 8.38034099141594, 

parameters:
3.1648288449515354, -20.532728586051405, 18.292241932741746, 
objectives:
-28.80882890095588, -0.8836604152785306, 414.316842873548, 

parameters:
-0.494635686055203, -89.22409102367087, 0.42768698336519184, 
objectives:
-89.40711354511676, -82.57319683416556, 7961.7553964788585, 

parameters:
3.5873431658804176, -75.98849720276836, 12.131450389088057, 
objectives:
-75.25091660206748, -61.33738848741304, 5775.989287735836, 

parameters:
0.31090680254387904, -8.914606773658958, 17.417604413766668, 
objectives:
-26.235548147557566, 11.356033469800252, 63.14927255506757, 

parameters:
-0.0035176221304106248, -2.2106015307929745, 1.3579759193461511, 
objectives:
-3.568565076473673, 3.1614572507402716, 4.528795582263544, 

parameters:
3.7412668079507876, -9.297718965733113, 12.035809390780596, 
objectives:
-7.336451028239432, 5.770100521518608, 89.4088459032469, 

parameters:
3.6475941224839286, -83.96407439005392, 5.105030060718192, 
objectives:
-75.76416156839282, -76.14447793689214, 7059.16570100017, 

parameters:
0.5170675252795172, -9.869273156449864, 8.468038597844995, 
objectives:
-18.069952928596173, 0.7978541659757461, 90.20187286447555, 

parameters:
1.1058723966891357, -71.38535307866599, 10.951374168231707, 
objectives:
-81.11377348913872, -59.63451473943185, 5087.140213755335, 

parameters:
0.2512829085880779, -76.0634734038166, 6.970683210152514, 
objectives:
-82.97101351382064, -66.03477872786792, 5779.744446143111, 

parameters:
1.6039759977718961, -5.636000046658687, 19.403387282470835, 
objectives:
-22.466648327701172, 13.924222246152913, 15.93384824489424, 

