Generation 2294 at Fri May 24 19:48:20 2019
parameters:
4.9186737281369615, -14.333205378987318, 0, 
objectives:
9.860145864877436, -5.814549047670408, 230.63412768009573, 

parameters:
0.051044676920685594, -100.0, 20, 
objectives:
-119.99739444095806, -76.2015731486408, 9981.002605559042, 

parameters:
-0.09310337269809921, -0.38187417318528993, 20, 
objectives:
-20.37320593517753, 23.999207555614866, -18.84550387784629, 

parameters:
1.9973066371654076, -100, 0, 
objectives:
-96.01076619713501, -99.99999274579665, 10004.989233802866, 

parameters:
-1.705860281267693, -0.572488668312932, 1.5616617619394406, 
objectives:
0.7758088689543203, 14.722573517903973, 2.6760408126139668, 

parameters:
0.7826210672461009, -97.0623763517841, 14.841317476663216, 
objectives:
-111.2911980935499, -80.73904740920786, 9407.87608131361, 

parameters:
0.5684876957928667, -3.9637908975149916, 8.654475548074645, 
objectives:
-12.295088185321752, 6.739912127656069, 8.38034099141594, 

parameters:
1.4242219320602074, -63.15800946247035, 0.06646571693568637, 
objectives:
-61.196067067644734, -62.76002336201419, 3991.89610165632, 

parameters:
6.039986054666384, -44.50115932068837, 0.0, 
objectives:
-8.01972778012398, -28.179671998789516, 2017.8346124258542, 

parameters:
0.4606399338373526, -90.30975904285901, 15.990577546152931, 
objectives:
-106.08814744036627, -71.94955208340981, 8141.0741899817485, 

parameters:
-1.6076577177869948, -53.8404854970852, 15.203120415542225, 
objectives:
-66.45904257506733, -25.622170872834907, 2887.1793214838594, 

parameters:
-0.898568351102996, -47.33893329988361, 2.307912059339078, 
objectives:
-48.83942027761873, -36.62932275452858, 2240.4741189930937, 

parameters:
-0.8473499752437403, -69.43622242542841, 11.721118931400502, 
objectives:
-80.43933937628334, -49.60770161250738, 4811.385867762713, 

parameters:
-1.956031787289887, -65.99073604748969, 12.896514451311532, 
objectives:
-75.06119014591275, -37.444034094130146, 4346.706789991033, 

parameters:
2.9840070324789822, -46.73043032294547, 1.2465999397713277, 
objectives:
-39.07273229283278, -44.51556054320605, 2192.3908161977743, 

parameters:
3.8908853655551274, -55.533476421481645, 15.246278465987002, 
objectives:
-55.64076595957759, -36.71175048982409, 3084.859713917162, 

parameters:
3.1648288449515354, -20.532728586051405, 18.292241932741746, 
objectives:
-28.80882890095588, -0.8836604152785306, 414.316842873548, 

parameters:
3.9601702383994413, -30.161736869915337, 11.570154410827637, 
objectives:
-26.04894296363829, -14.749315095580776, 914.8431649162873, 

parameters:
0.629784991266702, -94.7719559737274, 3.1447735876199676, 
objectives:
-97.52010042612257, -89.74969321594945, 8979.975494633729, 

parameters:
2.6454821701619213, -72.44641421723414, 5.481723750333024, 
objectives:
-70.92956205492253, -66.54804323490417, 5250.999785097376, 

parameters:
-0.045683581474427526, -85.2471180436674, 5.374102638237874, 
objectives:
-90.61913369228894, -75.68819408991548, 7262.699119102343, 

parameters:
0.23959187925607436, -81.81746045159503, 20.0, 
objectives:
-101.76005618298957, -58.71842370001386, 6675.154239016922, 

parameters:
2.1666818250139928, -92.4719855303609, 6.016966686589831, 
objectives:
-93.79444208610475, -86.42723601298107, 8550.745651371531, 

parameters:
3.1480851053098022, -87.54777451200195, 0.06021394614086676, 
objectives:
-77.69754862786938, -86.16946115682687, 7675.463047888471, 

parameters:
0.38107736937605496, -85.84868637928253, 0.5277275098682686, 
objectives:
-86.23119392770022, -82.7000483854679, 7370.614445499992, 

parameters:
3.5240157140207296, -40.601597978225215, 16.658175431100922, 
objectives:
-44.841086656661105, -21.620798650542177, 1645.2502697069858, 

parameters:
2.2410988973867467, -34.24991554238365, 12.884260877949819, 
objectives:
-42.111652152465375, -21.307525986112722, 1166.194978050331, 

parameters:
-0.26838642350395536, -100, 4.283312934979714, 
objectives:
-104.21128166265848, -90.57111009868322, 9996.78871833734, 

parameters:
1.6164383044190085, -75.47940865598409, 9.262718989618335, 
objectives:
-82.12925485360942, -66.06957009204879, 5691.49128485942, 

parameters:
-0.5934184328460681, -72.9133953086486, 11.119241525559758, 
objectives:
-83.68049139776687, -55.06833461526308, 5306.596119346142, 

parameters:
1.3878218804745164, -80.89793359742175, 16.528811294319873, 
objectives:
-95.5006953198178, -63.99436025307613, 6530.872898610463, 

parameters:
-0.9637857782166346, -37.86031568643416, 15.621537665947983, 
objectives:
-52.5529703260895, -13.454751881326999, 1419.7108492367975, 

parameters:
1.0491677435542068, -77.72865237674219, 17.698835113935804, 
objectives:
-94.32673453656336, -59.12573528290859, 6026.145318144608, 

parameters:
3.110197297721913, -27.640889633840597, 13.64897585060381, 
objectives:
-31.61653825368772, -12.75937574336775, 761.0431311303095, 

parameters:
1.323118129589841, -25.15587498031684, 20, 
objectives:
-43.40523339546752, -4.697705913826887, 615.5686876101802, 

parameters:
0.9303597558574659, -73.64009112348117, 12.707729913454285, 
objectives:
-85.4822517616163, -59.78823095813759, 5412.020860036475, 

parameters:
3.091633183924199, -27.88683012132705, 13.2887169046586, 
objectives:
-31.61735128204437, -13.40645020842397, 774.9447730550364, 

parameters:
3.096063712849458, -39.52816606866881, 11.425949155532704, 
objectives:
-41.36850471017834, -26.900861250510765, 1561.6355741107507, 

parameters:
-0.6846725752769611, -73.0133243629885, 6.705647751014434, 
objectives:
-79.25019557866655, -59.10020977552984, 5325.708663319292, 

