Generation 2297 at Fri May 24 19:48:20 2019
parameters:
4.9186737281369615, -14.333205378987318, 0, 
objectives:
9.860145864877436, -5.814549047670408, 230.63412768009573, 

parameters:
0.051044676920685594, -100.0, 20, 
objectives:
-119.99739444095806, -76.2015731486408, 9981.002605559042, 

parameters:
-0.09310337269809921, -0.38187417318528993, 20, 
objectives:
-20.37320593517753, 23.999207555614866, -18.84550387784629, 

parameters:
1.9973066371654076, -100, 0, 
objectives:
-96.01076619713501, -99.99999274579665, 10004.989233802866, 

parameters:
6.039986054666384, -44.50115932068837, 0.0, 
objectives:
-8.01972778012398, -28.179671998789516, 2017.8346124258542, 

parameters:
0.7826210672461009, -97.0623763517841, 14.841317476663216, 
objectives:
-111.2911980935499, -80.73904740920786, 9407.87608131361, 

parameters:
1.4242219320602074, -63.15800946247035, 0.06646571693568637, 
objectives:
-61.196067067644734, -62.76002336201419, 3991.89610165632, 

parameters:
1.6264902342568655, -5.202293382118663, 14.441149743241871, 
objectives:
-16.99797264322758, 9.378365906228698, 16.26817717252672, 

parameters:
2.9840070324789822, -46.73043032294547, 1.2465999397713277, 
objectives:
-39.07273229283278, -44.51556054320605, 2192.3908161977743, 

parameters:
-1.956031787289887, -65.99073604748969, 12.896514451311532, 
objectives:
-75.06119014591275, -37.444034094130146, 4346.706789991033, 

parameters:
-1.46849077419201, -30.685919370531433, 6.625821364472127, 
objectives:
-35.15527558111651, -12.029669755404218, 938.1562914041712, 

parameters:
-2.463191873241482, -55.89342474425507, 18.059543838129848, 
objectives:
-67.88565437798204, -17.913799208756416, 3113.0827000079785, 

parameters:
-0.8473499752437403, -69.43622242542841, 11.721118931400502, 
objectives:
-80.43933937628334, -49.60770161250738, 4811.385867762713, 

parameters:
2.1666818250139928, -92.4719855303609, 6.016966686589831, 
objectives:
-93.79444208610475, -86.42723601298107, 8550.745651371531, 

parameters:
2.26977027640805, -51.92872149508228, 1.644451086922769, 
objectives:
-48.42131547433957, -50.211494406126235, 2701.099522134563, 

parameters:
-0.898568351102996, -47.33893329988361, 2.307912059339078, 
objectives:
-48.83942027761873, -36.62932275452858, 2240.4741189930937, 

parameters:
-1.6076577177869948, -53.8404854970852, 15.203120415542225, 
objectives:
-66.45904257506733, -25.622170872834907, 2887.1793214838594, 

parameters:
0.4606399338373526, -90.30975904285901, 15.990577546152931, 
objectives:
-106.08814744036627, -71.94955208340981, 8141.0741899817485, 

parameters:
0.23959187925607436, -81.81746045159503, 20.0, 
objectives:
-101.76005618298957, -58.71842370001386, 6675.154239016922, 

parameters:
-1.3834607772270395, -100, 0.0, 
objectives:
-98.08603627787436, -88.5521931689662, 10002.913963722125, 

parameters:
0.9001294222858727, -0.2002736989050895, 1.1873862118040825, 
objectives:
-0.5774269338444732, 2.196827800620201, 0.6629563195337429, 

parameters:
0.38107736937605496, -85.84868637928253, 0.5277275098682686, 
objectives:
-86.23119392770022, -82.7000483854679, 7370.614445499992, 

parameters:
0.3615098684633673, -76.69256649769778, 16.03490604554691, 
objectives:
-92.59678315824829, -57.973010541007945, 5866.845539343245, 

parameters:
4.42952237264533, -16.231016610442026, 0, 
objectives:
3.389651839323488, -10.328437651257833, 284.0665686582105, 

parameters:
-0.5934184328460681, -72.9133953086486, 11.119241525559758, 
objectives:
-83.68049139776687, -55.06833461526308, 5306.596119346142, 

parameters:
-1.2331849349856416, -81.18562162451951, 1.8431925340966662, 
objectives:
-81.50806907474065, -68.88894426660474, 6591.782711109429, 

parameters:
0.5684876957928667, -3.9637908975149916, 8.654475548074645, 
objectives:
-12.295088185321752, 6.739912127656069, 8.38034099141594, 

parameters:
2.6454821701619213, -72.44641421723414, 5.481723750333024, 
objectives:
-70.92956205492253, -66.54804323490417, 5250.999785097376, 

parameters:
-0.045683581474427526, -85.2471180436674, 5.374102638237874, 
objectives:
-90.61913369228894, -75.68819408991548, 7262.699119102343, 

parameters:
3.9601702383994413, -30.161736869915337, 11.570154410827637, 
objectives:
-26.04894296363829, -14.749315095580776, 914.8431649162873, 

parameters:
3.8908853655551274, -55.533476421481645, 15.246278465987002, 
objectives:
-55.64076595957759, -36.71175048982409, 3084.859713917162, 

parameters:
2.257582016982084, -90.01490200327578, 3.2414188104965604, 
objectives:
-88.15964425037144, -86.70713469730667, 8105.537840412247, 

parameters:
-0.4026162107890614, -20.62839168017848, 1.1632251902355262, 
objectives:
-21.629517057223865, -13.692601833596568, 425.5294179338114, 

parameters:
1.6164383044190085, -75.47940865598409, 9.262718989618335, 
objectives:
-82.12925485360942, -66.06957009204879, 5691.49128485942, 

parameters:
3.1648288449515354, -20.532728586051405, 18.292241932741746, 
objectives:
-28.80882890095588, -0.8836604152785306, 414.316842873548, 

parameters:
2.9038800398331253, -18.583295715158613, 16.55726496439505, 
objectives:
-26.70804139381243, -1.2090316243548322, 338.2141339583786, 

parameters:
-0.7175372416854399, -90.07534968730332, 0, 
objectives:
-89.56048999409776, -82.69034102735601, 8115.0834809831795, 

