[!]Generation 23 at Sun May 26 02:43:06 2019
size of front generated: 51
[!!!]Points in the front:
parameters:
0, 0.0, 20.0, 
objectives:
-20.0, 24.0, -19.0, 

parameters:
0, 0.0, 20.0, 
objectives:
-20.0, 24.0, -19.0, 

parameters:
2.0424615457574675, 0.0004241449050747924, 20.0, 
objectives:
-15.827926689196943, 20.00222712777319, -14.827926689196943, 

parameters:
1.9191174552673014, 0.0, 20.0, 
objectives:
-16.316988192888356, 20.006541986042436, -15.316988192888358, 

parameters:
1.0031051378912585, 0.0, 20.0, 
objectives:
-18.99378008233616, 20.993799366098806, -17.99378008233616, 

parameters:
0.2902186865762674, 0.003396254107164497, 20.0, 
objectives:
-19.91237685985478, 22.92674839384015, -18.91237685985478, 

parameters:
0.9089947113989686, 0, 20.0, 
objectives:
-19.173728614648706, 21.19029253975542, -18.173728614648706, 

parameters:
1.270853711101257, 0, 20.0, 
objectives:
-18.38493084498016, 20.531654310614808, -17.38493084498016, 

parameters:
1.6671566342413675, 0.0005158126335899468, 20.0, 
objectives:
-17.220072944271404, 20.111300518763123, -16.220072944271404, 

parameters:
0.3666080040257206, 0, 20.0, 
objectives:
-19.86559857138428, 22.66796941251284, -18.86559857138428, 

parameters:
1.6027176990492378, 0.006890061228069026, 20.0, 
objectives:
-17.424405915926247, 20.1647232878768, -16.424405915926247, 

parameters:
1.3151729450667051, 0.0, 20.0, 
objectives:
-18.27032012456457, 20.46898809516861, -17.27032012456457, 

parameters:
0.1548707693102986, 0, 20.0, 
objectives:
-19.976015044813238, 23.40450187794557, -18.976015044813238, 

parameters:
0.44095253245027616, 0, 20.0, 
objectives:
-19.805560864125688, 22.430629006073207, -18.805560864125688, 

parameters:
0.03421977299195485, 0, 20.0, 
objectives:
-19.99882900713638, 23.8642919008958, -18.99882900713638, 

parameters:
1.7799663680936728, 0.0, 20.0, 
objectives:
-16.83171972845542, 20.04841479916989, -15.83171972845542, 

parameters:
0.7875970951601725, 0.013975187812345038, 20.0, 
objectives:
-19.365715627882913, 21.4838959914764, -18.365715627882913, 

parameters:
0.18807826539857736, 0.00037053355497673496, 20.0, 
objectives:
-19.964256032529686, 23.283430905876006, -18.964256032529686, 

parameters:
1.8188622083277686, 0.013908744996193307, 20.0, 
objectives:
-16.67783152212084, 20.046719644568086, -15.67783152212084, 

parameters:
0.5000496572434621, 0.0056553455948692355, 20.0, 
objectives:
-19.744294994695828, 22.255506376330324, -18.744294994695828, 

parameters:
1.5671644670980711, 0.0, 20.0, 
objectives:
-17.543995533065218, 20.187346598542497, -16.543995533065218, 

parameters:
1.73264024941367, 0.0, 20.0, 
objectives:
-16.997957766111735, 20.071481236233584, -15.997957766111735, 

parameters:
1.375687804463833, 0.0004140524701786081, 20.0, 
objectives:
-18.107069012179302, 20.390179769965368, -17.107069012179302, 

parameters:
1.2020788649679792, 0.0007160440865147573, 20.0, 
objectives:
-18.55429035831078, 20.637394181817303, -17.55429035831078, 

parameters:
0.7319349712390374, 0.001736789601408006, 20.0, 
objectives:
-19.4625344082759, 21.60972570676795, -18.4625344082759, 

parameters:
1.8600287558084947, 1.0487162017129423e-05, 20.0, 
objectives:
-16.540282540403485, 20.019602436362536, -15.540282540403487, 

parameters:
0.848174614921404, 0.0, 20.0, 
objectives:
-19.280599822602927, 21.326701717711455, -18.280599822602927, 

parameters:
1.7020685779112177, 0.009649013669118266, 20.0, 
objectives:
-17.093313542418166, 20.098412145936962, -16.093313542418166, 

parameters:
1.5208509541550492, 0.0008842458419297397, 20.0, 
objectives:
-17.68612812940375, 20.230468053976058, -16.68612812940375, 

parameters:
0.66517540201185, 0.0, 20.0, 
objectives:
-19.557541684558373, 21.781756707394226, -18.557541684558373, 

parameters:
1.4264771590954077, 0.0, 20.0, 
objectives:
-17.965162914579096, 20.328928449039275, -16.965162914579096, 

parameters:
1.0630639787644225, 0.0007768185784053871, 20.0, 
objectives:
-18.86911815847515, 20.87862592646716, -17.86911815847515, 

parameters:
1.157849136775954, 0.0007837939984139098, 20.0, 
objectives:
-18.658601582468766, 20.71000187042742, -17.658601582468766, 

parameters:
1.0721247394078213, 0.0003470683186857555, 20.0, 
objectives:
-18.850201474831024, 20.86129956753769, -17.850201474831024, 

parameters:
1.4585823077129387, 6.225700250958729e-06, 20.0, 
objectives:
-17.872531425926546, 20.293139343221696, -16.872531425926546, 

parameters:
0.7004552462508914, 0.0, 20.0, 
objectives:
-19.509362447999603, 21.68881656699683, -18.509362447999603, 

parameters:
1.8846660813726481, 0.0010214433580497326, 20.0, 
objectives:
-16.447012318365417, 20.01432335614399, -15.447012318365417, 

parameters:
0.6174725099266521, 0.0, 20.0, 
objectives:
-19.61872769948488, 21.911382260808512, -18.61872769948488, 

parameters:
0.8744662374996606, 0.000824313369050846, 20.0, 
objectives:
-19.234484486104137, 21.26765056389722, -18.234484486104137, 

parameters:
1.3955930983468545, 0, 20.0, 
objectives:
-18.052319903846627, 20.365307702765953, -17.052319903846627, 

parameters:
1.1253738331704561, 0.0, 20.0, 
objectives:
-18.733533735615236, 20.76497093170294, -17.733533735615232, 

parameters:
0.5600724713694273, 0, 20.0, 
objectives:
-19.68631882681414, 22.073391287708148, -18.68631882681414, 

parameters:
0.5969624753059019, 0.00013757659417664206, 20.0, 
objectives:
-19.643498226482475, 21.96865187229392, -18.643498226482475, 

parameters:
1.1920634628692681, 0.0004490138547093037, 20.0, 
objectives:
-18.57853568663742, 20.653210461885507, -17.57853568663742, 

parameters:
1.9075284220028004, 0, 20.0, 
objectives:
-16.361335319251506, 20.00855099273729, -15.361335319251506, 

parameters:
1.4792300761065091, 0.004103034591487435, 20.0, 
objectives:
-17.807775347350443, 20.27530434822352, -16.807775347350443, 

parameters:
1.1264375104737665, 3.886455902373419e-05, 20.0, 
objectives:
-18.73109967043864, 20.763150287666296, -17.73109967043864, 

parameters:
1.5015579802104728, 0.002848641880809982, 20.0, 
objectives:
-17.742474990185436, 20.251293088972673, -16.742474990185436, 

parameters:
0.5627905495902523, 0.0, 20.0, 
objectives:
-19.683266797291903, 22.06557100434709, -18.683266797291903, 

parameters:
1.4929683212552327, 0.0, 20.0, 
objectives:
-17.77104559172833, 20.257081123250735, -16.77104559172833, 

parameters:
0, 0.0, 20.0, 
objectives:
-20.0, 24.0, -19.0, 

size of all points: 80
[!!!]All points:
0, 0.0, 20.0, -20.0, 24.0, -19.0, 

0, 0.0, 20.0, -20.0, 24.0, -19.0, 

2.048357973035493, 0.0005269160720332198, 20.0, -15.803702698229895, 20.002865409628136, -14.803702698229895, 

1.9503308162912567, 0.004204677231703633, 20.0, -16.192005029792977, 20.006671705041995, -15.192005029792977, 

1.2020788649679792, 0.0007160440865147573, 20.0, -18.55429035831078, 20.637394181817303, -17.55429035831078, 

1.0031051378912585, 0.0, 20.0, -18.99378008233616, 20.993799366098806, -17.99378008233616, 

0.9089947113989686, 0, 20.0, -19.173728614648706, 21.19029253975542, -18.173728614648706, 

1.3151729450667051, 0.0, 20.0, -18.27032012456457, 20.46898809516861, -17.27032012456457, 

1.1253738331704561, 0.0, 20.0, -18.733533735615236, 20.76497093170294, -17.733533735615232, 

0.1548707693102986, 0, 20.0, -19.976015044813238, 23.40450187794557, -18.976015044813238, 

1.3955930983468545, 0, 20.0, -18.052319903846627, 20.365307702765953, -17.052319903846627, 

1.270853711101257, 0, 20.0, -18.38493084498016, 20.531654310614808, -17.38493084498016, 

1.6671566342413675, 0.0005158126335899468, 20.0, -17.220072944271404, 20.111300518763123, -16.220072944271404, 

1.6027176990492378, 0.006890061228069026, 20.0, -17.424405915926247, 20.1647232878768, -16.424405915926247, 

0.848174614921404, 0.0, 20.0, -19.280599822602927, 21.326701717711455, -18.280599822602927, 

0.44095253245027616, 0, 20.0, -19.805560864125688, 22.430629006073207, -18.805560864125688, 

1.7799663680936728, 0.0, 20.0, -16.83171972845542, 20.04841479916989, -15.83171972845542, 

0.7875970951601725, 0.013975187812345038, 20.0, -19.365715627882913, 21.4838959914764, -18.365715627882913, 

0.18807826539857736, 0.00037053355497673496, 20.0, -19.964256032529686, 23.283430905876006, -18.964256032529686, 

0.5000496572434621, 0.0056553455948692355, 20.0, -19.744294994695828, 22.255506376330324, -18.744294994695828, 

1.5208509541550492, 0.0008842458419297397, 20.0, -17.68612812940375, 20.230468053976058, -16.68612812940375, 

1.8188622083277686, 0.013908744996193307, 20.0, -16.67783152212084, 20.046719644568086, -15.67783152212084, 

0.5627905495902523, 0.0, 20.0, -19.683266797291903, 22.06557100434709, -18.683266797291903, 

1.5671644670980711, 0.0, 20.0, -17.543995533065218, 20.187346598542497, -16.543995533065218, 

1.73264024941367, 0.0, 20.0, -16.997957766111735, 20.071481236233584, -15.997957766111735, 

0.6174725099266521, 0.0, 20.0, -19.61872769948488, 21.911382260808512, -18.61872769948488, 

0.2902186865762674, 0.003396254107164497, 20.0, -19.91237685985478, 22.92674839384015, -18.91237685985478, 

1.9075284220028004, 0, 20.0, -16.361335319251506, 20.00855099273729, -15.361335319251506, 

0.7319349712390374, 0.001736789601408006, 20.0, -19.4625344082759, 21.60972570676795, -18.4625344082759, 

1.8600287558084947, 1.0487162017129423e-05, 20.0, -16.540282540403485, 20.019602436362536, -15.540282540403487, 

1.7020685779112177, 0.009649013669118266, 20.0, -17.093313542418166, 20.098412145936962, -16.093313542418166, 

0.3666080040257206, 0, 20.0, -19.86559857138428, 22.66796941251284, -18.86559857138428, 

0.66517540201185, 0.0, 20.0, -19.557541684558373, 21.781756707394226, -18.557541684558373, 

1.4792300761065091, 0.004103034591487435, 20.0, -17.807775347350443, 20.27530434822352, -16.807775347350443, 

1.4264771590954077, 0.0, 20.0, -17.965162914579096, 20.328928449039275, -16.965162914579096, 

1.0630639787644225, 0.0007768185784053871, 20.0, -18.86911815847515, 20.87862592646716, -17.86911815847515, 

1.0721247394078213, 0.0003470683186857555, 20.0, -18.850201474831024, 20.86129956753769, -17.850201474831024, 

1.4585823077129387, 6.225700250958729e-06, 20.0, -17.872531425926546, 20.293139343221696, -16.872531425926546, 

0.7004552462508914, 0.0, 20.0, -19.509362447999603, 21.68881656699683, -18.509362447999603, 

1.8846660813726481, 0.0010214433580497326, 20.0, -16.447012318365417, 20.01432335614399, -15.447012318365417, 

1.59426772057304, 1.1333785810648165, 20.0, -16.324931854074027, 21.297997263633814, -15.324931854074027, 

4.587561895238677, 9.069957689515961, 20.0, 10.11568183216184, 35.76543425120714, 11.11568183216184, 

1.8374874631636726, 34.223366820672105, 20.0, 17.599726997955777, 54.24977714530108, 18.59972699795577, 

0.5969624753059019, 0.00013757659417664206, 20.0, -19.643498226482475, 21.96865187229392, -18.643498226482475, 

5.245377994116366, 66.68812382486875, 20.0, 74.20211412602899, 97.22060214956352, 75.20211412602899, 

0.8744662374996606, 0.000824313369050846, 20.0, -19.234484486104137, 21.26765056389722, -18.234484486104137, 

1.4929683212552327, 0.0, 20.0, -17.77104559172833, 20.257081123250735, -16.77104559172833, 

3.247014316999502, 0.0, 20.0, -9.456898025200259, 21.555044706801734, -8.456898025200259, 

2.0424615457574675, 0.0004241449050747924, 20.0, -15.827926689196943, 20.00222712777319, -14.827926689196943, 

1.1264375104737665, 3.886455902373419e-05, 20.0, -18.73109967043864, 20.763150287666296, -17.73109967043864, 

6.861633200126331, 0.0, 20.0, 27.082010173075915, 43.63547737257059, 28.082010173075915, 

0, 7.758170525259144, 20.0, -12.241829474740856, 31.758170525259146, -11.241829474740856, 

1.375687804463833, 0.0004140524701786081, 20.0, -18.107069012179302, 20.390179769965368, -17.107069012179302, 

0, 0.00011879530279555219, 20.0, -19.999881204697203, 24.000118795302797, -18.999881204697203, 

1.4088395536994813, 54.47304000431809, 20.0, 36.45786889238624, 74.82251067758831, 37.45786889238624, 

14.044565845413107, 2.4195923650066626e-05, 20.0, 177.24985398206803, 165.07159060041562, 178.24985398206803, 

1.5015579802104728, 0.002848641880809982, 20.0, -17.742474990185436, 20.251293088972673, -16.742474990185436, 

1.157849136775954, 0.0007837939984139098, 20.0, -18.658601582468766, 20.71000187042742, -17.658601582468766, 

0.1853773503254489, 1.1261024780085713, 20.0, -18.839532759977743, 24.41895783872046, -17.839532759977743, 

0.03421977299195485, 0, 20.0, -19.99882900713638, 23.8642919008958, -18.99882900713638, 

0.35312891918379946, 8.143275602330899, 20.0, -11.732024364105182, 30.855459959159617, -10.732024364105182, 

5.376947027349587, 5.877440773440705, 20.0, 14.789000108364263, 37.281211998965915, 15.789000108364263, 

2.660587196406142, 0.00032077288409863955, 20.0, -12.920954997435606, 20.436696216939826, -11.920954997435606, 

0, 3.2749256176727923e-05, 20.0, -19.999967250743822, 24.000032749256178, -18.999967250743822, 

0.7197186927405104, 34.82215240153463, 20.0, 15.34014739821474, 56.4612726272527, 16.34014739821474, 

9.11554941185133, 1.3760290998470721, 20.0, 64.4692701797502, 72.00707253234488, 65.4692701797502, 

1.9191174552673014, 0.0, 20.0, -16.316988192888356, 20.006541986042436, -15.316988192888358, 

0, 0.0, 20.0, -20.0, 24.0, -19.0, 

2.9962345120810743, 29.000071019257277, 20.0, 17.97749227064299, 49.99255422231869, 18.97749227064299, 

5.2068373877183864, 22.733338688073378, 20.0, 29.844494270215407, 53.017144719341864, 30.844494270215407, 

18.286070688067348, 0.000636527179771354, 20.0, 314.38101773617564, 285.2367349839062, 315.38101773617564, 

10.347969065013476, 0, 20.0, 87.08046377047587, 89.68858751042197, 88.08046377047587, 

22.82315157685872, 26.047305333002157, 20.0, 526.9435532332709, 479.65094692583597, 527.9435532332709, 

0.5600724713694273, 0, 20.0, -19.68631882681414, 22.073391287708148, -18.68631882681414, 

5.943135153268692, 0.0007290275021542764, 20.0, 15.321584477520233, 35.549043864445466, 16.321584477520233, 

5.290927082143401, 0, 20.0, 7.993909388558485, 30.83020105998488, 8.993909388558485, 

1.1920634628692681, 0.0004490138547093037, 20.0, -18.57853568663742, 20.653210461885507, -17.57853568663742, 

0, 0.0001854967281509163, 20.0, -19.99981450327185, 24.00018549672815, -18.99981450327185, 

18.212253562414908, 0.00048093147963434367, 20.0, 311.6866607531741, 282.83764650351446, 312.6866607531741, 

0.7660613365266011, 12.098404057472791, 20.0, -7.3147459712062854, 33.62100868268731, -6.3147459712062854, 

