Generation 2307 at Fri May 24 19:48:20 2019
parameters:
0.051044676920685594, -100.0, 20, 
objectives:
-119.99739444095806, -76.2015731486408, 9981.002605559042, 

parameters:
2.9806827382433085, -5.4484868843606105, 0.5863930180912739, 
objectives:
2.8495896836097425, -3.900355233180943, 38.98408589701995, 

parameters:
-0.09310337269809921, -0.38187417318528993, 20, 
objectives:
-20.37320593517753, 23.999207555614866, -18.84550387784629, 

parameters:
1.9973066371654076, -100, 0, 
objectives:
-96.01076619713501, -99.99999274579665, 10004.989233802866, 

parameters:
-0.5431254886501546, -95.13374434196176, 16.705034514532876, 
objectives:
-111.54379356007317, -71.96122257640678, 9035.01926330363, 

parameters:
4.4949124000717795, -43.30359288127661, 3.2777126106876096, 
objectives:
-26.37706800764517, -33.80129238655707, 1893.1276813009815, 

parameters:
2.9840070324789822, -46.73043032294547, 1.2465999397713277, 
objectives:
-39.07273229283278, -44.51556054320605, 2192.3908161977743, 

parameters:
-4.372143825768003, -71.3675651152457, 14.885953009954605, 
objectives:
-67.13787649199904, -15.87739516901781, 5098.559039102081, 

parameters:
0.3615098684633673, -76.69256649769778, 16.03490604554691, 
objectives:
-92.59678315824829, -57.973010541007945, 5866.845539343245, 

parameters:
0.4606399338373526, -90.30975904285901, 15.990577546152931, 
objectives:
-106.08814744036627, -71.94955208340981, 8141.0741899817485, 

parameters:
4.156131353291567, -97.58425251101241, 0.60833184890429, 
objectives:
-80.91915653410351, -92.3270182494612, 9540.351434109942, 

parameters:
0.38107736937605496, -85.84868637928253, 0.5277275098682686, 
objectives:
-86.23119392770022, -82.7000483854679, 7370.614445499992, 

parameters:
-0.6823450398732246, -58.45496025448326, 2.7577051605013367, 
objectives:
-60.74707066154501, -48.502280181049436, 3415.6902679461564, 

parameters:
-1.6076577177869948, -53.8404854970852, 15.203120415542225, 
objectives:
-66.45904257506733, -25.622170872834907, 2887.1793214838594, 

parameters:
-1.6225215594450288, -12.364705858136034, 4.504627024325118, 
objectives:
-14.236756671597224, 5.262583614833127, 152.01390014476237, 

parameters:
1.4242219320602074, -63.15800946247035, 0.06646571693568637, 
objectives:
-61.196067067644734, -62.76002336201419, 3991.89610165632, 

parameters:
2.1666818250139928, -92.4719855303609, 6.016966686589831, 
objectives:
-93.79444208610475, -86.42723601298107, 8550.745651371531, 

parameters:
-0.34361936373936897, -73.9656621675202, 15.488882477353286, 
objectives:
-89.33647037773683, -52.98422796807279, 5456.548371669512, 

parameters:
0.5026424597759542, -84.69596437369364, 15.919195379867705, 
objectives:
-100.36251031119173, -66.53468939056013, 7158.739835252484, 

parameters:
-1.2331849349856416, -81.18562162451951, 1.8431925340966662, 
objectives:
-81.50806907474065, -68.88894426660474, 6591.782711109429, 

parameters:
1.8878582450714103, -35.023767712156804, 14.02608449898497, 
objectives:
-45.485843457657666, -20.98510743997337, 1217.2022290096165, 

parameters:
1.2603253192765462, -82.52941542981601, 2.0700341659481967, 
objectives:
-83.01102968535469, -79.91226263056447, 6811.622796931614, 

parameters:
-1.6489182505395565, -14.395330429687764, 18.710946877024217, 
objectives:
-30.38734590974955, 17.630220846457107, 192.23352269983272, 

parameters:
2.8446393052008534, -9.031672312045558, 2.0577863886988093, 
objectives:
-2.997485924050774, -6.260470367456569, 88.60529114016514, 

parameters:
2.1609514149496016, -71.54363017500731, 6.980791150913126, 
objectives:
-73.85471030814774, -64.53693366611991, 5117.179938485076, 

parameters:
3.1169524087514118, -56.08843556706192, 8.464796722970156, 
objectives:
-54.83783997161085, -46.376056160676185, 3148.163199955908, 

parameters:
3.2703086445470073, -25.365431958923708, 4.375104582996008, 
objectives:
-19.045617911320832, -19.376643323516845, 650.7249525103911, 

parameters:
-0.1769064739650747, -39.41699733743697, 12.296516066629016, 
objectives:
-51.68221750353523, -22.381559474416896, 1542.4344589334146, 

parameters:
2.118651438062086, -54.979832183091915, 0.5997035434023148, 
objectives:
-51.090851810491685, -54.3660504759354, 3027.6709272535495, 

parameters:
1.430565102309013, -9.810490199580912, 0, 
objectives:
-7.763973687636515, -9.486234096872566, 99.29223446801751, 

parameters:
3.1601313568790723, -63.00816219164833, 0.3407944287130015, 
objectives:
-53.36252642763097, -61.32146299772125, 3980.67413853308, 

parameters:
-1.46849077419201, -30.685919370531433, 6.625821364472127, 
objectives:
-35.15527558111651, -12.029669755404218, 938.1562914041712, 

parameters:
-1.370902859444071, -18.64378986399651, 20, 
objectives:
-36.76441521396458, 12.719196223811705, 330.47027514289096, 

parameters:
0.14091775035398446, -8.203763543012425, 14.872996710456853, 
objectives:
-23.056902441104448, 10.125419978393317, 53.44859737156775, 

parameters:
1.2152908201276267, -33.32490114018073, 3.8478656467668486, 
objectives:
-35.69583500946109, -28.861266996437905, 1109.1781021335385, 

parameters:
-0.025578297023847174, -72.20778292235542, 6.096829712664319, 
objectives:
-78.3039583857411, -62.00798577231707, 5208.867739098617, 

parameters:
-2.7014074645900226, -29.10813932057947, 19.019951000990776, 
objectives:
-40.83048803182755, 12.015043828514095, 836.5614259950165, 

parameters:
2.446111342294154, -100, 9.967637332361498, 
objectives:
-103.9841766334614, -89.833347337915, 9997.015823366539, 

parameters:
0.6846546487533371, 4.6896713856396985, 16.700684636537094, 
objectives:
-11.54226126283784, 23.120489415223, 6.761085056810231, 

parameters:
2.7741502112331196, -16.708499132230905, 1.7577113083620823, 
objectives:
-10.770301046108226, -14.351479274316539, 286.1121413378836, 

parameters:
2.6704624394353798, -26.260898778505307, 10.664585708586024, 
objectives:
-29.79411484665617, -15.146793187225644, 687.1015885867507, 

