Generation 2311 at Fri May 24 19:48:20 2019
parameters:
5.30577301484305, -2.7225479727245627, 2.5743981674717498, 
objectives:
22.854281144840392, 10.779985420411695, 33.98909658135158, 

parameters:
0.051044676920685594, -100.0, 20, 
objectives:
-119.99739444095806, -76.2015731486408, 9981.002605559042, 

parameters:
-0.09310337269809921, -0.38187417318528993, 20, 
objectives:
-20.37320593517753, 23.999207555614866, -18.84550387784629, 

parameters:
1.9973066371654076, -100, 0, 
objectives:
-96.01076619713501, -99.99999274579665, 10004.989233802866, 

parameters:
2.9806827382433085, -5.4484868843606105, 0.5863930180912739, 
objectives:
2.8495896836097425, -3.900355233180943, 38.98408589701995, 

parameters:
4.156131353291567, -97.58425251101241, 0.60833184890429, 
objectives:
-80.91915653410351, -92.3270182494612, 9540.351434109942, 

parameters:
-0.5431254886501546, -95.13374434196176, 16.705034514532876, 
objectives:
-111.54379356007317, -71.96122257640678, 9035.01926330363, 

parameters:
-2.501694743554827, -54.96748702732945, 11.234977381719641, 
objectives:
-59.94398781911924, -23.46725408146064, 3017.4481293078416, 

parameters:
0.6422712576939704, -61.4443015484289, 17.723710449224512, 
objectives:
-78.75549962919362, -41.87716376152048, 3759.0909946934976, 

parameters:
0.3615098684633673, -76.69256649769778, 16.03490604554691, 
objectives:
-92.59678315824829, -57.973010541007945, 5866.845539343245, 

parameters:
0.4606399338373526, -90.30975904285901, 15.990577546152931, 
objectives:
-106.08814744036627, -71.94955208340981, 8141.0741899817485, 

parameters:
2.534595203150613, -58.72958766612675, 11.18981488649498, 
objectives:
-63.495229708787626, -47.253980748400124, 3445.3988253906064, 

parameters:
-0.5682458380738393, -68.987125502815, 8.694709700763342, 
objectives:
-77.3589318710901, -53.69652911726807, 4751.851678772873, 

parameters:
0.38107736937605496, -85.84868637928253, 0.5277275098682686, 
objectives:
-86.23119392770022, -82.7000483854679, 7370.614445499992, 

parameters:
1.7935580725468407, -49.90798570071148, 11.45432166592455, 
objectives:
-58.14545680703809, -38.41104576537636, 2483.569565596095, 

parameters:
1.8878582450714103, -35.023767712156804, 14.02608449898497, 
objectives:
-45.485843457657666, -20.98510743997337, 1217.2022290096165, 

parameters:
0.5026424597759542, -84.69596437369364, 15.919195379867705, 
objectives:
-100.36251031119173, -66.53468939056013, 7158.739835252484, 

parameters:
-0.34361936373936897, -73.9656621675202, 15.488882477353286, 
objectives:
-89.33647037773683, -52.98422796807279, 5456.548371669512, 

parameters:
3.0572962260291123, -40.06236855053659, 6.842987339650121, 
objectives:
-37.55829567649486, -32.101505901311064, 1608.4974467530649, 

parameters:
2.1666818250139928, -92.4719855303609, 6.016966686589831, 
objectives:
-93.79444208610475, -86.42723601298107, 8550.745651371531, 

parameters:
1.430565102309013, -9.810490199580912, 0, 
objectives:
-7.763973687636515, -9.486234096872566, 99.29223446801751, 

parameters:
3.93676008013584, -29.263297981571665, 12.129970601052078, 
objectives:
-25.895188654072598, -13.382287772511804, 860.7087180857554, 

parameters:
3.2703086445470073, -25.365431958923708, 4.375104582996008, 
objectives:
-19.045617911320832, -19.376643323516845, 650.7249525103911, 

parameters:
-2.8260681508412953, -41.68829038831936, 20, 
objectives:
-53.70162919511982, 1.6026434082453598, 1726.9002166940397, 

parameters:
3.4537813392348324, -79.18164004717516, 0.5902823108647519, 
objectives:
-67.84331681879317, -76.47787755400299, 6282.070443788796, 

parameters:
2.1609514149496016, -71.54363017500731, 6.980791150913126, 
objectives:
-73.85471030814774, -64.53693366611991, 5117.179938485076, 

parameters:
2.9840070324789822, -46.73043032294547, 1.2465999397713277, 
objectives:
-39.07273229283278, -44.51556054320605, 2192.3908161977743, 

parameters:
4.150858100317548, -31.397000780884124, 19.871636417439774, 
objectives:
-34.03901422935209, -6.899173795742737, 984.1296445863704, 

parameters:
4.4949124000717795, -43.30359288127661, 3.2777126106876096, 
objectives:
-26.37706800764517, -33.80129238655707, 1893.1276813009815, 

parameters:
-0.5793480927998838, -23.835327520953907, 18.591528073777553, 
objectives:
-42.091211382100596, 1.409237136654042, 550.866954169996, 

parameters:
0.20728516828961552, -17.874313305647334, 20, 
objectives:
-37.83134616465448, 5.339513162187059, 300.5340432894342, 

parameters:
0.769592455559267, -71.95898074945694, 0.022776878576121658, 
objectives:
-71.38948508037932, -70.42230114546415, 5179.6644061697925, 

parameters:
1.3909716431923775, 1.677318939965535, 15.665165910878917, 
objectives:
-12.053044858748079, 17.713400390240245, -9.916964972346507, 

parameters:
3.201028694192334, -82.15150057505733, 3.94694560339365, 
objectives:
-75.85186147740829, -76.76208504739034, 6756.168685831293, 

parameters:
1.2603253192765462, -82.52941542981601, 2.0700341659481967, 
objectives:
-83.01102968535469, -79.91226263056447, 6811.622796931614, 

parameters:
-0.6119555230816439, -91.9974581790591, 5.337506726602198, 
objectives:
-96.96047534343117, -79.8376397979002, 8459.569294243354, 

parameters:
-1.6489182505395565, -14.395330429687764, 18.710946877024217, 
objectives:
-30.38734590974955, 17.630220846457107, 192.23352269983272, 

parameters:
0.33645917169556183, 1.469895572452332, 11.460236212602336, 
objectives:
-9.87713586593194, 15.697499872490484, -8.186438444469303, 

