Generation 2313 at Fri May 24 19:48:20 2019
parameters:
5.30577301484305, -2.7225479727245627, 2.5743981674717498, 
objectives:
22.854281144840392, 10.779985420411695, 33.98909658135158, 

parameters:
0.051044676920685594, -100.0, 20, 
objectives:
-119.99739444095806, -76.2015731486408, 9981.002605559042, 

parameters:
-0.09310337269809921, -0.38187417318528993, 20, 
objectives:
-20.37320593517753, 23.999207555614866, -18.84550387784629, 

parameters:
1.9973066371654076, -100, 0, 
objectives:
-96.01076619713501, -99.99999274579665, 10004.989233802866, 

parameters:
-2.501694743554827, -54.96748702732945, 11.234977381719641, 
objectives:
-59.94398781911924, -23.46725408146064, 3017.4481293078416, 

parameters:
-1.5180379532249126, -68.84922133798325, 5.642025008733166, 
objectives:
-72.18680711928513, -50.83060528891915, 4737.877693065307, 

parameters:
0.6422712576939704, -61.4443015484289, 17.723710449224512, 
objectives:
-78.75549962919362, -41.87716376152048, 3759.0909946934976, 

parameters:
3.4537813392348324, -79.18164004717516, 0.5902823108647519, 
objectives:
-67.84331681879317, -76.47787755400299, 6282.070443788796, 

parameters:
-0.5431254886501546, -95.13374434196176, 16.705034514532876, 
objectives:
-111.54379356007317, -71.96122257640678, 9035.01926330363, 

parameters:
4.479624423196871, -16.21106568016038, 14.92438193202308, 
objectives:
-11.068412639281563, 4.861853531977113, 268.9413035273526, 

parameters:
2.9806827382433085, -5.4484868843606105, 0.5863930180912739, 
objectives:
2.8495896836097425, -3.900355233180943, 38.98408589701995, 

parameters:
1.8878582450714103, -35.023767712156804, 14.02608449898497, 
objectives:
-45.485843457657666, -20.98510743997337, 1217.2022290096165, 

parameters:
0.3615098684633673, -76.69256649769778, 16.03490604554691, 
objectives:
-92.59678315824829, -57.973010541007945, 5866.845539343245, 

parameters:
1.7935580725468407, -49.90798570071148, 11.45432166592455, 
objectives:
-58.14545680703809, -38.41104576537636, 2483.569565596095, 

parameters:
2.1666818250139928, -92.4719855303609, 6.016966686589831, 
objectives:
-93.79444208610475, -86.42723601298107, 8550.745651371531, 

parameters:
-2.8260681508412953, -41.68829038831936, 20, 
objectives:
-53.70162919511982, 1.6026434082453598, 1726.9002166940397, 

parameters:
3.2703086445470073, -25.365431958923708, 4.375104582996008, 
objectives:
-19.045617911320832, -19.376643323516845, 650.7249525103911, 

parameters:
1.430565102309013, -9.810490199580912, 0, 
objectives:
-7.763973687636515, -9.486234096872566, 99.29223446801751, 

parameters:
3.0572962260291123, -40.06236855053659, 6.842987339650121, 
objectives:
-37.55829567649486, -32.101505901311064, 1608.4974467530649, 

parameters:
1.1279385740575905, -8.345491619548424, 20, 
objectives:
-27.073246192701355, 12.414999511068284, 51.919475798800036, 

parameters:
4.3737102297053685, -1.5417474200799433, 6.770678557400283, 
objectives:
10.816915195949163, 10.863431391928252, 15.735647723352267, 

parameters:
0.13738355295759092, -58.79056001927122, 10.564057024124505, 
objectives:
-69.33574280277247, -44.75716296635383, 3446.78476459603, 

parameters:
3.93676008013584, -29.263297981571665, 12.129970601052078, 
objectives:
-25.895188654072598, -13.382287772511804, 860.7087180857554, 

parameters:
4.156131353291567, -97.58425251101241, 0.60833184890429, 
objectives:
-80.91915653410351, -92.3270182494612, 9540.351434109942, 

parameters:
4.150858100317548, -31.397000780884124, 19.871636417439774, 
objectives:
-34.03901422935209, -6.899173795742737, 984.1296445863704, 

parameters:
2.1609514149496016, -71.54363017500731, 6.980791150913126, 
objectives:
-73.85471030814774, -64.53693366611991, 5117.179938485076, 

parameters:
-0.34361936373936897, -73.9656621675202, 15.488882477353286, 
objectives:
-89.33647037773683, -52.98422796807279, 5456.548371669512, 

parameters:
4.1782253971534065, -83.5854355254945, 8.645840769555246, 
objectives:
-74.77370882563201, -70.19492887513513, 6996.336758686461, 

parameters:
2.9840070324789822, -46.73043032294547, 1.2465999397713277, 
objectives:
-39.07273229283278, -44.51556054320605, 2192.3908161977743, 

parameters:
0.4606399338373526, -90.30975904285901, 15.990577546152931, 
objectives:
-106.08814744036627, -71.94955208340981, 8141.0741899817485, 

parameters:
-0.18979071895923072, -87.19943036582447, 11.067737924909938, 
objectives:
-98.23114777373134, -71.33650904807455, 7593.708938716363, 

parameters:
4.4949124000717795, -43.30359288127661, 3.2777126106876096, 
objectives:
-26.37706800764517, -33.80129238655707, 1893.1276813009815, 

parameters:
-0.5301645626927954, -97.90738053764528, 11.159534191573972, 
objectives:
-108.785840265684, -80.3461136317649, 9575.976704015242, 

parameters:
0.42027088646114463, -100, 4.212144900101925, 
objectives:
-104.03551728209509, -93.29231102773582, 9996.964482717904, 

parameters:
0.38107736937605496, -85.84868637928253, 0.5277275098682686, 
objectives:
-86.23119392770022, -82.7000483854679, 7370.614445499992, 

parameters:
0.5026424597759542, -84.69596437369364, 15.919195379867705, 
objectives:
-100.36251031119173, -66.53468939056013, 7158.739835252484, 

parameters:
2.550381450815564, -74.69843623271618, 5.289825400602791, 
objectives:
-73.48381608865486, -69.10569109071153, 5582.070995757226, 

parameters:
3.0311723605172, -99.54884758522348, 17.08823189605499, 
objectives:
-107.44907360211506, -81.39729925207388, 9903.072829529163, 

parameters:
0.9860893215461668, -84.71944465418804, 1.4506224493200461, 
objectives:
-85.1976949534407, -82.24080734098527, 7177.906052214778, 

