Generation 2315 at Fri May 24 19:48:20 2019
parameters:
0.051044676920685594, -100.0, 20, 
objectives:
-119.99739444095806, -76.2015731486408, 9981.002605559042, 

parameters:
5.30577301484305, -2.7225479727245627, 2.5743981674717498, 
objectives:
22.854281144840392, 10.779985420411695, 33.98909658135158, 

parameters:
-0.09310337269809921, -0.38187417318528993, 20, 
objectives:
-20.37320593517753, 23.999207555614866, -18.84550387784629, 

parameters:
1.9973066371654076, -100, 0, 
objectives:
-96.01076619713501, -99.99999274579665, 10004.989233802866, 

parameters:
1.7864136452425252, -86.82074026206178, 1.2286633881549978, 
objectives:
-84.85812993830808, -85.54645774296819, 7540.803549976148, 

parameters:
-2.8260681508412953, -41.68829038831936, 20, 
objectives:
-53.70162919511982, 1.6026434082453598, 1726.9002166940397, 

parameters:
3.0572962260291123, -40.06236855053659, 6.842987339650121, 
objectives:
-37.55829567649486, -32.101505901311064, 1608.4974467530649, 

parameters:
1.7935580725468407, -49.90798570071148, 11.45432166592455, 
objectives:
-58.14545680703809, -38.41104576537636, 2483.569565596095, 

parameters:
0.4606399338373526, -90.30975904285901, 15.990577546152931, 
objectives:
-106.08814744036627, -71.94955208340981, 8141.0741899817485, 

parameters:
-0.5431254886501546, -95.13374434196176, 16.705034514532876, 
objectives:
-111.54379356007317, -71.96122257640678, 9035.01926330363, 

parameters:
2.1609514149496016, -71.54363017500731, 6.980791150913126, 
objectives:
-73.85471030814774, -64.53693366611991, 5117.179938485076, 

parameters:
2.9806827382433085, -5.4484868843606105, 0.5863930180912739, 
objectives:
2.8495896836097425, -3.900355233180943, 38.98408589701995, 

parameters:
3.4537813392348324, -79.18164004717516, 0.5902823108647519, 
objectives:
-67.84331681879317, -76.47787755400299, 6282.070443788796, 

parameters:
2.3581160648734465, -27.08792093726245, 10.763758900343815, 
objectives:
-32.29096846219203, -16.19591492099819, 729.5524131784518, 

parameters:
-1.5180379532249126, -68.84922133798325, 5.642025008733166, 
objectives:
-72.18680711928513, -50.83060528891915, 4737.877693065307, 

parameters:
0.7348714870183534, -80.61826819005807, 18.838350573522206, 
objectives:
-98.91658266114771, -60.179367462176714, 6482.00685149304, 

parameters:
-2.501694743554827, -54.96748702732945, 11.234977381719641, 
objectives:
-59.94398781911924, -23.46725408146064, 3017.4481293078416, 

parameters:
-0.34361936373936897, -73.9656621675202, 15.488882477353286, 
objectives:
-89.33647037773683, -52.98422796807279, 5456.548371669512, 

parameters:
0.6422712576939704, -61.4443015484289, 17.723710449224512, 
objectives:
-78.75549962919362, -41.87716376152048, 3759.0909946934976, 

parameters:
4.3737102297053685, -1.5417474200799433, 6.770678557400283, 
objectives:
10.816915195949163, 10.863431391928252, 15.735647723352267, 

parameters:
1.8878582450714103, -35.023767712156804, 14.02608449898497, 
objectives:
-45.485843457657666, -20.98510743997337, 1217.2022290096165, 

parameters:
0.0001831060705708154, -97.60695365817021, 0, 
objectives:
-97.60695362464237, -93.60768604892466, 9528.117402461716, 

parameters:
2.1666818250139928, -92.4719855303609, 6.016966686589831, 
objectives:
-93.79444208610475, -86.42723601298107, 8550.745651371531, 

parameters:
0.3615098684633673, -76.69256649769778, 16.03490604554691, 
objectives:
-92.59678315824829, -57.973010541007945, 5866.845539343245, 

parameters:
1.958911325832391, -13.806352792221146, 3.1750377821735603, 
objectives:
-13.14405699192029, -10.629626730902732, 192.27767322357352, 

parameters:
4.1321487433793305, -63.51490578306304, 13.29910698827664, 
objectives:
-59.7393595339283, -45.66974053089234, 4038.91880288051, 

parameters:
1.430565102309013, -9.810490199580912, 0, 
objectives:
-7.763973687636515, -9.486234096872566, 99.29223446801751, 

parameters:
3.2038869236455647, -6.097314044129501, 20, 
objectives:
-15.83242262462246, 15.352029680795281, 28.442129972245894, 

parameters:
3.671106648918907, -54.85523134966863, 7.758151675772347, 
objectives:
-49.13635899770437, -44.3044822418353, 3015.815278777632, 

parameters:
4.150858100317548, -31.397000780884124, 19.871636417439774, 
objectives:
-34.03901422935209, -6.899173795742737, 984.1296445863704, 

parameters:
3.2703086445470073, -25.365431958923708, 4.375104582996008, 
objectives:
-19.045617911320832, -19.376643323516845, 650.7249525103911, 

parameters:
0.13738355295759092, -58.79056001927122, 10.564057024124505, 
objectives:
-69.33574280277247, -44.75716296635383, 3446.78476459603, 

parameters:
-0.6821798116349801, -100, 0, 
objectives:
-99.53463070459766, -92.80591145805774, 10001.465369295402, 

