Generation 2320 at Fri May 24 19:48:21 2019
parameters:
2.9806827382433085, -5.4484868843606105, 0.5863930180912739, 
objectives:
2.8495896836097425, -3.900355233180943, 38.98408589701995, 

parameters:
0.051044676920685594, -100.0, 20, 
objectives:
-119.99739444095806, -76.2015731486408, 9981.002605559042, 

parameters:
-0.09310337269809921, -0.38187417318528993, 20, 
objectives:
-20.37320593517753, 23.999207555614866, -18.84550387784629, 

parameters:
1.9973066371654076, -100, 0, 
objectives:
-96.01076619713501, -99.99999274579665, 10004.989233802866, 

parameters:
1.5683194945921515, 1.1218812711359938, 5.431337344947066, 
objectives:
-1.8498300366932905, 6.7395666748322345, -0.7130937213035713, 

parameters:
0.19924983384410755, -48.05594483787084, 17.143435370773393, 
objectives:
-65.15967971235733, -27.669808306186976, 2293.270099385999, 

parameters:
3.0572962260291123, -40.06236855053659, 6.842987339650121, 
objectives:
-37.55829567649486, -32.101505901311064, 1608.4974467530649, 

parameters:
0.4606399338373526, -90.30975904285901, 15.990577546152931, 
objectives:
-106.08814744036627, -71.94955208340981, 8141.0741899817485, 

parameters:
-2.836268478685027, -20.705676926560677, 14.810526593927227, 
objectives:
-27.471784637305625, 17.494342465288938, 422.95894927636226, 

parameters:
0.5381784571912782, -94.60644883214114, 20, 
objectives:
-114.31681278035636, -72.46952660912147, 8931.669796680324, 

parameters:
0.3615098684633673, -76.69256649769778, 16.03490604554691, 
objectives:
-92.59678315824829, -57.973010541007945, 5866.845539343245, 

parameters:
0.6235968484820573, -83.58157607888133, 0.8139111262302412, 
objectives:
-84.00661417567481, -80.87317931714256, 6986.454821733034, 

parameters:
1.8878582450714103, -35.023767712156804, 14.02608449898497, 
objectives:
-45.485843457657666, -20.98510743997337, 1217.2022290096165, 

parameters:
2.4211148501660156, -62.901643910107296, 15.304289798743433, 
objectives:
-72.34413659115631, -47.420016394333516, 3948.1743139128894, 

parameters:
-0.674113216445508, -52.257181035052874, 3.0409367792961746, 
objectives:
-54.84368918576254, -42.06536276138816, 2729.22646157958, 

parameters:
2.1666818250139928, -92.4719855303609, 6.016966686589831, 
objectives:
-93.79444208610475, -86.42723601298107, 8550.745651371531, 

parameters:
0.6422712576939704, -61.4443015484289, 17.723710449224512, 
objectives:
-78.75549962919362, -41.87716376152048, 3759.0909946934976, 

parameters:
2.1609514149496016, -71.54363017500731, 6.980791150913126, 
objectives:
-73.85471030814774, -64.53693366611991, 5117.179938485076, 

parameters:
4.427751810335861, -49.21382570664366, 4.2586237291922915, 
objectives:
-33.86746334190346, -39.061223124862316, 2438.3470030486405, 

parameters:
1.958911325832391, -13.806352792221146, 3.1750377821735603, 
objectives:
-13.14405699192029, -10.629626730902732, 192.27767322357352, 

parameters:
0.0001831060705708154, -97.60695365817021, 0, 
objectives:
-97.60695362464237, -93.60768604892466, 9528.117402461716, 

parameters:
1.430565102309013, -9.810490199580912, 0, 
objectives:
-7.763973687636515, -9.486234096872566, 99.29223446801751, 

parameters:
-1.5180379532249126, -68.84922133798325, 5.642025008733166, 
objectives:
-72.18680711928513, -50.83060528891915, 4737.877693065307, 

parameters:
0.3992688278373199, -57.09666529493567, 0.2282154451946455, 
objectives:
-57.16546514324772, -54.306109564207716, 3260.9603879535994, 

parameters:
1.7864136452425252, -86.82074026206178, 1.2286633881549978, 
objectives:
-84.85812993830808, -85.54645774296819, 7540.803549976148, 

parameters:
3.9967643407731646, -74.45077390616208, 15.861308887653554, 
objectives:
-74.33795759813968, -54.60239718592524, 5544.030551534487, 

parameters:
-1.8305350528958528, -97.468679428872, 6.265806037104546, 
objectives:
-100.38362688609611, -76.52987460030361, 9498.22852215099, 

parameters:
2.3581160648734465, -27.08792093726245, 10.763758900343815, 
objectives:
-32.29096846219203, -16.19591492099819, 729.5524131784518, 

parameters:
0.9921483090259726, -31.175127120428165, 11.607140589222064, 
objectives:
-41.79790944254713, -18.552221500206898, 962.2657686527367, 

parameters:
0.1582112097769981, -37.27363885885611, 20, 
objectives:
-57.24860807195701, -13.881452911065004, 1370.3491845673273, 

parameters:
1.4046371489002987, -33.424116421971064, 20, 
objectives:
-51.45111090190031, -13.069659497501497, 1100.1445641095465, 

parameters:
0.38492576378486426, -69.32834187843284, 16.88100438482382, 
objectives:
-86.0611784196313, -49.83887270512311, 4790.686151071667, 

parameters:
0.7348714870183534, -80.61826819005807, 18.838350573522206, 
objectives:
-98.91658266114771, -60.179367462176714, 6482.00685149304, 

parameters:
3.4537813392348324, -79.18164004717516, 0.5902823108647519, 
objectives:
-67.84331681879317, -76.47787755400299, 6282.070443788796, 

parameters:
-0.9799646162638855, -82.43829332653677, 3.7553082347848967, 
objectives:
-85.23327091219244, -69.8027959775671, 6794.27722900646, 

parameters:
-0.4322148168262081, -6.67750893047245, 20, 
objectives:
-26.490699282588338, 19.238159984716496, 25.77593516442343, 

parameters:
1.9400302200561341, -100.0, 16.391682110099854, 
objectives:
-112.6279648553688, -83.60472151539363, 9988.372035144632, 

parameters:
0.6264090499838808, -100, 0.5095669362600638, 
objectives:
-100.11717863835835, -97.60368096577376, 10000.882821361642, 

