Generation 2323 at Fri May 24 19:48:21 2019
parameters:
2.9806827382433085, -5.4484868843606105, 0.5863930180912739, 
objectives:
2.8495896836097425, -3.900355233180943, 38.98408589701995, 

parameters:
0.051044676920685594, -100.0, 20, 
objectives:
-119.99739444095806, -76.2015731486408, 9981.002605559042, 

parameters:
-0.09310337269809921, -0.38187417318528993, 20, 
objectives:
-20.37320593517753, 23.999207555614866, -18.84550387784629, 

parameters:
1.9973066371654076, -100, 0, 
objectives:
-96.01076619713501, -99.99999274579665, 10004.989233802866, 

parameters:
3.0572962260291123, -40.06236855053659, 6.842987339650121, 
objectives:
-37.55829567649486, -32.101505901311064, 1608.4974467530649, 

parameters:
0.19924983384410755, -48.05594483787084, 17.143435370773393, 
objectives:
-65.15967971235733, -27.669808306186976, 2293.270099385999, 

parameters:
-0.674113216445508, -52.257181035052874, 3.0409367792961746, 
objectives:
-54.84368918576254, -42.06536276138816, 2729.22646157958, 

parameters:
1.8878582450714103, -35.023767712156804, 14.02608449898497, 
objectives:
-45.485843457657666, -20.98510743997337, 1217.2022290096165, 

parameters:
0.3615098684633673, -76.69256649769778, 16.03490604554691, 
objectives:
-92.59678315824829, -57.973010541007945, 5866.845539343245, 

parameters:
0.6235968484820573, -83.58157607888133, 0.8139111262302412, 
objectives:
-84.00661417567481, -80.87317931714256, 6986.454821733034, 

parameters:
-1.2266394902150397, -59.22678433235402, 5.124341677900372, 
objectives:
-62.84648157129938, -43.69124025463847, 3505.1922851122304, 

parameters:
2.1609514149496016, -71.54363017500731, 6.980791150913126, 
objectives:
-73.85471030814774, -64.53693366611991, 5117.179938485076, 

parameters:
-0.12031735743180949, -88.58760987877386, 0.5046407125794312, 
objectives:
-89.07777432485392, -83.58722346996782, 7848.274459587753, 

parameters:
0.6422712576939704, -61.4443015484289, 17.723710449224512, 
objectives:
-78.75549962919362, -41.87716376152048, 3759.0909946934976, 

parameters:
-1.5180379532249126, -68.84922133798325, 5.642025008733166, 
objectives:
-72.18680711928513, -50.83060528891915, 4737.877693065307, 

parameters:
0.9921483090259726, -31.175127120428165, 11.607140589222064, 
objectives:
-41.79790944254713, -18.552221500206898, 962.2657686527367, 

parameters:
-0.44976437404948166, -13.397201059328012, 18.08866780610554, 
objectives:
-31.28358087326943, 10.692812235139577, 162.59861641011818, 

parameters:
0.40300968589547503, -1.1105059593430013, 4.52127137922417, 
objectives:
-5.469360531641602, 5.961143483224838, -2.1256310865622807, 

parameters:
0.4606399338373526, -90.30975904285901, 15.990577546152931, 
objectives:
-106.08814744036627, -71.94955208340981, 8141.0741899817485, 

parameters:
0.5381784571912782, -94.60644883214114, 20, 
objectives:
-114.31681278035636, -72.46952660912147, 8931.669796680324, 

parameters:
0.1582112097769981, -37.27363885885611, 20, 
objectives:
-57.24860807195701, -13.881452911065004, 1370.3491845673273, 

parameters:
1.7102431737007455, -75.87192522068028, 7.209775438059362, 
objectives:
-80.15676894554964, -68.5781907642339, 5753.264192967631, 

parameters:
-1.244981852400564, -25.88850414333382, 14.096004464812466, 
objectives:
-38.434528795339546, -1.2625924561123565, 658.6686221274066, 

parameters:
1.662717315441483, -85.1602084789937, 4.5727914262322065, 
objectives:
-86.96837103415696, -80.47365744345849, 7251.452945630506, 

parameters:
2.8710580619981894, -3.723196695562887, 18.55603181854563, 
objectives:
-14.036254118743718, 15.591577270354785, 4.54913621066957, 

parameters:
-1.8305350528958528, -97.468679428872, 6.265806037104546, 
objectives:
-100.38362688609611, -76.52987460030361, 9498.22852215099, 

parameters:
-1.9865611483338323, -22.237056004775116, 15.301382502876852, 
objectives:
-33.592013311582534, 8.956996287506499, 484.13170245269765, 

parameters:
1.2891864491022154, -68.3160325324981, 3.686189899274944, 
objectives:
-70.34022073122426, -64.12458672908323, 4666.056112782613, 

parameters:
1.430565102309013, -9.810490199580912, 0, 
objectives:
-7.763973687636515, -9.486234096872566, 99.29223446801751, 

parameters:
2.477400027347192, -95.47781244363505, 20, 
objectives:
-109.34030154813517, -75.24990165752395, 9103.150179917451, 

parameters:
-1.1610410829154794, -2.2608746451626303, 16.16459546311057, 
objectives:
-17.07745371205565, 23.895901545827407, -8.70502490575377, 

parameters:
1.958911325832391, -13.806352792221146, 3.1750377821735603, 
objectives:
-13.14405699192029, -10.629626730902732, 192.27767322357352, 

parameters:
0.961612293138483, -63.07654967946077, 2.972980846337783, 
objectives:
-65.1248323234835, -59.02531980336187, 3977.6028368214597, 

parameters:
2.1666818250139928, -92.4719855303609, 6.016966686589831, 
objectives:
-93.79444208610475, -86.42723601298107, 8550.745651371531, 

parameters:
0.9290718882330016, -99.46331039724511, 0, 
objectives:
-98.60013582374027, -98.31642337667228, 9894.813289752232, 

parameters:
0.5018792990398324, -66.92463745200936, 19.46211208689098, 
objectives:
-86.13486670809563, -45.21815973047299, 4460.696868826809, 

parameters:
0.7136640861321075, -97.16059699617817, 0.9589120579794405, 
objectives:
-97.61019262632284, -94.54702485489238, 9440.732013023602, 

parameters:
0.9670273805879188, -92.21529356378625, 1.406562879458654, 
objectives:
-92.68671448843816, -89.74169825187255, 8504.188946130627, 

parameters:
1.6690122379556032, -65.32137133667463, 20, 
objectives:
-82.53576948622906, -45.211818438051466, 4250.667155154183, 

parameters:
-0.3867813794007117, -96.1671811190866, 1.0524335262422622, 
objectives:
-97.07001480987776, -89.41802223979037, 9248.223890700418, 

