Generation 2324 at Fri May 24 19:48:21 2019
parameters:
2.9806827382433085, -5.4484868843606105, 0.5863930180912739, 
objectives:
2.8495896836097425, -3.900355233180943, 38.98408589701995, 

parameters:
0.051044676920685594, -100.0, 20, 
objectives:
-119.99739444095806, -76.2015731486408, 9981.002605559042, 

parameters:
-0.09310337269809921, -0.38187417318528993, 20, 
objectives:
-20.37320593517753, 23.999207555614866, -18.84550387784629, 

parameters:
1.9973066371654076, -100, 0, 
objectives:
-96.01076619713501, -99.99999274579665, 10004.989233802866, 

parameters:
0.3615098684633673, -76.69256649769778, 16.03490604554691, 
objectives:
-92.59678315824829, -57.973010541007945, 5866.845539343245, 

parameters:
-0.12031735743180949, -88.58760987877386, 0.5046407125794312, 
objectives:
-89.07777432485392, -83.58722346996782, 7848.274459587753, 

parameters:
0.6422712576939704, -61.4443015484289, 17.723710449224512, 
objectives:
-78.75549962919362, -41.87716376152048, 3759.0909946934976, 

parameters:
-1.2266394902150397, -59.22678433235402, 5.124341677900372, 
objectives:
-62.84648157129938, -43.69124025463847, 3505.1922851122304, 

parameters:
-0.674113216445508, -52.257181035052874, 3.0409367792961746, 
objectives:
-54.84368918576254, -42.06536276138816, 2729.22646157958, 

parameters:
0.6235968484820573, -83.58157607888133, 0.8139111262302412, 
objectives:
-84.00661417567481, -80.87317931714256, 6986.454821733034, 

parameters:
1.2891864491022154, -68.3160325324981, 3.686189899274944, 
objectives:
-70.34022073122426, -64.12458672908323, 4666.056112782613, 

parameters:
-1.8305350528958528, -97.468679428872, 6.265806037104546, 
objectives:
-100.38362688609611, -76.52987460030361, 9498.22852215099, 

parameters:
0.19924983384410755, -48.05594483787084, 17.143435370773393, 
objectives:
-65.15967971235733, -27.669808306186976, 2293.270099385999, 

parameters:
-0.44976437404948166, -13.397201059328012, 18.08866780610554, 
objectives:
-31.28358087326943, 10.692812235139577, 162.59861641011818, 

parameters:
2.1609514149496016, -71.54363017500731, 6.980791150913126, 
objectives:
-73.85471030814774, -64.53693366611991, 5117.179938485076, 

parameters:
-1.5180379532249126, -68.84922133798325, 5.642025008733166, 
objectives:
-72.18680711928513, -50.83060528891915, 4737.877693065307, 

parameters:
3.0572962260291123, -40.06236855053659, 6.842987339650121, 
objectives:
-37.55829567649486, -32.101505901311064, 1608.4974467530649, 

parameters:
0.4606399338373526, -90.30975904285901, 15.990577546152931, 
objectives:
-106.08814744036627, -71.94955208340981, 8141.0741899817485, 

parameters:
0.1582112097769981, -37.27363885885611, 20, 
objectives:
-57.24860807195701, -13.881452911065004, 1370.3491845673273, 

parameters:
2.8710580619981894, -3.723196695562887, 18.55603181854563, 
objectives:
-14.036254118743718, 15.591577270354785, 4.54913621066957, 

parameters:
1.7102431737007455, -75.87192522068028, 7.209775438059362, 
objectives:
-80.15676894554964, -68.5781907642339, 5753.264192967631, 

parameters:
-1.244981852400564, -25.88850414333382, 14.096004464812466, 
objectives:
-38.434528795339546, -1.2625924561123565, 658.6686221274066, 

parameters:
0.9921483090259726, -31.175127120428165, 11.607140589222064, 
objectives:
-41.79790944254713, -18.552221500206898, 962.2657686527367, 

parameters:
1.430565102309013, -9.810490199580912, 0, 
objectives:
-7.763973687636515, -9.486234096872566, 99.29223446801751, 

parameters:
0.5381784571912782, -94.60644883214114, 20, 
objectives:
-114.31681278035636, -72.46952660912147, 8931.669796680324, 

parameters:
-0.7467117385118329, -94.0272063157316, 15.467253456923377, 
objectives:
-108.93688135222361, -71.01552748432954, 8827.205852504665, 

parameters:
2.477400027347192, -95.47781244363505, 20, 
objectives:
-109.34030154813517, -75.24990165752395, 9103.150179917451, 

parameters:
1.8878582450714103, -35.023767712156804, 14.02608449898497, 
objectives:
-45.485843457657666, -20.98510743997337, 1217.2022290096165, 

parameters:
3.183211375246827, -43.426822322852814, 13.619734251562923, 
objectives:
-46.913721914914944, -28.407098912776405, 1883.4019974685652, 

parameters:
0.40300968589547503, -1.1105059593430013, 4.52127137922417, 
objectives:
-5.469360531641602, 5.961143483224838, -2.1256310865622807, 

parameters:
-1.9865611483338323, -22.237056004775116, 15.301382502876852, 
objectives:
-33.592013311582534, 8.956996287506499, 484.13170245269765, 

parameters:
0.035021101306928704, -86.11070190436374, 2.3151468298782807, 
objectives:
-88.42462225670528, -79.93441300217641, 7413.739062109851, 

parameters:
3.5003705226783035, -44.119688296628716, 12.05979634941503, 
objectives:
-43.92689085000857, -29.808780241891718, 1947.739692838297, 

parameters:
3.028405359880655, -20.973003360845716, 0, 
objectives:
-11.801764337091837, -19.915385776614457, 450.03810899779955, 

parameters:
1.662717315441483, -85.1602084789937, 4.5727914262322065, 
objectives:
-86.96837103415696, -80.47365744345849, 7251.452945630506, 

parameters:
-0.7775780509890087, -7.4807806943315365, 5.559570436399453, 
objectives:
-12.435723505351124, 5.793729571403817, 52.007136985663834, 

