Generation 2334 at Fri May 24 19:48:21 2019
parameters:
2.9806827382433085, -5.4484868843606105, 0.5863930180912739, 
objectives:
2.8495896836097425, -3.900355233180943, 38.98408589701995, 

parameters:
0.051044676920685594, -100.0, 20, 
objectives:
-119.99739444095806, -76.2015731486408, 9981.002605559042, 

parameters:
-0.09310337269809921, -0.38187417318528993, 20, 
objectives:
-20.37320593517753, 23.999207555614866, -18.84550387784629, 

parameters:
1.9973066371654076, -100, 0, 
objectives:
-96.01076619713501, -99.99999274579665, 10004.989233802866, 

parameters:
0.6235968484820573, -83.58157607888133, 0.8139111262302412, 
objectives:
-84.00661417567481, -80.87317931714256, 6986.454821733034, 

parameters:
1.9825626015705076, -46.357578216502695, 5.246705660930299, 
objectives:
-47.673729408286974, -41.11056849270841, 2148.708906907381, 

parameters:
2.067696608909605, -40.86680863533805, 19.155104598661655, 
objectives:
-55.74654396750343, -21.707121205818535, 1656.2163127051754, 

parameters:
-1.2361555989211233, -62.96600669476432, 4.153314461002844, 
objectives:
-65.59124049102313, -48.33998917333294, 3963.0927652888463, 

parameters:
0.5381784571912782, -94.60644883214114, 20, 
objectives:
-114.31681278035636, -72.46952660912147, 8931.669796680324, 

parameters:
1.2891864491022154, -68.3160325324981, 3.686189899274944, 
objectives:
-70.34022073122426, -64.12458672908323, 4666.056112782613, 

parameters:
0.12083655906638036, -50.97349241931165, 2.46345140740448, 
objectives:
-53.42234235270912, -44.97878577416569, 2596.8480794882244, 

parameters:
2.8710580619981894, -3.723196695562887, 18.55603181854563, 
objectives:
-14.036254118743718, 15.591577270354785, 4.54913621066957, 

parameters:
0.19924983384410755, -48.05594483787084, 17.143435370773393, 
objectives:
-65.15967971235733, -27.669808306186976, 2293.270099385999, 

parameters:
-0.22800544475305662, -25.971904451370378, 8.89010463463448, 
objectives:
-34.810022603167816, -12.117791554886633, 666.7017026793151, 

parameters:
-1.6216196496242354, -79.45107014497823, 5.95516203134075, 
objectives:
-82.77658188827155, -60.37977922709311, 6310.1470354389585, 

parameters:
0.40300968589547503, -1.1105059593430013, 4.52127137922417, 
objectives:
-5.469360531641602, 5.961143483224838, -2.1256310865622807, 

parameters:
1.7102431737007455, -75.87192522068028, 7.209775438059362, 
objectives:
-80.15676894554964, -68.5781907642339, 5753.264192967631, 

parameters:
-0.20421215179481977, -97.1303932089477, 3.965282305525535, 
objectives:
-101.05397291153255, -88.3065596933022, 9431.389705222207, 

parameters:
0.4606399338373526, -90.30975904285901, 15.990577546152931, 
objectives:
-106.08814744036627, -71.94955208340981, 8141.0741899817485, 

parameters:
-0.5764506689870961, -87.87305708347215, 3.7836538158301805, 
objectives:
-91.32441552552666, -77.45130521791792, 7719.222802753101, 

parameters:
3.69636277337962, -30.97264554689863, 2.0344853487585266, 
objectives:
-19.34403314323048, -26.060513539231906, 971.9333845774877, 

parameters:
0.9921483090259726, -31.175127120428165, 11.607140589222064, 
objectives:
-41.79790944254713, -18.552221500206898, 962.2657686527367, 

parameters:
1.8910573825510526, -73.51562253166283, 18.416005723133107, 
objectives:
-88.3555302306951, -55.08774831463309, 5390.706848518899, 

parameters:
2.1609514149496016, -71.54363017500731, 6.980791150913126, 
objectives:
-73.85471030814774, -64.53693366611991, 5117.179938485076, 

parameters:
0.23388214946831742, -57.50361730573878, 3.1665332812272977, 
objectives:
-60.615449727126155, -51.21791176254483, 3304.554170823473, 

parameters:
3.779245650740278, -11.983004891705077, 12.75343606187344, 
objectives:
-10.45374326493921, 3.936146255846559, 146.1216678613937, 

parameters:
-1.4260864957458224, -46.44236133066163, 17.17769817161124, 
objectives:
-61.58633680892427, -17.526594482718508, 2142.7489504894725, 

parameters:
0.3615098684633673, -76.69256649769778, 16.03490604554691, 
objectives:
-92.59678315824829, -57.973010541007945, 5866.845539343245, 

parameters:
0.4673173790663818, -55.500146722441016, 2.968845067936094, 
objectives:
-58.250606257599635, -50.18218563799298, 3078.515826677322, 

parameters:
-1.469317765744068, -9.156373609599367, 18.468367456997044, 
objectives:
-25.46584636986527, 21.34815960710509, 68.52970491830183, 

parameters:
1.7546368137368455, -91.73976372422852, 1.7231294240953658, 
objectives:
-90.38414280020329, -89.95643120695995, 8418.539869101302, 

parameters:
-0.6456402283264359, -93.98892128088391, 11.314749249010028, 
objectives:
-104.88681922546053, -75.67475981413475, 8824.019425599618, 

parameters:
1.3462087729775736, -97.7036492693541, 3.0285151495843734, 
objectives:
-98.9198863584967, -94.24769115123823, 9545.786843459817, 

parameters:
-1.075538567053382, -24.956882584435682, 3.886459098641847, 
objectives:
-27.686558473858287, -11.611486008361066, 621.1163124438865, 

parameters:
2.228677491006065, -17.963881855428866, 13.96978007905319, 
objectives:
-26.966658575564967, -3.941808381482847, 314.6982745956704, 

parameters:
1.430565102309013, -9.810490199580912, 0, 
objectives:
-7.763973687636515, -9.486234096872566, 99.29223446801751, 

parameters:
0.05228838356653043, -99.47703298531322, 0, 
objectives:
-99.47429891025722, -95.68345244452334, 9896.68282563615, 

parameters:
0.4191646205675569, -70.76080665340487, 19.506999929099017, 
objectives:
-90.09210760336833, -48.754766227440534, 4988.760457290584, 

