Generation 2336 at Fri May 24 19:48:21 2019
parameters:
2.9806827382433085, -5.4484868843606105, 0.5863930180912739, 
objectives:
2.8495896836097425, -3.900355233180943, 38.98408589701995, 

parameters:
0.051044676920685594, -100.0, 20, 
objectives:
-119.99739444095806, -76.2015731486408, 9981.002605559042, 

parameters:
-0.09310337269809921, -0.38187417318528993, 20, 
objectives:
-20.37320593517753, 23.999207555614866, -18.84550387784629, 

parameters:
1.9973066371654076, -100, 0, 
objectives:
-96.01076619713501, -99.99999274579665, 10004.989233802866, 

parameters:
-0.20421215179481977, -97.1303932089477, 3.965282305525535, 
objectives:
-101.05397291153255, -88.3065596933022, 9431.389705222207, 

parameters:
0.5381784571912782, -94.60644883214114, 20, 
objectives:
-114.31681278035636, -72.46952660912147, 8931.669796680324, 

parameters:
0.40300968589547503, -1.1105059593430013, 4.52127137922417, 
objectives:
-5.469360531641602, 5.961143483224838, -2.1256310865622807, 

parameters:
-0.22800544475305662, -25.971904451370378, 8.89010463463448, 
objectives:
-34.810022603167816, -12.117791554886633, 666.7017026793151, 

parameters:
2.8710580619981894, -3.723196695562887, 18.55603181854563, 
objectives:
-14.036254118743718, 15.591577270354785, 4.54913621066957, 

parameters:
0.9921483090259726, -31.175127120428165, 11.607140589222064, 
objectives:
-41.79790944254713, -18.552221500206898, 962.2657686527367, 

parameters:
1.9825626015705076, -46.357578216502695, 5.246705660930299, 
objectives:
-47.673729408286974, -41.11056849270841, 2148.708906907381, 

parameters:
-0.3483080956871232, -45.208552111299454, 7.532989428351164, 
objectives:
-52.62022301012943, -32.161011770678606, 2037.4015131012484, 

parameters:
-1.469317765744068, -9.156373609599367, 18.468367456997044, 
objectives:
-25.46584636986527, 21.34815960710509, 68.52970491830183, 

parameters:
1.2891864491022154, -68.3160325324981, 3.686189899274944, 
objectives:
-70.34022073122426, -64.12458672908323, 4666.056112782613, 

parameters:
-1.6216196496242354, -79.45107014497823, 5.95516203134075, 
objectives:
-82.77658188827155, -60.37977922709311, 6310.1470354389585, 

parameters:
-0.5764506689870961, -87.87305708347215, 3.7836538158301805, 
objectives:
-91.32441552552666, -77.45130521791792, 7719.222802753101, 

parameters:
-1.0007303929596465, -90.89455629804459, 1.1777169919960202, 
objectives:
-91.07081197064744, -80.71245641481681, 8262.644108945795, 

parameters:
2.188905877302683, -19.685352404271715, 10.09584239399431, 
objectives:
-24.989885858575796, -9.553824579797908, 383.2085658260621, 

parameters:
0.23388214946831742, -57.50361730573878, 3.1665332812272977, 
objectives:
-60.615449727126155, -51.21791176254483, 3304.554170823473, 

parameters:
0.12083655906638036, -50.97349241931165, 2.46345140740448, 
objectives:
-53.42234235270912, -44.97878577416569, 2596.8480794882244, 

parameters:
1.8910573825510526, -73.51562253166283, 18.416005723133107, 
objectives:
-88.3555302306951, -55.08774831463309, 5390.706848518899, 

parameters:
-1.2361555989211233, -62.96600669476432, 4.153314461002844, 
objectives:
-65.59124049102313, -48.33998917333294, 3963.0927652888463, 

parameters:
1.7102431737007455, -75.87192522068028, 7.209775438059362, 
objectives:
-80.15676894554964, -68.5781907642339, 5753.264192967631, 

parameters:
2.067696608909605, -40.86680863533805, 19.155104598661655, 
objectives:
-55.74654396750343, -21.707121205818535, 1656.2163127051754, 

parameters:
2.781126412563868, -63.00954447791991, 8.484051106256084, 
objectives:
-63.75893146151562, -53.91533489925893, 3970.4533083313718, 

parameters:
0.7172532983773162, -36.48494974350241, 13.466155379594747, 
objectives:
-49.436652829064016, -21.373355263383793, 1319.1998547003352, 

parameters:
0.4673173790663818, -55.500146722441016, 2.968845067936094, 
objectives:
-58.250606257599635, -50.18218563799298, 3078.515826677322, 

parameters:
0.6235968484820573, -83.58157607888133, 0.8139111262302412, 
objectives:
-84.00661417567481, -80.87317931714256, 6986.454821733034, 

parameters:
5.26736557971267, -95.26208795419363, 3.4638027732090197, 
objectives:
-70.98075057706087, -81.12260734949349, 9100.146738769658, 

parameters:
0.3615098684633673, -76.69256649769778, 16.03490604554691, 
objectives:
-92.59678315824829, -57.973010541007945, 5866.845539343245, 

parameters:
-3.4100232818798135, -71.6708983801704, 17.596792524112555, 
objectives:
-77.63943212132058, -24.805753945576217, 5131.749140879562, 

parameters:
3.69636277337962, -30.97264554689863, 2.0344853487585266, 
objectives:
-19.34403314323048, -26.060513539231906, 971.9333845774877, 

parameters:
0.19924983384410755, -48.05594483787084, 17.143435370773393, 
objectives:
-65.15967971235733, -27.669808306186976, 2293.270099385999, 

parameters:
2.0047363980829944, -70.58669511721658, 5.628693873150267, 
objectives:
-72.19642096456806, -64.95797881059951, 4981.871801723536, 

parameters:
-2.4219737807336243, -83.20270302631718, 5.626724686764759, 
objectives:
-82.96347071852081, -58.0221262220568, 6923.929023193326, 

parameters:
2.1609514149496016, -71.54363017500731, 6.980791150913126, 
objectives:
-73.85471030814774, -64.53693366611991, 5117.179938485076, 

