Generation 2340 at Fri May 24 19:48:21 2019
parameters:
2.9806827382433085, -5.4484868843606105, 0.5863930180912739, 
objectives:
2.8495896836097425, -3.900355233180943, 38.98408589701995, 

parameters:
0.051044676920685594, -100.0, 20, 
objectives:
-119.99739444095806, -76.2015731486408, 9981.002605559042, 

parameters:
-0.09310337269809921, -0.38187417318528993, 20, 
objectives:
-20.37320593517753, 23.999207555614866, -18.84550387784629, 

parameters:
1.9973066371654076, -100, 0, 
objectives:
-96.01076619713501, -99.99999274579665, 10004.989233802866, 

parameters:
1.2891864491022154, -68.3160325324981, 3.686189899274944, 
objectives:
-70.34022073122426, -64.12458672908323, 4666.056112782613, 

parameters:
0.5381784571912782, -94.60644883214114, 20, 
objectives:
-114.31681278035636, -72.46952660912147, 8931.669796680324, 

parameters:
0.12083655906638036, -50.97349241931165, 2.46345140740448, 
objectives:
-53.42234235270912, -44.97878577416569, 2596.8480794882244, 

parameters:
1.6660984034400064, -33.57878691694351, 8.165627339044685, 
objectives:
-38.968530366042856, -25.30166930171351, 1123.145187364397, 

parameters:
1.9825626015705076, -46.357578216502695, 5.246705660930299, 
objectives:
-47.673729408286974, -41.11056849270841, 2148.708906907381, 

parameters:
1.8910573825510526, -73.51562253166283, 18.416005723133107, 
objectives:
-88.3555302306951, -55.08774831463309, 5390.706848518899, 

parameters:
-1.2361555989211233, -62.96600669476432, 4.153314461002844, 
objectives:
-65.59124049102313, -48.33998917333294, 3963.0927652888463, 

parameters:
-3.546644146152928, -85.53814471800703, 20, 
objectives:
-92.9594600185662, -34.77288343395448, 7310.352886498155, 

parameters:
2.0672879179072186, -13.478649810316853, 19.519196604408975, 
objectives:
-28.724167079200665, 6.045074457988411, 167.42848344027072, 

parameters:
3.4662227256765235, -39.005561044294254, 20, 
objectives:
-46.99086106029787, -16.85575196300396, 1514.448492364162, 

parameters:
1.2452556181692334, -100, 4.430702583818283, 
objectives:
-102.88004102923625, -94.9996583342766, 9998.119958970763, 

parameters:
2.188905877302683, -19.685352404271715, 10.09584239399431, 
objectives:
-24.989885858575796, -9.553824579797908, 383.2085658260621, 

parameters:
1.410534338386447, -37.2619329881067, 8.153893643037604, 
objectives:
-43.42621951137701, -28.760569578847594, 1383.2873634868838, 

parameters:
3.217528172318845, -1.9535355491535995, 17.581765942047646, 
objectives:
-9.182813951535797, 17.110605243284112, -2.4129772605753423, 

parameters:
0.23388214946831742, -57.50361730573878, 3.1665332812272977, 
objectives:
-60.615449727126155, -51.21791176254483, 3304.554170823473, 

parameters:
-0.838370060963544, -11.219558248266978, 2.5266348388950366, 
objectives:
-13.043328728041997, -0.6365788063977504, 125.05471680648056, 

parameters:
-0.22800544475305662, -25.971904451370378, 8.89010463463448, 
objectives:
-34.810022603167816, -12.117791554886633, 666.7017026793151, 

parameters:
-0.6598141060015857, -80.9098809296829, 1.5329582093549656, 
objectives:
-82.00748448455919, -72.30231164184292, 6546.311228500589, 

parameters:
0.40300968589547503, -1.1105059593430013, 4.52127137922417, 
objectives:
-5.469360531641602, 5.961143483224838, -2.1256310865622807, 

parameters:
0.4673173790663818, -55.500146722441016, 2.968845067936094, 
objectives:
-58.250606257599635, -50.18218563799298, 3078.515826677322, 

parameters:
0.6235968484820573, -83.58157607888133, 0.8139111262302412, 
objectives:
-84.00661417567481, -80.87317931714256, 6986.454821733034, 

parameters:
-0.20421215179481977, -97.1303932089477, 3.965282305525535, 
objectives:
-101.05397291153255, -88.3065596933022, 9431.389705222207, 

parameters:
-0.09174948278716873, -79.33518011489195, 0, 
objectives:
-79.32676214730024, -74.95976421615157, 6295.079221829939, 

parameters:
-0.05966760412175037, -88.5704426636057, 0, 
objectives:
-88.56688244062407, -84.32821202413707, 7845.726873850047, 

parameters:
-1.0007303929596465, -90.89455629804459, 1.1777169919960202, 
objectives:
-91.07081197064744, -80.71245641481681, 8262.644108945795, 

parameters:
1.4096339316412354, -95.98664970676735, 5.57555986907362, 
objectives:
-99.57514175460663, -90.06255774302436, 9210.84842988182, 

parameters:
2.585317154738197, -77.27134613645127, 0.11600028948808187, 
objectives:
-70.70348163535576, -76.81274967533237, 5978.4287982403575, 

parameters:
1.4236570710853247, -61.81759168810669, 20, 
objectives:
-79.79079223205545, -41.48542051639674, 3804.441441573528, 

parameters:
0.3615098684633673, -76.69256649769778, 16.03490604554691, 
objectives:
-92.59678315824829, -57.973010541007945, 5866.845539343245, 

parameters:
-0.11208590238626837, -1.5231098123179976, 17.009392112907626, 
objectives:
-18.51993867571188, 19.947189159648445, -13.676965363014517, 

parameters:
4.19151453043972, -28.198519263358545, 8.539386660545778, 
objectives:
-19.169111865017015, -14.856396665684338, 805.1858960443444, 

parameters:
-0.5764506689870961, -87.87305708347215, 3.7836538158301805, 
objectives:
-91.32441552552666, -77.45130521791792, 7719.222802753101, 

parameters:
-1.6216196496242354, -79.45107014497823, 5.95516203134075, 
objectives:
-82.77658188827155, -60.37977922709311, 6310.1470354389585, 

parameters:
-1.4770761912741903, -95.37731573565733, 3.044566149069203, 
objectives:
-96.24012780989746, -80.2426907466623, 9096.96954486503, 

