Generation 2351 at Fri May 24 19:48:21 2019
parameters:
2.9806827382433085, -5.4484868843606105, 0.5863930180912739, 
objectives:
2.8495896836097425, -3.900355233180943, 38.98408589701995, 

parameters:
0.051044676920685594, -100.0, 20, 
objectives:
-119.99739444095806, -76.2015731486408, 9981.002605559042, 

parameters:
-0.09310337269809921, -0.38187417318528993, 20, 
objectives:
-20.37320593517753, 23.999207555614866, -18.84550387784629, 

parameters:
1.9973066371654076, -100, 0, 
objectives:
-96.01076619713501, -99.99999274579665, 10004.989233802866, 

parameters:
-0.8878330069558248, -13.154692432671027, 17.984992585104454, 
objectives:
-30.351437569535257, 13.169879628496949, 156.84918786130814, 

parameters:
0.40300968589547503, -1.1105059593430013, 4.52127137922417, 
objectives:
-5.469360531641602, 5.961143483224838, -2.1256310865622807, 

parameters:
0.5381784571912782, -94.60644883214114, 20, 
objectives:
-114.31681278035636, -72.46952660912147, 8931.669796680324, 

parameters:
2.55729806707732, -27.514320332698365, 15.530722613753953, 
objectives:
-36.50526954257492, -11.673016583376294, 749.046874160462, 

parameters:
-0.4039904537818473, -42.626176339046594, 3.246056309544822, 
objectives:
-45.70902436184455, -33.600949927627525, 1814.9080612646976, 

parameters:
0.4673173790663818, -55.500146722441016, 2.968845067936094, 
objectives:
-58.250606257599635, -50.18218563799298, 3078.515826677322, 

parameters:
0.6235968484820573, -83.58157607888133, 0.8139111262302412, 
objectives:
-84.00661417567481, -80.87317931714256, 6986.454821733034, 

parameters:
-0.119079105015651, -69.40778861517404, 5.5271641872937405, 
objectives:
-74.92077296921644, -59.390128174566364, 4812.928136094641, 

parameters:
-0.20421215179481977, -97.1303932089477, 3.965282305525535, 
objectives:
-101.05397291153255, -88.3065596933022, 9431.389705222207, 

parameters:
1.2891864491022154, -68.3160325324981, 3.686189899274944, 
objectives:
-70.34022073122426, -64.12458672908323, 4666.056112782613, 

parameters:
0.09183467099630693, -97.94051980992977, 0.4885194713850053, 
objectives:
-98.42060567451777, -93.81090541573299, 9592.865334774659, 

parameters:
-1.339209502481946, -49.96739788390673, 15.350641328335557, 
objectives:
-63.524557120704344, -23.466436454105448, 2484.1836920518485, 

parameters:
1.9825626015705076, -46.357578216502695, 5.246705660930299, 
objectives:
-47.673729408286974, -41.11056849270841, 2148.708906907381, 

parameters:
-0.09174948278716873, -79.33518011489195, 0, 
objectives:
-79.32676214730024, -74.95976421615157, 6295.079221829939, 

parameters:
1.8910573825510526, -73.51562253166283, 18.416005723133107, 
objectives:
-88.3555302306951, -55.08774831463309, 5390.706848518899, 

parameters:
2.769512378166512, -86.55622337114997, 4.63119502138758, 
objectives:
-83.51721957972002, -81.33287904961091, 7496.018808067838, 

parameters:
-1.2361555989211233, -62.96600669476432, 4.153314461002844, 
objectives:
-65.59124049102313, -48.33998917333294, 3963.0927652888463, 

parameters:
3.5687799610336746, -24.46753862027677, 0.19394134633330484, 
objectives:
-11.925289556334558, -21.812526707802647, 612.2026951986775, 

parameters:
-0.31672876217670787, -91.98315881527235, 1.1515083766787366, 
objectives:
-93.03435008316109, -85.4644182810968, 8460.850314367726, 

parameters:
-1.197524601657521, -78.55256258731151, 4.699120200587118, 
objectives:
-81.81761761632363, -63.6292788085193, 6168.24003400448, 

parameters:
1.6281697050312571, -89.95522658630306, 3.5148436766659295, 
objectives:
-90.81913367458742, -86.30212514138059, 8092.078883104839, 

parameters:
3.2538176601280036, -60.691292215832334, 6.910505387384644, 
objectives:
-57.01446823785611, -52.20872810359883, 3688.1097748055267, 

parameters:
4.092150971327575, -67.14395330935896, 4.676717392401417, 
objectives:
-55.074971129623165, -58.09014023013063, 4521.379448189112, 

parameters:
2.7351406608686295, -47.55021315732843, 0.6559728421667448, 
objectives:
-40.72519156475829, -46.35380852389932, 2268.8477928999396, 

parameters:
-0.7228994672246425, -65.97457512656571, 17.84323378798331, 
objectives:
-83.29522527483535, -40.71715982997016, 4336.323912982594, 

parameters:
0.5041098152309651, -94.240290316839, 16.35667684820868, 
objectives:
-110.34284045923548, -75.64592602374198, 8866.1297688597, 

parameters:
4.064703915797203, -31.590691474224244, 0.5315896725365088, 
objectives:
-15.600463223663635, -26.79609954177943, 1014.962016070185, 

parameters:
1.700147555819954, -37.10217259385488, 11.317236322296065, 
objectives:
-45.52890720459038, -25.69502478327807, 1369.1444765734607, 

parameters:
3.136264168348789, -10.748541760927923, 17.822896161121786, 
objectives:
-18.73528498838119, 8.365450660467229, 108.54440675895826, 

parameters:
0.6595975262376772, -74.87035531073587, 19.744332206790524, 
objectives:
-94.17961862090755, -53.32934431227719, 5587.260841045664, 

parameters:
2.177282404220274, -18.36371195298713, 0, 
objectives:
-13.623153285259914, -18.33228290214101, 342.96647536000967, 

parameters:
1.0342011377285005, -94.13866346378514, 4.083949634245592, 
objectives:
-97.1530411047518, -89.12194638717463, 8860.073581106828, 

parameters:
0.3280454962933871, -30.737280670217153, 9.83442173764052, 
objectives:
-40.464088560219295, -18.107427070111804, 936.053615109703, 

parameters:
1.6660984034400064, -33.57878691694351, 8.165627339044685, 
objectives:
-38.968530366042856, -25.30166930171351, 1123.145187364397, 

parameters:
1.4392743955089025, -74.75156800364277, 18.28440096445613, 
objectives:
-90.96445818253139, -56.152753835654735, 5572.584028824342, 

