Generation 2356 at Fri May 24 19:48:21 2019
parameters:
0.051044676920685594, -100.0, 20, 
objectives:
-119.99739444095806, -76.2015731486408, 9981.002605559042, 

parameters:
2.9806827382433085, -5.4484868843606105, 0.5863930180912739, 
objectives:
2.8495896836097425, -3.900355233180943, 38.98408589701995, 

parameters:
-0.09310337269809921, -0.38187417318528993, 20, 
objectives:
-20.37320593517753, 23.999207555614866, -18.84550387784629, 

parameters:
1.9973066371654076, -100, 0, 
objectives:
-96.01076619713501, -99.99999274579665, 10004.989233802866, 

parameters:
-0.2852050298945934, -87.26822100510566, 19.25577814553851, 
objectives:
-106.44265724156699, -62.7902808309116, 7597.567961159503, 

parameters:
-1.2361555989211233, -62.96600669476432, 4.153314461002844, 
objectives:
-65.59124049102313, -48.33998917333294, 3963.0927652888463, 

parameters:
1.8910573825510526, -73.51562253166283, 18.416005723133107, 
objectives:
-88.3555302306951, -55.08774831463309, 5390.706848518899, 

parameters:
-0.31672876217670787, -91.98315881527235, 1.1515083766787366, 
objectives:
-93.03435008316109, -85.4644182810968, 8460.850314367726, 

parameters:
4.242208537207209, -36.3698815964725, 1.720358162745123, 
objectives:
-20.093906486063894, -29.62202430940249, 1340.044262451838, 

parameters:
2.8042387777063444, -1.355022799991147, 14.87791983885543, 
objectives:
-8.369187516454605, 14.169697050430878, -4.17807792796761, 

parameters:
3.2538176601280036, -60.691292215832334, 6.910505387384644, 
objectives:
-57.01446823785611, -52.20872810359883, 3688.1097748055267, 

parameters:
1.3256667308080101, -55.99527888121814, 20, 
objectives:
-74.23788660004695, -35.54055352327899, 3118.2286492665653, 

parameters:
4.154319631463439, -76.40138760296713, 1.6372978704919303, 
objectives:
-60.78031387309654, -70.12299665796643, 5853.793101388691, 

parameters:
0.40300968589547503, -1.1105059593430013, 4.52127137922417, 
objectives:
-5.469360531641602, 5.961143483224838, -2.1256310865622807, 

parameters:
0.6235968484820573, -83.58157607888133, 0.8139111262302412, 
objectives:
-84.00661417567481, -80.87317931714256, 6986.454821733034, 

parameters:
3.807377438432575, -23.459382427640804, 16.484295724675903, 
objectives:
-25.44755519363131, -3.7084734980098055, 549.3544511203116, 

parameters:
-2.3752845742174387, -27.65604731135339, 15.597993152491888, 
objectives:
-37.61206365532996, 7.085060946523573, 755.9009365438405, 

parameters:
-2.2943862437002966, -46.688120577337855, 6.418914785757975, 
objectives:
-47.84282712781467, -21.82745258149754, 2179.625896493562, 

parameters:
-0.20421215179481977, -97.1303932089477, 3.965282305525535, 
objectives:
-101.05397291153255, -88.3065596933022, 9431.389705222207, 

parameters:
2.55729806707732, -27.514320332698365, 15.530722613753953, 
objectives:
-36.50526954257492, -11.673016583376294, 749.046874160462, 

parameters:
1.9182369918527007, -47.51809311593368, 9.822542096780758, 
objectives:
-53.66100205580234, -37.688865829651625, 2252.8262644346755, 

parameters:
-1.339209502481946, -49.96739788390673, 15.350641328335557, 
objectives:
-63.524557120704344, -23.466436454105448, 2484.1836920518485, 

parameters:
-1.6476109808260584, -45.59034398557393, 0, 
objectives:
-42.875722041435324, -32.28527811813109, 2082.1940866670957, 

parameters:
0.09183467099630693, -97.94051980992977, 0.4885194713850053, 
objectives:
-98.42060567451777, -93.81090541573299, 9592.865334774659, 

parameters:
1.2891864491022154, -68.3160325324981, 3.686189899274944, 
objectives:
-70.34022073122426, -64.12458672908323, 4666.056112782613, 

parameters:
0.5041098152309651, -94.240290316839, 16.35667684820868, 
objectives:
-110.34284045923548, -75.64592602374198, 8866.1297688597, 

parameters:
0.43140965728104674, -16.23197263934759, 4.6319547983673575, 
objectives:
-20.677813145319597, -9.139542177709068, 260.0310952585567, 

parameters:
-1.197524601657521, -78.55256258731151, 4.699120200587118, 
objectives:
-81.81761761632363, -63.6292788085193, 6168.24003400448, 

parameters:
2.5607394788506066, -82.05869549826352, 0, 
objectives:
-75.50130881971944, -81.74426673512187, 6741.1868935552775, 

parameters:
0.5381784571912782, -94.60644883214114, 20, 
objectives:
-114.31681278035636, -72.46952660912147, 8931.669796680324, 

parameters:
-1.3098316342011966, -7.9903160889770675, 20, 
objectives:
-26.27465717902289, 22.964669357781894, 46.56081011171996, 

parameters:
-0.8968227891112386, -70.55717145441973, 20, 
objectives:
-89.75288033935047, -42.165589182905514, 4960.118734763452, 

parameters:
1.258321327997696, -39.38500741585785, 7.031216371542425, 
objectives:
-44.83285122290639, -31.80370379181232, 1546.7309653401294, 

parameters:
2.0781916794269915, -95.8421650866162, 2.7184967484053884, 
objectives:
-94.24178117858202, -93.1175543994792, 9188.320992398229, 

parameters:
-0.8878330069558248, -13.154692432671027, 17.984992585104454, 
objectives:
-30.351437569535257, 13.169879628496949, 156.84918786130814, 

parameters:
1.6936681211048799, -69.99173412779086, 5.034591322811312, 
objectives:
-72.15781374615524, -64.86330358495213, 4897.676766597, 

parameters:
0.2612723399661676, -37.83369996730406, 9.083830421667223, 
objectives:
-46.84926715333988, -25.72669566987011, 1423.373286029947, 

parameters:
-0.6735122875196956, -81.11914568727323, 1.7807907508196639, 
objectives:
-82.44631763665288, -72.19068698493477, 6579.98862508368, 

parameters:
-0.33372629883559946, -69.40946925857358, 20, 
objectives:
-89.29809601603907, -43.963190820696674, 4798.785795999405, 

parameters:
-0.8505364785771365, -13.978896353774566, 19.106186882045176, 
objectives:
-32.36167093442935, 13.252848743969551, 178.0267686889171, 

