Generation 2362 at Fri May 24 19:48:21 2019
parameters:
2.9806827382433085, -5.4484868843606105, 0.5863930180912739, 
objectives:
2.8495896836097425, -3.900355233180943, 38.98408589701995, 

parameters:
0.051044676920685594, -100.0, 20, 
objectives:
-119.99739444095806, -76.2015731486408, 9981.002605559042, 

parameters:
-1.3994483358142205, -6.419019441119701, 20.0, 
objectives:
-24.46056379650651, 25.137229546750373, 24.16226623008587, 

parameters:
-0.09310337269809921, -0.38187417318528993, 20, 
objectives:
-20.37320593517753, 23.999207555614866, -18.84550387784629, 

parameters:
1.9973066371654076, -100, 0, 
objectives:
-96.01076619713501, -99.99999274579665, 10004.989233802866, 

parameters:
-0.2852050298945934, -87.26822100510566, 19.25577814553851, 
objectives:
-106.44265724156699, -62.7902808309116, 7597.567961159503, 

parameters:
-1.6476109808260584, -45.59034398557393, 0, 
objectives:
-42.875722041435324, -32.28527811813109, 2082.1940866670957, 

parameters:
1.2891864491022154, -68.3160325324981, 3.686189899274944, 
objectives:
-70.34022073122426, -64.12458672908323, 4666.056112782613, 

parameters:
0.09183467099630693, -97.94051980992977, 0.4885194713850053, 
objectives:
-98.42060567451777, -93.81090541573299, 9592.865334774659, 

parameters:
4.154319631463439, -76.40138760296713, 1.6372978704919303, 
objectives:
-60.78031387309654, -70.12299665796643, 5853.793101388691, 

parameters:
3.8515838699604146, -38.42813395447019, 5.6912593198084025, 
objectives:
-29.284694966939348, -29.3085118071642, 1486.8649182102358, 

parameters:
-0.15945267550260334, -63.647409199625244, 3.757438252799222, 
objectives:
-67.37942229669953, -55.22673508909067, 4048.260684727466, 

parameters:
3.0188260932758744, -31.910684457449914, 10.503042784798732, 
objectives:
-33.30041626080536, -20.369635064311403, 1017.9020507395801, 

parameters:
1.8910573825510526, -73.51562253166283, 18.416005723133107, 
objectives:
-88.3555302306951, -55.08774831463309, 5390.706848518899, 

parameters:
0.8231566349424928, -95.17778179507036, 0.0, 
objectives:
-94.50019494942052, -93.79282148919049, 9060.487734275677, 

parameters:
-0.31672876217670787, -91.98315881527235, 1.1515083766787366, 
objectives:
-93.03435008316109, -85.4644182810968, 8460.850314367726, 

parameters:
-1.360349203142213, -26.922057829446764, 0.4313347063850556, 
objectives:
-25.502842581342165, -15.198776356003203, 727.2164130201804, 

parameters:
4.303699234303025, -57.2832403227383, 1.3463708821566327, 
objectives:
-40.107784105554494, -50.629839278453325, 3299.5450780897754, 

parameters:
2.239471020833598, -49.29792869156625, 5.5262020341931475, 
objectives:
-49.80890027260592, -43.714380287554015, 2430.774801697711, 

parameters:
3.5152920752473378, -79.82858664035015, 9.204776948266902, 
objectives:
-76.67608521432031, -68.32769961877587, 6376.755746421921, 

parameters:
1.1695573181013885, -36.5624446629454, 13.07929018225528, 
objectives:
-48.273870524876166, -22.79351943277117, 1326.100933869014, 

parameters:
3.01270910142235, -12.374597090507162, 0, 
objectives:
-3.298180960714097, -11.349017366403498, 163.2070692821814, 

parameters:
0.40300968589547503, -1.1105059593430013, 4.52127137922417, 
objectives:
-5.469360531641602, 5.961143483224838, -2.1256310865622807, 

parameters:
0.6773424465115006, -84.5963436210928, 0, 
objectives:
-84.13755083124661, -82.84692061729261, 7158.000146847855, 

parameters:
0.12530877501166737, -90.17800383958142, 1.786328902200224, 
objectives:
-91.94863045268673, -84.87720774833294, 8131.3017498784575, 

parameters:
2.8042387777063444, -1.355022799991147, 14.87791983885543, 
objectives:
-8.369187516454605, 14.169697050430878, -4.17807792796761, 

parameters:
0.24026603523853718, -81.39083362241834, 3.034842267498462, 
objectives:
-84.36794812222756, -75.25932772818479, 6622.490683252375, 

parameters:
3.2538176601280036, -60.691292215832334, 6.910505387384644, 
objectives:
-57.01446823785611, -52.20872810359883, 3688.1097748055267, 

parameters:
-2.8914499685854986, -16.86941975734073, 5.34859266499821, 
objectives:
-13.857529501505859, 12.405455702832558, 288.58921320519266, 

parameters:
1.7633115898148417, -62.270278931422624, 0, 
objectives:
-59.16101116864728, -62.214257527906646, 3881.6969059599514, 

parameters:
1.7956619328959418, -50.277046644221144, 6.153030122089584, 
objectives:
-53.20567498905914, -44.08226247646374, 2525.8527909203503, 

parameters:
2.1014522701905802, -53.324082672910215, 5.96461205288652, 
objectives:
-54.872593081907596, -47.34917805689687, 2842.9092824983663, 

parameters:
-1.6763692918296984, -8.404696070843913, 5.869810732676399, 
objectives:
-11.464292800930707, 10.980805831740884, 68.57931931317232, 

parameters:
0.7141497238029098, -79.95731062674982, 0, 
objectives:
-79.44730079874205, -78.30389969395368, 6394.681532490567, 

parameters:
-0.0036151878593585485, -83.35264173594351, 0.9691558129825377, 
objectives:
-84.32178447934278, -78.36901210194029, 6947.693741617152, 

parameters:
0.0337486732790957, -54.925225214882275, 3.3297770997261438, 
objectives:
-58.25386334166032, -47.729303835324416, 3014.4517267787614, 

parameters:
-2.359524282175565, -14.90780530486052, 8.829470303373903, 
objectives:
-18.169920770058308, 12.927116965391757, 219.9805435424297, 

