Generation 2365 at Fri May 24 19:48:21 2019
parameters:
0.051044676920685594, -100.0, 20, 
objectives:
-119.99739444095806, -76.2015731486408, 9981.002605559042, 

parameters:
2.9806827382433085, -5.4484868843606105, 0.5863930180912739, 
objectives:
2.8495896836097425, -3.900355233180943, 38.98408589701995, 

parameters:
-1.3994483358142205, -6.419019441119701, 20.0, 
objectives:
-24.46056379650651, 25.137229546750373, 24.16226623008587, 

parameters:
-0.09310337269809921, -0.38187417318528993, 20, 
objectives:
-20.37320593517753, 23.999207555614866, -18.84550387784629, 

parameters:
1.9973066371654076, -100, 0, 
objectives:
-96.01076619713501, -99.99999274579665, 10004.989233802866, 

parameters:
-0.2852050298945934, -87.26822100510566, 19.25577814553851, 
objectives:
-106.44265724156699, -62.7902808309116, 7597.567961159503, 

parameters:
3.2538176601280036, -60.691292215832334, 6.910505387384644, 
objectives:
-57.01446823785611, -52.20872810359883, 3688.1097748055267, 

parameters:
1.7111431729617324, -14.324863752486905, 19.95610008594629, 
objectives:
-31.35295288005965, 5.714674599985999, 189.17363239974048, 

parameters:
4.641419003952482, -32.55101369141694, 0.3915503301162656, 
objectives:
-11.399793651281959, -25.182369006859354, 1081.719712378948, 

parameters:
2.239471020833598, -49.29792869156625, 5.5262020341931475, 
objectives:
-49.80890027260592, -43.714380287554015, 2430.774801697711, 

parameters:
-1.6476109808260584, -45.59034398557393, 0, 
objectives:
-42.875722041435324, -32.28527811813109, 2082.1940866670957, 

parameters:
-1.360349203142213, -26.922057829446764, 0.4313347063850556, 
objectives:
-25.502842581342165, -15.198776356003203, 727.2164130201804, 

parameters:
1.8910573825510526, -73.51562253166283, 18.416005723133107, 
objectives:
-88.3555302306951, -55.08774831463309, 5390.706848518899, 

parameters:
0.8231566349424928, -95.17778179507036, 0.0, 
objectives:
-94.50019494942052, -93.79282148919049, 9060.487734275677, 

parameters:
3.01270910142235, -12.374597090507162, 0, 
objectives:
-3.298180960714097, -11.349017366403498, 163.2070692821814, 

parameters:
-3.27310732691026, -34.17323254705513, 17.121781820159832, 
objectives:
-40.58178279374133, 10.754210154219372, 1162.4012724684217, 

parameters:
-0.31672876217670787, -91.98315881527235, 1.1515083766787366, 
objectives:
-93.03435008316109, -85.4644182810968, 8460.850314367726, 

parameters:
0.6773424465115006, -84.5963436210928, 0, 
objectives:
-84.13755083124661, -82.84692061729261, 7158.000146847855, 

parameters:
3.5152920752473378, -79.82858664035015, 9.204776948266902, 
objectives:
-76.67608521432031, -68.32769961877587, 6376.755746421921, 

parameters:
3.843731711415433, -64.00625134537161, 0, 
objectives:
-49.231977876030996, -60.60690472169273, 4112.5744847562255, 

parameters:
4.154319631463439, -76.40138760296713, 1.6372978704919303, 
objectives:
-60.78031387309654, -70.12299665796643, 5853.793101388691, 

parameters:
-2.0242034758767495, -84.08135840429627, 1.2813321748852056, 
objectives:
-81.26529086742995, -66.60581261415255, 7073.490898648589, 

parameters:
3.8515838699604146, -38.42813395447019, 5.6912593198084025, 
objectives:
-29.284694966939348, -29.3085118071642, 1486.8649182102358, 

parameters:
0.09183467099630693, -97.94051980992977, 0.4885194713850053, 
objectives:
-98.42060567451777, -93.81090541573299, 9592.865334774659, 

parameters:
0.12530877501166737, -90.17800383958142, 1.786328902200224, 
objectives:
-91.94863045268673, -84.87720774833294, 8131.3017498784575, 

parameters:
0.46741730360675054, -56.56697830211753, 12.228855791527858, 
objectives:
-68.57735515793439, -41.98931278930567, 3188.812657376419, 

parameters:
2.001699813375379, -66.35832005224412, 1.7787431989132192, 
objectives:
-64.13026110829031, -64.5795739639654, 4406.654699100018, 

parameters:
-2.5255238149149544, -78.68832643140036, 1.332993379320495, 
objectives:
-73.64304927101827, -56.874967252717454, 6197.897993735002, 

parameters:
1.2891864491022154, -68.3160325324981, 3.686189899274944, 
objectives:
-70.34022073122426, -64.12458672908323, 4666.056112782613, 

parameters:
-1.1432997611869622, -55.8000515288024, 17.080229260383238, 
objectives:
-71.57314644525547, -28.83948887974115, 3098.8726557005502, 

parameters:
-1.3378573483686784, -56.17520945124424, 6.27393489894369, 
objectives:
-60.65928206560386, -38.75998287424177, 3152.170084276801, 

parameters:
0.3506488896916058, -100, 0.025781749930221295, 
objectives:
-99.90282710608827, -97.25385916499425, 10001.097172893913, 

parameters:
0.49550571241277996, 6.13602364073131, 6.733043418687862, 
objectives:
-0.3514938669228558, 15.132570120801748, 32.163268611959346, 

parameters:
-0.946972453437422, -3.4748613404612154, 13.685458884095297, 
objectives:
-16.263563396987223, 18.89524418495306, 0.28595927890590644, 

parameters:
-0.4364030013891643, -7.768261553171199, 14.685420765843999, 
objectives:
-22.263234739393727, 12.853218797850927, 46.85091437225528, 

parameters:
0.16233430245982428, 0.816279342953317, 18.992878042116534, 
objectives:
-18.150246273408097, 23.18617260098567, -17.300213650629118, 

parameters:
-1.1105128997763662, -5.759231744038187, 15.494351947781912, 
objectives:
-20.020344791250384, 19.410410703418904, 19.907637234324948, 

