Generation 2367 at Fri May 24 19:48:21 2019
parameters:
2.9806827382433085, -5.4484868843606105, 0.5863930180912739, 
objectives:
2.8495896836097425, -3.900355233180943, 38.98408589701995, 

parameters:
0.051044676920685594, -100.0, 20, 
objectives:
-119.99739444095806, -76.2015731486408, 9981.002605559042, 

parameters:
-1.3994483358142205, -6.419019441119701, 20.0, 
objectives:
-24.46056379650651, 25.137229546750373, 24.16226623008587, 

parameters:
-0.09310337269809921, -0.38187417318528993, 20, 
objectives:
-20.37320593517753, 23.999207555614866, -18.84550387784629, 

parameters:
1.9973066371654076, -100, 0, 
objectives:
-96.01076619713501, -99.99999274579665, 10004.989233802866, 

parameters:
-1.6476109808260584, -45.59034398557393, 0, 
objectives:
-42.875722041435324, -32.28527811813109, 2082.1940866670957, 

parameters:
4.641419003952482, -32.55101369141694, 0.3915503301162656, 
objectives:
-11.399793651281959, -25.182369006859354, 1081.719712378948, 

parameters:
-2.450187361916541, -40.58620950810901, 1.6377418828572436, 
objectives:
-36.22053328247071, -19.14430006909006, 1652.6060784617562, 

parameters:
0.46741730360675054, -56.56697830211753, 12.228855791527858, 
objectives:
-68.57735515793439, -41.98931278930567, 3188.812657376419, 

parameters:
1.7111431729617324, -14.324863752486905, 19.95610008594629, 
objectives:
-31.35295288005965, 5.714674599985999, 189.17363239974048, 

parameters:
4.154319631463439, -76.40138760296713, 1.6372978704919303, 
objectives:
-60.78031387309654, -70.12299665796643, 5853.793101388691, 

parameters:
3.5152920752473378, -79.82858664035015, 9.204776948266902, 
objectives:
-76.67608521432031, -68.32769961877587, 6376.755746421921, 

parameters:
3.2538176601280036, -60.691292215832334, 6.910505387384644, 
objectives:
-57.01446823785611, -52.20872810359883, 3688.1097748055267, 

parameters:
2.001699813375379, -66.35832005224412, 1.7787431989132192, 
objectives:
-64.13026110829031, -64.5795739639654, 4406.654699100018, 

parameters:
-1.360349203142213, -26.922057829446764, 0.4313347063850556, 
objectives:
-25.502842581342165, -15.198776356003203, 727.2164130201804, 

parameters:
-3.27310732691026, -34.17323254705513, 17.121781820159832, 
objectives:
-40.58178279374133, 10.754210154219372, 1162.4012724684217, 

parameters:
3.843731711415433, -64.00625134537161, 0, 
objectives:
-49.231977876030996, -60.60690472169273, 4112.5744847562255, 

parameters:
0.3914640247371915, -52.753341119488276, 2.023563013916545, 
objectives:
-54.62366005074138, -48.142390121857055, 2782.04468033784, 

parameters:
1.998998389165325, 5.477351389954814, 14.809077732153575, 
objectives:
-5.335731782313198, 20.286430125332654, 20.188295076771915, 

parameters:
1.8910573825510526, -73.51562253166283, 18.416005723133107, 
objectives:
-88.3555302306951, -55.08774831463309, 5390.706848518899, 

parameters:
-1.0002655245771621, -71.68011201595534, 0, 
objectives:
-70.67958089629772, -62.67851879798907, 5140.0389897395635, 

parameters:
-2.0242034758767495, -84.08135840429627, 1.2813321748852056, 
objectives:
-81.26529086742995, -66.60581261415255, 7073.490898648589, 

parameters:
3.01270910142235, -12.374597090507162, 0, 
objectives:
-3.298180960714097, -11.349017366403498, 163.2070692821814, 

parameters:
0.09183467099630693, -97.94051980992977, 0.4885194713850053, 
objectives:
-98.42060567451777, -93.81090541573299, 9592.865334774659, 

parameters:
2.239471020833598, -49.29792869156625, 5.5262020341931475, 
objectives:
-49.80890027260592, -43.714380287554015, 2430.774801697711, 

parameters:
0.8231566349424928, -95.17778179507036, 0.0, 
objectives:
-94.50019494942052, -93.79282148919049, 9060.487734275677, 

parameters:
-0.31672876217670787, -91.98315881527235, 1.1515083766787366, 
objectives:
-93.03435008316109, -85.4644182810968, 8460.850314367726, 

parameters:
-0.2852050298945934, -87.26822100510566, 19.25577814553851, 
objectives:
-106.44265724156699, -62.7902808309116, 7597.567961159503, 

parameters:
0.6773424465115006, -84.5963436210928, 0, 
objectives:
-84.13755083124661, -82.84692061729261, 7158.000146847855, 

parameters:
2.6645630257691617, -100, 19.495074138941014, 
objectives:
-112.39517802064489, -80.06328184583953, 9988.604821979356, 

parameters:
1.3879650045583989, -95.41045288221508, 0.06279168481308409, 
objectives:
-93.54679771314936, -94.9730743617568, 9106.018174358449, 

parameters:
2.1717600429899315, -88.14911419537064, 20, 
objectives:
-103.43257251104302, -68.11961268300274, 7755.982875112822, 

parameters:
0.12530877501166737, -90.17800383958142, 1.786328902200224, 
objectives:
-91.94863045268673, -84.87720774833294, 8131.3017498784575, 

parameters:
0.926300362485148, -10.501279261145005, 19.784479425169057, 
objectives:
-29.427726324773943, 10.436031075623577, 92.35041905692523, 

parameters:
0.21824963616311976, -92.00488753053057, 20.0, 
objectives:
-111.95725462684523, -68.83025317149772, 8445.946962409264, 

parameters:
-1.392558632183218, -72.91856702054771, 14.541958853764015, 
objectives:
-85.52130633024373, -46.86715409398283, 5305.514677020412, 

parameters:
-1.1442621618062527, -100, 5.4775268899795115, 
objectives:
-104.168190995038, -84.63608856785396, 9996.831809004962, 

