Generation 237 at Sat May 25 04:36:27 2019
parameters:
0, 0.0, 20.0, 
objectives:
-20.0, 24.0, -19.0, 

parameters:
0, 0.0, 20.0, 
objectives:
-20.0, 24.0, -19.0, 

parameters:
1.9971487895634539, 0.0, 20.0, 
objectives:
-16.01139671234523, 20.000008129400953, -15.011396712345231, 

parameters:
0.5556390326753842, 0.0, 20.0, 
objectives:
-19.691265265367562, 22.0861786039309, -18.691265265367562, 

parameters:
1.7308811205441008, 0.0, 20.0, 
objectives:
-17.004050546543997, 20.0724249712796, -16.004050546543997, 

parameters:
0.6965506801484503, 0.0, 20.0, 
objectives:
-19.514817149984733, 21.698980129421468, -18.51481714998473, 

parameters:
0.9534676361256839, 0.0, 20.0, 
objectives:
-19.0908994668609, 21.095229988636365, -18.0908994668609, 

parameters:
0.867822363781951, 0.0, 20.0, 
objectives:
-19.246884344919906, 21.281826199952288, -18.246884344919906, 

parameters:
1.5154089448343193, 0.0, 20.0, 
objectives:
-17.703535729916133, 20.234828490746587, -16.703535729916133, 

parameters:
1.7917154592058995, 0.0, 20.0, 
objectives:
-16.78975571324259, 20.04338244993381, -15.789755713242593, 

parameters:
1.4463892245840302, 0.0, 20.0, 
objectives:
-17.90795821100721, 20.306484890656673, -16.90795821100721, 

parameters:
0.17555678382692533, 0.0, 20.0, 
objectives:
-19.969179815652346, 23.328593049039952, -18.969179815652346, 

parameters:
0.24762270822206683, 0.0, 20.0, 
objectives:
-19.93868299437277, 23.070826172738965, -18.93868299437277, 

parameters:
0.34930912626346783, 0.0, 20.0, 
objectives:
-19.87798313430905, 22.724780360637077, -18.87798313430905, 

parameters:
1.6384477967348083, 0.0, 20.0, 
objectives:
-17.315488817374852, 20.130719995685915, -16.315488817374852, 

parameters:
1.0365572430163281, 0.0, 20.0, 
objectives:
-18.92554908195039, 20.928221945984298, -17.92554908195039, 

parameters:
0.06317644560020935, 0.0, 20.0, 
objectives:
-19.996008736721326, 23.75128548087784, -18.996008736721322, 

parameters:
1.3136706194226084, 0.0, 20.0, 
objectives:
-18.27426950366582, 20.471048018643746, -17.27426950366582, 

parameters:
1.9453451192557676, 0.0, 20.0, 
objectives:
-16.215632366987762, 20.002987155989167, -15.215632366987764, 

parameters:
1.9154405550982871, 0.0, 20.0, 
objectives:
-16.331087479884765, 20.007150299722085, -15.331087479884765, 

parameters:
1.571676873518426, 0.0, 20.0, 
objectives:
-17.529831805247344, 20.18346070067895, -16.529831805247344, 

parameters:
1.188008873922435, 0.0, 20.0, 
objectives:
-18.58863491548155, 20.65932958882871, -17.58863491548155, 

parameters:
0.4499246964613986, 0.0, 20.0, 
objectives:
-19.797567767514117, 22.402733446640287, -18.797567767514117, 

parameters:
0.7920673424213485, 0.0, 20.0, 
objectives:
-19.372629325069582, 21.459101305245024, -18.372629325069582, 

parameters:
1.8461283505934911, 0.0, 20.0, 
objectives:
-16.591810113134954, 20.02367648449108, -15.591810113134956, 

parameters:
1.862666147136347, 0.0, 20.0, 
objectives:
-16.530474824312236, 20.018860587142374, -15.530474824312236, 

parameters:
1.3843817054948684, 0.0, 20.0, 
objectives:
-18.08348729349112, 20.378985884529406, -17.083487293491117, 

parameters:
0.7674066379684503, 0.0, 20.0, 
objectives:
-19.41108705200196, 21.51928639612424, -18.41108705200196, 

parameters:
1.0788335446383446, 0.0, 20.0, 
objectives:
-18.836118182963066, 20.848547638483556, -17.836118182963066, 

parameters:
0.41390037541555535, 0.0, 20.0, 
objectives:
-19.82868647923086, 22.515712019106914, -18.82868647923086, 

parameters:
1.3926012551141036, 0.0, 20.0, 
objectives:
-18.060661744254624, 20.368933235288964, -17.060661744254624, 

parameters:
1.2818287492968377, 0.0, 20.0, 
objectives:
-18.356915057476105, 20.515769945336544, -17.356915057476105, 

parameters:
1.1434533793720834, 0.0, 20.0, 
objectives:
-18.692514369202563, 20.733672113309105, -17.692514369202563, 

parameters:
1.2427860516349798, 0.0, 20.0, 
objectives:
-18.455482829861538, 20.573372963598544, -17.455482829861538, 

parameters:
1.6058968548819965, 0.0, 20.0, 
objectives:
-17.42109529148011, 20.155317288991903, -16.42109529148011, 

parameters:
1.120578659986654, 0.0, 20.0, 
objectives:
-18.744303466782515, 20.77338189327087, -17.744303466782515, 

parameters:
1.2498109313538326, 0.0, 20.0, 
objectives:
-18.437972635868466, 20.562783638716205, -17.437972635868466, 

parameters:
1.6259500528021067, 0.0, 20.0, 
objectives:
-17.356286425792828, 20.139913362998747, -16.356286425792828, 

parameters:
0.4413717018445887, 0.0, 20.0, 
objectives:
-19.80519102081081, 22.429322171810835, -18.80519102081081, 

parameters:
1.1216812386690769, 0.0, 20.0, 
objectives:
-18.741831198817806, 20.771443846505885, -17.741831198817806, 

