Generation 2377 at Fri May 24 19:48:21 2019
parameters:
2.9806827382433085, -5.4484868843606105, 0.5863930180912739, 
objectives:
2.8495896836097425, -3.900355233180943, 38.98408589701995, 

parameters:
0.051044676920685594, -100.0, 20, 
objectives:
-119.99739444095806, -76.2015731486408, 9981.002605559042, 

parameters:
-1.3994483358142205, -6.419019441119701, 20.0, 
objectives:
-24.46056379650651, 25.137229546750373, 24.16226623008587, 

parameters:
-0.09310337269809921, -0.38187417318528993, 20, 
objectives:
-20.37320593517753, 23.999207555614866, -18.84550387784629, 

parameters:
1.9973066371654076, -100, 0, 
objectives:
-96.01076619713501, -99.99999274579665, 10004.989233802866, 

parameters:
1.118130332938989, -89.02555225035316, 20, 
objectives:
-107.7753368089149, -68.24785814067086, 7907.799168921798, 

parameters:
2.001699813375379, -66.35832005224412, 1.7787431989132192, 
objectives:
-64.13026110829031, -64.5795739639654, 4406.654699100018, 

parameters:
1.1612775897506082, -17.047237264407453, 0.990558975160197, 
objectives:
-16.68923059911067, -15.353223007792709, 291.9663050142989, 

parameters:
0.11280490155548885, -84.91694161064535, 0.3235920450399557, 
objectives:
-85.22780870987037, -81.03184422601241, 7211.576105406527, 

parameters:
0.09183467099630693, -97.94051980992977, 0.4885194713850053, 
objectives:
-98.42060567451777, -93.81090541573299, 9592.865334774659, 

parameters:
1.7111431729617324, -14.324863752486905, 19.95610008594629, 
objectives:
-31.35295288005965, 5.714674599985999, 189.17363239974048, 

parameters:
4.641419003952482, -32.55101369141694, 0.3915503301162656, 
objectives:
-11.399793651281959, -25.182369006859354, 1081.719712378948, 

parameters:
-0.31672876217670787, -91.98315881527235, 1.1515083766787366, 
objectives:
-93.03435008316109, -85.4644182810968, 8460.850314367726, 

parameters:
2.7196457034641, -11.76275454204793, 0.26380494665602894, 
objectives:
-4.630086736333218, -10.98105965687756, 146.4950622221839, 

parameters:
-0.2881865827387098, -72.07889809166728, 6.268401627198832, 
objectives:
-78.2642482123955, -60.574698627043, 5190.1821999882295, 

parameters:
2.064889150760461, -77.13040173763085, 0.9989554299601289, 
objectives:
-73.86558996266272, -76.1272357057843, 5953.363683983296, 

parameters:
-1.937008721027961, -46.02869326779416, 6.233050568751443, 
objectives:
-48.50974105120723, -24.295605029592494, 2117.1595561572663, 

parameters:
-1.6338510454126118, -96.87601081630851, 20.0, 
objectives:
-114.20654157771263, -63.67113739606218, 9368.630940920119, 

parameters:
1.4951664055571565, -3.0700703972692676, 20.0, 
objectives:
-20.83454781696256, 17.184786560808814, -7.339145175504214, 

parameters:
0.22707885400635108, -94.65079419405508, 1.8555122936082653, 
objectives:
-96.45474168172652, -89.65203251053538, 8957.9688940777, 

parameters:
0.3914640247371915, -52.753341119488276, 2.023563013916545, 
objectives:
-54.62366005074138, -48.142390121857055, 2782.04468033784, 

parameters:
-3.301130188971605, -52.32687658586533, 18.484218869450352, 
objectives:
-59.91363493077598, -5.740676435988849, 2731.5152548874707, 

parameters:
3.344144341262519, -34.7894022039986, 5.360102704158526, 
objectives:
-28.966203532958996, -27.62257548969202, 1217.1257043826222, 

parameters:
3.2538176601280036, -60.691292215832334, 6.910505387384644, 
objectives:
-57.01446823785611, -52.20872810359883, 3688.1097748055267, 

parameters:
1.9140231526677551, -41.72407507307916, 0.3168220989580406, 
objectives:
-38.377412543088994, -41.39986095584393, 1745.245103233936, 

parameters:
2.487294483620567, -80.61489217175259, 3.111585427226033, 
objectives:
-77.53984375072932, -77.26585083075952, 6502.83588828432, 

parameters:
0.5909097000939176, -76.1968848607553, 1.2985851891592686, 
objectives:
-77.14629577624949, -72.91276419830662, 5806.015851567707, 

parameters:
-3.0806247566603515, -83.59678912429192, 20.0, 
objectives:
-94.10654023294327, -37.784041206301865, 6978.91340078268, 

parameters:
1.8910573825510526, -73.51562253166283, 18.416005723133107, 
objectives:
-88.3555302306951, -55.08774831463309, 5390.706848518899, 

parameters:
2.558467503253486, -45.16699308319505, 9.552664771748152, 
objectives:
-48.173901889739085, -35.302442359256716, 2038.0503553708456, 

parameters:
-1.193642197406585, -42.47274892030947, 0.7249350237485619, 
objectives:
-41.77290224862841, -31.54846341150495, 1805.6342475193305, 

parameters:
-0.8007382405055186, -56.055024823930076, 7.0812042847840715, 
objectives:
-62.49504737890627, -41.129685847316054, 3136.725785456441, 

parameters:
-3.9504205832007213, -34.532442939366106, 0, 
objectives:
-18.92662015519018, 0.8750621776126977, 1209.0954381447518, 

parameters:
1.4986349862568822, -58.33336996814672, 0, 
objectives:
-56.087463146113556, -58.08200309114108, 3406.027958662715, 

parameters:
1.4908783240885999, -43.19960269522112, 0.5564833773368187, 
objectives:
-41.5333678953207, -42.383914437001465, 1868.871907824856, 

parameters:
0.5617713543746041, -73.6507628583027, 19.932966345948266, 
objectives:
-93.26814214965509, -51.64929487525698, 5405.817490318588, 

