Generation 238 at Fri May 24 19:55:17 2019
parameters:
0, 0.0, 20.0, 
objectives:
-20.0, 24.0, -19.0, 

parameters:
0, 0.0, 20.0, 
objectives:
-20.0, 24.0, -19.0, 

parameters:
1.9979647189482492, 0.0, 20.0, 
objectives:
-16.008136981838042, 20.000004142368958, -15.008136981838044, 

parameters:
1.6850472054943146, 0.0, 20.0, 
objectives:
-17.1606159152558, 20.09919526276694, -16.1606159152558, 

parameters:
0.49131023123902784, 0.0, 20.0, 
objectives:
-19.758614256679852, 22.276144818364035, -18.758614256679852, 

parameters:
1.3906552681898028, 0.0, 20.0, 
objectives:
-18.066077925055946, 20.37130100218484, -17.066077925055946, 

parameters:
0.8475737960746197, 0.0, 20.0, 
objectives:
-19.28161866020766, 21.328086155493864, -18.28161866020766, 

parameters:
1.5564983381440585, 0.0, 20.0, 
objectives:
-17.577312923354786, 20.196693724068982, -16.577312923354786, 

parameters:
0.9410992875533312, 0.0, 20.0, 
objectives:
-19.114332130966613, 21.121270718820064, -18.114332130966613, 

parameters:
1.9379176761034853, 0.0, 20.0, 
objectives:
-16.244475080645667, 20.003854214940393, -15.244475080645667, 

parameters:
0.6390046734243106, 0.0, 20.0, 
objectives:
-19.59167302734189, 21.85230827896087, -18.59167302734189, 

parameters:
1.4573422270475125, 0.0, 20.0, 
objectives:
-17.876153633264195, 20.294477458545753, -16.876153633264195, 

parameters:
1.1885648733056382, 0.0, 20.0, 
objectives:
-18.587313541943953, 20.658426964833495, -17.587313541943953, 

parameters:
0.26140103597586306, 0.0, 20.0, 
objectives:
-19.931669498390747, 23.022726357705803, -18.931669498390747, 

parameters:
1.292637017662595, 0.0, 20.0, 
objectives:
-18.32908954056835, 20.50036238878127, -17.32908954056835, 

parameters:
0.11223007473206906, 0.0, 20.0, 
objectives:
-19.987404410325635, 23.56367529074609, -18.987404410325635, 

parameters:
1.882061341288841, 0.0, 20.0, 
objectives:
-16.45784510762605, 20.013909527218587, -15.45784510762605, 

parameters:
1.803965415927168, 0.0, 20.0, 
objectives:
-16.74570877813872, 20.038429558152608, -15.74570877813872, 

parameters:
0.4015334858230623, 0.0, 20.0, 
objectives:
-19.838770859762782, 22.55509519694497, -18.838770859762782, 

parameters:
1.2759870182102695, 0.0, 20.0, 
objectives:
-18.371857129358865, 20.524194797800057, -17.371857129358865, 

parameters:
0.3490047804032312, 0.0, 20.0, 
objectives:
-19.878195663255692, 22.72578521513138, -18.878195663255692, 

parameters:
0.17295393270206513, 0.0, 20.0, 
objectives:
-19.97008693716289, 23.338097332028852, -18.97008693716289, 

parameters:
1.009225413939007, 0.0, 20.0, 
objectives:
-18.98146406385964, 20.98163428038433, -17.98146406385964, 

parameters:
1.5132133203797693, 0.0, 20.0, 
objectives:
-17.710185447025232, 20.23696127145569, -16.710185447025232, 

parameters:
1.8458728390924775, 0.0, 20.0, 
objectives:
-16.592753461900678, 20.023755181729413, -15.592753461900678, 

parameters:
0.6626707146209413, 0.0, 20.0, 
objectives:
-19.56086752398377, 21.788449617532464, -18.56086752398377, 

parameters:
0.7601743235414218, 0.0, 20.0, 
objectives:
-19.42213499782834, 21.53716770800597, -18.42213499782834, 

parameters:
0.7497482076252087, 0.0, 20.0, 
objectives:
-19.437877625162788, 21.563129544336377, -18.437877625162788, 

parameters:
1.7442195990060807, 0.0, 20.0, 
objectives:
-16.957697990443066, 20.06542361353261, -15.957697990443068, 

parameters:
1.1057901206276777, 0.0, 20.0, 
objectives:
-18.777228209122224, 20.799611308367062, -17.777228209122228, 

parameters:
1.7553281786866852, 0.0, 20.0, 
objectives:
-16.918822985108484, 20.059864300144774, -15.918822985108484, 

parameters:
1.1509491271704149, 0.0, 20.0, 
objectives:
-18.67531610666566, 20.72088738465268, -17.67531610666566, 

parameters:
1.0499809786996899, 0.0, 20.0, 
objectives:
-18.89753994436884, 20.9025361408324, -17.89753994436884, 

parameters:
1.5476015398408984, 0.0, 20.0, 
objectives:
-17.60492947388208, 20.204664366754326, -16.60492947388208, 

parameters:
1.129427076035098, 0.0, 20.0, 
objectives:
-18.72439447991881, 20.757897215940798, -17.724394479918807, 

parameters:
1.0486944925786945, 0.0, 20.0, 
objectives:
-18.900239861235114, 20.904982168450108, -17.900239861235114, 

parameters:
1.5532734537476107, 0.0, 20.0, 
objectives:
-17.58734157788297, 20.19956460712659, -16.58734157788297, 

