Generation 2382 at Fri May 24 19:48:21 2019
parameters:
0.051044676920685594, -100.0, 20, 
objectives:
-119.99739444095806, -76.2015731486408, 9981.002605559042, 

parameters:
2.9806827382433085, -5.4484868843606105, 0.5863930180912739, 
objectives:
2.8495896836097425, -3.900355233180943, 38.98408589701995, 

parameters:
-1.3994483358142205, -6.419019441119701, 20.0, 
objectives:
-24.46056379650651, 25.137229546750373, 24.16226623008587, 

parameters:
-0.09310337269809921, -0.38187417318528993, 20, 
objectives:
-20.37320593517753, 23.999207555614866, -18.84550387784629, 

parameters:
1.9973066371654076, -100, 0, 
objectives:
-96.01076619713501, -99.99999274579665, 10004.989233802866, 

parameters:
1.118130332938989, -89.02555225035316, 20, 
objectives:
-107.7753368089149, -68.24785814067086, 7907.799168921798, 

parameters:
-1.4459239747750194, -58.87102679264905, 17.64808536072898, 
objectives:
-74.42841601254884, -29.348549391990797, 3451.240406400902, 

parameters:
-2.0763689578256175, -22.059063946255797, 20, 
objectives:
-37.74775589723396, 14.557719934068512, 471.9136102340242, 

parameters:
2.001699813375379, -66.35832005224412, 1.7787431989132192, 
objectives:
-64.13026110829031, -64.5795739639654, 4406.654699100018, 

parameters:
-0.31672876217670787, -91.98315881527235, 1.1515083766787366, 
objectives:
-93.03435008316109, -85.4644182810968, 8460.850314367726, 

parameters:
0.11280490155548885, -84.91694161064535, 0.3235920450399557, 
objectives:
-85.22780870987037, -81.03184422601241, 7211.576105406527, 

parameters:
2.694357521000696, -37.03427142016349, 18.02261654900283, 
objectives:
-47.797325518193304, -18.529522504190428, 1361.7742055243086, 

parameters:
4.641419003952482, -32.55101369141694, 0.3915503301162656, 
objectives:
-11.399793651281959, -25.182369006859354, 1081.719712378948, 

parameters:
2.7196457034641, -11.76275454204793, 0.26380494665602894, 
objectives:
-4.630086736333218, -10.98105965687756, 146.4950622221839, 

parameters:
-1.6338510454126118, -96.87601081630851, 20.0, 
objectives:
-114.20654157771263, -63.67113739606218, 9368.630940920119, 

parameters:
0.3914640247371915, -52.753341119488276, 2.023563013916545, 
objectives:
-54.62366005074138, -48.142390121857055, 2782.04468033784, 

parameters:
0.09183467099630693, -97.94051980992977, 0.4885194713850053, 
objectives:
-98.42060567451777, -93.81090541573299, 9592.865334774659, 

parameters:
-1.0274679259338328, -65.20452498504233, 16.484069119061346, 
objectives:
-80.6329037652809, -39.55489382342287, 4237.20169974477, 

parameters:
-1.857321012445642, -87.05218695322796, 18.374029913180426, 
objectives:
-101.97657552313628, -53.799231646992865, 7564.158864769844, 

parameters:
0.22707885400635108, -94.65079419405508, 1.8555122936082653, 
objectives:
-96.45474168172652, -89.65203251053538, 8957.9688940777, 

parameters:
-1.937008721027961, -46.02869326779416, 6.233050568751443, 
objectives:
-48.50974105120723, -24.295605029592494, 2117.1595561572663, 

parameters:
1.3590568763928481, -26.413905150255758, 17.3393437425325, 
objectives:
-41.906213299517574, -8.663753320023964, 683.2020771374458, 

parameters:
5.0208874859930415, -40.98777581983362, 1.5163167385037117, 
objectives:
-17.29478141133581, -30.345697878300555, 1704.6907610654355, 

parameters:
0.5909097000939176, -76.1968848607553, 1.2985851891592686, 
objectives:
-77.14629577624949, -72.91276419830662, 5806.015851567707, 

parameters:
1.8910573825510526, -73.51562253166283, 18.416005723133107, 
objectives:
-88.3555302306951, -55.08774831463309, 5390.706848518899, 

parameters:
2.487294483620567, -80.61489217175259, 3.111585427226033, 
objectives:
-77.53984375072932, -77.26585083075952, 6502.83588828432, 

parameters:
3.5606665722989144, -68.21435212468477, 19.036396516919147, 
objectives:
-74.57240220251701, -46.74227545787438, 4647.839785712652, 

parameters:
4.856668971881256, -51.09883372573225, 1.5243830473466462, 
objectives:
-29.035983270644756, -41.413893063476486, 2634.1536585851186, 

parameters:
3.6971040584448303, -54.18850476539371, 0.34314904572605576, 
objectives:
-40.863075392150535, -50.965193534477734, 2950.71947808234, 

parameters:
-0.2881865827387098, -72.07889809166728, 6.268401627198832, 
objectives:
-78.2642482123955, -60.574698627043, 5190.1821999882295, 

parameters:
0.43955591199169186, -16.120979508423424, 18.531318540457647, 
objectives:
-34.45908864911422, 4.845324783834304, 242.5478711703171, 

parameters:
0.4056960691528899, -78.42930881978403, 17.574261833037927, 
objectives:
-95.83898135229585, -58.313241962831555, 6134.746809416541, 

parameters:
1.7111431729617324, -14.324863752486905, 19.95610008594629, 
objectives:
-31.35295288005965, 5.714674599985999, 189.17363239974048, 

parameters:
-1.3827187054961216, -49.35287057183331, 1.0316449150591809, 
objectives:
-48.47260446836362, -36.878439816260766, 2437.5860997836, 

parameters:
0.4089417269281439, -10.660002854701936, 6.61407467338169, 
objectives:
-17.106844192060656, -1.514461753009849, 108.18881952489471, 

parameters:
3.9347615006504464, -10.998337257401136, 1.9667854424014257, 
objectives:
2.5172253671983906, -5.288249750600544, 135.47898505213746, 

