Generation 2385 at Fri May 24 19:48:21 2019
parameters:
2.9239045845015115, 1.4224146346984305, 3.9943350845660017, 
objectives:
5.977297569401385, 6.270349400527342, 7.578146327707223, 

parameters:
0.051044676920685594, -100.0, 20, 
objectives:
-119.99739444095806, -76.2015731486408, 9981.002605559042, 

parameters:
-1.3994483358142205, -6.419019441119701, 20.0, 
objectives:
-24.46056379650651, 25.137229546750373, 24.16226623008587, 

parameters:
-0.09310337269809921, -0.38187417318528993, 20, 
objectives:
-20.37320593517753, 23.999207555614866, -18.84550387784629, 

parameters:
1.9973066371654076, -100, 0, 
objectives:
-96.01076619713501, -99.99999274579665, 10004.989233802866, 

parameters:
-2.0763689578256175, -22.059063946255797, 20, 
objectives:
-37.74775589723396, 14.557719934068512, 471.9136102340242, 

parameters:
-1.4459239747750194, -58.87102679264905, 17.64808536072898, 
objectives:
-74.42841601254884, -29.348549391990797, 3451.240406400902, 

parameters:
1.118130332938989, -89.02555225035316, 20, 
objectives:
-107.7753368089149, -68.24785814067086, 7907.799168921798, 

parameters:
-0.31672876217670787, -91.98315881527235, 1.1515083766787366, 
objectives:
-93.03435008316109, -85.4644182810968, 8460.850314367726, 

parameters:
2.9806827382433085, -5.4484868843606105, 0.5863930180912739, 
objectives:
2.8495896836097425, -3.900355233180943, 38.98408589701995, 

parameters:
-1.0274679259338328, -65.20452498504233, 16.484069119061346, 
objectives:
-80.6329037652809, -39.55489382342287, 4237.20169974477, 

parameters:
1.7097957854496078, -68.94004825323576, 3.179056763632234, 
objectives:
-69.19570338892674, -65.67677300346071, 4753.4745980227835, 

parameters:
2.694357521000696, -37.03427142016349, 18.02261654900283, 
objectives:
-47.797325518193304, -18.529522504190428, 1361.7742055243086, 

parameters:
-1.6338510454126118, -96.87601081630851, 20.0, 
objectives:
-114.20654157771263, -63.67113739606218, 9368.630940920119, 

parameters:
4.856668971881256, -51.09883372573225, 1.5243830473466462, 
objectives:
-29.035983270644756, -41.413893063476486, 2634.1536585851186, 

parameters:
-1.937008721027961, -46.02869326779416, 6.233050568751443, 
objectives:
-48.50974105120723, -24.295605029592494, 2117.1595561572663, 

parameters:
-1.857321012445642, -87.05218695322796, 18.374029913180426, 
objectives:
-101.97657552313628, -53.799231646992865, 7564.158864769844, 

parameters:
3.201694516617654, -75.54237456938422, 2.8272744907271132, 
objectives:
-68.11880128237178, -71.27103036738816, 5715.07392886816, 

parameters:
0.22707885400635108, -94.65079419405508, 1.8555122936082653, 
objectives:
-96.45474168172652, -89.65203251053538, 8957.9688940777, 

parameters:
0.11280490155548885, -84.91694161064535, 0.3235920450399557, 
objectives:
-85.22780870987037, -81.03184422601241, 7211.576105406527, 

parameters:
0.3914640247371915, -52.753341119488276, 2.023563013916545, 
objectives:
-54.62366005074138, -48.142390121857055, 2782.04468033784, 

parameters:
0.8631139610367807, -74.7441973030576, 16.912703121403663, 
objectives:
-90.91193471472467, -56.53898431606446, 5571.527293066736, 

parameters:
0.09183467099630693, -97.94051980992977, 0.4885194713850053, 
objectives:
-98.42060567451777, -93.81090541573299, 9592.865334774659, 

parameters:
4.641419003952482, -32.55101369141694, 0.3915503301162656, 
objectives:
-11.399793651281959, -25.182369006859354, 1081.719712378948, 

parameters:
-1.50396228413539, -40.08995440240702, 20, 
objectives:
-57.82805185030528, -7.8122027137637176, 1590.4663465391754, 

parameters:
2.6109101107407673, -79.47874533100826, 17.799209689131345, 
objectives:
-90.46110341377124, -61.30632447847161, 6306.888601308504, 

parameters:
3.6971040584448303, -54.18850476539371, 0.34314904572605576, 
objectives:
-40.863075392150535, -50.965193534477734, 2950.71947808234, 

parameters:
2.7196457034641, -11.76275454204793, 0.26380494665602894, 
objectives:
-4.630086736333218, -10.98105965687756, 146.4950622221839, 

parameters:
1.471070556778217, -82.69690227996544, 4.149573511582751, 
objectives:
-84.68242720852841, -78.2675624124758, 6837.79212177359, 

parameters:
2.9750940589780934, -48.65949959156908, 16.585452816920323, 
objectives:
-56.39376774872265, -31.12323835079438, 2361.012632344758, 

parameters:
1.3590568763928481, -26.413905150255758, 17.3393437425325, 
objectives:
-41.906213299517574, -8.663753320023964, 683.2020771374458, 

parameters:
1.2100468868497376, -81.03474673130367, 20.0, 
objectives:
-99.57053326292893, -60.410720810327874, 6549.094391274905, 

parameters:
2.001699813375379, -66.35832005224412, 1.7787431989132192, 
objectives:
-64.13026110829031, -64.5795739639654, 4406.654699100018, 

parameters:
0.44979803539298735, -14.731756535136762, 2.1167721365516505, 
objectives:
-16.64621039904502, -10.21185826751367, 216.11019674663646, 

parameters:
-1.5197209551806927, -50.743390065549136, 0, 
objectives:
-48.43383828393382, -38.354954463211044, 2578.201187126086, 

parameters:
-1.4511669547860553, -51.43138868745386, 12.320691851276452, 
objectives:
-61.64619500806728, -27.20014348637016, 2635.9729359993435, 

parameters:
3.4334683636979753, -22.353625233303188, 8.75276645149616, 
objectives:
-19.317686680284496, -11.546027232084075, 503.7204996239877, 

parameters:
3.8506545275096107, -34.05957964190107, 0, 
objectives:
-19.232039351670803, -30.634657461709246, 1175.882505673232, 

