Generation 2388 at Fri May 24 19:48:21 2019
parameters:
0.051044676920685594, -100.0, 20, 
objectives:
-119.99739444095806, -76.2015731486408, 9981.002605559042, 

parameters:
2.9239045845015115, 1.4224146346984305, 3.9943350845660017, 
objectives:
5.977297569401385, 6.270349400527342, 7.578146327707223, 

parameters:
-1.3994483358142205, -6.419019441119701, 20.0, 
objectives:
-24.46056379650651, 25.137229546750373, 24.16226623008587, 

parameters:
-0.09310337269809921, -0.38187417318528993, 20, 
objectives:
-20.37320593517753, 23.999207555614866, -18.84550387784629, 

parameters:
1.9973066371654076, -100, 0, 
objectives:
-96.01076619713501, -99.99999274579665, 10004.989233802866, 

parameters:
1.471070556778217, -82.69690227996544, 4.149573511582751, 
objectives:
-84.68242720852841, -78.2675624124758, 6837.79212177359, 

parameters:
-1.0274679259338328, -65.20452498504233, 16.484069119061346, 
objectives:
-80.6329037652809, -39.55489382342287, 4237.20169974477, 

parameters:
-1.6338510454126118, -96.87601081630851, 20.0, 
objectives:
-114.20654157771263, -63.67113739606218, 9368.630940920119, 

parameters:
-0.7663402543926775, -59.49623065992551, 4.439188992170028, 
objectives:
-63.3481422665929, -47.40440326468213, 3536.949551132393, 

parameters:
0.09183467099630693, -97.94051980992977, 0.4885194713850053, 
objectives:
-98.42060567451777, -93.81090541573299, 9592.865334774659, 

parameters:
2.7196457034641, -11.76275454204793, 0.26380494665602894, 
objectives:
-4.630086736333218, -10.98105965687756, 146.4950622221839, 

parameters:
-1.857321012445642, -87.05218695322796, 18.374029913180426, 
objectives:
-101.97657552313628, -53.799231646992865, 7564.158864769844, 

parameters:
2.6109101107407673, -79.47874533100826, 17.799209689131345, 
objectives:
-90.46110341377124, -61.30632447847161, 6306.888601308504, 

parameters:
4.856668971881256, -51.09883372573225, 1.5243830473466462, 
objectives:
-29.035983270644756, -41.413893063476486, 2634.1536585851186, 

parameters:
3.201694516617654, -75.54237456938422, 2.8272744907271132, 
objectives:
-68.11880128237178, -71.27103036738816, 5715.07392886816, 

parameters:
1.7097957854496078, -68.94004825323576, 3.179056763632234, 
objectives:
-69.19570338892674, -65.67677300346071, 4753.4745980227835, 

parameters:
2.9750940589780934, -48.65949959156908, 16.585452816920323, 
objectives:
-56.39376774872265, -31.12323835079438, 2361.012632344758, 

parameters:
-1.50396228413539, -40.08995440240702, 20, 
objectives:
-57.82805185030528, -7.8122027137637176, 1590.4663465391754, 

parameters:
-2.0763689578256175, -22.059063946255797, 20, 
objectives:
-37.74775589723396, 14.557719934068512, 471.9136102340242, 

parameters:
-0.31672876217670787, -91.98315881527235, 1.1515083766787366, 
objectives:
-93.03435008316109, -85.4644182810968, 8460.850314367726, 

parameters:
5.786880028729195, -27.548307634074295, 0, 
objectives:
5.939672832830514, -13.207847282086266, 793.3972339685008, 

parameters:
1.118130332938989, -89.02555225035316, 20, 
objectives:
-107.7753368089149, -68.24785814067086, 7907.799168921798, 

parameters:
4.641419003952482, -32.55101369141694, 0.3915503301162656, 
objectives:
-11.399793651281959, -25.182369006859354, 1081.719712378948, 

parameters:
3.6971040584448303, -54.18850476539371, 0.34314904572605576, 
objectives:
-40.863075392150535, -50.965193534477734, 2950.71947808234, 

parameters:
3.2083196665831624, -10.27378680035065, 18.331444106925275, 
objectives:
-18.31191582429163, 9.517693723226271, 98.51256619511825, 

parameters:
-1.937008721027961, -46.02869326779416, 6.233050568751443, 
objectives:
-48.50974105120723, -24.295605029592494, 2117.1595561572663, 

parameters:
2.72815275024303, -23.02347321855124, 20, 
objectives:
-35.58065578989263, -2.4932667908647517, 518.5231364740047, 

parameters:
2.694357521000696, -37.03427142016349, 18.02261654900283, 
objectives:
-47.797325518193304, -18.529522504190428, 1361.7742055243086, 

parameters:
3.4507521810662682, -58.404206391371574, 3.0468603292454106, 
objectives:
-49.54337610548338, -53.25266417125763, 3420.9121544918166, 

parameters:
-1.4459239747750194, -58.87102679264905, 17.64808536072898, 
objectives:
-74.42841601254884, -29.348549391990797, 3451.240406400902, 

parameters:
4.847311631412074, -67.40357824634691, 0, 
objectives:
-43.90714819432412, -59.296394719972426, 4567.738790463432, 

parameters:
-0.14695012020522946, -24.34792390237569, 20.0, 
objectives:
-44.32632956454736, 0.26147091627355934, 573.8429926937058, 

parameters:
0.039376455874395866, -75.87281240601672, 19.86404841009394, 
objectives:
-95.73531031083344, -52.16471931414313, 5737.821164493787, 

parameters:
0.5029279644579254, -32.70143546369961, 12.723099106770334, 
objectives:
-45.171598033036155, -17.737111677327185, 1057.9137188171737, 

parameters:
-0.8897213678937653, -100, 8.712978400400347, 
objectives:
-107.9213742879136, -82.93653201553784, 9993.078625712085, 

parameters:
-0.6054575502669803, -91.97331837294658, 1.486424416874941, 
objectives:
-93.09316394464622, -83.69848490982842, 8458.971446959693, 

parameters:
-1.6933692676974847, -75.64343835768135, 4.34807104485024, 
objectives:
-77.12400992574928, -57.65439076525885, 5721.44919500427, 

