Generation 239 at Sat May 25 04:36:27 2019
parameters:
0, 0.0, 20.0, 
objectives:
-20.0, 24.0, -19.0, 

parameters:
0, 0.0, 20.0, 
objectives:
-20.0, 24.0, -19.0, 

parameters:
1.9971487895634539, 0.0, 20.0, 
objectives:
-16.01139671234523, 20.000008129400953, -15.011396712345231, 

parameters:
1.3136706194226084, 0.0, 20.0, 
objectives:
-18.27426950366582, 20.471048018643746, -17.27426950366582, 

parameters:
1.4463892245840302, 0.0, 20.0, 
objectives:
-17.90795821100721, 20.306484890656673, -16.90795821100721, 

parameters:
1.6384477967348083, 0.0, 20.0, 
objectives:
-17.315488817374852, 20.130719995685915, -16.315488817374852, 

parameters:
1.7308811205441008, 0.0, 20.0, 
objectives:
-17.004050546543997, 20.0724249712796, -16.004050546543997, 

parameters:
0.34930912626346783, 0.0, 20.0, 
objectives:
-19.87798313430905, 22.724780360637077, -18.87798313430905, 

parameters:
0.24762270822206683, 0.0, 20.0, 
objectives:
-19.93868299437277, 23.070826172738965, -18.93868299437277, 

parameters:
1.571676873518426, 0.0, 20.0, 
objectives:
-17.529831805247344, 20.18346070067895, -16.529831805247344, 

parameters:
1.5154089448343193, 0.0, 20.0, 
objectives:
-17.703535729916133, 20.234828490746587, -16.703535729916133, 

parameters:
0.6965506801484503, 0.0, 20.0, 
objectives:
-19.514817149984733, 21.698980129421468, -18.51481714998473, 

parameters:
1.2294722159004066, 0.0, 20.0, 
objectives:
-18.488398070328945, 20.59371306606943, -17.488398070328945, 

parameters:
0.14646698536917563, 0.0, 20.0, 
objectives:
-19.978547422196865, 23.435584636326432, -18.978547422196865, 

parameters:
0.867822363781951, 0.0, 20.0, 
objectives:
-19.246884344919906, 21.281826199952288, -18.246884344919906, 

parameters:
1.0365572430163281, 0.0, 20.0, 
objectives:
-18.92554908195039, 20.928221945984298, -17.92554908195039, 

parameters:
0.6154998113667518, 0.0, 20.0, 
objectives:
-19.621159982207494, 21.9168407723255, -18.621159982207494, 

parameters:
0.9534676361256839, 0.0, 20.0, 
objectives:
-19.0908994668609, 21.095229988636365, -18.0908994668609, 

parameters:
1.9453451192557676, 0.0, 20.0, 
objectives:
-16.215632366987762, 20.002987155989167, -15.215632366987764, 

parameters:
1.9154405550982871, 0.0, 20.0, 
objectives:
-16.331087479884765, 20.007150299722085, -15.331087479884765, 

parameters:
1.7917154592058995, 0.0, 20.0, 
objectives:
-16.78975571324259, 20.04338244993381, -15.789755713242593, 

parameters:
0.4488017837269118, 0.0, 20.0, 
objectives:
-19.798576958923544, 22.40621590616881, -18.798576958923544, 

parameters:
0.06317644560020935, 0.0, 20.0, 
objectives:
-19.996008736721326, 23.75128548087784, -18.996008736721322, 

parameters:
0.7920673424213485, 0.0, 20.0, 
objectives:
-19.372629325069582, 21.459101305245024, -18.372629325069582, 

parameters:
1.862666147136347, 0.0, 20.0, 
objectives:
-16.530474824312236, 20.018860587142374, -15.530474824312236, 

parameters:
0.5556390326753842, 0.0, 20.0, 
objectives:
-19.691265265367562, 22.0861786039309, -18.691265265367562, 

parameters:
0.7674066379684503, 0.0, 20.0, 
objectives:
-19.41108705200196, 21.51928639612424, -18.41108705200196, 

parameters:
0.9256482838031374, 0.0, 20.0, 
objectives:
-19.143175254692306, 21.154231610095145, -18.143175254692306, 

parameters:
1.1356685608527355, 0.0, 20.0, 
objectives:
-18.710256919890675, 20.747068836698382, -17.710256919890675, 

parameters:
1.188008873922435, 0.0, 20.0, 
objectives:
-18.58863491548155, 20.65932958882871, -17.58863491548155, 

parameters:
1.8123046432622198, 0.0, 20.0, 
objectives:
-16.7155518800102, 20.035229546940922, -15.715551880010198, 

parameters:
0.5104461760064365, 0.0, 20.0, 
objectives:
-19.739444701400405, 22.218770594573847, -18.739444701400405, 

parameters:
1.8461283505934911, 0.0, 20.0, 
objectives:
-16.591810113134954, 20.02367648449108, -15.591810113134956, 

parameters:
1.0871379987159708, 0.0, 20.0, 
objectives:
-18.818130971747834, 20.833317033388283, -17.818130971747834, 

parameters:
1.1631944374790701, 0.0, 20.0, 
objectives:
-18.64697870061775, 20.70024354946597, -17.64697870061775, 

parameters:
1.0788335446383446, 0.0, 20.0, 
objectives:
-18.836118182963066, 20.848547638483556, -17.836118182963066, 

parameters:
0.47629151620323384, 0.0, 20.0, 
objectives:
-19.773146391592825, 22.32168754359424, -18.773146391592825, 

parameters:
0, 0.0, 20.0, 
objectives:
-20.0, 24.0, -19.0, 

