Generation 2393 at Fri May 24 19:48:21 2019
parameters:
2.9239045845015115, 1.4224146346984305, 3.9943350845660017, 
objectives:
5.977297569401385, 6.270349400527342, 7.578146327707223, 

parameters:
0.051044676920685594, -100.0, 20, 
objectives:
-119.99739444095806, -76.2015731486408, 9981.002605559042, 

parameters:
-1.3994483358142205, -6.419019441119701, 20.0, 
objectives:
-24.46056379650651, 25.137229546750373, 24.16226623008587, 

parameters:
-0.09310337269809921, -0.38187417318528993, 20, 
objectives:
-20.37320593517753, 23.999207555614866, -18.84550387784629, 

parameters:
1.9973066371654076, -100, 0, 
objectives:
-96.01076619713501, -99.99999274579665, 10004.989233802866, 

parameters:
1.118130332938989, -89.02555225035316, 20, 
objectives:
-107.7753368089149, -68.24785814067086, 7907.799168921798, 

parameters:
3.6971040584448303, -54.18850476539371, 0.34314904572605576, 
objectives:
-40.863075392150535, -50.965193534477734, 2950.71947808234, 

parameters:
2.973273282669944, -43.290763498021875, 20, 
objectives:
-54.45040948458297, -22.343502615262743, 1863.930558255102, 

parameters:
4.110262298692158, -66.64711326418627, 18.1311279838655, 
objectives:
-67.88398508400164, -44.06277831103927, 4441.600834629458, 

parameters:
0.007251020846584438, -96.86352331849227, 20.0, 
objectives:
-116.86347074118895, -72.89247482457529, 9363.542202249399, 

parameters:
1.0486375343851302, -92.44228055141711, 1.2932489786085841, 
objectives:
-92.63588885150438, -90.24394103182772, 8546.381625246824, 

parameters:
1.471070556778217, -82.69690227996544, 4.149573511582751, 
objectives:
-84.68242720852841, -78.2675624124758, 6837.79212177359, 

parameters:
2.694357521000696, -37.03427142016349, 18.02261654900283, 
objectives:
-47.797325518193304, -18.529522504190428, 1361.7742055243086, 

parameters:
2.6109101107407673, -79.47874533100826, 17.799209689131345, 
objectives:
-90.46110341377124, -61.30632447847161, 6306.888601308504, 

parameters:
-1.4459239747750194, -58.87102679264905, 17.64808536072898, 
objectives:
-74.42841601254884, -29.348549391990797, 3451.240406400902, 

parameters:
2.72815275024303, -23.02347321855124, 20, 
objectives:
-35.58065578989263, -2.4932667908647517, 518.5231364740047, 

parameters:
0.753542187602234, -61.16431848472437, 3.354867978193995, 
objectives:
-63.951360634422, -56.25579342844295, 3739.286813551098, 

parameters:
5.786880028729195, -27.548307634074295, 0, 
objectives:
5.939672832830514, -13.207847282086266, 793.3972339685008, 

parameters:
-0.6640950313972067, -55.6459984761291, 16.350795862314715, 
objectives:
-71.55577212771736, -32.1978002774991, 3081.567372753774, 

parameters:
2.7196457034641, -11.76275454204793, 0.26380494665602894, 
objectives:
-4.630086736333218, -10.98105965687756, 146.4950622221839, 

parameters:
-1.50396228413539, -40.08995440240702, 20, 
objectives:
-57.82805185030528, -7.8122027137637176, 1590.4663465391754, 

parameters:
1.5838472793388576, -73.74488803958579, 16.87797556161669, 
objectives:
-88.11429139693338, -56.69372939105543, 5424.939108613696, 

parameters:
-0.31672876217670787, -91.98315881527235, 1.1515083766787366, 
objectives:
-93.03435008316109, -85.4644182810968, 8460.850314367726, 

parameters:
-1.4319795643656912, -98.17891758004637, 5.524701749540677, 
objectives:
-101.6530538568261, -80.87573210028198, 9636.62572091276, 

parameters:
-2.0763689578256175, -22.059063946255797, 20, 
objectives:
-37.74775589723396, 14.557719934068512, 471.9136102340242, 

parameters:
-0.17507320065498533, -66.72359276557549, 3.8410561779182855, 
objectives:
-70.5339983179062, -58.15159315944968, 4449.227425994027, 

parameters:
-2.074574474218772, -13.66341008370993, 19.68238007948512, 
objectives:
-29.041930914114957, 22.621127141730373, 172.3102542852212, 

parameters:
-1.857321012445642, -87.05218695322796, 18.374029913180426, 
objectives:
-101.97657552313628, -53.799231646992865, 7564.158864769844, 

parameters:
3.201694516617654, -75.54237456938422, 2.8272744907271132, 
objectives:
-68.11880128237178, -71.27103036738816, 5715.07392886816, 

parameters:
4.641419003952482, -32.55101369141694, 0.3915503301162656, 
objectives:
-11.399793651281959, -25.182369006859354, 1081.719712378948, 

parameters:
3.4239091251586165, -3.098309232775936, 20.0, 
objectives:
-11.375155535431494, 18.92920796393404, 2.322673799249049, 

parameters:
0.4667201890939092, -85.22681073239113, 4.194047835281231, 
objectives:
-89.2030308327645, -78.68181591857768, 7260.633047514447, 

parameters:
1.634101877027696, -34.252047035922224, 7.448055902952445, 
objectives:
-39.02981399436923, -26.670109696575125, 1169.4249591925814, 

