Generation 2398 at Fri May 24 19:48:21 2019
parameters:
5.786880028729195, -27.548307634074295, 0, 
objectives:
5.939672832830514, -13.207847282086266, 793.3972339685008, 

parameters:
0.051044676920685594, -100.0, 20, 
objectives:
-119.99739444095806, -76.2015731486408, 9981.002605559042, 

parameters:
-0.09310337269809921, -0.38187417318528993, 20, 
objectives:
-20.37320593517753, 23.999207555614866, -18.84550387784629, 

parameters:
1.9973066371654076, -100, 0, 
objectives:
-96.01076619713501, -99.99999274579665, 10004.989233802866, 

parameters:
1.118130332938989, -89.02555225035316, 20, 
objectives:
-107.7753368089149, -68.24785814067086, 7907.799168921798, 

parameters:
0.8156363560472863, -6.171449265223224, 19.870088832003145, 
objectives:
-25.376275431920273, 15.10135680789687, 19.88195986652722, 

parameters:
0.7092368974483896, -68.70282060600171, 18.44950027186228, 
objectives:
-86.64930390116177, -48.58725094723077, 4703.131075925293, 

parameters:
3.201694516617654, -75.54237456938422, 2.8272744907271132, 
objectives:
-68.11880128237178, -71.27103036738816, 5715.07392886816, 

parameters:
2.72815275024303, -23.02347321855124, 20, 
objectives:
-35.58065578989263, -2.4932667908647517, 518.5231364740047, 

parameters:
1.0551861745364688, 1.5597155652894656, 0, 
objectives:
2.673133428222373, 2.452388730076498, 4.546130507539145, 

parameters:
0.05115317345686332, -48.201248674406074, 17.60040060706603, 
objectives:
-65.7990326343174, -26.80284411401279, 2306.762589812022, 

parameters:
2.694357521000696, -37.03427142016349, 18.02261654900283, 
objectives:
-47.797325518193304, -18.529522504190428, 1361.7742055243086, 

parameters:
2.6109101107407673, -79.47874533100826, 17.799209689131345, 
objectives:
-90.46110341377124, -61.30632447847161, 6306.888601308504, 

parameters:
0.21144973492033742, -43.664525559986245, 0.07708976339972774, 
objectives:
-43.69690433298809, -40.38852374586999, 1907.5584136056902, 

parameters:
-0.5539400854588998, -83.75584122941638, 20.0, 
objectives:
-103.44899161113817, -57.233231269302564, 6996.347789665483, 

parameters:
1.471070556778217, -82.69690227996544, 4.149573511582751, 
objectives:
-84.68242720852841, -78.2675624124758, 6837.79212177359, 

parameters:
1.0486375343851302, -92.44228055141711, 1.2932489786085841, 
objectives:
-92.63588885150438, -90.24394103182772, 8546.381625246824, 

parameters:
-0.8766747357442443, -62.51113321683186, 19.253567474448317, 
objectives:
-80.99614209898795, -34.98230820711432, 3890.1567671703433, 

parameters:
2.691812606656698, -63.776219447872734, 3.4547582661114804, 
objectives:
-59.98512260462829, -59.842856499032116, 4072.1972639064647, 

parameters:
1.239124438815459, -40.99046629916239, 17.37705388344705, 
objectives:
-56.83209080773972, -23.03448079610745, 1665.3767029141902, 

parameters:
3.3754541926428714, -98.09595095072129, 1.0059680823082062, 
objectives:
-87.70822802639915, -95.19810863235423, 9634.203315850638, 

parameters:
3.4972662512927535, -17.779427079036797, 2.8964734899487246, 
objectives:
-8.445029336554253, -12.641147361827816, 326.44242500126944, 

parameters:
0.007251020846584438, -96.86352331849227, 20.0, 
objectives:
-116.86347074118895, -72.89247482457529, 9363.542202249399, 

parameters:
-1.4459239747750194, -58.87102679264905, 17.64808536072898, 
objectives:
-74.42841601254884, -29.348549391990797, 3451.240406400902, 

parameters:
2.7196457034641, -11.76275454204793, 0.26380494665602894, 
objectives:
-4.630086736333218, -10.98105965687756, 146.4950622221839, 

parameters:
0.08935710738266978, -96.50269886918672, 7.187044993899665, 
objectives:
-103.68175917044658, -85.66509761217793, 9306.59182873567, 

parameters:
-0.31672876217670787, -91.98315881527235, 1.1515083766787366, 
objectives:
-93.03435008316109, -85.4644182810968, 8460.850314367726, 

parameters:
-0.6640950313972067, -55.6459984761291, 16.350795862314715, 
objectives:
-71.55577212771736, -32.1978002774991, 3081.567372753774, 

parameters:
4.100300868720563, -36.560247377970725, 19.910917951949813, 
objectives:
-39.65869811588993, -12.23806568687256, 1334.5532376004962, 

parameters:
3.296411135877454, -53.34908641866262, 1.1109436551322105, 
objectives:
-43.59370369705795, -50.55746093030334, 2856.8804044275375, 

parameters:
1.0047135795161284, -57.70684836623568, 1.1847995020352646, 
objectives:
-57.88219849140683, -55.53145380540082, 3330.904998238547, 

parameters:
-1.50396228413539, -40.08995440240702, 20, 
objectives:
-57.82805185030528, -7.8122027137637176, 1590.4663465391754, 

parameters:
3.6971040584448303, -54.18850476539371, 0.34314904572605576, 
objectives:
-40.863075392150535, -50.965193534477734, 2950.71947808234, 

parameters:
1.9818954002302993, -61.24387451614314, 0, 
objectives:
-57.315965138689116, -61.243546739610316, 3755.740075126541, 

