[!]Generation 24 at Sun May 26 02:43:06 2019
size of front generated: 49
[!!!]Points in the front:
parameters:
0, 0.0, 20.0, 
objectives:
-20.0, 24.0, -19.0, 

parameters:
0, 0.0, 20.0, 
objectives:
-20.0, 24.0, -19.0, 

parameters:
2.0424615457574675, 0.0004241449050747924, 20.0, 
objectives:
-15.827926689196943, 20.00222712777319, -14.827926689196943, 

parameters:
1.9290549066694775, 0.0008552922787612216, 20.0, 
objectives:
-16.27789187477565, 20.005888498546437, -15.277891874775653, 

parameters:
0.5000496572434621, 0.0056553455948692355, 20.0, 
objectives:
-19.744294994695828, 22.255506376330324, -18.744294994695828, 

parameters:
0.6174725099266521, 0.0, 20.0, 
objectives:
-19.61872769948488, 21.911382260808512, -18.61872769948488, 

parameters:
1.157849136775954, 0.0007837939984139098, 20.0, 
objectives:
-18.658601582468766, 20.71000187042742, -17.658601582468766, 

parameters:
1.5208509541550492, 0.0008842458419297397, 20.0, 
objectives:
-17.68612812940375, 20.230468053976058, -16.68612812940375, 

parameters:
1.2020788649679792, 0.0007160440865147573, 20.0, 
objectives:
-18.55429035831078, 20.637394181817303, -17.55429035831078, 

parameters:
1.6671566342413675, 0.0005158126335899468, 20.0, 
objectives:
-17.220072944271404, 20.111300518763123, -16.220072944271404, 

parameters:
1.6027176990492378, 0.006890061228069026, 20.0, 
objectives:
-17.424405915926247, 20.1647232878768, -16.424405915926247, 

parameters:
0.44095253245027616, 0, 20.0, 
objectives:
-19.805560864125688, 22.430629006073207, -18.805560864125688, 

parameters:
1.270853711101257, 0, 20.0, 
objectives:
-18.38493084498016, 20.531654310614808, -17.38493084498016, 

parameters:
1.4585823077129387, 6.225700250958729e-06, 20.0, 
objectives:
-17.872531425926546, 20.293139343221696, -16.872531425926546, 

parameters:
0.7875970951601725, 0.013975187812345038, 20.0, 
objectives:
-19.365715627882913, 21.4838959914764, -18.365715627882913, 

parameters:
1.7799663680936728, 0.0, 20.0, 
objectives:
-16.83171972845542, 20.04841479916989, -15.83171972845542, 

parameters:
0.03421977299195485, 0, 20.0, 
objectives:
-19.99882900713638, 23.8642919008958, -18.99882900713638, 

parameters:
1.8171541246186749, 0.0005084853665712903, 20.0, 
objectives:
-16.697442402014765, 20.033941099510535, -15.697442402014765, 

parameters:
1.0031051378912585, 0.0, 20.0, 
objectives:
-18.99378008233616, 20.993799366098806, -17.99378008233616, 

parameters:
0.3666080040257206, 0, 20.0, 
objectives:
-19.86559857138428, 22.66796941251284, -18.86559857138428, 

parameters:
1.0721247394078213, 0.0003470683186857555, 20.0, 
objectives:
-18.850201474831024, 20.86129956753769, -17.850201474831024, 

parameters:
1.5671644670980711, 0.0, 20.0, 
objectives:
-17.543995533065218, 20.187346598542497, -16.543995533065218, 

parameters:
0.18807826539857736, 0.00037053355497673496, 20.0, 
objectives:
-19.964256032529686, 23.283430905876006, -18.964256032529686, 

parameters:
0.9636172291928526, 0.0, 20.0, 
objectives:
-19.07144183560269, 21.0740892476259, -18.07144183560269, 

parameters:
0.9089947113989686, 0, 20.0, 
objectives:
-19.173728614648706, 21.19029253975542, -18.173728614648706, 

parameters:
0.14371571352763116, 7.015063679498592e-07, 20.0, 
objectives:
-19.979345092178875, 23.445792053710598, -18.979345092178875, 

parameters:
1.8600287558084947, 1.0487162017129423e-05, 20.0, 
objectives:
-16.540282540403485, 20.019602436362536, -15.540282540403487, 

parameters:
0.7319349712390374, 0.001736789601408006, 20.0, 
objectives:
-19.4625344082759, 21.60972570676795, -18.4625344082759, 

parameters:
0.848174614921404, 0.0, 20.0, 
objectives:
-19.280599822602927, 21.326701717711455, -18.280599822602927, 

parameters:
0.28071904845921025, 0, 20.0, 
objectives:
-19.921196815832154, 22.955926990331005, -18.921196815832154, 

parameters:
1.8846660813726481, 0.0010214433580497326, 20.0, 
objectives:
-16.447012318365417, 20.01432335614399, -15.447012318365417, 

parameters:
0.66517540201185, 0.0, 20.0, 
objectives:
-19.557541684558373, 21.781756707394226, -18.557541684558373, 

parameters:
1.4264771590954077, 0.0, 20.0, 
objectives:
-17.965162914579096, 20.328928449039275, -16.965162914579096, 

parameters:
1.0630639787644225, 0.0007768185784053871, 20.0, 
objectives:
-18.86911815847515, 20.87862592646716, -17.86911815847515, 

parameters:
1.73264024941367, 0.0, 20.0, 
objectives:
-16.997957766111735, 20.071481236233584, -15.997957766111735, 

parameters:
1.375687804463833, 0.0004140524701786081, 20.0, 
objectives:
-18.107069012179302, 20.390179769965368, -17.107069012179302, 

parameters:
1.7020685779112177, 0.009649013669118266, 20.0, 
objectives:
-17.093313542418166, 20.098412145936962, -16.093313542418166, 

parameters:
1.3337196966610068, 3.923028847448222e-05, 20.0, 
objectives:
-18.22115254045, 20.443968672905974, -17.22115254045, 

parameters:
0.7004552462508914, 0.0, 20.0, 
objectives:
-19.509362447999603, 21.68881656699683, -18.509362447999603, 

parameters:
0.31788116320359083, 5.46777267119568e-05, 20.0, 
objectives:
-19.89889688835362, 22.829578458832017, -18.89889688835362, 

parameters:
0.8744662374996606, 0.000824313369050846, 20.0, 
objectives:
-19.234484486104137, 21.26765056389722, -18.234484486104137, 

parameters:
1.3955930983468545, 0, 20.0, 
objectives:
-18.052319903846627, 20.365307702765953, -17.052319903846627, 

parameters:
1.9191174552673014, 0.0, 20.0, 
objectives:
-16.316988192888356, 20.006541986042436, -15.316988192888358, 

parameters:
1.3027762432669463, 0.000976157087347817, 20.0, 
objectives:
-18.301797902891913, 20.4870971240403, -17.301797902891913, 

parameters:
1.7234592460195914, 0.0005764167457753259, 20.0, 
objectives:
-17.029111810563805, 20.07705120535783, -16.029111810563805, 

parameters:
1.3151729450667051, 0.0, 20.0, 
objectives:
-18.27032012456457, 20.46898809516861, -17.27032012456457, 

parameters:
0.1548707693102986, 0, 20.0, 
objectives:
-19.976015044813238, 23.40450187794557, -18.976015044813238, 

parameters:
0.2902186865762674, 0.003396254107164497, 20.0, 
objectives:
-19.91237685985478, 22.92674839384015, -18.91237685985478, 

parameters:
0, 0.0, 20.0, 
objectives:
-20.0, 24.0, -19.0, 

size of all points: 80
[!!!]All points:
0, 0.0, 20.0, -20.0, 24.0, -19.0, 

0, 0.0, 20.0, -20.0, 24.0, -19.0, 

2.0424615457574675, 0.0004241449050747924, 20.0, -15.827926689196943, 20.00222712777319, -14.827926689196943, 

1.9191174552673014, 0.0, 20.0, -16.316988192888356, 20.006541986042436, -15.316988192888358, 

1.0031051378912585, 0.0, 20.0, -18.99378008233616, 20.993799366098806, -17.99378008233616, 

0.2902186865762674, 0.003396254107164497, 20.0, -19.91237685985478, 22.92674839384015, -18.91237685985478, 

0.9089947113989686, 0, 20.0, -19.173728614648706, 21.19029253975542, -18.173728614648706, 

1.270853711101257, 0, 20.0, -18.38493084498016, 20.531654310614808, -17.38493084498016, 

1.6671566342413675, 0.0005158126335899468, 20.0, -17.220072944271404, 20.111300518763123, -16.220072944271404, 

0.3666080040257206, 0, 20.0, -19.86559857138428, 22.66796941251284, -18.86559857138428, 

1.6027176990492378, 0.006890061228069026, 20.0, -17.424405915926247, 20.1647232878768, -16.424405915926247, 

1.3151729450667051, 0.0, 20.0, -18.27032012456457, 20.46898809516861, -17.27032012456457, 

0.1548707693102986, 0, 20.0, -19.976015044813238, 23.40450187794557, -18.976015044813238, 

0.44095253245027616, 0, 20.0, -19.805560864125688, 22.430629006073207, -18.805560864125688, 

0.03421977299195485, 0, 20.0, -19.99882900713638, 23.8642919008958, -18.99882900713638, 

1.7799663680936728, 0.0, 20.0, -16.83171972845542, 20.04841479916989, -15.83171972845542, 

0.7875970951601725, 0.013975187812345038, 20.0, -19.365715627882913, 21.4838959914764, -18.365715627882913, 

0.18807826539857736, 0.00037053355497673496, 20.0, -19.964256032529686, 23.283430905876006, -18.964256032529686, 

1.8188622083277686, 0.013908744996193307, 20.0, -16.67783152212084, 20.046719644568086, -15.67783152212084, 

0.5000496572434621, 0.0056553455948692355, 20.0, -19.744294994695828, 22.255506376330324, -18.744294994695828, 

1.5671644670980711, 0.0, 20.0, -17.543995533065218, 20.187346598542497, -16.543995533065218, 

1.73264024941367, 0.0, 20.0, -16.997957766111735, 20.071481236233584, -15.997957766111735, 

1.375687804463833, 0.0004140524701786081, 20.0, -18.107069012179302, 20.390179769965368, -17.107069012179302, 

1.2020788649679792, 0.0007160440865147573, 20.0, -18.55429035831078, 20.637394181817303, -17.55429035831078, 

0.7319349712390374, 0.001736789601408006, 20.0, -19.4625344082759, 21.60972570676795, -18.4625344082759, 

1.8600287558084947, 1.0487162017129423e-05, 20.0, -16.540282540403485, 20.019602436362536, -15.540282540403487, 

0.848174614921404, 0.0, 20.0, -19.280599822602927, 21.326701717711455, -18.280599822602927, 

1.7020685779112177, 0.009649013669118266, 20.0, -17.093313542418166, 20.098412145936962, -16.093313542418166, 

1.5208509541550492, 0.0008842458419297397, 20.0, -17.68612812940375, 20.230468053976058, -16.68612812940375, 

0.66517540201185, 0.0, 20.0, -19.557541684558373, 21.781756707394226, -18.557541684558373, 

1.4264771590954077, 0.0, 20.0, -17.965162914579096, 20.328928449039275, -16.965162914579096, 

1.0630639787644225, 0.0007768185784053871, 20.0, -18.86911815847515, 20.87862592646716, -17.86911815847515, 

1.157849136775954, 0.0007837939984139098, 20.0, -18.658601582468766, 20.71000187042742, -17.658601582468766, 

1.0721247394078213, 0.0003470683186857555, 20.0, -18.850201474831024, 20.86129956753769, -17.850201474831024, 

1.4585823077129387, 6.225700250958729e-06, 20.0, -17.872531425926546, 20.293139343221696, -16.872531425926546, 

0.7004552462508914, 0.0, 20.0, -19.509362447999603, 21.68881656699683, -18.509362447999603, 

1.8846660813726481, 0.0010214433580497326, 20.0, -16.447012318365417, 20.01432335614399, -15.447012318365417, 

0.6174725099266521, 0.0, 20.0, -19.61872769948488, 21.911382260808512, -18.61872769948488, 

0.8744662374996606, 0.000824313369050846, 20.0, -19.234484486104137, 21.26765056389722, -18.234484486104137, 

1.3955930983468545, 0, 20.0, -18.052319903846627, 20.365307702765953, -17.052319903846627, 

19.673868203793614, 5.177662035036656, 20.0, 372.238752135278, 337.5432793201035, 373.238752135278, 

0, 14.831493328674373, 20.0, -5.168506671325627, 38.83149332867437, -4.168506671325627, 

1.3027762432669463, 0.000976157087347817, 20.0, -18.301797902891913, 20.4870971240403, -17.301797902891913, 

1.4345752879132396, 20.39625898529144, 20.0, 2.4542652419827924, 40.715964090329834, 3.4542652419827924, 

22.72790959027905, 6.951003922185024e-06, 20.0, 496.55788129490236, 449.64624293378614, 497.55788129490236, 

8.501992286313948, 0, 20.0, 52.283872836541875, 62.27590369128608, 53.283872836541875, 

1.8406795432495417, 6.394100337820707, 20.0, -10.217798481241951, 26.419483345759883, -9.21779848124195, 

4.252071718747018, 4.286721953962206, 20.0, 2.3668358553304287, 29.358548980342356, 3.3668358553304287, 

4.549668475683692, 2.7539147405006976, 20.0, 3.453397979130667, 29.2547240763959, 4.453397979130667, 

22.824817705466465, 0, 20.0, 500.9723032877754, 453.67303246590956, 501.9723032877754, 

5.476433046394695, 13.45460442781615, 20.0, 23.445923339460037, 45.54019115388125, 24.445923339460037, 

0.15184950935867456, 3.183322674673089, 20.0, -16.79361905183444, 26.59898291073086, -15.79361905183444, 

1.9598629142779298, 11.438416252312889, 20.0, -4.720521104925131, 31.44002723796315, -3.720521104925133, 

4.020139796597322, 0.00021302576488808325, 20.0, -3.8382629900495537, 24.081177823561156, -2.8382629900495537, 

8.955854665417336, 0.005539884745634848, 20.0, 60.212872672823096, 68.38945401115376, 61.212872672823096, 

0.31788116320359083, 5.46777267119568e-05, 20.0, -19.89889688835362, 22.829578458832017, -18.89889688835362, 

1.3796214731007999, 0.04399263411223236, 20.0, -18.052651956846947, 20.428862150749854, -17.052651956846947, 

0.28071904845921025, 0, 20.0, -19.921196815832154, 22.955926990331005, -18.921196815832154, 

1.7234592460195914, 0.0005764167457753259, 20.0, -17.029111810563805, 20.07705120535783, -16.029111810563805, 

0.9489670987733717, 3.935586557905007, 20.0, -15.163874887540643, 25.04025671736587, -14.163874887540643, 

1.9290549066694775, 0.0008552922787612216, 20.0, -16.27789187477565, 20.005888498546437, -15.277891874775653, 

24.66041374860923, 11.739610046230487, 20.0, 599.8756162988257, 545.2339613043887, 600.8756162988257, 

1.8745021718040868, 21.083222898558983, 20.0, 4.596981290657222, 41.09897260344087, 5.596981290657222, 

0.7750056649680507, 57.38185081362435, 20.0, 37.98248459435692, 78.88246193448472, 38.98248459435692, 

12.315195829972382, 25.9639641169428, 20.0, 157.62801244751194, 152.3672291276224, 158.62801244751194, 

1.3337196966610068, 3.923028847448222e-05, 20.0, -18.22115254045, 20.443968672905974, -17.22115254045, 

3.215073378271937, 6.245782013817691, 20.0, -3.4175211585093805, 27.72218532840287, -2.4175211585093805, 

9.697616156043921, 8.831902813392245, 20.0, 82.87566192335632, 88.08519729918063, 83.87566192335632, 

0.9636172291928526, 0.0, 20.0, -19.07144183560269, 21.0740892476259, -18.07144183560269, 

0, 5.566305134078442, 20.0, -14.433694865921558, 29.56630513407844, -13.433694865921558, 

0.5767710492325686, 43.16944204791471, 20.0, 23.502106891147548, 65.19502269421727, 24.502106891147548, 

11.81932928563569, 0.9524044498722779, 20.0, 120.64894921215779, 117.371632069615, 121.64894921215779, 

1.2811812153881175, 0.8948529632964936, 20.0, -17.46372173004013, 21.411553408407396, -16.463721730040135, 

0.14371571352763116, 7.015063679498592e-07, 20.0, -19.979345092178875, 23.445792053710598, -18.979345092178875, 

1.8171541246186749, 0.0005084853665712903, 20.0, -16.697442402014765, 20.033941099510535, -15.697442402014765, 

15.964369059719587, 12.814759511623194, 20.0, 247.67583898655522, 227.81836274767687, 248.67583898655522, 

10.767970110071793, 5.788686859947742, 20.0, 101.7378671513473, 102.66598671106013, 102.7378671513473, 

7.372717426273465, 0.00271981422582868, 20.0, 34.359682061902255, 48.86881235680839, 35.359682061902255, 

26.038713868420658, 0.0, 20.0, 658.0146199214823, 597.8597644477996, 659.0146199214823, 

0, 0.0, 20.0, -20.0, 24.0, -19.0, 

