Generation 2403 at Fri May 24 19:48:21 2019
parameters:
1.0551861745364688, 1.5597155652894656, 0, 
objectives:
2.673133428222373, 2.452388730076498, 4.546130507539145, 

parameters:
0.051044676920685594, -100.0, 20, 
objectives:
-119.99739444095806, -76.2015731486408, 9981.002605559042, 

parameters:
-0.09310337269809921, -0.38187417318528993, 20, 
objectives:
-20.37320593517753, 23.999207555614866, -18.84550387784629, 

parameters:
1.9973066371654076, -100, 0, 
objectives:
-96.01076619713501, -99.99999274579665, 10004.989233802866, 

parameters:
1.118130332938989, -89.02555225035316, 20, 
objectives:
-107.7753368089149, -68.24785814067086, 7907.799168921798, 

parameters:
0.023103413868518885, -31.00736216393079, 20, 
objectives:
-51.00682839619841, -7.0992420516724835, 942.457042132899, 

parameters:
-0.5539400854588998, -83.75584122941638, 20.0, 
objectives:
-103.44899161113817, -57.233231269302564, 6996.347789665483, 

parameters:
1.4919202444666435, -53.40934260360248, 9.14780166325002, 
objectives:
-60.3313182510031, -44.003395902369626, 2846.635901701587, 

parameters:
-1.7695127049282933, -34.25172880606664, 2.6683843651431776, 
objectives:
-33.78893795830717, -17.374118408307645, 1174.6437170520946, 

parameters:
-2.74124433373853, -25.199957183127662, 20.0, 
objectives:
-37.68553668587406, 17.27944064908006, 623.552262528721, 

parameters:
-0.6918161530722022, -63.01034983703811, 20, 
objectives:
-82.5317402473865, -35.76447563509768, 3951.7827961755806, 

parameters:
0.7092368974483896, -68.70282060600171, 18.44950027186228, 
objectives:
-86.64930390116177, -48.58725094723077, 4703.131075925293, 

parameters:
0.6916424521713527, -80.22485878729947, 0, 
objectives:
-79.74648950565387, -78.51305931433927, 6437.506336723786, 

parameters:
0.21144973492033742, -43.664525559986245, 0.07708976339972774, 
objectives:
-43.69690433298809, -40.38852374586999, 1907.5584136056902, 

parameters:
2.7196457034641, -11.76275454204793, 0.26380494665602894, 
objectives:
-4.630086736333218, -10.98105965687756, 146.4950622221839, 

parameters:
1.0486375343851302, -92.44228055141711, 1.2932489786085841, 
objectives:
-92.63588885150438, -90.24394103182772, 8546.381625246824, 

parameters:
0.05115317345686332, -48.201248674406074, 17.60040060706603, 
objectives:
-65.7990326343174, -26.80284411401279, 2306.762589812022, 

parameters:
3.3754541926428714, -98.09595095072129, 1.0059680823082062, 
objectives:
-87.70822802639915, -95.19810863235423, 9634.203315850638, 

parameters:
-2.3225483103943514, -74.65822899989261, 1.0598010373625375, 
objectives:
-70.32379938313949, -54.914004066837016, 5579.18558701716, 

parameters:
2.6109101107407673, -79.47874533100826, 17.799209689131345, 
objectives:
-90.46110341377124, -61.30632447847161, 6306.888601308504, 

parameters:
-0.6640950313972067, -55.6459984761291, 16.350795862314715, 
objectives:
-71.55577212771736, -32.1978002774991, 3081.567372753774, 

parameters:
0.08935710738266978, -96.50269886918672, 7.187044993899665, 
objectives:
-103.68175917044658, -85.66509761217793, 9306.59182873567, 

parameters:
-0.31672876217670787, -91.98315881527235, 1.1515083766787366, 
objectives:
-93.03435008316109, -85.4644182810968, 8460.850314367726, 

parameters:
0.007251020846584438, -96.86352331849227, 20.0, 
objectives:
-116.86347074118895, -72.89247482457529, 9363.542202249399, 

parameters:
2.736574059567032, -59.08555097276302, 15.874084176155481, 
objectives:
-67.47079756542333, -42.66892545138049, 3483.717087162317, 

parameters:
2.538195075639065, -23.931650317849233, 0.5844293135432611, 
objectives:
-18.073645389394095, -23.057567064863832, 579.5818918642684, 

parameters:
-0.44996118137250685, -14.153032384085588, 12.196435343161777, 
objectives:
-26.147002662505223, 4.045712749308359, 189.31435538655575, 

parameters:
3.813222762711249, -77.39107101313144, 0.9872135302606893, 
objectives:
-63.83761670533292, -73.11608069565654, 6003.931326867352, 

parameters:
-0.6027833985710136, -4.099576987635977, 8.31186862455171, 
objectives:
-12.048097786594866, 10.98677305679261, 9.858010678595587, 

parameters:
-0.24104557105827262, -45.99293725619304, 1.4066117261588658, 
objectives:
-47.34144601502509, -39.56404027847427, 2115.0017686932774, 

parameters:
-0.48488688222001164, -67.1216555478693, 8.913420462148654, 
objectives:
-75.7999607214689, -52.03357226829155, 4497.638338313213, 

parameters:
-1.6070433585328674, -20.464264904868532, 13.568607718642486, 
objectives:
-31.45028426730642, 6.115104604110021, 408.80011873419596, 

parameters:
3.201694516617654, -75.54237456938422, 2.8272744907271132, 
objectives:
-68.11880128237178, -71.27103036738816, 5715.07392886816, 

parameters:
3.0139235147955272, -19.86674356758857, 5.0945210483398835, 
objectives:
-15.87752966289103, -13.744181625393372, 399.67671388501947, 

parameters:
2.38089486780936, -65.71575546765106, 16.090308776136276, 
objectives:
-76.1374038722264, -49.48036579119128, 4309.138868279535, 

parameters:
2.698427074102037, -4.948832112016886, 17.589678247385418, 
objectives:
-15.257001685155423, 13.128646513207265, 15.182769699790978, 

parameters:
-1.227745220021096, -79.81354646967314, 20, 
objectives:
-98.30618814438849, -49.395207264304105, 6352.709558391958, 

parameters:
3.4498745702462816, -55.0852757854763, 2.515799046587988, 
objectives:
-45.69944028163232, -50.467340469441474, 3044.7734438658254, 

parameters:
0.6139415416051803, -10.581425820336053, 19.745256750813947, 
objectives:
-29.949758354641453, 11.084988980565718, 93.5982398569691, 

