Generation 2406 at Fri May 24 19:48:21 2019
parameters:
1.0551861745364688, 1.5597155652894656, 0, 
objectives:
2.673133428222373, 2.452388730076498, 4.546130507539145, 

parameters:
0.051044676920685594, -100.0, 20, 
objectives:
-119.99739444095806, -76.2015731486408, 9981.002605559042, 

parameters:
-0.09310337269809921, -0.38187417318528993, 20, 
objectives:
-20.37320593517753, 23.999207555614866, -18.84550387784629, 

parameters:
1.9973066371654076, -100, 0, 
objectives:
-96.01076619713501, -99.99999274579665, 10004.989233802866, 

parameters:
1.118130332938989, -89.02555225035316, 20, 
objectives:
-107.7753368089149, -68.24785814067086, 7907.799168921798, 

parameters:
0.7092368974483896, -68.70282060600171, 18.44950027186228, 
objectives:
-86.64930390116177, -48.58725094723077, 4703.131075925293, 

parameters:
-0.5539400854588998, -83.75584122941638, 20.0, 
objectives:
-103.44899161113817, -57.233231269302564, 6996.347789665483, 

parameters:
-1.7695127049282933, -34.25172880606664, 2.6683843651431776, 
objectives:
-33.78893795830717, -17.374118408307645, 1174.6437170520946, 

parameters:
-0.6918161530722022, -63.01034983703811, 20, 
objectives:
-82.5317402473865, -35.76447563509768, 3951.7827961755806, 

parameters:
0.7303472779272497, -96.99750211684324, 15.916394350856915, 
objectives:
-112.38048932132442, -79.46908973131957, 9394.132429702526, 

parameters:
-2.3225483103943514, -74.65822899989261, 1.0598010373625375, 
objectives:
-70.32379938313949, -54.914004066837016, 5579.18558701716, 

parameters:
0.05115317345686332, -48.201248674406074, 17.60040060706603, 
objectives:
-65.7990326343174, -26.80284411401279, 2306.762589812022, 

parameters:
0.023103413868518885, -31.00736216393079, 20, 
objectives:
-51.00682839619841, -7.0992420516724835, 942.457042132899, 

parameters:
1.4919202444666435, -53.40934260360248, 9.14780166325002, 
objectives:
-60.3313182510031, -44.003395902369626, 2846.635901701587, 

parameters:
2.7196457034641, -11.76275454204793, 0.26380494665602894, 
objectives:
-4.630086736333218, -10.98105965687756, 146.4950622221839, 

parameters:
-0.6027833985710136, -4.099576987635977, 8.31186862455171, 
objectives:
-12.048097786594866, 10.98677305679261, 9.858010678595587, 

parameters:
-2.74124433373853, -25.199957183127662, 20.0, 
objectives:
-37.68553668587406, 17.27944064908006, 623.552262528721, 

parameters:
0.6916424521713527, -80.22485878729947, 0, 
objectives:
-79.74648950565387, -78.51305931433927, 6437.506336723786, 

parameters:
-0.19607341333944117, -96.1551047232418, 0, 
objectives:
-96.11665993982322, -91.33236628646546, 9246.842609121017, 

parameters:
3.813222762711249, -77.39107101313144, 0.9872135302606893, 
objectives:
-63.83761670533292, -73.11608069565654, 6003.931326867352, 

parameters:
-0.6640950313972067, -55.6459984761291, 16.350795862314715, 
objectives:
-71.55577212771736, -32.1978002774991, 3081.567372753774, 

parameters:
2.3197522196996743, -59.10880434081148, 0, 
objectives:
-53.727553980009915, -59.006562858808614, 3500.232000961136, 

parameters:
-1.1857968042842453, -43.25916526163548, 0.07215240540655765, 
objectives:
-41.92520360599131, -33.03771157804121, 1873.6893407891341, 

parameters:
0.21144973492033742, -43.664525559986245, 0.07708976339972774, 
objectives:
-43.69690433298809, -40.38852374586999, 1907.5584136056902, 

parameters:
1.0486375343851302, -92.44228055141711, 1.2932489786085841, 
objectives:
-92.63588885150438, -90.24394103182772, 8546.381625246824, 

parameters:
2.6109101107407673, -79.47874533100826, 17.799209689131345, 
objectives:
-90.46110341377124, -61.30632447847161, 6306.888601308504, 

parameters:
-0.31672876217670787, -91.98315881527235, 1.1515083766787366, 
objectives:
-93.03435008316109, -85.4644182810968, 8460.850314367726, 

parameters:
2.975226580851098, -29.392946759921422, 7.351192819070525, 
objectives:
-27.892166371589035, -21.090687056852374, 866.4460996199076, 

parameters:
3.025795685244059, -14.130005836175812, 19.174205443721394, 
objectives:
-24.14877175105564, 6.096456395410911, 190.63829901548266, 

parameters:
2.6121207142746865, -96.46840211493821, 0.0, 
objectives:
-89.64522748899532, -96.09371034609406, 9313.975781235358, 

parameters:
2.3274752396439804, -56.61420815109537, 17.75058359998494, 
objectives:
-68.9476507599245, -38.75638451853055, 3193.8351219667243, 

parameters:
2.139628131335091, -17.67353032587311, 7.7631095891543325, 
objectives:
-20.85863137462695, -9.890924721658646, 310.1685731308026, 

parameters:
1.0819054244373254, -24.740070188786344, 3.103922535317699, 
objectives:
-26.673473376677133, -20.793250003791037, 611.137669758184, 

parameters:
2.736574059567032, -59.08555097276302, 15.874084176155481, 
objectives:
-67.47079756542333, -42.66892545138049, 3483.717087162317, 

parameters:
-1.2575580162843956, -17.793457395582273, 17.969996257834996, 
objectives:
-34.18200148909612, 10.78822309171145, 301.2185819948876, 

parameters:
0.08935710738266978, -96.50269886918672, 7.187044993899665, 
objectives:
-103.68175917044658, -85.66509761217793, 9306.59182873567, 

