Generation 2408 at Fri May 24 19:48:21 2019
parameters:
0.051044676920685594, -100.0, 20, 
objectives:
-119.99739444095806, -76.2015731486408, 9981.002605559042, 

parameters:
1.0551861745364688, 1.5597155652894656, 0, 
objectives:
2.673133428222373, 2.452388730076498, 4.546130507539145, 

parameters:
-0.09310337269809921, -0.38187417318528993, 20, 
objectives:
-20.37320593517753, 23.999207555614866, -18.84550387784629, 

parameters:
1.9973066371654076, -100, 0, 
objectives:
-96.01076619713501, -99.99999274579665, 10004.989233802866, 

parameters:
1.118130332938989, -89.02555225035316, 20, 
objectives:
-107.7753368089149, -68.24785814067086, 7907.799168921798, 

parameters:
-0.19607341333944117, -96.1551047232418, 0, 
objectives:
-96.11665993982322, -91.33236628646546, 9246.842609121017, 

parameters:
0.7303472779272497, -96.99750211684324, 15.916394350856915, 
objectives:
-112.38048932132442, -79.46908973131957, 9394.132429702526, 

parameters:
-0.6918161530722022, -63.01034983703811, 20, 
objectives:
-82.5317402473865, -35.76447563509768, 3951.7827961755806, 

parameters:
2.7196457034641, -11.76275454204793, 0.26380494665602894, 
objectives:
-4.630086736333218, -10.98105965687756, 146.4950622221839, 

parameters:
-0.5539400854588998, -83.75584122941638, 20.0, 
objectives:
-103.44899161113817, -57.233231269302564, 6996.347789665483, 

parameters:
2.3197522196996743, -59.10880434081148, 0, 
objectives:
-53.727553980009915, -59.006562858808614, 3500.232000961136, 

parameters:
0.6916424521713527, -80.22485878729947, 0, 
objectives:
-79.74648950565387, -78.51305931433927, 6437.506336723786, 

parameters:
1.4919202444666435, -53.40934260360248, 9.14780166325002, 
objectives:
-60.3313182510031, -44.003395902369626, 2846.635901701587, 

parameters:
3.813222762711249, -77.39107101313144, 0.9872135302606893, 
objectives:
-63.83761670533292, -73.11608069565654, 6003.931326867352, 

parameters:
-0.31672876217670787, -91.98315881527235, 1.1515083766787366, 
objectives:
-93.03435008316109, -85.4644182810968, 8460.850314367726, 

parameters:
-2.3225483103943514, -74.65822899989261, 1.0598010373625375, 
objectives:
-70.32379938313949, -54.914004066837016, 5579.18558701716, 

parameters:
-0.6027833985710136, -4.099576987635977, 8.31186862455171, 
objectives:
-12.048097786594866, 10.98677305679261, 9.858010678595587, 

parameters:
1.2887096369151256, -70.65611963095445, 19.648473787716892, 
objectives:
-88.64382089039343, -50.50171186262014, 4975.299540044308, 

parameters:
0.05115317345686332, -48.201248674406074, 17.60040060706603, 
objectives:
-65.7990326343174, -26.80284411401279, 2306.762589812022, 

parameters:
0.0672745648661299, -51.645596457164885, 20, 
objectives:
-71.64107059008695, -27.910168849551475, 2648.2721592834, 

parameters:
3.0453085189627296, -11.045111989336561, 9.493805221474272, 
objectives:
-11.26501323514386, -0.45863686804623427, 122.77459761117896, 

parameters:
2.975226580851098, -29.392946759921422, 7.351192819070525, 
objectives:
-27.892166371589035, -21.090687056852374, 866.4460996199076, 

parameters:
2.6109101107407673, -79.47874533100826, 17.799209689131345, 
objectives:
-90.46110341377124, -61.30632447847161, 6306.888601308504, 

parameters:
0.21144973492033742, -43.664525559986245, 0.07708976339972774, 
objectives:
-43.69690433298809, -40.38852374586999, 1907.5584136056902, 

parameters:
1.0486375343851302, -92.44228055141711, 1.2932489786085841, 
objectives:
-92.63588885150438, -90.24394103182772, 8546.381625246824, 

parameters:
0.7092368974483896, -68.70282060600171, 18.44950027186228, 
objectives:
-86.64930390116177, -48.58725094723077, 4703.131075925293, 

parameters:
0.023103413868518885, -31.00736216393079, 20, 
objectives:
-51.00682839619841, -7.0992420516724835, 942.457042132899, 

parameters:
4.637425653192101, -34.924784207184246, 6.473480954929111, 
objectives:
-19.892548473229176, -21.495289176139355, 1235.772787652341, 

parameters:
1.6456218952865762, -84.17576358496571, 4.679671624213823, 
objectives:
-86.14736378693294, -79.3705081196516, 7084.587574910072, 

parameters:
-1.1857968042842453, -43.25916526163548, 0.07215240540655765, 
objectives:
-41.92520360599131, -33.03771157804121, 1873.6893407891341, 

parameters:
1.0358696171946897, -31.783347364544905, 18.041131717627827, 
objectives:
-48.75145321834566, -12.812668251868764, 994.2130638415227, 

parameters:
-2.74124433373853, -25.199957183127662, 20.0, 
objectives:
-37.68553668587406, 17.27944064908006, 623.552262528721, 

parameters:
2.301051781331986, -56.231744863633104, 18.18583122853589, 
objectives:
-69.12273679179789, -37.95528146005405, 3150.118138480563, 

parameters:
-1.7695127049282933, -34.25172880606664, 2.6683843651431776, 
objectives:
-33.78893795830717, -17.374118408307645, 1174.6437170520946, 

parameters:
1.2273544224343669, -4.102198393753493, 19.782758462459093, 
objectives:
-22.378557977943387, 16.27754125723733, -0.44832792247615316, 

parameters:
4.124084991542021, -54.61581278835893, 1.7637584972609501, 
objectives:
-39.37149426815773, -48.34031723980391, 2999.131325053272, 

parameters:
1.555371410507484, -26.57141182118508, 9.814119819615245, 
objectives:
-33.96635141617629, -16.559597418975734, 699.644986576023, 

parameters:
1.8990671462943864, -2.1674273504972916, 18.852364476617243, 
objectives:
-17.41333580097983, 16.69512456707711, -9.548167130798829, 

parameters:
-0.6640950313972067, -55.6459984761291, 16.350795862314715, 
objectives:
-71.55577212771736, -32.1978002774991, 3081.567372753774, 

parameters:
1.383977636007137, -21.86602498766411, 0, 
objectives:
-19.950630890696207, -21.486541434724757, 481.03844285811925, 

