Generation 2411 at Fri May 24 19:48:21 2019
parameters:
0.051044676920685594, -100.0, 20, 
objectives:
-119.99739444095806, -76.2015731486408, 9981.002605559042, 

parameters:
1.0551861745364688, 1.5597155652894656, 0, 
objectives:
2.673133428222373, 2.452388730076498, 4.546130507539145, 

parameters:
-0.09310337269809921, -0.38187417318528993, 20, 
objectives:
-20.37320593517753, 23.999207555614866, -18.84550387784629, 

parameters:
1.9973066371654076, -100, 0, 
objectives:
-96.01076619713501, -99.99999274579665, 10004.989233802866, 

parameters:
-0.6027833985710136, -4.099576987635977, 8.31186862455171, 
objectives:
-12.048097786594866, 10.98677305679261, 9.858010678595587, 

parameters:
-0.5539400854588998, -83.75584122941638, 20.0, 
objectives:
-103.44899161113817, -57.233231269302564, 6996.347789665483, 

parameters:
-0.19607341333944117, -96.1551047232418, 0, 
objectives:
-96.11665993982322, -91.33236628646546, 9246.842609121017, 

parameters:
1.118130332938989, -89.02555225035316, 20, 
objectives:
-107.7753368089149, -68.24785814067086, 7907.799168921798, 

parameters:
3.813222762711249, -77.39107101313144, 0.9872135302606893, 
objectives:
-63.83761670533292, -73.11608069565654, 6003.931326867352, 

parameters:
2.7196457034641, -11.76275454204793, 0.26380494665602894, 
objectives:
-4.630086736333218, -10.98105965687756, 146.4950622221839, 

parameters:
-0.6918161530722022, -63.01034983703811, 20, 
objectives:
-82.5317402473865, -35.76447563509768, 3951.7827961755806, 

parameters:
0.7303472779272497, -96.99750211684324, 15.916394350856915, 
objectives:
-112.38048932132442, -79.46908973131957, 9394.132429702526, 

parameters:
1.788075038210193, -68.03318106805901, 4.013614818034128, 
objectives:
-68.84958354382275, -63.97465406059527, 4628.697323763538, 

parameters:
2.3295906412492515, -40.26788160998082, 2.438000624523873, 
objectives:
-37.278889678708595, -37.72125099465785, 1625.4912812867035, 

parameters:
1.2887096369151256, -70.65611963095445, 19.648473787716892, 
objectives:
-88.64382089039343, -50.50171186262014, 4975.299540044308, 

parameters:
1.4919202444666435, -53.40934260360248, 9.14780166325002, 
objectives:
-60.3313182510031, -44.003395902369626, 2846.635901701587, 

parameters:
0.6916424521713527, -80.22485878729947, 0, 
objectives:
-79.74648950565387, -78.51305931433927, 6437.506336723786, 

parameters:
1.6456218952865762, -84.17576358496571, 4.679671624213823, 
objectives:
-86.14736378693294, -79.3705081196516, 7084.587574910072, 

parameters:
-1.9490528059560608, -29.273654839297826, 0.0, 
objectives:
-25.47484799889263, -13.678636775068387, 861.7456744907503, 

parameters:
0.05115317345686332, -48.201248674406074, 17.60040060706603, 
objectives:
-65.7990326343174, -26.80284411401279, 2306.762589812022, 

parameters:
-1.178422742304992, -73.54450015560074, 4.601350313365156, 
objectives:
-76.75717030938429, -58.840778713434005, 5406.580832983374, 

parameters:
2.3197522196996743, -59.10880434081148, 0, 
objectives:
-53.727553980009915, -59.006562858808614, 3500.232000961136, 

parameters:
1.0486375343851302, -92.44228055141711, 1.2932489786085841, 
objectives:
-92.63588885150438, -90.24394103182772, 8546.381625246824, 

parameters:
0.03989031935844056, -90.69986275170787, 0.7977837749159897, 
objectives:
-91.49605528904533, -86.06004901664713, 8226.668910641307, 

parameters:
3.0453085189627296, -11.045111989336561, 9.493805221474272, 
objectives:
-11.26501323514386, -0.45863686804623427, 122.77459761117896, 

parameters:
-1.1857968042842453, -43.25916526163548, 0.07215240540655765, 
objectives:
-41.92520360599131, -33.03771157804121, 1873.6893407891341, 

parameters:
1.375537591888794, 0.8643782582733373, 3.773617617462915, 
objectives:
-1.017135692490355, 5.027949174880298, -0.13436417738804396, 

parameters:
0.32725001932195563, -28.663446084357055, 20.0, 
objectives:
-48.55635350921084, -5.865353586498657, 802.7002340059901, 

parameters:
1.9737706711305771, -34.6228023678446, 13.771885339968625, 
objectives:
-44.49891704559798, -20.85022905018303, 1189.8623291250722, 

parameters:
4.110637876287438, -89.12508205706497, 2.665047228692131, 
objectives:
-74.8927855357882, -82.0052425835537, 7958.512548199842, 

parameters:
0.6802487362814027, -41.85924036870742, 18.002909343532288, 
objectives:
-59.39941136902726, -22.114587627088298, 1735.655833244905, 

parameters:
0.0672745648661299, -51.645596457164885, 20, 
objectives:
-71.64107059008695, -27.910168849551475, 2648.2721592834, 

parameters:
0.21144973492033742, -43.664525559986245, 0.07708976339972774, 
objectives:
-43.69690433298809, -40.38852374586999, 1907.5584136056902, 

parameters:
3.9861663953689885, -59.020508758072175, 8.508775213483725, 
objectives:
-51.639761439986906, -46.56687659449541, 3491.8012013797597, 

parameters:
2.975226580851098, -29.392946759921422, 7.351192819070525, 
objectives:
-27.892166371589035, -21.090687056852374, 866.4460996199076, 

parameters:
4.637425653192101, -34.924784207184246, 6.473480954929111, 
objectives:
-19.892548473229176, -21.495289176139355, 1235.772787652341, 

parameters:
-2.0281880127255865, -38.97259570444676, 17.629086745581812, 
objectives:
-52.48813583506481, -5.117210292998841, 1506.347675811644, 

parameters:
1.3329809954852863, -69.7573293113832, 2.8740222816059253, 
objectives:
-70.85451325866418, -66.43839267739347, 4865.98780870948, 

parameters:
0.023103413868518885, -31.00736216393079, 20, 
objectives:
-51.00682839619841, -7.0992420516724835, 942.457042132899, 

parameters:
3.7599293428690124, -91.99124006738914, 0.418774424830868, 
objectives:
-78.27294582885261, -88.47511435066691, 8477.106543374559, 

parameters:
0.6074731686626955, -49.97568420225226, 0, 
objectives:
-49.60666055160716, -48.03655322625794, 2498.938035133891, 

