Generation 2413 at Fri May 24 19:48:21 2019
parameters:
1.0551861745364688, 1.5597155652894656, 0, 
objectives:
2.673133428222373, 2.452388730076498, 4.546130507539145, 

parameters:
0.051044676920685594, -100.0, 20, 
objectives:
-119.99739444095806, -76.2015731486408, 9981.002605559042, 

parameters:
-2.8959266601146836, -13.493133418524295, 20, 
objectives:
-25.106742197761307, 30.47696444269743, 171.4510406708601, 

parameters:
-0.09310337269809921, -0.38187417318528993, 20, 
objectives:
-20.37320593517753, 23.999207555614866, -18.84550387784629, 

parameters:
1.9973066371654076, -100, 0, 
objectives:
-96.01076619713501, -99.99999274579665, 10004.989233802866, 

parameters:
1.4919202444666435, -53.40934260360248, 9.14780166325002, 
objectives:
-60.3313182510031, -44.003395902369626, 2846.635901701587, 

parameters:
-0.6918161530722022, -63.01034983703811, 20, 
objectives:
-82.5317402473865, -35.76447563509768, 3951.7827961755806, 

parameters:
1.2887096369151256, -70.65611963095445, 19.648473787716892, 
objectives:
-88.64382089039343, -50.50171186262014, 4975.299540044308, 

parameters:
-2.271100542522788, -21.260524583550602, 20.0, 
objectives:
-36.1026269093033, 16.981775260787852, 438.1678032420068, 

parameters:
1.9737706711305771, -34.6228023678446, 13.771885339968625, 
objectives:
-44.49891704559798, -20.85022905018303, 1189.8623291250722, 

parameters:
2.7196457034641, -11.76275454204793, 0.26380494665602894, 
objectives:
-4.630086736333218, -10.98105965687756, 146.4950622221839, 

parameters:
1.788075038210193, -68.03318106805901, 4.013614818034128, 
objectives:
-68.84958354382275, -63.97465406059527, 4628.697323763538, 

parameters:
-0.5539400854588998, -83.75584122941638, 20.0, 
objectives:
-103.44899161113817, -57.233231269302564, 6996.347789665483, 

parameters:
3.813222762711249, -77.39107101313144, 0.9872135302606893, 
objectives:
-63.83761670533292, -73.11608069565654, 6003.931326867352, 

parameters:
0.32725001932195563, -28.663446084357055, 20.0, 
objectives:
-48.55635350921084, -5.865353586498657, 802.7002340059901, 

parameters:
-1.1857968042842453, -43.25916526163548, 0.07215240540655765, 
objectives:
-41.92520360599131, -33.03771157804121, 1873.6893407891341, 

parameters:
4.79163472343091, -73.93148976857432, 0.7969098283023446, 
objectives:
-51.768636274087854, -65.3413555112068, 5489.028032895297, 

parameters:
3.0608493432284227, -33.73866478802614, 3.637197027848349, 
objectives:
-28.007063113932624, -28.976066431149615, 1145.0291033528886, 

parameters:
0.6916424521713527, -80.22485878729947, 0, 
objectives:
-79.74648950565387, -78.51305931433927, 6437.506336723786, 

parameters:
1.0486375343851302, -92.44228055141711, 1.2932489786085841, 
objectives:
-92.63588885150438, -90.24394103182772, 8546.381625246824, 

parameters:
0.7303472779272497, -96.99750211684324, 15.916394350856915, 
objectives:
-112.38048932132442, -79.46908973131957, 9394.132429702526, 

parameters:
0.05115317345686332, -48.201248674406074, 17.60040060706603, 
objectives:
-65.7990326343174, -26.80284411401279, 2306.762589812022, 

parameters:
3.073702789828501, -85.78024197082728, 0.09256061224446754, 
objectives:
-76.42515374287224, -84.5348436776973, 7368.605000801633, 

parameters:
1.118130332938989, -89.02555225035316, 20, 
objectives:
-107.7753368089149, -68.24785814067086, 7907.799168921798, 

parameters:
5.110386035281849, -48.42038176460146, 0.20518803357013418, 
objectives:
-22.50952436856786, -38.54069244255499, 2371.444227625783, 

parameters:
2.3295906412492515, -40.26788160998082, 2.438000624523873, 
objectives:
-37.278889678708595, -37.72125099465785, 1625.4912812867035, 

parameters:
2.516191584488943, -4.980480414137681, 2.6447413440862872, 
objectives:
-1.2940016683709894, -2.0692853181541873, 29.491663901375734, 

parameters:
4.133106327403345, -16.31757750975506, 18.978041741796424, 
objectives:
-18.21305133792992, 7.21060683604955, 265.36786195868933, 

parameters:
0.03989031935844056, -90.69986275170787, 0.7977837749159897, 
objectives:
-91.49605528904533, -86.06004901664713, 8226.668910641307, 

parameters:
-1.178422742304992, -73.54450015560074, 4.601350313365156, 
objectives:
-76.75717030938429, -58.840778713434005, 5406.580832983374, 

parameters:
-0.6027833985710136, -4.099576987635977, 8.31186862455171, 
objectives:
-12.048097786594866, 10.98677305679261, 9.858010678595587, 

parameters:
-1.2865182433723064, -98.33502853689451, 5.758744187753074, 
objectives:
-102.43864353411783, -81.77508218512244, 9666.674222354633, 

parameters:
2.169168657043424, -98.89416386218869, 0, 
objectives:
-94.18887119948911, -98.86554582766281, 9785.760938664127, 

parameters:
-0.19607341333944117, -96.1551047232418, 0, 
objectives:
-96.11665993982322, -91.33236628646546, 9246.842609121017, 

parameters:
-0.4508750344823461, -89.42158084361503, 19.722847676585243, 
objectives:
-108.94114022348082, -63.69194473238095, 7977.6995611913135, 

parameters:
-0.6366419837352437, -98.71635538415521, 0, 
objectives:
-98.31104236870087, -91.76447443375989, 9746.324133346285, 

parameters:
4.603054856502553, -15.143880064985773, 17.105696914690306, 
objectives:
-11.061462967704344, 8.737711435666057, 234.41952051995494, 

parameters:
-0.803172740114148, -86.64507688062791, 11.965969312239883, 
objectives:
-97.96595974240532, -66.82133015746898, 7497.048464788143, 

