Generation 2417 at Fri May 24 19:48:21 2019
parameters:
1.0551861745364688, 1.5597155652894656, 0, 
objectives:
2.673133428222373, 2.452388730076498, 4.546130507539145, 

parameters:
0.051044676920685594, -100.0, 20, 
objectives:
-119.99739444095806, -76.2015731486408, 9981.002605559042, 

parameters:
-0.09310337269809921, -0.38187417318528993, 20, 
objectives:
-20.37320593517753, 23.999207555614866, -18.84550387784629, 

parameters:
1.9973066371654076, -100, 0, 
objectives:
-96.01076619713501, -99.99999274579665, 10004.989233802866, 

parameters:
0.7303472779272497, -96.99750211684324, 15.916394350856915, 
objectives:
-112.38048932132442, -79.46908973131957, 9394.132429702526, 

parameters:
-0.6918161530722022, -63.01034983703811, 20, 
objectives:
-82.5317402473865, -35.76447563509768, 3951.7827961755806, 

parameters:
1.0486375343851302, -92.44228055141711, 1.2932489786085841, 
objectives:
-92.63588885150438, -90.24394103182772, 8546.381625246824, 

parameters:
3.618800988032149, -7.490972779743171, 20, 
objectives:
-14.395252188760715, 15.12954385911069, 50.21039377783558, 

parameters:
2.7196457034641, -11.76275454204793, 0.26380494665602894, 
objectives:
-4.630086736333218, -10.98105965687756, 146.4950622221839, 

parameters:
-1.1857968042842453, -43.25916526163548, 0.07215240540655765, 
objectives:
-41.92520360599131, -33.03771157804121, 1873.6893407891341, 

parameters:
1.4919202444666435, -53.40934260360248, 9.14780166325002, 
objectives:
-60.3313182510031, -44.003395902369626, 2846.635901701587, 

parameters:
-0.5539400854588998, -83.75584122941638, 20.0, 
objectives:
-103.44899161113817, -57.233231269302564, 6996.347789665483, 

parameters:
2.185006983869218, -36.81861410353869, 19.092706109363935, 
objectives:
-51.137064693345366, -17.691680410094374, 1342.2918939154918, 

parameters:
0.32725001932195563, -28.663446084357055, 20.0, 
objectives:
-48.55635350921084, -5.865353586498657, 802.7002340059901, 

parameters:
3.7931682013552646, -79.19626065239005, 0.4311997751952132, 
objectives:
-65.23933542381253, -75.54960867884317, 6287.004626549882, 

parameters:
1.2887096369151256, -70.65611963095445, 19.648473787716892, 
objectives:
-88.64382089039343, -50.50171186262014, 4975.299540044308, 

parameters:
-2.271100542522788, -21.260524583550602, 20.0, 
objectives:
-36.1026269093033, 16.981775260787852, 438.1678032420068, 

parameters:
2.498462341745788, -59.12143492670727, 0, 
objectives:
-52.87912085358543, -58.872970220568575, 3502.586381866004, 

parameters:
3.073702789828501, -85.78024197082728, 0.09256061224446754, 
objectives:
-76.42515374287224, -84.5348436776973, 7368.605000801633, 

parameters:
1.788075038210193, -68.03318106805901, 4.013614818034128, 
objectives:
-68.84958354382275, -63.97465406059527, 4628.697323763538, 

parameters:
4.537281177413099, -24.098887706890835, 19.32111000484111, 
objectives:
-22.83307722882474, 1.66001807120508, 583.0221991874004, 

parameters:
-1.6289553693059262, -82.14170424227613, 19.810443040124206, 
objectives:
-99.29865168720974, -49.16194412973761, 6731.10262838063, 

parameters:
-0.5860221321847483, -59.295644973625265, 0, 
objectives:
-58.95222303421491, -52.60813450547592, 3517.3169347776216, 

parameters:
1.118130332938989, -89.02555225035316, 20, 
objectives:
-107.7753368089149, -68.24785814067086, 7907.799168921798, 

parameters:
0.05115317345686332, -48.201248674406074, 17.60040060706603, 
objectives:
-65.7990326343174, -26.80284411401279, 2306.762589812022, 

parameters:
1.6714268586297072, -77.72171145272645, 14.767353071875915, 
objectives:
-89.6953967808536, -62.8463980716206, 6029.690745812743, 

parameters:
4.79163472343091, -73.93148976857432, 0.7969098283023446, 
objectives:
-51.768636274087854, -65.3413555112068, 5489.028032895297, 

parameters:
3.0608493432284227, -33.73866478802614, 3.637197027848349, 
objectives:
-28.007063113932624, -28.976066431149615, 1145.0291033528886, 

parameters:
-0.0031865380831244128, -51.36892245665174, 20.0, 
objectives:
-71.36891230262678, -27.356166150294285, 2619.7662045115244, 

parameters:
0.25752257069023177, -48.51996203899067, 0.06650688227138475, 
objectives:
-48.52015104684715, -45.41722756506531, 2355.186527257239, 

parameters:
3.7494159436989536, -90.49875895363303, 18.482117340818473, 
objectives:
-94.9227563755876, -68.95618546874645, 8186.60137472582, 

parameters:
3.608707712003147, -35.07881534393927, 16.7351669706903, 
objectives:
-38.791210963958584, -15.75570787059057, 1227.81089031417, 

parameters:
-2.297952739226524, -85.80688707904525, 0, 
objectives:
-80.52630028732656, -67.33448933042047, 7369.102456987742, 

parameters:
3.122513430089347, -19.050609323899202, 20.0, 
objectives:
-29.30051920281086, 2.209427076831748, 353.6758057329236, 

parameters:
-0.029724841508775517, -91.13194808385057, 20.0, 
objectives:
-111.13106451764786, -67.01216515161275, 8286.032845123838, 

parameters:
-1.6546144100094191, -100, 0, 
objectives:
-97.26225115418919, -86.64379351415151, 10003.737748845811, 

