Generation 242 at Sat May 25 04:36:27 2019
parameters:
0, 0.0, 20.0, 
objectives:
-20.0, 24.0, -19.0, 

parameters:
0, 0.0, 20.0, 
objectives:
-20.0, 24.0, -19.0, 

parameters:
1.9971487895634539, 0.0, 20.0, 
objectives:
-16.01139671234523, 20.000008129400953, -15.011396712345231, 

parameters:
1.9453451192557676, 0.0, 20.0, 
objectives:
-16.215632366987762, 20.002987155989167, -15.215632366987764, 

parameters:
0.9534676361256839, 0.0, 20.0, 
objectives:
-19.0908994668609, 21.095229988636365, -18.0908994668609, 

parameters:
0.06317644560020935, 0.0, 20.0, 
objectives:
-19.996008736721326, 23.75128548087784, -18.996008736721322, 

parameters:
0.6965506801484503, 0.0, 20.0, 
objectives:
-19.514817149984733, 21.698980129421468, -18.51481714998473, 

parameters:
0.7920673424213485, 0.0, 20.0, 
objectives:
-19.372629325069582, 21.459101305245024, -18.372629325069582, 

parameters:
0.867822363781951, 0.0, 20.0, 
objectives:
-19.246884344919906, 21.281826199952288, -18.246884344919906, 

parameters:
1.7917154592058995, 0.0, 20.0, 
objectives:
-16.78975571324259, 20.04338244993381, -15.789755713242593, 

parameters:
1.3893686602843238, 0.0, 20.0, 
objectives:
-18.069654725819742, 20.37287063304296, -17.069654725819742, 

parameters:
1.5154089448343193, 0.0, 20.0, 
objectives:
-17.703535729916133, 20.234828490746587, -16.703535729916133, 

parameters:
1.4463892245840302, 0.0, 20.0, 
objectives:
-17.90795821100721, 20.306484890656673, -16.90795821100721, 

parameters:
1.3141879264355967, 0.0, 20.0, 
objectives:
-18.272910094010907, 20.470338200246708, -17.272910094010907, 

parameters:
0.22902960141386702, 0.0, 20.0, 
objectives:
-19.947545441676205, 23.136336152668328, -18.947545441676205, 

parameters:
1.0365572430163281, 0.0, 20.0, 
objectives:
-18.92554908195039, 20.928221945984298, -17.92554908195039, 

parameters:
0.6154998113667518, 0.0, 20.0, 
objectives:
-19.621159982207494, 21.9168407723255, -18.621159982207494, 

parameters:
1.862666147136347, 0.0, 20.0, 
objectives:
-16.530474824312236, 20.018860587142374, -15.530474824312236, 

parameters:
1.571676873518426, 0.0, 20.0, 
objectives:
-17.529831805247344, 20.18346070067895, -16.529831805247344, 

parameters:
1.7308811205441008, 0.0, 20.0, 
objectives:
-17.004050546543997, 20.0724249712796, -16.004050546543997, 

parameters:
1.7002605390049563, 0.0, 20.0, 
objectives:
-17.109114099502577, 20.089843744477598, -16.109114099502577, 

parameters:
1.6384477967348083, 0.0, 20.0, 
objectives:
-17.315488817374852, 20.130719995685915, -16.315488817374852, 

parameters:
0.4488017837269118, 0.0, 20.0, 
objectives:
-19.798576958923544, 22.40621590616881, -18.798576958923544, 

parameters:
1.2643147010303113, 0.0, 20.0, 
objectives:
-18.401508336758635, 20.54123285912012, -17.401508336758635, 

parameters:
1.8519764942890402, 0.0, 20.0, 
objectives:
-16.570183064600876, 20.021910958242962, -15.570183064600876, 

parameters:
1.0816299101353377, 0.0, 20.0, 
objectives:
-18.830076737500622, 20.84340362195803, -17.830076737500622, 

parameters:
0.24762270822206683, 0.0, 20.0, 
objectives:
-19.93868299437277, 23.070826172738965, -18.93868299437277, 

parameters:
1.2294722159004066, 0.0, 20.0, 
objectives:
-18.488398070328945, 20.59371306606943, -17.488398070328945, 

parameters:
1.6167709380045467, 0.0, 20.0, 
objectives:
-17.386051734023898, 20.146864513957915, -16.386051734023898, 

parameters:
0.3857631297920613, 0.0, 20.0, 
objectives:
-19.851186807693033, 22.60576067313872, -18.851186807693033, 

parameters:
0.34190841939074823, 0.0, 20.0, 
objectives:
-19.88309863274972, 22.749267689687287, -18.88309863274972, 

parameters:
0.5041096696613215, 0.0, 20.0, 
objectives:
-19.745873440953954, 22.23768788040076, -18.745873440953954, 

parameters:
0.5556390326753842, 0.0, 20.0, 
objectives:
-19.691265265367562, 22.0861786039309, -18.691265265367562, 

parameters:
1.1356685608527355, 0.0, 20.0, 
objectives:
-18.710256919890675, 20.747068836698382, -17.710256919890675, 

parameters:
1.1230231338874972, 0.0, 20.0, 
objectives:
-18.738819040753505, 20.769088423696505, -17.738819040753505, 

parameters:
1.180000182926709, 0.0, 20.0, 
objectives:
-18.607599568292933, 20.67239970000023, -17.607599568292933, 

parameters:
1.188008873922435, 0.0, 20.0, 
objectives:
-18.58863491548155, 20.65932958882871, -17.58863491548155, 

parameters:
0.5368250016653686, 0.0, 20.0, 
objectives:
-19.711818917586978, 22.140881075751548, -18.711818917586978, 

parameters:
0.34930912626346783, 0.0, 20.0, 
objectives:
-19.87798313430905, 22.724780360637077, -18.87798313430905, 

