Generation 2421 at Fri May 24 19:48:21 2019
parameters:
0.051044676920685594, -100.0, 20, 
objectives:
-119.99739444095806, -76.2015731486408, 9981.002605559042, 

parameters:
1.0551861745364688, 1.5597155652894656, 0, 
objectives:
2.673133428222373, 2.452388730076498, 4.546130507539145, 

parameters:
-0.09310337269809921, -0.38187417318528993, 20, 
objectives:
-20.37320593517753, 23.999207555614866, -18.84550387784629, 

parameters:
1.9973066371654076, -100, 0, 
objectives:
-96.01076619713501, -99.99999274579665, 10004.989233802866, 

parameters:
-0.6918161530722022, -63.01034983703811, 20, 
objectives:
-82.5317402473865, -35.76447563509768, 3951.7827961755806, 

parameters:
3.33124924448934, -79.07958066020932, 1.7231510181302765, 
objectives:
-69.7055101494288, -75.5842050911256, 6263.954147905332, 

parameters:
3.2082061799361052, -71.46463220425822, 2.505584271505536, 
objectives:
-63.67762958278354, -67.49928575951688, 5115.980658711376, 

parameters:
-0.5539400854588998, -83.75584122941638, 20.0, 
objectives:
-103.44899161113817, -57.233231269302564, 6996.347789665483, 

parameters:
3.618800988032149, -7.490972779743171, 20, 
objectives:
-14.395252188760715, 15.12954385911069, 50.21039377783558, 

parameters:
2.185006983869218, -36.81861410353869, 19.092706109363935, 
objectives:
-51.137064693345366, -17.691680410094374, 1342.2918939154918, 

parameters:
-0.5860221321847483, -59.295644973625265, 0, 
objectives:
-58.95222303421491, -52.60813450547592, 3517.3169347776216, 

parameters:
1.4919202444666435, -53.40934260360248, 9.14780166325002, 
objectives:
-60.3313182510031, -44.003395902369626, 2846.635901701587, 

parameters:
2.7196457034641, -11.76275454204793, 0.26380494665602894, 
objectives:
-4.630086736333218, -10.98105965687756, 146.4950622221839, 

parameters:
0.05115317345686332, -48.201248674406074, 17.60040060706603, 
objectives:
-65.7990326343174, -26.80284411401279, 2306.762589812022, 

parameters:
1.118130332938989, -89.02555225035316, 20, 
objectives:
-107.7753368089149, -68.24785814067086, 7907.799168921798, 

parameters:
0.4295015890963328, -17.644228848737683, 18.21704234206703, 
objectives:
-35.67679957576844, 3.0392787519802926, 294.2862409395963, 

parameters:
0.7303472779272497, -96.99750211684324, 15.916394350856915, 
objectives:
-112.38048932132442, -79.46908973131957, 9394.132429702526, 

parameters:
1.0486375343851302, -92.44228055141711, 1.2932489786085841, 
objectives:
-92.63588885150438, -90.24394103182772, 8546.381625246824, 

parameters:
1.2887096369151256, -70.65611963095445, 19.648473787716892, 
objectives:
-88.64382089039343, -50.50171186262014, 4975.299540044308, 

parameters:
3.073702789828501, -85.78024197082728, 0.09256061224446754, 
objectives:
-76.42515374287224, -84.5348436776973, 7368.605000801633, 

parameters:
1.8341685450311878, -95.0530789703764, 0, 
objectives:
-91.68890471879457, -95.02557889891933, 9039.451996000194, 

parameters:
-1.6289553693059262, -82.14170424227613, 19.810443040124206, 
objectives:
-99.29865168720974, -49.16194412973761, 6731.10262838063, 

parameters:
2.8304112280604814, -21.710451447199503, 19.049343930535787, 
objectives:
-32.74856765780445, -1.9715247089747976, 461.30558583060207, 

parameters:
2.5939143981774087, -40.50322853666098, 10.977218003565643, 
objectives:
-44.75205463515455, -29.173276220732898, 1637.2626957944947, 

parameters:
4.514694085812388, -28.812305437809904, 16.53623503508299, 
objectives:
-24.96607778442354, -5.952384057507114, 834.9951722950365, 

parameters:
5.244321570204519, -44.35710124721021, 1.0961294826934265, 
objectives:
-17.950321998191242, -32.735349313622464, 1994.9592103042764, 

parameters:
2.8083682090096715, -45.77184687930537, 5.753633629718028, 
objectives:
-43.638548511647215, -39.36475408824984, 2098.1952651102347, 

parameters:
1.272182016260042, -93.6488256932198, 18.83874701348774, 
objectives:
-110.86912562421207, -74.28035966227677, 8753.882253788073, 

parameters:
4.559359666159374, -4.023420729808109, 15.280520418322876, 
objectives:
1.483819417269931, 17.80742158927819, 22.695154516127655, 

parameters:
1.2049576962872348, -87.12646503570996, 0, 
objectives:
-85.67454198586812, -86.49437277101705, 7593.472832668631, 

parameters:
0.32725001932195563, -28.663446084357055, 20.0, 
objectives:
-48.55635350921084, -5.865353586498657, 802.7002340059901, 

parameters:
-0.942663276971381, -23.109063139001996, 0.21510109807148242, 
objectives:
-22.435550183323056, -14.234694879294567, 535.7023121180597, 

parameters:
2.621732686142547, -31.888050727350453, 16.119051912316056, 
objectives:
-41.13362036207829, -15.382447282016372, 1008.602209555348, 

parameters:
0.5109706844420766, -21.182759698827127, 19.97980122303996, 
objectives:
-40.90146988150788, 1.0142498268037308, 429.990598275574, 

parameters:
1.268660316117459, -85.64012581269183, 3.6312574849088843, 
objectives:
-87.66188429990947, -81.47401059456153, 7333.209390726468, 

parameters:
-0.9539422273006424, -93.73797389365959, 7.039193450015497, 
objectives:
-99.86716157064778, -77.9730057614142, 8781.678562011417, 

parameters:
0.22235958764381314, -0.20894762998349847, 18.98073500578418, 
objectives:
-19.140238849550553, 21.931792811442556, -17.88763210749133, 

parameters:
0.5737852770120706, -87.48742244578612, 5.261580001446369, 
objectives:
-92.41977290311667, -80.19175400827223, 7650.116735750111, 

