Generation 2423 at Fri May 24 19:48:21 2019
parameters:
0.051044676920685594, -100.0, 20, 
objectives:
-119.99739444095806, -76.2015731486408, 9981.002605559042, 

parameters:
1.0551861745364688, 1.5597155652894656, 0, 
objectives:
2.673133428222373, 2.452388730076498, 4.546130507539145, 

parameters:
-0.09310337269809921, -0.38187417318528993, 20, 
objectives:
-20.37320593517753, 23.999207555614866, -18.84550387784629, 

parameters:
1.9973066371654076, -100, 0, 
objectives:
-96.01076619713501, -99.99999274579665, 10004.989233802866, 

parameters:
2.185006983869218, -36.81861410353869, 19.092706109363935, 
objectives:
-51.137064693345366, -17.691680410094374, 1342.2918939154918, 

parameters:
3.618800988032149, -7.490972779743171, 20, 
objectives:
-14.395252188760715, 15.12954385911069, 50.21039377783558, 

parameters:
2.7196457034641, -11.76275454204793, 0.26380494665602894, 
objectives:
-4.630086736333218, -10.98105965687756, 146.4950622221839, 

parameters:
-0.5860221321847483, -59.295644973625265, 0, 
objectives:
-58.95222303421491, -52.60813450547592, 3517.3169347776216, 

parameters:
1.9746538490768053, -67.46968453167887, 4.5950890536276425, 
objectives:
-68.16551576163266, -62.87395305068459, 4552.4624995743125, 

parameters:
-0.6918161530722022, -63.01034983703811, 20, 
objectives:
-82.5317402473865, -35.76447563509768, 3951.7827961755806, 

parameters:
1.451927022134692, -76.13069474713228, 4.512912473655827, 
objectives:
-78.5355151431832, -71.3173982844103, 5794.4778622849835, 

parameters:
0.7303472779272497, -96.99750211684324, 15.916394350856915, 
objectives:
-112.38048932132442, -79.46908973131957, 9394.132429702526, 

parameters:
-0.5539400854588998, -83.75584122941638, 20.0, 
objectives:
-103.44899161113817, -57.233231269302564, 6996.347789665483, 

parameters:
1.4919202444666435, -53.40934260360248, 9.14780166325002, 
objectives:
-60.3313182510031, -44.003395902369626, 2846.635901701587, 

parameters:
0.05115317345686332, -48.201248674406074, 17.60040060706603, 
objectives:
-65.7990326343174, -26.80284411401279, 2306.762589812022, 

parameters:
1.0486375343851302, -92.44228055141711, 1.2932489786085841, 
objectives:
-92.63588885150438, -90.24394103182772, 8546.381625246824, 

parameters:
1.118130332938989, -89.02555225035316, 20, 
objectives:
-107.7753368089149, -68.24785814067086, 7907.799168921798, 

parameters:
-1.6289553693059262, -82.14170424227613, 19.810443040124206, 
objectives:
-99.29865168720974, -49.16194412973761, 6731.10262838063, 

parameters:
1.8341685450311878, -95.0530789703764, 0, 
objectives:
-91.68890471879457, -95.02557889891933, 9039.451996000194, 

parameters:
4.514694085812388, -28.812305437809904, 16.53623503508299, 
objectives:
-24.96607778442354, -5.952384057507114, 834.9951722950365, 

parameters:
3.2082061799361052, -71.46463220425822, 2.505584271505536, 
objectives:
-63.67762958278354, -67.49928575951688, 5115.980658711376, 

parameters:
0.4295015890963328, -17.644228848737683, 18.21704234206703, 
objectives:
-35.67679957576844, 3.0392787519802926, 294.2862409395963, 

parameters:
2.8304112280604814, -21.710451447199503, 19.049343930535787, 
objectives:
-32.74856765780445, -1.9715247089747976, 461.30558583060207, 

parameters:
1.2049576962872348, -87.12646503570996, 0, 
objectives:
-85.67454198586812, -86.49437277101705, 7593.472832668631, 

parameters:
3.33124924448934, -79.07958066020932, 1.7231510181302765, 
objectives:
-69.7055101494288, -75.5842050911256, 6263.954147905332, 

parameters:
-0.30622060867174994, -45.20865289559554, 0, 
objectives:
-45.114881834420245, -39.88999939973324, 2044.9160676956146, 

parameters:
5.027383103636262, -43.701227795856965, 1.2255623413504948, 
objectives:
-19.65220926648009, -33.31061699832414, 1934.8463293947582, 

parameters:
4.559359666159374, -4.023420729808109, 15.280520418322876, 
objectives:
1.483819417269931, 17.80742158927819, 22.695154516127655, 

parameters:
3.073702789828501, -85.78024197082728, 0.09256061224446754, 
objectives:
-76.42515374287224, -84.5348436776973, 7368.605000801633, 

parameters:
1.2887096369151256, -70.65611963095445, 19.648473787716892, 
objectives:
-88.64382089039343, -50.50171186262014, 4975.299540044308, 

parameters:
-1.474868319738488, -24.082771738968905, 6.520172685421891, 
objectives:
-28.427707863822565, -5.487889214024832, 576.6349585064257, 

parameters:
3.7320200198125146, -84.95062985155042, 1.2423730236347736, 
objectives:
-72.26502944690378, -80.70836347888431, 7230.295112579775, 

parameters:
0.39168192482640873, -34.52286359539354, 3.215151602024757, 
objectives:
-37.584600467182575, -28.721024962438694, 1189.7663739543596, 

parameters:
2.0733545655235663, -46.25058618977818, 1.327284308757668, 
objectives:
-43.27907134415844, -44.917920988737364, 2143.08823774372, 

parameters:
1.272182016260042, -93.6488256932198, 18.83874701348774, 
objectives:
-110.86912562421207, -74.28035966227677, 8753.882253788073, 

parameters:
2.5939143981774087, -40.50322853666098, 10.977218003565643, 
objectives:
-44.75205463515455, -29.173276220732898, 1637.2626957944947, 

parameters:
0.7482439838913715, -9.479057854068841, 10.869939591389382, 
objectives:
-19.789128386028594, 2.957774861184686, 80.54246726882444, 

