Generation 243 at Fri May 24 19:55:17 2019
parameters:
0, 0.0, 20.0, 
objectives:
-20.0, 24.0, -19.0, 

parameters:
0, 0.0, 20.0, 
objectives:
-20.0, 24.0, -19.0, 

parameters:
1.9979647189482492, 0.0, 20.0, 
objectives:
-16.008136981838042, 20.000004142368958, -15.008136981838044, 

parameters:
1.4573422270475125, 0.0, 20.0, 
objectives:
-17.876153633264195, 20.294477458545753, -16.876153633264195, 

parameters:
1.5564983381440585, 0.0, 20.0, 
objectives:
-17.577312923354786, 20.196693724068982, -16.577312923354786, 

parameters:
1.0358656023151445, 0.0, 20.0, 
objectives:
-18.926982453940283, 20.929555136799138, -17.926982453940283, 

parameters:
0.4015334858230623, 0.0, 20.0, 
objectives:
-19.838770859762782, 22.55509519694497, -18.838770859762782, 

parameters:
0.26140103597586306, 0.0, 20.0, 
objectives:
-19.931669498390747, 23.022726357705803, -18.931669498390747, 

parameters:
1.1224035919247557, 0.0, 20.0, 
objectives:
-18.740210176834406, 20.77017545546657, -17.740210176834406, 

parameters:
1.9379176761034853, 0.0, 20.0, 
objectives:
-16.244475080645667, 20.003854214940393, -15.244475080645667, 

parameters:
1.7442195990060807, 0.0, 20.0, 
objectives:
-16.957697990443066, 20.06542361353261, -15.957697990443068, 

parameters:
0.8475737960746197, 0.0, 20.0, 
objectives:
-19.28161866020766, 21.328086155493864, -18.28161866020766, 

parameters:
1.6850472054943146, 0.0, 20.0, 
objectives:
-17.1606159152558, 20.09919526276694, -16.1606159152558, 

parameters:
0.6390046734243106, 0.0, 20.0, 
objectives:
-19.59167302734189, 21.85230827896087, -18.59167302734189, 

parameters:
0.9410992875533312, 0.0, 20.0, 
objectives:
-19.114332130966613, 21.121270718820064, -18.114332130966613, 

parameters:
1.803965415927168, 0.0, 20.0, 
objectives:
-16.74570877813872, 20.038429558152608, -15.74570877813872, 

parameters:
1.1980760639814918, 0.0, 20.0, 
objectives:
-18.564613744914617, 20.643081999159417, -17.564613744914617, 

parameters:
0.1552839626100737, 0.0, 20.0, 
objectives:
-19.97588689095611, 23.402977258603592, -18.97588689095611, 

parameters:
1.882061341288841, 0.0, 20.0, 
objectives:
-16.45784510762605, 20.013909527218587, -15.45784510762605, 

parameters:
1.3906552681898028, 0.0, 20.0, 
objectives:
-18.066077925055946, 20.37130100218484, -17.066077925055946, 

parameters:
0.7497482076252087, 0.0, 20.0, 
objectives:
-19.437877625162788, 21.563129544336377, -18.437877625162788, 

parameters:
1.3527423691167368, 0.0, 20.0, 
objectives:
-18.17008808279644, 20.418942440736615, -17.17008808279644, 

parameters:
0.49131023123902784, 0.0, 20.0, 
objectives:
-19.758614256679852, 22.276144818364035, -18.758614256679852, 

parameters:
1.8458728390924775, 0.0, 20.0, 
objectives:
-16.592753461900678, 20.023755181729413, -15.592753461900678, 

parameters:
0.5445735577024113, 0.0, 20.0, 
objectives:
-19.70343964025134, 22.118266128939016, -18.70343964025134, 

parameters:
0.9059268641976769, 0.0, 20.0, 
objectives:
-19.179296516724964, 21.196996026484328, -18.179296516724964, 

parameters:
1.2423618040934856, 0.0, 20.0, 
objectives:
-18.45653714772958, 20.57401563589648, -17.45653714772958, 

parameters:
1.617681961830165, 0.0, 20.0, 
objectives:
-17.383105070369307, 20.146167082310033, -16.383105070369307, 

parameters:
1.6259287410857932, 0.0, 20.0, 
objectives:
-17.35635572891117, 20.13992930674566, -16.35635572891117, 

parameters:
0.17295393270206513, 0.0, 20.0, 
objectives:
-19.97008693716289, 23.338097332028852, -18.97008693716289, 

parameters:
0.7064445956462799, 0.0, 20.0, 
objectives:
-19.500936033282166, 21.673285584132717, -18.500936033282166, 

parameters:
1.292637017662595, 0.0, 20.0, 
objectives:
-18.32908954056835, 20.50036238878127, -17.32908954056835, 

parameters:
1.2758944986190133, 0.0, 20.0, 
objectives:
-18.372093228393737, 20.52432877713021, -17.372093228393737, 

parameters:
0.5263848109456196, 0.0, 20.0, 
objectives:
-19.722919030805745, 22.171541725411778, -18.722919030805745, 

parameters:
0.7228981090905127, 0.0, 20.0, 
objectives:
-19.477418323873362, 21.630989239764588, -18.477418323873362, 

parameters:
1.29149400830268, 0.0, 20.0, 
objectives:
-18.332043226518277, 20.501980740271, -17.332043226518277, 

parameters:
0, 0.0, 20.0, 
objectives:
-20.0, 24.0, -19.0, 

