Generation 2434 at Fri May 24 19:48:21 2019
parameters:
1.0551861745364688, 1.5597155652894656, 0, 
objectives:
2.673133428222373, 2.452388730076498, 4.546130507539145, 

parameters:
0.051044676920685594, -100.0, 20, 
objectives:
-119.99739444095806, -76.2015731486408, 9981.002605559042, 

parameters:
-0.09310337269809921, -0.38187417318528993, 20, 
objectives:
-20.37320593517753, 23.999207555614866, -18.84550387784629, 

parameters:
1.9973066371654076, -100, 0, 
objectives:
-96.01076619713501, -99.99999274579665, 10004.989233802866, 

parameters:
-0.5539400854588998, -83.75584122941638, 20.0, 
objectives:
-103.44899161113817, -57.233231269302564, 6996.347789665483, 

parameters:
2.185006983869218, -36.81861410353869, 19.092706109363935, 
objectives:
-51.137064693345366, -17.691680410094374, 1342.2918939154918, 

parameters:
0.31884202143025586, -42.12309029517149, 14.657158507034152, 
objectives:
-56.67858856757591, -24.639639639228626, 1760.7992377427659, 

parameters:
0.19056283556800313, -79.76461256589042, 1.2555778200918437, 
objectives:
-80.98387619168254, -75.23497189377086, 6362.174154160811, 

parameters:
0.6439678574042734, -51.46207732313656, 2.6603166381813756, 
objectives:
-53.70769935994809, -46.96293751320243, 2647.0997803756745, 

parameters:
0.7564575828472293, -19.907340958575666, 13.397123604781177, 
objectives:
-32.73223648870977, -4.963819610536335, 384.4773285108502, 

parameters:
1.3124639273757754, -63.425387079694076, 0, 
objectives:
-61.70282551903143, -62.95268122853453, 4025.502287769687, 

parameters:
0.7303472779272497, -96.99750211684324, 15.916394350856915, 
objectives:
-112.38048932132442, -79.46908973131957, 9394.132429702526, 

parameters:
1.2049576962872348, -87.12646503570996, 0, 
objectives:
-85.67454198586812, -86.49437277101705, 7593.472832668631, 

parameters:
-0.30622060867174994, -45.20865289559554, 0, 
objectives:
-45.114881834420245, -39.88999939973324, 2044.9160676956146, 

parameters:
-0.5860221321847483, -59.295644973625265, 0, 
objectives:
-58.95222303421491, -52.60813450547592, 3517.3169347776216, 

parameters:
2.477777051785839, -31.264018925149596, 17.182366209550135, 
objectives:
-42.30700601634321, -13.853381804386292, 967.3958922609185, 

parameters:
1.0261986494195139, -33.577793094190305, 0.0967692303874701, 
objectives:
-32.62147865650734, -32.532734793410455, 1129.4245035139372, 

parameters:
1.9746538490768053, -67.46968453167887, 4.5950890536276425, 
objectives:
-68.16551576163266, -62.87395305068459, 4552.4624995743125, 

parameters:
1.8341685450311878, -95.0530789703764, 0, 
objectives:
-91.68890471879457, -95.02557889891933, 9039.451996000194, 

parameters:
1.118130332938989, -89.02555225035316, 20, 
objectives:
-107.7753368089149, -68.24785814067086, 7907.799168921798, 

parameters:
2.8448519776383896, -11.397250667941108, 14.592223869022837, 
objectives:
-17.896291762290886, 3.9087480652012268, 124.39828169353427, 

parameters:
1.3362155750755533, -55.94830942341962, 18.57458126205707, 
objectives:
-72.7374186224022, -36.93311839859028, 3114.424218139722, 

parameters:
-0.41535891990523943, -92.37892094096826, 5.214759508725368, 
objectives:
-97.42115741734878, -81.33020272027709, 8529.822797741283, 

parameters:
1.2331663226877616, -73.83705672841143, 6.0019214764841315, 
objectives:
-78.3182790254843, -67.24710136326709, 5448.429724017574, 

parameters:
1.2181085518344745, -98.10824888160273, 2.657922213222397, 
objectives:
-99.28238265077285, -94.83897243166597, 9625.054364845335, 

parameters:
3.519938225372069, -7.67413360995759, 20, 
objectives:
-15.28416849952212, 14.636078598989604, 52.28229177391617, 

parameters:
1.6089104878169582, -69.89458999118582, 0, 
objectives:
-67.30599703337842, -69.74163898464626, 4888.842302993781, 

parameters:
1.2887096369151256, -70.65611963095445, 19.648473787716892, 
objectives:
-88.64382089039343, -50.50171186262014, 4975.299540044308, 

parameters:
5.795083819404936, -27.610523578951785, 6.5426922407913874, 
objectives:
-0.5702193458142713, -6.665170141851242, 790.38131653699, 

parameters:
4.885975281314109, -28.393059848871168, 8.824063131272807, 
objectives:
-13.344368530531488, -11.240143393242308, 822.2145388999196, 

parameters:
4.153124666156991, -4.956837957428191, 17.387357838386862, 
objectives:
-5.0957513031734365, 17.066465708972324, 25.431329190455642, 

parameters:
3.073702789828501, -85.78024197082728, 0.09256061224446754, 
objectives:
-76.42515374287224, -84.5348436776973, 7368.605000801633, 

parameters:
0.09949225300583331, -6.310715072282211, 20, 
objectives:
-26.300816363874034, 17.30121462410263, 20.835023431938055, 

parameters:
1.215010797191497, -46.751421301348785, 10.075486690857167, 
objectives:
-55.350656754914034, -36.05972656196569, 2178.0961582426435, 

parameters:
1.1584560654631118, -99.2347244488035, 0.0, 
objectives:
-97.89270399319523, -98.52652825504768, 9849.872556885568, 

parameters:
1.3928948152766434, -76.48333517446318, 0.0, 
objectives:
-74.54317920803862, -76.1147584691452, 5852.640715375701, 

parameters:
-0.8513619314824028, -77.14905646322363, 0.6935780506411504, 
objectives:
-77.11781737548733, -68.32521354827541, 5953.008152253404, 

parameters:
4.514694085812388, -28.812305437809904, 16.53623503508299, 
objectives:
-24.96607778442354, -5.952384057507114, 834.9951722950365, 

