Generation 244 at Sat May 25 04:36:27 2019
parameters:
0, 0.0, 20.0, 
objectives:
-20.0, 24.0, -19.0, 

parameters:
0, 0.0, 20.0, 
objectives:
-20.0, 24.0, -19.0, 

parameters:
1.9971487895634539, 0.0, 20.0, 
objectives:
-16.01139671234523, 20.000008129400953, -15.011396712345231, 

parameters:
1.9453451192557676, 0.0, 20.0, 
objectives:
-16.215632366987762, 20.002987155989167, -15.215632366987764, 

parameters:
0.4488017837269118, 0.0, 20.0, 
objectives:
-19.798576958923544, 22.40621590616881, -18.798576958923544, 

parameters:
0.7023306922612254, 0.0, 20.0, 
objectives:
-19.50673159870787, 21.68394563224723, -18.50673159870787, 

parameters:
1.178776132928941, 0.0, 20.0, 
objectives:
-18.610486828437093, 20.674408639847144, -17.610486828437093, 

parameters:
1.7917154592058995, 0.0, 20.0, 
objectives:
-16.78975571324259, 20.04338244993381, -15.789755713242593, 

parameters:
1.0816299101353377, 0.0, 20.0, 
objectives:
-18.830076737500622, 20.84340362195803, -17.830076737500622, 

parameters:
1.571676873518426, 0.0, 20.0, 
objectives:
-17.529831805247344, 20.18346070067895, -16.529831805247344, 

parameters:
1.5154089448343193, 0.0, 20.0, 
objectives:
-17.703535729916133, 20.234828490746587, -16.703535729916133, 

parameters:
1.2294722159004066, 0.0, 20.0, 
objectives:
-18.488398070328945, 20.59371306606943, -17.488398070328945, 

parameters:
1.4463892245840302, 0.0, 20.0, 
objectives:
-17.90795821100721, 20.306484890656673, -16.90795821100721, 

parameters:
0.5972058585780772, 0.0, 20.0, 
objectives:
-19.64334516248002, 21.96783140320767, -18.64334516248002, 

parameters:
0.9534676361256839, 0.0, 20.0, 
objectives:
-19.0908994668609, 21.095229988636365, -18.0908994668609, 

parameters:
1.0365572430163281, 0.0, 20.0, 
objectives:
-18.92554908195039, 20.928221945984298, -17.92554908195039, 

parameters:
1.3141879264355967, 0.0, 20.0, 
objectives:
-18.272910094010907, 20.470338200246708, -17.272910094010907, 

parameters:
0.7920673424213485, 0.0, 20.0, 
objectives:
-19.372629325069582, 21.459101305245024, -18.372629325069582, 

parameters:
1.862666147136347, 0.0, 20.0, 
objectives:
-16.530474824312236, 20.018860587142374, -15.530474824312236, 

parameters:
0.11864842825260519, 0.0, 20.0, 
objectives:
-19.985922550473187, 23.53948373651639, -18.985922550473187, 

parameters:
1.7308811205441008, 0.0, 20.0, 
objectives:
-17.004050546543997, 20.0724249712796, -16.004050546543997, 

parameters:
1.3893686602843238, 0.0, 20.0, 
objectives:
-18.069654725819742, 20.37287063304296, -17.069654725819742, 

parameters:
0.3857631297920613, 0.0, 20.0, 
objectives:
-19.851186807693033, 22.60576067313872, -18.851186807693033, 

parameters:
0.3121962234876509, 0.0, 20.0, 
objectives:
-19.902533518040048, 22.84868158800935, -18.902533518040048, 

parameters:
1.7002605390049563, 0.0, 20.0, 
objectives:
-17.109114099502577, 20.089843744477598, -16.109114099502577, 

parameters:
1.6384477967348083, 0.0, 20.0, 
objectives:
-17.315488817374852, 20.130719995685915, -16.315488817374852, 

parameters:
0.22902960141386702, 0.0, 20.0, 
objectives:
-19.947545441676205, 23.136336152668328, -18.947545441676205, 

parameters:
0.6154998113667518, 0.0, 20.0, 
objectives:
-19.621159982207494, 21.9168407723255, -18.621159982207494, 

parameters:
1.8519764942890402, 0.0, 20.0, 
objectives:
-16.570183064600876, 20.021910958242962, -15.570183064600876, 

parameters:
1.3460680414437993, 0.0, 20.0, 
objectives:
-18.188100827803655, 20.427627006421147, -17.188100827803655, 

parameters:
0.06317644560020935, 0.0, 20.0, 
objectives:
-19.996008736721326, 23.75128548087784, -18.996008736721322, 

parameters:
0.9062779621659692, 0.0, 20.0, 
objectives:
-19.178660255292296, 21.196227896043826, -18.178660255292296, 

parameters:
1.6506814924894675, 0.0, 20.0, 
objectives:
-17.275250610352742, 20.122023419689388, -16.275250610352742, 

parameters:
0.840333594035377, 0.0, 20.0, 
objectives:
-19.293839450735586, 21.344826173122904, -18.293839450735586, 

parameters:
0.24762270822206683, 0.0, 20.0, 
objectives:
-19.93868299437277, 23.070826172738965, -18.93868299437277, 

parameters:
0.8701321992899718, 0.0, 20.0, 
objectives:
-19.242869955758795, 21.276601247081317, -18.242869955758795, 

parameters:
0.867822363781951, 0.0, 20.0, 
objectives:
-19.246884344919906, 21.281826199952288, -18.246884344919906, 

parameters:
0, 0.0, 20.0, 
objectives:
-20.0, 24.0, -19.0, 

