Generation 2440 at Fri May 24 19:48:21 2019
parameters:
0.051044676920685594, -100.0, 20, 
objectives:
-119.99739444095806, -76.2015731486408, 9981.002605559042, 

parameters:
1.0551861745364688, 1.5597155652894656, 0, 
objectives:
2.673133428222373, 2.452388730076498, 4.546130507539145, 

parameters:
-0.09310337269809921, -0.38187417318528993, 20, 
objectives:
-20.37320593517753, 23.999207555614866, -18.84550387784629, 

parameters:
1.9973066371654076, -100, 0, 
objectives:
-96.01076619713501, -99.99999274579665, 10004.989233802866, 

parameters:
0.6439678574042734, -51.46207732313656, 2.6603166381813756, 
objectives:
-53.70769935994809, -46.96293751320243, 2647.0997803756745, 

parameters:
1.9746538490768053, -67.46968453167887, 4.5950890536276425, 
objectives:
-68.16551576163266, -62.87395305068459, 4552.4624995743125, 

parameters:
3.1388497205756263, -40.5226607452311, 20, 
objectives:
-50.67028317687341, -19.225682059175917, 1632.9384114414513, 

parameters:
1.3362155750755533, -55.94830942341962, 18.57458126205707, 
objectives:
-72.7374186224022, -36.93311839859028, 3114.424218139722, 

parameters:
-1.638814270818815, -61.44690001712372, 20, 
objectives:
-78.76118780288431, -28.205930719609057, 3759.407233928638, 

parameters:
0.7303472779272497, -96.99750211684324, 15.916394350856915, 
objectives:
-112.38048932132442, -79.46908973131957, 9394.132429702526, 

parameters:
-0.5539400854588998, -83.75584122941638, 20.0, 
objectives:
-103.44899161113817, -57.233231269302564, 6996.347789665483, 

parameters:
1.118130332938989, -89.02555225035316, 20, 
objectives:
-107.7753368089149, -68.24785814067086, 7907.799168921798, 

parameters:
-2.4511517586741194, -79.26498532011944, 19.636880729371708, 
objectives:
-92.89372110543992, -39.81535261200003, 6270.309162013429, 

parameters:
1.2887096369151256, -70.65611963095445, 19.648473787716892, 
objectives:
-88.64382089039343, -50.50171186262014, 4975.299540044308, 

parameters:
-0.41535891990523943, -92.37892094096826, 5.214759508725368, 
objectives:
-97.42115741734878, -81.33020272027709, 8529.822797741283, 

parameters:
1.0756343817911191, -27.154771417999257, 14.474394023296238, 
objectives:
-40.47217611800433, -11.825925598576333, 725.0642060637844, 

parameters:
1.2049576962872348, -87.12646503570996, 0, 
objectives:
-85.67454198586812, -86.49437277101705, 7593.472832668631, 

parameters:
1.561307933971333, -36.445412836227526, 11.457089450155049, 
objectives:
-45.46481982170074, -24.795872657275975, 1320.2487098175848, 

parameters:
0.7564575828472293, -19.907340958575666, 13.397123604781177, 
objectives:
-32.73223648870977, -4.963819610536335, 384.4773285108502, 

parameters:
3.668500245694526, -0.8357713632722117, 20, 
objectives:
-7.377877310611414, 21.948121706610483, -4.843592175673312, 

parameters:
1.0261986494195139, -33.577793094190305, 0.0967692303874701, 
objectives:
-32.62147865650734, -32.532734793410455, 1129.4245035139372, 

parameters:
2.2015460656554158, -77.63369242734922, 11.09032173584711, 
objectives:
-83.87720908399349, -66.50274987492092, 6021.746683247615, 

parameters:
3.645790155114267, -26.102978410619663, 14.176528512470254, 
objectives:
-26.987721067961807, -9.217824663478366, 681.480739247934, 

parameters:
1.2331663226877616, -73.83705672841143, 6.0019214764841315, 
objectives:
-78.3182790254843, -67.24710136326709, 5448.429724017574, 

parameters:
2.8448519776383896, -11.397250667941108, 14.592223869022837, 
objectives:
-17.896291762290886, 3.9087480652012268, 124.39828169353427, 

parameters:
2.0273569364952606, -3.0662399892676806, 16.05623642014292, 
objectives:
-15.012300261455152, 12.990744832849645, -1.5442326004032054, 

parameters:
2.87329670956359, -17.63753030482812, 0, 
objectives:
-9.381696323639165, -16.874883161893525, 320.3383092349192, 

parameters:
0.516348286162085, -6.328350502959519, 16.387971166325283, 
objectives:
-22.449706116662277, 12.260843071339947, 24.926664474605236, 

parameters:
1.950045048520519, -99.39008874473537, 5.03189859069235, 
objectives:
-100.61931164416832, -94.3556946568657, 9878.160517786937, 

parameters:
1.2181085518344745, -98.10824888160273, 2.657922213222397, 
objectives:
-99.28238265077285, -94.83897243166597, 9625.054364845335, 

parameters:
0.9967994461164409, -84.3387563393517, 2.3226490114879845, 
objectives:
-85.66779621506164, -81.00969597655144, 7112.696780992827, 

