Generation 2444 at Fri May 24 19:48:21 2019
parameters:
1.0551861745364688, 1.5597155652894656, 0, 
objectives:
2.673133428222373, 2.452388730076498, 4.546130507539145, 

parameters:
0.051044676920685594, -100.0, 20, 
objectives:
-119.99739444095806, -76.2015731486408, 9981.002605559042, 

parameters:
-0.09310337269809921, -0.38187417318528993, 20, 
objectives:
-20.37320593517753, 23.999207555614866, -18.84550387784629, 

parameters:
1.9973066371654076, -100, 0, 
objectives:
-96.01076619713501, -99.99999274579665, 10004.989233802866, 

parameters:
0.6439678574042734, -51.46207732313656, 2.6603166381813756, 
objectives:
-53.70769935994809, -46.96293751320243, 2647.0997803756745, 

parameters:
1.561307933971333, -36.445412836227526, 11.457089450155049, 
objectives:
-45.46481982170074, -24.795872657275975, 1320.2487098175848, 

parameters:
-0.5539400854588998, -83.75584122941638, 20.0, 
objectives:
-103.44899161113817, -57.233231269302564, 6996.347789665483, 

parameters:
-0.41535891990523943, -92.37892094096826, 5.214759508725368, 
objectives:
-97.42115741734878, -81.33020272027709, 8529.822797741283, 

parameters:
1.950045048520519, -99.39008874473537, 5.03189859069235, 
objectives:
-100.61931164416832, -94.3556946568657, 9878.160517786937, 

parameters:
3.3281065246610395, -74.49975526431179, 20, 
objectives:
-83.42346222482041, -52.735888323464565, 5542.2898274818435, 

parameters:
-1.638814270818815, -61.44690001712372, 20, 
objectives:
-78.76118780288431, -28.205930719609057, 3759.407233928638, 

parameters:
3.5725041874236583, -5.255066715506672, 13.078683214921014, 
objectives:
-5.570963761268112, 10.296385918879281, 28.29982913866464, 

parameters:
1.2049576962872348, -87.12646503570996, 0, 
objectives:
-85.67454198586812, -86.49437277101705, 7593.472832668631, 

parameters:
1.3362155750755533, -55.94830942341962, 18.57458126205707, 
objectives:
-72.7374186224022, -36.93311839859028, 3114.424218139722, 

parameters:
1.0756343817911191, -27.154771417999257, 14.474394023296238, 
objectives:
-40.47217611800433, -11.825925598576333, 725.0642060637844, 

parameters:
-2.4511517586741194, -79.26498532011944, 19.636880729371708, 
objectives:
-92.89372110543992, -39.81535261200003, 6270.309162013429, 

parameters:
2.8470081805034635, -66.19238012528052, 2.948973076518956, 
objectives:
-61.035897621945836, -62.525984190921776, 4387.587669152967, 

parameters:
3.5214601082682977, -72.1414476015645, 6.034817969316519, 
objectives:
-65.77558427675604, -63.791788771196195, 5211.754325374084, 

parameters:
1.118130332938989, -89.02555225035316, 20, 
objectives:
-107.7753368089149, -68.24785814067086, 7907.799168921798, 

parameters:
2.87329670956359, -17.63753030482812, 0, 
objectives:
-9.381696323639165, -16.874883161893525, 320.3383092349192, 

parameters:
1.2887096369151256, -70.65611963095445, 19.648473787716892, 
objectives:
-88.64382089039343, -50.50171186262014, 4975.299540044308, 

parameters:
3.645790155114267, -26.102978410619663, 14.176528512470254, 
objectives:
-26.987721067961807, -9.217824663478366, 681.480739247934, 

parameters:
1.0410536765536533, -42.40090516955003, 20, 
objectives:
-61.31711241208415, -21.481327118298765, 1779.9205519546404, 

parameters:
5.043363529617248, -81.98591600485562, 1.4986767247625026, 
objectives:
-58.04907703774478, -71.22517770668877, 6746.6272621223525, 

parameters:
0.7564575828472293, -19.907340958575666, 13.397123604781177, 
objectives:
-32.73223648870977, -4.963819610536335, 384.4773285108502, 

parameters:
-0.875863668111886, -96.77846755118819, 19.500480220697842, 
objectives:
-115.51181060676761, -69.0073954929244, 9348.338438500803, 

parameters:
2.566893661800758, -59.896022738990396, 19.743645267329835, 
objectives:
-73.05072493532732, -39.831009047870694, 3575.3788377533183, 

parameters:
2.0273569364952606, -3.0662399892676806, 16.05623642014292, 
objectives:
-15.012300261455152, 12.990744832849645, -1.5442326004032054, 

parameters:
3.0679070268546353, -48.43451414716587, 16.341546418280906, 
objectives:
-55.36400704002273, -30.95254231087946, 2339.972667779154, 

parameters:
1.0261986494195139, -33.577793094190305, 0.0967692303874701, 
objectives:
-32.62147865650734, -32.532734793410455, 1129.4245035139372, 

parameters:
0.7303472779272497, -96.99750211684324, 15.916394350856915, 
objectives:
-112.38048932132442, -79.46908973131957, 9394.132429702526, 

parameters:
2.58401493696216, -21.82775228371122, 0, 
objectives:
-15.150619089267664, -21.486678837116305, 484.12790295350396, 

parameters:
2.252764943089868, -100, 15.57932088433124, 
objectives:
-110.50437099551654, -84.35678899921353, 9990.495629004483, 

