Generation 2447 at Fri May 24 19:48:21 2019
parameters:
5.3672940810694865, -9.98416013534524, 0.0, 
objectives:
18.823685617338306, 1.3545092930603566, 129.49129936090063, 

parameters:
0.051044676920685594, -100.0, 20, 
objectives:
-119.99739444095806, -76.2015731486408, 9981.002605559042, 

parameters:
-0.09310337269809921, -0.38187417318528993, 20, 
objectives:
-20.37320593517753, 23.999207555614866, -18.84550387784629, 

parameters:
1.9973066371654076, -100, 0, 
objectives:
-96.01076619713501, -99.99999274579665, 10004.989233802866, 

parameters:
1.561307933971333, -36.445412836227526, 11.457089450155049, 
objectives:
-45.46481982170074, -24.795872657275975, 1320.2487098175848, 

parameters:
1.0410536765536533, -42.40090516955003, 20, 
objectives:
-61.31711241208415, -21.481327118298765, 1779.9205519546404, 

parameters:
1.0551861745364688, 1.5597155652894656, 0, 
objectives:
2.673133428222373, 2.452388730076498, 4.546130507539145, 

parameters:
3.3281065246610395, -74.49975526431179, 20, 
objectives:
-83.42346222482041, -52.735888323464565, 5542.2898274818435, 

parameters:
1.0756343817911191, -27.154771417999257, 14.474394023296238, 
objectives:
-40.47217611800433, -11.825925598576333, 725.0642060637844, 

parameters:
3.5725041874236583, -5.255066715506672, 13.078683214921014, 
objectives:
-5.570963761268112, 10.296385918879281, 28.29982913866464, 

parameters:
-1.1028531610755063, -67.54556449308966, 11.582196623789113, 
objectives:
-77.91147602198454, -46.335670130104276, 4553.037371161239, 

parameters:
1.0713459031140922, -59.76155764566013, 11.283162626814345, 
objectives:
-69.89693822835513, -47.615996587182806, 3562.308391652864, 

parameters:
0.7564575828472293, -19.907340958575666, 13.397123604781177, 
objectives:
-32.73223648870977, -4.963819610536335, 384.4773285108502, 

parameters:
1.3362155750755533, -55.94830942341962, 18.57458126205707, 
objectives:
-72.7374186224022, -36.93311839859028, 3114.424218139722, 

parameters:
-1.638814270818815, -61.44690001712372, 20, 
objectives:
-78.76118780288431, -28.205930719609057, 3759.407233928638, 

parameters:
3.0679070268546353, -48.43451414716587, 16.341546418280906, 
objectives:
-55.36400704002273, -30.95254231087946, 2339.972667779154, 

parameters:
2.87329670956359, -17.63753030482812, 0, 
objectives:
-9.381696323639165, -16.874883161893525, 320.3383092349192, 

parameters:
-2.4511517586741194, -79.26498532011944, 19.636880729371708, 
objectives:
-92.89372110543992, -39.81535261200003, 6270.309162013429, 

parameters:
2.320691641279723, -70.28656949364964, 8.585877504392077, 
objectives:
-73.48683730413613, -61.597848860470876, 4938.001583375153, 

parameters:
5.043363529617248, -81.98591600485562, 1.4986767247625026, 
objectives:
-58.04907703774478, -71.22517770668877, 6746.6272621223525, 

parameters:
1.9670624479323462, -77.59944239361923, 11.951580151603338, 
objectives:
-85.68168787115697, -65.64677735967967, 6014.591214323091, 

parameters:
3.645790155114267, -26.102978410619663, 14.176528512470254, 
objectives:
-26.987721067961807, -9.217824663478366, 681.480739247934, 

parameters:
-0.875863668111886, -96.77846755118819, 19.500480220697842, 
objectives:
-115.51181060676761, -69.0073954929244, 9348.338438500803, 

parameters:
1.950045048520519, -99.39008874473537, 5.03189859069235, 
objectives:
-100.61931164416832, -94.3556946568657, 9878.160517786937, 

parameters:
0.6439678574042734, -51.46207732313656, 2.6603166381813756, 
objectives:
-53.70769935994809, -46.96293751320243, 2647.0997803756745, 

parameters:
2.2398005399438468, -4.208547340671352, 20.0, 
objectives:
-19.191840881938603, 15.84895695828601, 3.728577177404656, 

parameters:
1.2049576962872348, -87.12646503570996, 0, 
objectives:
-85.67454198586812, -86.49437277101705, 7593.472832668631, 

parameters:
-1.9538739531220564, -94.39332955212134, 20.0, 
objectives:
-110.57570612743253, -58.7602103149443, 8894.918287360075, 

parameters:
-1.8551447411814523, -84.70966403343046, 10.819682800998539, 
objectives:
-92.0877848236958, -59.02784025697291, 7169.349059866396, 

parameters:
1.118130332938989, -89.02555225035316, 20, 
objectives:
-107.7753368089149, -68.24785814067086, 7907.799168921798, 

parameters:
4.11887477079614, -92.99999245417695, 0, 
objectives:
-76.03486307667599, -88.51036215986055, 8666.96372585447, 

parameters:
0.7553104147704495, -91.74081706080864, 11.181936137005163, 
objectives:
-102.3522593751531, -79.00962876022456, 8406.766072670413, 

parameters:
-0.5539400854588998, -83.75584122941638, 20.0, 
objectives:
-103.44899161113817, -57.233231269302564, 6996.347789665483, 

parameters:
-1.5774480821914318, -19.166122545337053, 0, 
objectives:
-16.677780093327627, -6.367987764561899, 370.82859587488673, 

parameters:
-0.41535891990523943, -92.37892094096826, 5.214759508725368, 
objectives:
-97.42115741734878, -81.33020272027709, 8529.822797741283, 

parameters:
3.3454822915412334, -98.20611095789212, 20, 
objectives:
-107.01385919487615, -76.39578836104107, 9636.632481236835, 

parameters:
-1.1233266144577811, -100, 7.864055849885418, 
objectives:
-106.60219316713624, -82.38077500953428, 9994.397806832865, 

