Generation 2453 at Fri May 24 19:48:21 2019
parameters:
5.3672940810694865, -9.98416013534524, 0.0, 
objectives:
18.823685617338306, 1.3545092930603566, 129.49129936090063, 

parameters:
0.051044676920685594, -100.0, 20, 
objectives:
-119.99739444095806, -76.2015731486408, 9981.002605559042, 

parameters:
-0.09310337269809921, -0.38187417318528993, 20, 
objectives:
-20.37320593517753, 23.999207555614866, -18.84550387784629, 

parameters:
1.9973066371654076, -100, 0, 
objectives:
-96.01076619713501, -99.99999274579665, 10004.989233802866, 

parameters:
-1.0631523603665052, -66.12859339596872, 13.803506123637078, 
objectives:
-78.80180657825292, -42.94218488951275, 4361.317651347074, 

parameters:
0.5792055777447862, -92.16003182380467, 20.0, 
objectives:
-111.824552722514, -70.14137503349315, 8474.806944865979, 

parameters:
3.0084765239881075, -63.27222563771485, 0, 
objectives:
-54.22129464232728, -62.25520073827971, 4013.4254681452876, 

parameters:
1.118130332938989, -89.02555225035316, 20, 
objectives:
-107.7753368089149, -68.24785814067086, 7907.799168921798, 

parameters:
1.0551861745364688, 1.5597155652894656, 0, 
objectives:
2.673133428222373, 2.452388730076498, 4.546130507539145, 

parameters:
1.4239095779773505, -86.07045998597792, 0, 
objectives:
-84.04294149972229, -85.73857981163168, 7411.151600684082, 

parameters:
2.806411023770359, -55.651423519074285, 18.67786650828048, 
objectives:
-66.45334719301496, -36.323258271535444, 3087.2790160254335, 

parameters:
1.462961363753704, -33.44096577363282, 12.814869568332897, 
objectives:
-44.11557939012962, -20.337685708478645, 1108.6235782567849, 

parameters:
2.510513318121688, -96.05978449298372, 1.687082812205711, 
objectives:
-91.44419018472307, -94.11207783279839, 9233.097791146736, 

parameters:
2.320691641279723, -70.28656949364964, 8.585877504392077, 
objectives:
-73.48683730413613, -61.597848860470876, 4938.001583375153, 

parameters:
3.645790155114267, -26.102978410619663, 14.176528512470254, 
objectives:
-26.987721067961807, -9.217824663478366, 681.480739247934, 

parameters:
-0.5748109629732192, -78.66266871464703, 19.93310652130654, 
objectives:
-98.26536759279936, -52.099910698293414, 6169.212750432156, 

parameters:
-0.4773393498795621, -48.90547092341419, 17.714219732020716, 
objectives:
-66.39183780049146, -25.054040936931784, 2375.2587193638337, 

parameters:
3.3281065246610395, -74.49975526431179, 20, 
objectives:
-83.42346222482041, -52.735888323464565, 5542.2898274818435, 

parameters:
0.8063562536532265, -35.02389441145923, 0.7248622203487607, 
objectives:
-35.09854622400233, -32.874246797917706, 1227.598527932502, 

parameters:
1.9670624479323462, -77.59944239361923, 11.951580151603338, 
objectives:
-85.68168787115697, -65.64677735967967, 6014.591214323091, 

parameters:
2.0823424856388737, -79.58111056728893, 19.72427604814153, 
objectives:
-94.96923638793378, -59.85005423420621, 6318.765033302421, 

parameters:
1.0410536765536533, -42.40090516955003, 20, 
objectives:
-61.31711241208415, -21.481327118298765, 1779.9205519546404, 

parameters:
3.0679070268546353, -48.43451414716587, 16.341546418280906, 
objectives:
-55.36400704002273, -30.95254231087946, 2339.972667779154, 

parameters:
3.5725041874236583, -5.255066715506672, 13.078683214921014, 
objectives:
-5.570963761268112, 10.296385918879281, 28.29982913866464, 

parameters:
1.5218336743444532, -54.05193589275929, 20, 
objectives:
-71.73595816039055, -33.823292857768365, 2904.9277514873284, 

parameters:
0.7564575828472293, -19.907340958575666, 13.397123604781177, 
objectives:
-32.73223648870977, -4.963819610536335, 384.4773285108502, 

parameters:
2.9492559279633372, -98.41435592001332, 1.9817762416366795, 
objectives:
-91.69802163302312, -95.5314928616031, 9693.101785438052, 

parameters:
1.6479806485013029, -14.936042003177445, 0.0, 
objectives:
-12.22020178534267, -14.812124379347882, 226.80119093851565, 

parameters:
0.5192288034519306, -84.8797505083373, 6.003188425027198, 
objectives:
-90.61334038303038, -76.68387874678369, 7199.838456482892, 

parameters:
5.043363529617248, -81.98591600485562, 1.4986767247625026, 
objectives:
-58.04907703774478, -71.22517770668877, 6746.6272621223525, 

parameters:
0.325253195289549, -40.68861689736327, 20, 
objectives:
-60.58282725631721, -17.8838400374754, 1636.6693346614418, 

parameters:
1.295577756788667, -83.24665036208884, 8.818611062067518, 
objectives:
-90.38673970027081, -73.93182860329044, 6923.864707169685, 

parameters:
2.2398005399438468, -4.208547340671352, 20.0, 
objectives:
-19.191840881938603, 15.84895695828601, 3.728577177404656, 

parameters:
-0.2991851548491993, -14.811005139640201, 17.85038876667854, 
objectives:
-32.571882149436604, 8.325636003317276, 202.60499623665206, 

parameters:
0.403969153997886, -8.884223927012943, 20, 
objectives:
-28.721032849631175, 13.66309053437728, 60.09262586269105, 

parameters:
-0.25385687105930466, -4.762953460733238, 19.963270882895845, 
objectives:
-24.661781032645063, 20.280188217383845, 3.786898097198904, 

parameters:
2.8561292030088814, 0.3740057697732322, 19.910346035202405, 
objectives:
-11.378866241149025, 21.01730901722026, -10.61299169509859, 

parameters:
-1.3311673171907468, -78.59273900382192, 13.67375596428851, 
objectives:
-90.49448854175361, -53.82230734441361, 6165.916874584939, 

