Generation 2464 at Fri May 24 19:48:21 2019
parameters:
0.051044676920685594, -100.0, 20, 
objectives:
-119.99739444095806, -76.2015731486408, 9981.002605559042, 

parameters:
5.3672940810694865, -9.98416013534524, 0.0, 
objectives:
18.823685617338306, 1.3545092930603566, 129.49129936090063, 

parameters:
-0.09310337269809921, -0.38187417318528993, 20, 
objectives:
-20.37320593517753, 23.999207555614866, -18.84550387784629, 

parameters:
1.9973066371654076, -100, 0, 
objectives:
-96.01076619713501, -99.99999274579665, 10004.989233802866, 

parameters:
1.4239095779773505, -86.07045998597792, 0, 
objectives:
-84.04294149972229, -85.73857981163168, 7411.151600684082, 

parameters:
3.5725041874236583, -5.255066715506672, 13.078683214921014, 
objectives:
-5.570963761268112, 10.296385918879281, 28.29982913866464, 

parameters:
0.9545822482224261, -78.56957538945802, 0, 
objectives:
-77.65834812083664, -77.47667711372634, 6175.08940414835, 

parameters:
-0.4773393498795621, -48.90547092341419, 17.714219732020716, 
objectives:
-66.39183780049146, -25.054040936931784, 2375.2587193638337, 

parameters:
2.789810609567934, -65.51955373028211, 0.8652465590940381, 
objectives:
-58.601757052118344, -64.03050637220201, 4300.729717693488, 

parameters:
-0.9506541978946361, -97.00183729978075, 18.38189852101955, 
objectives:
-114.47999241682561, -69.91357858320795, 9392.87828441609, 

parameters:
3.130721412349904, -73.5740808346093, 20, 
objectives:
-83.77266427286312, -52.29554992226274, 5403.94678721937, 

parameters:
1.0551861745364688, 1.5597155652894656, 0, 
objectives:
2.673133428222373, 2.452388730076498, 4.546130507539145, 

parameters:
1.462961363753704, -33.44096577363282, 12.814869568332897, 
objectives:
-44.11557939012962, -20.337685708478645, 1108.6235782567849, 

parameters:
3.645790155114267, -26.102978410619663, 14.176528512470254, 
objectives:
-26.987721067961807, -9.217824663478366, 681.480739247934, 

parameters:
-0.6978320055552524, -38.49887519582512, 0, 
objectives:
-38.01190568784786, -31.22057766562685, 1483.650360851696, 

parameters:
-0.4981156273802082, -41.02382092746785, 5.275460272466658, 
objectives:
-46.05116202169413, -29.507778967239986, 1678.926542394723, 

parameters:
0.6517856483976743, -21.06412874142839, 3.6125817153257933, 
objectives:
-24.251885925297007, -15.633865088236119, 441.50976245160103, 

parameters:
2.954825609132733, -59.5304189037711, 12.659190792462724, 
objectives:
-63.4586153158472, -45.95953616745268, 3540.9425784463915, 

parameters:
-0.4522714434264601, -55.99112407654993, 0.7802918094491264, 
objectives:
-56.56686642746, -49.19719703485591, 3135.4302330046994, 

parameters:
3.4224568253679934, -3.0950994935747413, 20, 
objectives:
-11.381888772066777, 18.928283926461248, 2.292851596634584, 

parameters:
2.8662908228178976, -36.63413154356982, 0, 
objectives:
-28.41850846259972, -35.88367175387131, 1351.2752170325475, 

parameters:
2.510513318121688, -96.05978449298372, 1.687082812205711, 
objectives:
-91.44419018472307, -94.11207783279839, 9233.097791146736, 

parameters:
1.7603517061741334, -52.82217726158793, 13.592190459087096, 
objectives:
-63.31552959124484, -39.17255549776719, 2780.68905832496, 

parameters:
2.320691641279723, -70.28656949364964, 8.585877504392077, 
objectives:
-73.48683730413613, -61.597848860470876, 4938.001583375153, 

parameters:
1.989137537005535, -93.80894498105461, 18.711935078197225, 
objectives:
-108.56421191812738, -75.09689190975507, 8786.362891521458, 

parameters:
-2.7633781731237153, -45.07642706439212, 19.34315285032385, 
objectives:
-56.78332098701941, -3.0435025938768447, 2021.1773829688352, 

parameters:
-0.5748109629732192, -78.66266871464703, 19.93310652130654, 
objectives:
-98.26536759279936, -52.099910698293414, 6169.212750432156, 

parameters:
-1.9340393675136953, -14.233008043349438, 3.8361844595840235, 
objectives:
-14.328684227840688, 5.0798421613821425, 203.48284177755855, 

parameters:
-1.5319635582694973, -88.35546582323418, 18.04729208685715, 
objectives:
-104.0558455662256, -57.83340715943329, 7791.987961097712, 

parameters:
1.118130332938989, -89.02555225035316, 20, 
objectives:
-107.7753368089149, -68.24785814067086, 7907.799168921798, 

parameters:
1.820855027426361, -92.29565741872591, 0.4071276184894045, 
objectives:
-89.38727200631145, -91.8564368790381, 8522.39676376723, 

parameters:
0.39679127661057456, -68.7251866215326, 19.94091822141463, 
objectives:
-88.50866152575298, -46.213990189366015, 4704.367801260263, 

parameters:
0.1508025940381219, -69.45454940053074, 8.533106890397603, 
objectives:
-77.96491486855972, -57.501911463917, 4816.424066962735, 

parameters:
0.9824209517187485, -57.66335898988694, 18.235660158376408, 
objectives:
-74.93386822188738, -38.39223171200955, 3308.792460764574, 

parameters:
1.492439289620752, -100, 10.034507393323134, 
objectives:
-107.80713236011944, -89.70787473195617, 9993.19286763988, 

