Generation 247 at Sat May 25 04:36:27 2019
parameters:
0, 0.0, 20.0, 
objectives:
-20.0, 24.0, -19.0, 

parameters:
0, 0.0, 20.0, 
objectives:
-20.0, 24.0, -19.0, 

parameters:
1.9971487895634539, 0.0, 20.0, 
objectives:
-16.01139671234523, 20.000008129400953, -15.011396712345231, 

parameters:
1.9453451192557676, 0.0, 20.0, 
objectives:
-16.215632366987762, 20.002987155989167, -15.215632366987764, 

parameters:
1.178776132928941, 0.0, 20.0, 
objectives:
-18.610486828437093, 20.674408639847144, -17.610486828437093, 

parameters:
1.0365572430163281, 0.0, 20.0, 
objectives:
-18.92554908195039, 20.928221945984298, -17.92554908195039, 

parameters:
1.3893686602843238, 0.0, 20.0, 
objectives:
-18.069654725819742, 20.37287063304296, -17.069654725819742, 

parameters:
0.81539509269759, 0.0, 20.0, 
objectives:
-19.335130842804688, 21.40328878640495, -18.335130842804688, 

parameters:
1.1016617524613923, 0.0, 20.0, 
objectives:
-18.786341383163695, 20.807011606990738, -17.786341383163695, 

parameters:
1.2666046184030753, 0.0, 20.0, 
objectives:
-18.39571274064, 20.537868785747698, -17.39571274064, 

parameters:
1.4463892245840302, 0.0, 20.0, 
objectives:
-17.90795821100721, 20.306484890656673, -16.90795821100721, 

parameters:
1.3141879264355967, 0.0, 20.0, 
objectives:
-18.272910094010907, 20.470338200246708, -17.272910094010907, 

parameters:
0.7023306922612254, 0.0, 20.0, 
objectives:
-19.50673159870787, 21.68394563224723, -18.50673159870787, 

parameters:
0.9213259228289616, 0.0, 20.0, 
objectives:
-19.151158543923362, 21.16353776476079, -18.151158543923362, 

parameters:
0.22902960141386702, 0.0, 20.0, 
objectives:
-19.947545441676205, 23.136336152668328, -18.947545441676205, 

parameters:
1.5154089448343193, 0.0, 20.0, 
objectives:
-17.703535729916133, 20.234828490746587, -16.703535729916133, 

parameters:
0.3121962234876509, 0.0, 20.0, 
objectives:
-19.902533518040048, 22.84868158800935, -18.902533518040048, 

parameters:
1.862666147136347, 0.0, 20.0, 
objectives:
-16.530474824312236, 20.018860587142374, -15.530474824312236, 

parameters:
0.9534676361256839, 0.0, 20.0, 
objectives:
-19.0908994668609, 21.095229988636365, -18.0908994668609, 

parameters:
1.7308811205441008, 0.0, 20.0, 
objectives:
-17.004050546543997, 20.0724249712796, -16.004050546543997, 

parameters:
1.7917154592058995, 0.0, 20.0, 
objectives:
-16.78975571324259, 20.04338244993381, -15.789755713242593, 

parameters:
1.7002605390049563, 0.0, 20.0, 
objectives:
-17.109114099502577, 20.089843744477598, -16.109114099502577, 

parameters:
0.7650649893737352, 0.0, 20.0, 
objectives:
-19.414675562034567, 21.525064480470494, -18.414675562034567, 

parameters:
0.48642768780453927, 0.0, 20.0, 
objectives:
-19.76338810453713, 22.290901144244714, -18.76338810453713, 

parameters:
0.11864842825260519, 0.0, 20.0, 
objectives:
-19.985922550473187, 23.53948373651639, -18.985922550473187, 

parameters:
0.6154998113667518, 0.0, 20.0, 
objectives:
-19.621159982207494, 21.9168407723255, -18.621159982207494, 

parameters:
1.571676873518426, 0.0, 20.0, 
objectives:
-17.529831805247344, 20.18346070067895, -16.529831805247344, 

parameters:
0.5223380018797962, 0.0, 20.0, 
objectives:
-19.72716301179222, 22.183484980688593, -18.72716301179222, 

parameters:
1.6384477967348083, 0.0, 20.0, 
objectives:
-17.315488817374852, 20.130719995685915, -16.315488817374852, 

parameters:
0.39673765428526286, 0.0, 20.0, 
objectives:
-19.842599233672228, 22.570450149186723, -18.842599233672228, 

parameters:
1.6269566965036075, 0.0, 20.0, 
objectives:
-17.35301190770207, 20.1391613062835, -16.35301190770207, 

parameters:
0.14279070267974814, 0.0, 20.0, 
objectives:
-19.979610815228224, 23.449226374052785, -18.979610815228224, 

parameters:
0.5935301111761503, 0.0, 20.0, 
objectives:
-19.647722007127225, 21.978157548168173, -18.64772200712723, 

parameters:
1.8212475918337068, 0.0, 20.0, 
objectives:
-16.683057209239923, 20.03195242342525, -15.683057209239923, 

parameters:
1.5503745356539165, 0.0, 20.0, 
objectives:
-17.5963387991959, 20.202163058188432, -16.5963387991959, 

parameters:
0.3857631297920613, 0.0, 20.0, 
objectives:
-19.851186807693033, 22.60576067313872, -18.851186807693033, 

parameters:
1.8519764942890402, 0.0, 20.0, 
objectives:
-16.570183064600876, 20.021910958242962, -15.570183064600876, 

parameters:
1.8564450145029396, 0.0, 20.0, 
objectives:
-16.55361190812718, 20.020608033861063, -15.55361190812718, 

