Generation 2475 at Fri May 24 19:48:22 2019
parameters:
5.3672940810694865, -9.98416013534524, 0.0, 
objectives:
18.823685617338306, 1.3545092930603566, 129.49129936090063, 

parameters:
0.051044676920685594, -100.0, 20, 
objectives:
-119.99739444095806, -76.2015731486408, 9981.002605559042, 

parameters:
-0.09310337269809921, -0.38187417318528993, 20, 
objectives:
-20.37320593517753, 23.999207555614866, -18.84550387784629, 

parameters:
1.9973066371654076, -100, 0, 
objectives:
-96.01076619713501, -99.99999274579665, 10004.989233802866, 

parameters:
1.0551861745364688, 1.5597155652894656, 0, 
objectives:
2.673133428222373, 2.452388730076498, 4.546130507539145, 

parameters:
-0.6978320055552524, -38.49887519582512, 0, 
objectives:
-38.01190568784786, -31.22057766562685, 1483.650360851696, 

parameters:
-0.4773393498795621, -48.90547092341419, 17.714219732020716, 
objectives:
-66.39183780049146, -25.054040936931784, 2375.2587193638337, 

parameters:
-1.2491896580975026, -69.69317705670062, 11.371422794206088, 
objectives:
-79.50412504900895, -47.76452082820676, 4848.327980264313, 

parameters:
1.831925759321118, -65.10067165199087, 9.372917620491272, 
objectives:
-71.11763728481787, -55.69950508111982, 4233.0804839075, 

parameters:
2.510513318121688, -96.05978449298372, 1.687082812205711, 
objectives:
-91.44419018472307, -94.11207783279839, 9233.097791146736, 

parameters:
1.462961363753704, -33.44096577363282, 12.814869568332897, 
objectives:
-44.11557939012962, -20.337685708478645, 1108.6235782567849, 

parameters:
2.0317975233948955, -76.1560378492578, 4.54316596111157, 
objectives:
-76.57100263429574, -71.61186080565219, 5800.327136112549, 

parameters:
-0.4522714434264601, -55.99112407654993, 0.7802918094491264, 
objectives:
-56.56686642746, -49.19719703485591, 3135.4302330046994, 

parameters:
-2.2833300112359756, -43.572356687202685, 17.50589227973132, 
objectives:
-55.864653026723126, -7.719548422316585, 1887.257970937296, 

parameters:
3.5725041874236583, -5.255066715506672, 13.078683214921014, 
objectives:
-5.570963761268112, 10.296385918879281, 28.29982913866464, 

parameters:
2.8411107248160583, -81.0906311071391, 1.1295532755619186, 
objectives:
-74.14827423203619, -79.25361058017658, 6583.632810229218, 

parameters:
1.4239095779773505, -86.07045998597792, 0, 
objectives:
-84.04294149972229, -85.73857981163168, 7411.151600684082, 

parameters:
3.4224568253679934, -3.0950994935747413, 20, 
objectives:
-11.381888772066777, 18.928283926461248, 2.292851596634584, 

parameters:
1.7603517061741334, -52.82217726158793, 13.592190459087096, 
objectives:
-63.31552959124484, -39.17255549776719, 2780.68905832496, 

parameters:
-1.2282613379573157, -90.98739625886681, 16.26914303300112, 
objectives:
-105.74791337754723, -64.29658195971572, 8264.945760849369, 

parameters:
-1.0025651399356326, -76.83301949076625, 6.143723120440431, 
objectives:
-81.97160575139252, -61.67389895076914, 5899.174297807839, 

parameters:
3.645790155114267, -26.102978410619663, 14.176528512470254, 
objectives:
-26.987721067961807, -9.217824663478366, 681.480739247934, 

parameters:
1.5742257983770993, -62.079633273371364, 20, 
objectives:
-79.60144640909535, -41.898349602603744, 3837.359054220553, 

parameters:
3.112793550735387, -89.64863250634002, 20.0, 
objectives:
-99.9591488168402, -68.41032301978176, 8027.566793946305, 

parameters:
-0.9993701641310033, -18.824549906650578, 0, 
objectives:
-17.825809181695348, -9.828328525171337, 356.3624199129335, 

parameters:
2.3097117658410884, -98.40157468285227, 1.600854469463735, 
objectives:
-94.66766071105125, -96.70479883548812, 9687.603814036755, 

parameters:
1.0442330335460293, -39.63543772860141, 5.321169703182014, 
objectives:
-43.866184803434685, -33.40077753125477, 1567.7371768630069, 

parameters:
1.989137537005535, -93.80894498105461, 18.711935078197225, 
objectives:
-108.56421191812738, -75.09689190975507, 8786.362891521458, 

parameters:
2.1955930288512624, -16.98749129591034, 12.026244045974158, 
objectives:
-24.193106593544236, -4.922990617000968, 282.3692452309956, 

parameters:
0.07715100449701362, -28.793943773144974, 17.354418794624674, 
objectives:
-46.14241029027475, -7.742176719013457, 812.7427314939046, 

parameters:
0.22647672304263516, -99.70054790684058, 11.734663417800656, 
objectives:
-111.38391961856111, -84.82049967513034, 9929.515881212494, 

parameters:
2.2649336436638654, -53.0188908707961, 9.935593297075728, 
objectives:
-57.82455975767135, -43.01310773817536, 2807.1971202825107, 

parameters:
3.810431193499627, -84.09819900342275, 5.7560622525779825, 
objectives:
-75.33487537560573, -75.0644756444483, 7082.270399247112, 

parameters:
2.577386635229347, -87.71575844084391, 6.785447266181339, 
objectives:
-87.8582838395664, -80.5969358481211, 7694.911753453757, 

parameters:
1.888626480628065, -3.9620730045546058, 16.310382464974076, 
objectives:
-16.70554548619913, 12.360713521236761, 3.9545500117758365, 

parameters:
-1.5319635582694973, -88.35546582323418, 18.04729208685715, 
objectives:
-104.0558455662256, -57.83340715943329, 7791.987961097712, 

parameters:
1.1016215953321242, -100, 19.368231209807384, 
objectives:
-118.15466107050528, -79.82468503221901, 9982.845338929494, 

parameters:
1.6448687932670758, -88.70338899746433, 3.592415272961875, 
objectives:
-89.59021092336232, -84.98485555050688, 7868.404397709578, 

parameters:
-1.1162158498858283, -9.932015198293266, 11.178998845553442, 
objectives:
-19.865076220310364, 10.957784870339832, 89.71186487711132, 

