Generation 2495 at Fri May 24 19:48:22 2019
parameters:
0.051044676920685594, -100.0, 20, 
objectives:
-119.99739444095806, -76.2015731486408, 9981.002605559042, 

parameters:
1.0551861745364688, 1.5597155652894656, 0, 
objectives:
2.673133428222373, 2.452388730076498, 4.546130507539145, 

parameters:
-1.6929868837681306, -7.634080425669058, 20.0, 
objectives:
-24.767875837058135, 26.00407169801439, 42.145388534194396, 

parameters:
-0.09310337269809921, -0.38187417318528993, 20, 
objectives:
-20.37320593517753, 23.999207555614866, -18.84550387784629, 

parameters:
1.9973066371654076, -100, 0, 
objectives:
-96.01076619713501, -99.99999274579665, 10004.989233802866, 

parameters:
2.8411107248160583, -81.0906311071391, 1.1295532755619186, 
objectives:
-74.14827423203619, -79.25361058017658, 6583.632810229218, 

parameters:
4.261423969662006, -32.42035122814324, 0, 
objectives:
-14.260616978933346, -27.30631285758137, 1070.2389080053786, 

parameters:
-0.6763185991020807, -46.59081920556832, 3.9302093046360516, 
objectives:
-50.063621662712976, -35.497928657032546, 2168.231631788809, 

parameters:
0.7240814306393801, -68.52406494312946, 18.92206928053974, 
objectives:
-86.92184030547243, -47.97402746695046, 4678.1497009678815, 

parameters:
-1.4324133021832894, -94.34071687760672, 19.991348309118052, 
objectives:
-112.28025731845314, -62.56790749148388, 8883.231320539902, 

parameters:
-2.5543214821429476, -25.492192149190966, 20.0, 
objectives:
-38.96763391505402, 15.249652013517768, 637.3764188054105, 

parameters:
0.26578209155527077, -13.034677101453099, 19.65613425917635, 
objectives:
-32.620171240437955, 9.628968911693665, 151.31731300016088, 

parameters:
-0.5394566716876945, -91.2781697738665, 17.535541831050846, 
objectives:
-108.52269810428898, -67.2937877554365, 8315.459748936373, 

parameters:
1.4239095779773505, -86.07045998597792, 0, 
objectives:
-84.04294149972229, -85.73857981163168, 7411.151600684082, 

parameters:
2.510513318121688, -96.05978449298372, 1.687082812205711, 
objectives:
-91.44419018472307, -94.11207783279839, 9233.097791146736, 

parameters:
-1.4708687165913192, -62.97086233997851, 6.365883938922255, 
objectives:
-67.17329149745377, -44.55804875324399, 3962.1270746830482, 

parameters:
1.0603892282693614, -3.036153473133453, 0, 
objectives:
-1.911728157703761, -2.153285070781207, 11.34265322785002, 

parameters:
-0.5546749908752995, -51.725472230388746, 3.9375467287261863, 
objectives:
-55.35535461361242, -41.261561192658846, 2672.8945950734933, 

parameters:
-1.3337953306252728, -70.00733070799122, 0.23349521936027123, 
objectives:
-68.4618159433537, -58.65964418213207, 4903.571867622687, 

parameters:
0.2725859008824587, -96.80836501371263, 7.663637465123248, 
objectives:
-104.39769940547598, -86.16076807875932, 9365.270202236457, 

parameters:
-3.1635507023836826, -61.24686301774867, 10.96732843262204, 
objectives:
-62.20613840381842, -23.61727872903961, 3751.2189541288003, 

parameters:
0.0432910901239103, -74.12197756464091, 7.558125428688979, 
objectives:
-81.67822887484579, -62.735142377963456, 5487.511306782926, 

parameters:
-1.50410450857899, -55.02270947567072, 4.567347465059696, 
objectives:
-57.327726568002774, -38.17661360356742, 3026.1935409517328, 

parameters:
-1.5699955700181238, -30.976544442177286, 14.54152577258046, 
objectives:
-43.05318412488121, -3.6901502996477973, 948.4696658954806, 

parameters:
-1.418659630413726, -30.018423602204024, 6.5507577500147045, 
objectives:
-34.55658620525312, -11.780432183568806, 897.5675929583106, 

parameters:
1.8651102023462085, -88.82499539831272, 19.945396476114038, 
objectives:
-105.29175580753085, -68.8614036646876, 7874.4130471010585, 

parameters:
0.028651880621432202, -58.52139207491693, 2.101140837509898, 
objectives:
-60.62171198216368, -52.53403782962962, 3423.6530104789035, 

parameters:
0.7112702108590272, -78.83163899550776, 2.8570449759375354, 
objectives:
-81.18277865858985, -74.31376955015088, 6213.076167054977, 

parameters:
1.4155640685325899, -25.580547765500647, 5.820366110406372, 
objectives:
-29.39709224378648, -19.418616297104094, 651.5478795047744, 

parameters:
3.797891834563003, -95.35077261755738, 3.6714573169791396, 
objectives:
-84.59824754749619, -88.44690025178991, 9103.522363835193, 

parameters:
0.05735732117587089, -37.35055750587075, 2.072665134459639, 
objectives:
-39.419932778037925, -31.504031793822122, 1393.9947707271908, 

parameters:
-0.8227031614295888, -39.835531592516745, 3.704872845118666, 
objectives:
-42.86356394580917, -28.163005609853485, 1584.8415449051072, 

parameters:
-0.756105560080619, -37.71303119423099, 13.03782055393855, 
objectives:
-50.179156130184715, -17.07909278198514, 1410.8065969210863, 

parameters:
2.029608685004729, -71.98365336212608, 0, 
objectives:
-67.86434194787945, -71.98277668789837, 5186.765662772972, 

parameters:
2.205270289560719, -57.11473679356817, 3.744135034236887, 
objectives:
-55.995654777785845, -53.32846586755494, 3264.212241014352, 

parameters:
-0.9711198312013973, -37.98506397355137, 19.174067854069943, 
objectives:
-56.21605810106868, -9.983443068123208, 1425.6340909472729, 

parameters:
-0.5347722710821105, -78.15071097071385, 3.367793301908155, 
objectives:
-81.23252289070368, -68.35784720255893, 6105.451813308064, 

parameters:
-1.5956234022020603, -39.44619779498434, 4.454800265173414, 
objectives:
-41.354984018502876, -22.06288987934781, 1555.0937342575091, 

parameters:
2.0255336195663585, -78.70013612867629, 8.85303826611839, 
objectives:
-83.45038795080109, -69.84644589682975, 6189.961174850055, 

