Generation 2499 at Fri May 24 19:48:22 2019
parameters:
0.051044676920685594, -100.0, 20, 
objectives:
-119.99739444095806, -76.2015731486408, 9981.002605559042, 

parameters:
1.0551861745364688, 1.5597155652894656, 0, 
objectives:
2.673133428222373, 2.452388730076498, 4.546130507539145, 

parameters:
-1.6929868837681306, -7.634080425669058, 20.0, 
objectives:
-24.767875837058135, 26.00407169801439, 42.145388534194396, 

parameters:
-0.09310337269809921, -0.38187417318528993, 20, 
objectives:
-20.37320593517753, 23.999207555614866, -18.84550387784629, 

parameters:
1.9973066371654076, -100, 0, 
objectives:
-96.01076619713501, -99.99999274579665, 10004.989233802866, 

parameters:
-2.5543214821429476, -25.492192149190966, 20.0, 
objectives:
-38.96763391505402, 15.249652013517768, 637.3764188054105, 

parameters:
2.510513318121688, -96.05978449298372, 1.687082812205711, 
objectives:
-91.44419018472307, -94.11207783279839, 9233.097791146736, 

parameters:
-1.4324133021832894, -94.34071687760672, 19.991348309118052, 
objectives:
-112.28025731845314, -62.56790749148388, 8883.231320539902, 

parameters:
-0.5394566716876945, -91.2781697738665, 17.535541831050846, 
objectives:
-108.52269810428898, -67.2937877554365, 8315.459748936373, 

parameters:
3.7112007211760583, -11.622429720452272, 17.23534569389249, 
objectives:
-15.084764621487068, 8.54112388159368, 132.6185377058175, 

parameters:
0.2725859008824587, -96.80836501371263, 7.663637465123248, 
objectives:
-104.39769940547598, -86.16076807875932, 9365.270202236457, 

parameters:
-1.291037803240989, -85.39692636211635, 16.390879596323458, 
objectives:
-100.12102734904249, -58.17511694343162, 7278.910931109796, 

parameters:
0.0432910901239103, -74.12197756464091, 7.558125428688979, 
objectives:
-81.67822887484579, -62.735142377963456, 5487.511306782926, 

parameters:
0.7112702108590272, -78.83163899550776, 2.8570449759375354, 
objectives:
-81.18277865858985, -74.31376955015088, 6213.076167054977, 

parameters:
0.5749050749833944, -31.31700009347349, 1.4800424629472535, 
objectives:
-32.46652671117908, -27.80606208521815, 980.6049682369129, 

parameters:
0.7240814306393801, -68.52406494312946, 18.92206928053974, 
objectives:
-86.92184030547243, -47.97402746695046, 4678.1497009678815, 

parameters:
-3.1635507023836826, -61.24686301774867, 10.96732843262204, 
objectives:
-62.20613840381842, -23.61727872903961, 3751.2189541288003, 

parameters:
1.8651102023462085, -88.82499539831272, 19.945396476114038, 
objectives:
-105.29175580753085, -68.8614036646876, 7874.4130471010585, 

parameters:
1.2457904683984786, -81.90416083984472, 0, 
objectives:
-80.35216694869221, -81.33532882228613, 6710.843556770305, 

parameters:
4.114609433303148, -41.61505645522462, 20, 
objectives:
-44.68504566659737, -17.14348339980996, 1729.7429345601593, 

parameters:
2.043574836276756, -2.2523804641340632, 6.3370644490131305, 
objectives:
-4.413246801683624, 4.086582751235613, 3.912351417663217, 

parameters:
2.8411107248160583, -81.0906311071391, 1.1295532755619186, 
objectives:
-74.14827423203619, -79.25361058017658, 6583.632810229218, 

parameters:
-0.5546749908752995, -51.725472230388746, 3.9375467287261863, 
objectives:
-55.35535461361242, -41.261561192658846, 2672.8945950734933, 

parameters:
-1.208444370535679, -45.19649988864721, 2.466624218438018, 
objectives:
-46.202786310405855, -32.4357603913871, 2042.7173157627287, 

parameters:
1.8102221728302514, -49.53136783316768, 10.983760050662069, 
objectives:
-57.23822356882347, -38.511592158820335, 2446.649543688902, 

parameters:
3.740078352739347, -37.50988470739021, 19.1105058182069, 
objectives:
-42.63220444096764, -15.371506215511236, 1402.8691310281285, 

parameters:
-0.33262265890982956, -65.26774790190959, 0.4095302281476692, 
objectives:
-65.56664029683702, -59.41708920490236, 4260.580023792297, 

parameters:
-1.8512619957080618, -71.14236533755628, 2.711332272909839, 
objectives:
-70.42652663371314, -53.59881410506121, 5062.951984526173, 

parameters:
0.6851833364722733, -30.95996530679715, 20, 
objectives:
-50.49048910221788, -9.23122244810697, 939.9889280026624, 

parameters:
-0.15476655001105044, -21.39267584921481, 13.599659599627694, 
objectives:
-34.96838276384018, -3.149997364540594, 445.0708730749533, 

parameters:
2.570627602277982, -55.83576678098556, 6.7198126666775755, 
objectives:
-55.947453178069686, -48.79033825382646, 3118.521165623526, 

parameters:
0.028651880621432202, -58.52139207491693, 2.101140837509898, 
objectives:
-60.62171198216368, -52.53403782962962, 3423.6530104789035, 

parameters:
-2.016335174559555, -16.795083125984306, 2.430486944210291, 
objectives:
-15.159962534028484, 1.7663520526303178, 284.7099378006786, 

parameters:
1.4239095779773505, -86.07045998597792, 0, 
objectives:
-84.04294149972229, -85.73857981163168, 7411.151600684082, 

parameters:
-0.020904684041352817, -34.56424290502473, 19.876106231881757, 
objectives:
-54.43991213109162, -10.604080931162692, 1175.8112183714852, 

parameters:
-3.3966061649277663, -60.50426212441964, 19.282139843012263, 
objectives:
-68.2494685278066, -12.098764182071008, 3654.020528817094, 

parameters:
1.0603892282693614, -3.036153473133453, 0, 
objectives:
-1.911728157703761, -2.153285070781207, 11.34265322785002, 

parameters:
3.420859704413074, -64.18614208716839, 8.318496259695591, 
objectives:
-60.80235722958688, -53.84880352784799, 4124.244620891752, 

parameters:
2.2578181113657436, -86.80006329830432, 6.1837599703130115, 
objectives:
-87.88608064460615, -80.54983314944312, 7534.1649712433355, 

parameters:
-0.6434411624574632, -47.659950796371156, 8.286904566595297, 
objectives:
-55.53283883342184, -32.385265050401394, 2264.5980218754694, 

parameters:
-1.418659630413726, -30.018423602204024, 6.5507577500147045, 
objectives:
-34.55658620525312, -11.780432183568806, 897.5675929583106, 

parameters:
0.6054371474131317, -81.58831558748871, 0, 
objectives:
-81.22176144802096, -79.64351003767348, 6658.01979454312, 

