Generation 25 at Sat May 25 04:36:25 2019
parameters:
0, 0, 20.0, 
objectives:
-20.0, 24.0, -19.0, 

parameters:
0, 0.0, 20.0, 
objectives:
-20.0, 24.0, -19.0, 

parameters:
2.005378329630566, 0.0, 20.0, 
objectives:
-15.978457755048122, 20.000028926429614, -14.978457755048122, 

parameters:
1.876075564565118, 0.0, 20.0, 
objectives:
-16.480340476041675, 20.015357265697855, -15.480340476041674, 

parameters:
1.4893530150996803, 0.0, 20.0, 
objectives:
-17.781827596413493, 20.260760343187787, -16.781827596413493, 

parameters:
0.9075809398424147, 0.010176824206344727, 20.0, 
objectives:
-19.166120013428415, 21.203556227201926, -18.166120013428415, 

parameters:
1.5935732277687369, 0.0, 20.0, 
objectives:
-17.460524367738728, 20.165182721186323, -16.460524367738728, 

parameters:
0.7807837143801601, 0, 20.0, 
objectives:
-19.39037679135872, 21.486488351120638, -18.39037679135872, 

parameters:
1.1612848386473533, 0.0, 20.0, 
objectives:
-18.65141752352779, 20.703443121882795, -17.65141752352779, 

parameters:
1.432200891018618, 0.0, 20.0, 
objectives:
-17.948800607765477, 20.32239582816005, -16.948800607765477, 

parameters:
1.7039199683177322, 0.014728810431583639, 20.0, 
objectives:
-17.081927931136516, 20.102392195592557, -16.081927931136516, 

parameters:
0.2199363816172286, 0.0, 20.0, 
objectives:
-19.95162798804112, 23.168626485489966, -18.95162798804112, 

parameters:
1.262359570842248, 0.0, 20.0, 
objectives:
-18.406448313902974, 20.544113402728033, -17.406448313902978, 

parameters:
0.48036871863914254, 0.0, 20.0, 
objectives:
-19.769245894152988, 22.309279231290443, -18.769245894152988, 

parameters:
1.0801440543361183, 0.0, 20.0, 
objectives:
-18.833288821882334, 20.846134960773195, -17.833288821882334, 

parameters:
1.8022781944604318, 0.0, 20.0, 
objectives:
-16.751793309772445, 20.039093912385827, -15.751793309772445, 

parameters:
1.7752192206559392, 0.0219869092037415, 20.0, 
objectives:
-16.826609809409977, 20.072513307966265, -15.826609809409979, 

parameters:
0.3233282389494405, 0.00015498397795824125, 20.0, 
objectives:
-19.895303865919896, 22.81138317828234, -18.895303865919896, 

parameters:
1.218201056702471, 0.02103933859502717, 20.0, 
objectives:
-18.494946846853956, 20.63224892633616, -17.494946846853956, 

parameters:
0.9455453929472001, 0.010568461120468779, 20.0, 
objectives:
-19.095375448755856, 21.122442979455343, -18.095375448755856, 

parameters:
0.6918032044796725, 0.0, 20.0, 
objectives:
-19.521408326271658, 21.711378855809652, -18.521408326271658, 

parameters:
1.669027026310296, 0.0, 20.0, 
objectives:
-17.21434878544581, 20.109543109313005, -16.21434878544581, 

parameters:
1.3407763870691325, 0.0, 20.0, 
objectives:
-18.202318679877845, 20.434575771845626, -17.202318679877845, 

parameters:
0.5881571544087137, 0.0, 20.0, 
objectives:
-19.654071161717845, 21.9933002206473, -18.654071161717845, 

parameters:
1.0179455317185169, 0.0, 20.0, 
objectives:
-18.963786894454305, 20.964430978671626, -17.963786894454305, 

parameters:
0.6006317541909693, 0.0, 20.0, 
objectives:
-19.63924149585748, 21.958231487378644, -18.63924149585748, 

parameters:
1.6196333461460548, 0.0, 20.0, 
objectives:
-17.376787824051732, 20.144678791364047, -16.376787824051732, 

parameters:
0.0893543952443763, 0.0, 20.0, 
objectives:
-19.992015792050513, 23.650566626971983, -18.992015792050513, 

parameters:
1.3641820964244793, 0.0, 20.0, 
objectives:
-18.13900720779491, 20.40426440650717, -17.13900720779491, 

parameters:
0.4346399653340889, 0.0, 20.0, 
objectives:
-19.81108810053438, 22.450352038129264, -18.81108810053438, 

parameters:
0.145486917203356, 0.0, 20.0, 
objectives:
-19.978833556922662, 23.439218774263914, -18.978833556922662, 

parameters:
1.0401594622856711, 0.0007722154911178739, 20.0, 
objectives:
-18.917296077526466, 20.92206607333085, -17.917296077526466, 

parameters:
0.7472098548699294, 0.0009843306889720574, 20.0, 
objectives:
-19.440693102096287, 21.570467478423996, -18.440693102096287, 

parameters:
0.3771376768177678, 0.0, 20.0, 
objectives:
-19.857767172724497, 22.63368212000443, -18.857767172724497, 

parameters:
0.7197543876770219, 0, 20.0, 
objectives:
-19.481953621419674, 21.639028827872238, -18.481953621419674, 

parameters:
0.36784625975166446, 0.0, 20.0, 
objectives:
-19.86468912918671, 22.66392583180663, -18.86468912918671, 

parameters:
0.12904076875763637, 0, 20.0, 
objectives:
-19.983348479998437, 23.500488444971015, -18.983348479998437, 

parameters:
1.3550794137858897, 0.0, 20.0, 
objectives:
-18.16375978233369, 20.415922562522752, -17.16375978233369, 

