Generation 2500 at Fri May 24 19:48:22 2019
parameters:
0.051044676920685594, -100.0, 20, 
objectives:
-119.99739444095806, -76.2015731486408, 9981.002605559042, 

parameters:
1.0551861745364688, 1.5597155652894656, 0, 
objectives:
2.673133428222373, 2.452388730076498, 4.546130507539145, 

parameters:
-2.6266896132442463, -13.458881331606264, 20.0, 
objectives:
-26.559383007281056, 27.94737544569593, 169.0409850225848, 

parameters:
-0.09310337269809921, -0.38187417318528993, 20, 
objectives:
-20.37320593517753, 23.999207555614866, -18.84550387784629, 

parameters:
1.9973066371654076, -100, 0, 
objectives:
-96.01076619713501, -99.99999274579665, 10004.989233802866, 

parameters:
-3.1635507023836826, -61.24686301774867, 10.96732843262204, 
objectives:
-62.20613840381842, -23.61727872903961, 3751.2189541288003, 

parameters:
3.48069873424029, -70.60123372220986, 12.006922621412508, 
objectives:
-70.4928926650804, -56.40184235921655, 4985.642544155231, 

parameters:
3.7112007211760583, -11.622429720452272, 17.23534569389249, 
objectives:
-15.084764621487068, 8.54112388159368, 132.6185377058175, 

parameters:
0.7240814306393801, -68.52406494312946, 18.92206928053974, 
objectives:
-86.92184030547243, -47.97402746695046, 4678.1497009678815, 

parameters:
-1.4324133021832894, -94.34071687760672, 19.991348309118052, 
objectives:
-112.28025731845314, -62.56790749148388, 8883.231320539902, 

parameters:
-2.5543214821429476, -25.492192149190966, 20.0, 
objectives:
-38.96763391505402, 15.249652013517768, 637.3764188054105, 

parameters:
2.510513318121688, -96.05978449298372, 1.687082812205711, 
objectives:
-91.44419018472307, -94.11207783279839, 9233.097791146736, 

parameters:
-1.208444370535679, -45.19649988864721, 2.466624218438018, 
objectives:
-46.202786310405855, -32.4357603913871, 2042.7173157627287, 

parameters:
0.6851833364722733, -30.95996530679715, 20, 
objectives:
-50.49048910221788, -9.23122244810697, 939.9889280026624, 

parameters:
2.043574836276756, -2.2523804641340632, 6.3370644490131305, 
objectives:
-4.413246801683624, 4.086582751235613, 3.912351417663217, 

parameters:
-0.33262265890982956, -65.26774790190959, 0.4095302281476692, 
objectives:
-65.56664029683702, -59.41708920490236, 4260.580023792297, 

parameters:
1.8651102023462085, -88.82499539831272, 19.945396476114038, 
objectives:
-105.29175580753085, -68.8614036646876, 7874.4130471010585, 

parameters:
-0.15476655001105044, -21.39267584921481, 13.599659599627694, 
objectives:
-34.96838276384018, -3.149997364540594, 445.0708730749533, 

parameters:
1.8102221728302514, -49.53136783316768, 10.983760050662069, 
objectives:
-57.23822356882347, -38.511592158820335, 2446.649543688902, 

parameters:
-0.5394566716876945, -91.2781697738665, 17.535541831050846, 
objectives:
-108.52269810428898, -67.2937877554365, 8315.459748936373, 

parameters:
3.82657499864822, -53.6752473741163, 3.51881346819006, 
objectives:
-42.55138462202674, -46.8200576802395, 2893.1560434246685, 

parameters:
0.2725859008824587, -96.80836501371263, 7.663637465123248, 
objectives:
-104.39769940547598, -86.16076807875932, 9365.270202236457, 

parameters:
2.8411107248160583, -81.0906311071391, 1.1295532755619186, 
objectives:
-74.14827423203619, -79.25361058017658, 6583.632810229218, 

parameters:
0.5749050749833944, -31.31700009347349, 1.4800424629472535, 
objectives:
-32.46652671117908, -27.80606208521815, 980.6049682369129, 

parameters:
-1.291037803240989, -85.39692636211635, 16.390879596323458, 
objectives:
-100.12102734904249, -58.17511694343162, 7278.910931109796, 

parameters:
3.740078352739347, -37.50988470739021, 19.1105058182069, 
objectives:
-42.63220444096764, -15.371506215511236, 1402.8691310281285, 

parameters:
2.404364283316055, -74.60251800282104, 9.966189658649094, 
objectives:
-78.78774005458422, -64.47281787055023, 5562.350470309474, 

parameters:
4.114609433303148, -41.61505645522462, 20, 
objectives:
-44.68504566659737, -17.14348339980996, 1729.7429345601593, 

parameters:
-0.5546749908752995, -51.725472230388746, 3.9375467287261863, 
objectives:
-55.35535461361242, -41.261561192658846, 2672.8945950734933, 

parameters:
-1.871961783531875, -78.77428668387456, 20, 
objectives:
-95.27004576487073, -43.782198630743224, 6189.892483472261, 

parameters:
0.0432910901239103, -74.12197756464091, 7.558125428688979, 
objectives:
-81.67822887484579, -62.735142377963456, 5487.511306782926, 

parameters:
-0.5294331079696923, -83.29270458660268, 10.409142167820427, 
objectives:
-93.42154733860866, -66.48553057108904, 6928.545794599057, 

parameters:
1.2457904683984786, -81.90416083984472, 0, 
objectives:
-80.35216694869221, -81.33532882228613, 6710.843556770305, 

parameters:
0.7112702108590272, -78.83163899550776, 2.8570449759375354, 
objectives:
-81.18277865858985, -74.31376955015088, 6213.076167054977, 

parameters:
3.3586787297434544, -100, 11.308960785323727, 
objectives:
-100.02823797569263, -86.84503132401898, 10000.971762024308, 

parameters:
-1.6929868837681306, -7.634080425669058, 20.0, 
objectives:
-24.767875837058135, 26.00407169801439, 42.145388534194396, 

parameters:
-0.45179422566877725, -26.606967714283165, 3.7037761477377202, 
objectives:
-30.106625839673235, -16.891896641522685, 705.4310728235166, 

