Generation 2503 at Fri May 24 19:48:22 2019
parameters:
0.051044676920685594, -100.0, 20, 
objectives:
-119.99739444095806, -76.2015731486408, 9981.002605559042, 

parameters:
1.0551861745364688, 1.5597155652894656, 0, 
objectives:
2.673133428222373, 2.452388730076498, 4.546130507539145, 

parameters:
-2.6266896132442463, -13.458881331606264, 20.0, 
objectives:
-26.559383007281056, 27.94737544569593, 169.0409850225848, 

parameters:
-0.09310337269809921, -0.38187417318528993, 20, 
objectives:
-20.37320593517753, 23.999207555614866, -18.84550387784629, 

parameters:
1.9973066371654076, -100, 0, 
objectives:
-96.01076619713501, -99.99999274579665, 10004.989233802866, 

parameters:
-3.1635507023836826, -61.24686301774867, 10.96732843262204, 
objectives:
-62.20613840381842, -23.61727872903961, 3751.2189541288003, 

parameters:
3.48069873424029, -70.60123372220986, 12.006922621412508, 
objectives:
-70.4928926650804, -56.40184235921655, 4985.642544155231, 

parameters:
-1.4324133021832894, -94.34071687760672, 19.991348309118052, 
objectives:
-112.28025731845314, -62.56790749148388, 8883.231320539902, 

parameters:
2.404364283316055, -74.60251800282104, 9.966189658649094, 
objectives:
-78.78774005458422, -64.47281787055023, 5562.350470309474, 

parameters:
0.2725859008824587, -96.80836501371263, 7.663637465123248, 
objectives:
-104.39769940547598, -86.16076807875932, 9365.270202236457, 

parameters:
2.510513318121688, -96.05978449298372, 1.687082812205711, 
objectives:
-91.44419018472307, -94.11207783279839, 9233.097791146736, 

parameters:
3.7112007211760583, -11.622429720452272, 17.23534569389249, 
objectives:
-15.084764621487068, 8.54112388159368, 132.6185377058175, 

parameters:
4.657433812043458, -57.81914561436386, 0.0, 
objectives:
-36.127455900798196, -50.75719114897203, 3365.7452892885776, 

parameters:
2.043574836276756, -2.2523804641340632, 6.3370644490131305, 
objectives:
-4.413246801683624, 4.086582751235613, 3.912351417663217, 

parameters:
2.8411107248160583, -81.0906311071391, 1.1295532755619186, 
objectives:
-74.14827423203619, -79.25361058017658, 6583.632810229218, 

parameters:
-0.5394566716876945, -91.2781697738665, 17.535541831050846, 
objectives:
-108.52269810428898, -67.2937877554365, 8315.459748936373, 

parameters:
1.8102221728302514, -49.53136783316768, 10.983760050662069, 
objectives:
-57.23822356882347, -38.511592158820335, 2446.649543688902, 

parameters:
-1.208444370535679, -45.19649988864721, 2.466624218438018, 
objectives:
-46.202786310405855, -32.4357603913871, 2042.7173157627287, 

parameters:
-2.5543214821429476, -25.492192149190966, 20.0, 
objectives:
-38.96763391505402, 15.249652013517768, 637.3764188054105, 

parameters:
-1.871961783531875, -78.77428668387456, 20, 
objectives:
-95.27004576487073, -43.782198630743224, 6189.892483472261, 

parameters:
4.114609433303148, -41.61505645522462, 20, 
objectives:
-44.68504566659737, -17.14348339980996, 1729.7429345601593, 

parameters:
-0.5546749908752995, -51.725472230388746, 3.9375467287261863, 
objectives:
-55.35535461361242, -41.261561192658846, 2672.8945950734933, 

parameters:
0.6851833364722733, -30.95996530679715, 20, 
objectives:
-50.49048910221788, -9.23122244810697, 939.9889280026624, 

parameters:
-0.33262265890982956, -65.26774790190959, 0.4095302281476692, 
objectives:
-65.56664029683702, -59.41708920490236, 4260.580023792297, 

parameters:
-0.15476655001105044, -21.39267584921481, 13.599659599627694, 
objectives:
-34.96838276384018, -3.149997364540594, 445.0708730749533, 

parameters:
1.8651102023462085, -88.82499539831272, 19.945396476114038, 
objectives:
-105.29175580753085, -68.8614036646876, 7874.4130471010585, 

parameters:
1.7604400723496392, -35.933433827447594, 6.895905955916688, 
objectives:
-39.73019053502988, -28.98013891259506, 1288.4149099239728, 

parameters:
0.5749050749833944, -31.31700009347349, 1.4800424629472535, 
objectives:
-32.46652671117908, -27.80606208521815, 980.6049682369129, 

parameters:
-0.2055414077273412, -86.02238997544012, 0, 
objectives:
-85.98014270514959, -81.15797707424022, 7400.893824356991, 

parameters:
0.7240814306393801, -68.52406494312946, 18.92206928053974, 
objectives:
-86.92184030547243, -47.97402746695046, 4678.1497009678815, 

parameters:
-2.1059390330228904, -84.09046708463482, 20, 
objectives:
-99.65548787382544, -47.23173174173388, 7056.641633722862, 

parameters:
-1.898715118543111, -42.59374644079809, 13.724504641379482, 
objectives:
-52.71313198079339, -13.669262223861985, 1805.1078503230049, 

parameters:
0.7750565776028191, -65.58936292595119, 17.189568356874005, 
objectives:
-82.1782185843398, -46.899308181003065, 4286.375673373752, 

parameters:
-1.5658898897403923, -5.335792365091636, 14.841768466027796, 
objectives:
-17.725549684328254, 22.22154680668891, 17.080922844133575, 

parameters:
1.6369041924676995, -87.10493417491043, 12.200186650097478, 
objectives:
-96.62566548968957, -74.77290895936541, 7578.748826300699, 

parameters:
1.3959269552592455, -100, 0, 
objectives:
-98.05138793558065, -99.63509575661763, 10002.94861206442, 

