Generation 2505 at Fri May 24 19:48:22 2019
parameters:
0.051044676920685594, -100.0, 20, 
objectives:
-119.99739444095806, -76.2015731486408, 9981.002605559042, 

parameters:
1.0551861745364688, 1.5597155652894656, 0, 
objectives:
2.673133428222373, 2.452388730076498, 4.546130507539145, 

parameters:
-2.6266896132442463, -13.458881331606264, 20.0, 
objectives:
-26.559383007281056, 27.94737544569593, 169.0409850225848, 

parameters:
-0.09310337269809921, -0.38187417318528993, 20, 
objectives:
-20.37320593517753, 23.999207555614866, -18.84550387784629, 

parameters:
1.9973066371654076, -100, 0, 
objectives:
-96.01076619713501, -99.99999274579665, 10004.989233802866, 

parameters:
2.404364283316055, -74.60251800282104, 9.966189658649094, 
objectives:
-78.78774005458422, -64.47281787055023, 5562.350470309474, 

parameters:
0.2725859008824587, -96.80836501371263, 7.663637465123248, 
objectives:
-104.39769940547598, -86.16076807875932, 9365.270202236457, 

parameters:
2.510513318121688, -96.05978449298372, 1.687082812205711, 
objectives:
-91.44419018472307, -94.11207783279839, 9233.097791146736, 

parameters:
-0.2055414077273412, -86.02238997544012, 0, 
objectives:
-85.98014270514959, -81.15797707424022, 7400.893824356991, 

parameters:
3.48069873424029, -70.60123372220986, 12.006922621412508, 
objectives:
-70.4928926650804, -56.40184235921655, 4985.642544155231, 

parameters:
4.657433812043458, -57.81914561436386, 0.0, 
objectives:
-36.127455900798196, -50.75719114897203, 3365.7452892885776, 

parameters:
2.8411107248160583, -81.0906311071391, 1.1295532755619186, 
objectives:
-74.14827423203619, -79.25361058017658, 6583.632810229218, 

parameters:
1.4658582106443534, -10.948048486529771, 0, 
objectives:
-8.799308192816305, -10.662741035393719, 123.00850595712028, 

parameters:
1.8651102023462085, -88.82499539831272, 19.945396476114038, 
objectives:
-105.29175580753085, -68.8614036646876, 7874.4130471010585, 

parameters:
-0.5394566716876945, -91.2781697738665, 17.535541831050846, 
objectives:
-108.52269810428898, -67.2937877554365, 8315.459748936373, 

parameters:
-1.871961783531875, -78.77428668387456, 20, 
objectives:
-95.27004576487073, -43.782198630743224, 6189.892483472261, 

parameters:
-0.5546749908752995, -51.725472230388746, 3.9375467287261863, 
objectives:
-55.35535461361242, -41.261561192658846, 2672.8945950734933, 

parameters:
-3.1635507023836826, -61.24686301774867, 10.96732843262204, 
objectives:
-62.20613840381842, -23.61727872903961, 3751.2189541288003, 

parameters:
-1.4324133021832894, -94.34071687760672, 19.991348309118052, 
objectives:
-112.28025731845314, -62.56790749148388, 8883.231320539902, 

parameters:
-2.5543214821429476, -25.492192149190966, 20.0, 
objectives:
-38.96763391505402, 15.249652013517768, 637.3764188054105, 

parameters:
1.8102221728302514, -49.53136783316768, 10.983760050662069, 
objectives:
-57.23822356882347, -38.511592158820335, 2446.649543688902, 

parameters:
3.4068496926723597, -40.995914376345176, 16.3616554846354, 
objectives:
-45.75094503251882, -22.65503283393746, 1676.9099648964516, 

parameters:
-0.33262265890982956, -65.26774790190959, 0.4095302281476692, 
objectives:
-65.56664029683702, -59.41708920490236, 4260.580023792297, 

parameters:
3.7877750383622377, -26.331427589733238, 18.005697808509957, 
objectives:
-29.989885657003143, -5.129590193432179, 690.6856208460949, 

parameters:
0.6638780878679076, -6.065233739071569, 10.969995014512032, 
objectives:
-16.59449463803245, 6.689983039519981, 27.257799410611213, 

parameters:
1.4490596279470656, -99.2598023465455, 19.992625474933636, 
objectives:
-117.15265401613304, -78.96364157805404, 9835.615510205693, 

parameters:
0.7240814306393801, -68.52406494312946, 18.92206928053974, 
objectives:
-86.92184030547243, -47.97402746695046, 4678.1497009678815, 

parameters:
2.043574836276756, -2.2523804641340632, 6.3370644490131305, 
objectives:
-4.413246801683624, 4.086582751235613, 3.912351417663217, 

parameters:
-1.971207720988343, -44.332342909694546, 2.9639146665937934, 
objectives:
-43.410597697004285, -25.597937479863322, 1967.2783730754345, 

parameters:
-1.077671370923814, -2.2612284804943874, 13.309754942570208, 
objectives:
-14.409607839355782, 20.52058752947989, -6.035225117862439, 

parameters:
1.7604400723496392, -35.933433827447594, 6.895905955916688, 
objectives:
-39.73019053502988, -28.98013891259506, 1288.4149099239728, 

parameters:
-1.208444370535679, -45.19649988864721, 2.466624218438018, 
objectives:
-46.202786310405855, -32.4357603913871, 2042.7173157627287, 

parameters:
2.7711052965502816, -38.15399518516071, 3.262569683920968, 
objectives:
-33.73754030451265, -34.296822122871845, 1461.143803469915, 

parameters:
-1.9006302396354693, -66.66533326040295, 3.4509238949708547, 
objectives:
-66.50386184755702, -47.99949309907343, 4445.428130133434, 

parameters:
0.3264184203807284, -30.078094845952723, 20.0, 
objectives:
-49.97154586078887, -7.277219542311787, 885.7983385472916, 

parameters:
0.5749050749833944, -31.31700009347349, 1.4800424629472535, 
objectives:
-32.46652671117908, -27.80606208521815, 980.6049682369129, 

parameters:
1.7319557795282576, -100, 17.253447573507223, 
objectives:
-114.25377675126589, -82.67470472236448, 9986.746223248734, 

parameters:
0.6851833364722733, -30.95996530679715, 20, 
objectives:
-50.49048910221788, -9.23122244810697, 939.9889280026624, 

parameters:
3.02264097685695, -39.43951606179506, 7.450666724734022, 
objectives:
-37.75382431155435, -30.943054769514106, 1558.1611189388314, 

parameters:
1.4675100643100683, 2.806645197034772, 20.0, 
objectives:
-15.039769014113887, 23.09019072864584, -8.969156949110305, 

