Generation 2523 at Fri May 24 19:48:22 2019
parameters:
0.051044676920685594, -100.0, 20, 
objectives:
-119.99739444095806, -76.2015731486408, 9981.002605559042, 

parameters:
-2.1644309275990374, 0.24578983618198436, 0, 
objectives:
4.930551076529214, 17.58827478692536, 5.745173883917597, 

parameters:
-2.230995003213205, -7.91186636092473, 19.488437814225282, 
objectives:
-22.422965470787723, 29.47789017051566, 49.086530203269334, 

parameters:
-0.09310337269809921, -0.38187417318528993, 20, 
objectives:
-20.37320593517753, 23.999207555614866, -18.84550387784629, 

parameters:
1.9973066371654076, -100, 0, 
objectives:
-96.01076619713501, -99.99999274579665, 10004.989233802866, 

parameters:
-1.4324133021832894, -94.34071687760672, 19.991348309118052, 
objectives:
-112.28025731845314, -62.56790749148388, 8883.231320539902, 

parameters:
2.539249456340052, -69.61505676465265, 0, 
objectives:
-63.1672689631294, -69.32426678848961, 4853.703916147334, 

parameters:
4.1219118744627075, -54.73522120587454, 0, 
objectives:
-37.745063705037865, -50.232711202888694, 3013.9345979568543, 

parameters:
1.1713333755368711, -75.2884892452725, 1.16790743776644, 
objectives:
-75.08437480639235, -73.43389343300694, 5669.560727274394, 

parameters:
0.690324781237438, -63.274297701855204, 6.387678493977033, 
objectives:
-69.18542789224172, -55.1713700292374, 3998.725619472612, 

parameters:
-0.6939823985543274, -35.966931474188016, 18.037170232724463, 
objectives:
-53.522490137409264, -10.672220077743027, 1277.0646010057153, 

parameters:
0.09648978270637751, -98.25487623506187, 3.6873843549578926, 
objectives:
-101.93295031185305, -90.94414073276276, 9651.342629890534, 

parameters:
4.591027148387075, -31.633181210904745, 0, 
objectives:
-10.55565093367759, -24.91975952722589, 1022.7356837991641, 

parameters:
1.8651102023462085, -88.82499539831272, 19.945396476114038, 
objectives:
-105.29175580753085, -68.8614036646876, 7874.4130471010585, 

parameters:
-0.2055414077273412, -86.02238997544012, 0, 
objectives:
-85.98014270514959, -81.15797707424022, 7400.893824356991, 

parameters:
-0.7900733990386405, -80.8480089309404, 6.529182260326326, 
objectives:
-86.75297521539825, -66.53431709859105, 6531.49558181296, 

parameters:
1.1851338605026798, -91.79800912263039, 0.04072124014091072, 
objectives:
-90.43418809546131, -91.09328105719021, 8429.2382999057, 

parameters:
0.152301040935505, -6.9350875416509155, 0.3737661290359484, 
objectives:
-7.285658063616825, -3.1473299692869485, 48.744868688395826, 

parameters:
1.6869014562387188, 1.8782598971994338, 0, 
objectives:
4.723896420259743, 1.9762905953048686, 7.373496764487937, 

parameters:
3.725945855969089, -91.30884313813289, 4.1917854779988835, 
objectives:
-81.61795609451853, -84.13816856239714, 8347.995722267771, 

parameters:
4.153230672301922, -25.006508159491474, 4.340525062156601, 
objectives:
-12.097708204298598, -16.029580769193085, 639.2342502859066, 

parameters:
3.256029981103091, -51.05596839878881, 5.423396830192534, 
objectives:
-45.87763399113915, -44.05496025516645, 2612.8902435457717, 

parameters:
1.8618806507472612, -10.028741853528995, 20, 
objectives:
-26.56214229590195, 9.990335101109006, 85.04226272235124, 

parameters:
2.267917429398936, -53.394443443715204, 13.420784894845733, 
objectives:
-61.67177887198945, -39.90187879989374, 2843.689255235827, 

parameters:
-0.38380311641250286, -16.493812970243823, 17.280606120965444, 
objectives:
-33.62711425904132, 6.469310448539584, 255.9125650085859, 

parameters:
2.4108821623741488, -43.397992347495176, 11.400498835945784, 
objectives:
-48.98613838258711, -31.828669360192137, 1878.797593758158, 

parameters:
1.6236668717934242, -77.3265286756569, 18.948355931636684, 
objectives:
-93.63859049673414, -58.23654612063447, 5964.079975206111, 

parameters:
-2.7237837101512357, -41.282140908101525, 1.8112291984722508, 
objectives:
-35.674372406888544, -17.1567791693391, 1710.8229264575623, 

parameters:
0.9698169651060231, -83.67935483445788, 19.87178596595756, 
objectives:
-102.61059585460798, -62.74629178311696, 6984.30318449096, 

parameters:
0.2861993082589245, -62.30090425543639, 0, 
objectives:
-62.218994211388505, -59.3637914444242, 3882.4845810891006, 

parameters:
-1.2259058562668237, -46.83308981337062, 0.0, 
objectives:
-45.330244644941324, -36.42662121987403, 2195.8411466356683, 

parameters:
-1.3338328714788474, -17.411558374410518, 20, 
objectives:
-35.63244824537301, 13.702883240542379, 285.94147515454256, 

parameters:
-1.2402499395860949, -75.81097754913891, 6.3819714087168204, 
objectives:
-80.65472904521242, -58.929786469434404, 5743.460565459971, 

parameters:
2.3897951025388613, -54.240503887224705, 18.97965639149306, 
objectives:
-67.50903964659904, -35.10890727376837, 2929.763726180664, 

parameters:
1.747912915989053, -28.3251520036224, 18.183014287710503, 
objectives:
-43.452966729451546, -10.078589817986753, 788.1864213024849, 

parameters:
1.869381484308311, -29.075211813298928, 20, 
objectives:
-45.58062467942418, -9.058150616657429, 829.8625291220723, 

parameters:
-0.8885679263979855, -43.55082501784174, 0.8945906619424298, 
objectives:
-43.65586271996095, -34.31240969048415, 1897.5693220325506, 

parameters:
-0.375266826285209, -27.200192205547822, 16.57947792089057, 
objectives:
-43.63884493552822, -4.97882178860624, 724.4118032887641, 

parameters:
-0.4355730956384204, -27.628091183455034, 17.195827771761785, 
objectives:
-44.63419503357278, -4.500247107495532, 747.3053185911881, 

