Generation 2527 at Fri May 24 19:48:22 2019
parameters:
0.051044676920685594, -100.0, 20, 
objectives:
-119.99739444095806, -76.2015731486408, 9981.002605559042, 

parameters:
-2.1644309275990374, 0.24578983618198436, 0, 
objectives:
4.930551076529214, 17.58827478692536, 5.745173883917597, 

parameters:
-0.09310337269809921, -0.38187417318528993, 20, 
objectives:
-20.37320593517753, 23.999207555614866, -18.84550387784629, 

parameters:
1.9973066371654076, -100, 0, 
objectives:
-96.01076619713501, -99.99999274579665, 10004.989233802866, 

parameters:
0.690324781237438, -63.274297701855204, 6.387678493977033, 
objectives:
-69.18542789224172, -55.1713700292374, 3998.725619472612, 

parameters:
2.539249456340052, -69.61505676465265, 0, 
objectives:
-63.1672689631294, -69.32426678848961, 4853.703916147334, 

parameters:
-0.7900733990386405, -80.8480089309404, 6.529182260326326, 
objectives:
-86.75297521539825, -66.53431709859105, 6531.49558181296, 

parameters:
3.725945855969089, -91.30884313813289, 4.1917854779988835, 
objectives:
-81.61795609451853, -84.13816856239714, 8347.995722267771, 

parameters:
-1.4324133021832894, -94.34071687760672, 19.991348309118052, 
objectives:
-112.28025731845314, -62.56790749148388, 8883.231320539902, 

parameters:
3.3320838791639833, -87.89554596944237, 0, 
objectives:
-76.79276299165787, -86.1210985083138, 7737.72978424414, 

parameters:
1.1884387263584766, -96.20808554678179, 4.112187812819627, 
objectives:
-98.90788675329286, -91.43726603308751, 9254.295923370373, 

parameters:
-0.2055414077273412, -86.02238997544012, 0, 
objectives:
-85.98014270514959, -81.15797707424022, 7400.893824356991, 

parameters:
0.5963019661353408, -49.186902955832565, 9.480042322447032, 
objectives:
-58.31136924346273, -37.736492463110025, 2411.2269560988602, 

parameters:
1.1713333755368711, -75.2884892452725, 1.16790743776644, 
objectives:
-75.08437480639235, -73.43389343300694, 5669.560727274394, 

parameters:
2.6685939956034765, -56.59407931369939, 11.177555979330123, 
objectives:
-60.65024137965858, -44.96950540341224, 3199.833651299338, 

parameters:
0.09648978270637751, -98.25487623506187, 3.6873843549578926, 
objectives:
-101.93295031185305, -90.94414073276276, 9651.342629890534, 

parameters:
1.8618806507472612, -10.028741853528995, 20, 
objectives:
-26.56214229590195, 9.990335101109006, 85.04226272235124, 

parameters:
-0.9486108164719056, 2.955460652986897, 9.221033106427004, 
objectives:
-5.365709972312612, 20.87079950642902, 1.4135770460542272, 

parameters:
4.1219118744627075, -54.73522120587454, 0, 
objectives:
-37.745063705037865, -50.232711202888694, 3013.9345979568543, 

parameters:
2.3607594266265424, -17.06188861931261, 17.380425148313105, 
objectives:
-28.869128697219637, 0.4486838929004051, 280.3008031799221, 

parameters:
2.4108821623741488, -43.397992347495176, 11.400498835945784, 
objectives:
-48.98613838258711, -31.828669360192137, 1878.797593758158, 

parameters:
2.7216902445014926, -73.72570668924713, 0, 
objectives:
-66.31810890223254, -73.2048698802385, 5443.887424615914, 

parameters:
-1.5680070860497537, -93.6557216284588, 16.88270284945358, 
objectives:
-108.07977825601014, -64.04234421290397, 8757.970137119815, 

parameters:
4.153230672301922, -25.006508159491474, 4.340525062156601, 
objectives:
-12.097708204298598, -16.029580769193085, 639.2342502859066, 

parameters:
1.8284975649156276, -32.261897093048226, 16.34263946937927, 
objectives:
-45.26113321752511, -15.889844538429088, 1028.8307679179566, 

parameters:
3.6467709680542972, -29.882412949321353, 20, 
objectives:
-36.58347445587768, -7.170558328094867, 887.2575421672121, 

parameters:
4.591027148387075, -31.633181210904745, 0, 
objectives:
-10.55565093367759, -24.91975952722589, 1022.7356837991641, 

parameters:
-0.6939823985543274, -35.966931474188016, 18.037170232724463, 
objectives:
-53.522490137409264, -10.672220077743027, 1277.0646010057153, 

parameters:
1.6869014562387188, 1.8782598971994338, 0, 
objectives:
4.723896420259743, 1.9762905953048686, 7.373496764487937, 

parameters:
-0.38380311641250286, -16.493812970243823, 17.280606120965444, 
objectives:
-33.62711425904132, 6.469310448539584, 255.9125650085859, 

parameters:
1.4819912764521144, -46.26139865620521, 3.187886704090429, 
objectives:
-47.25298721681547, -42.80517891444307, 2140.125417067735, 

parameters:
-2.7237837101512357, -41.282140908101525, 1.8112291984722508, 
objectives:
-35.674372406888544, -17.1567791693391, 1710.8229264575623, 

parameters:
-2.117977273233741, -86.29060488299187, 5.692154462640781, 
objectives:
-87.49693161569803, -63.6407135974815, 7445.862164339914, 

parameters:
-1.1690669586978228, -54.50081192840213, 0.8396496516627638, 
objectives:
-53.973744026145916, -43.6181768880291, 2971.865568757316, 

parameters:
-1.2383338881877994, -36.952241498993615, 0.23258029927678336, 
objectives:
-35.651350979636085, -26.23285482833132, 1367.7690423193033, 

parameters:
1.0496454892513907, -36.40083904441865, 0, 
objectives:
-35.29908339131286, -35.49766534831843, 1327.1228387907793, 

