Generation 2536 at Fri May 24 19:48:22 2019
parameters:
-2.1644309275990374, 0.24578983618198436, 0, 
objectives:
4.930551076529214, 17.58827478692536, 5.745173883917597, 

parameters:
0.051044676920685594, -100.0, 20, 
objectives:
-119.99739444095806, -76.2015731486408, 9981.002605559042, 

parameters:
-0.09310337269809921, -0.38187417318528993, 20, 
objectives:
-20.37320593517753, 23.999207555614866, -18.84550387784629, 

parameters:
1.9973066371654076, -100, 0, 
objectives:
-96.01076619713501, -99.99999274579665, 10004.989233802866, 

parameters:
-1.4324133021832894, -94.34071687760672, 19.991348309118052, 
objectives:
-112.28025731845314, -62.56790749148388, 8883.231320539902, 

parameters:
4.153230672301922, -25.006508159491474, 4.340525062156601, 
objectives:
-12.097708204298598, -16.029580769193085, 639.2342502859066, 

parameters:
-0.7900733990386405, -80.8480089309404, 6.529182260326326, 
objectives:
-86.75297521539825, -66.53431709859105, 6531.49558181296, 

parameters:
3.0536110439852804, -43.40131349629569, 18.149953412244383, 
objectives:
-52.2267265005912, -24.141263852043554, 1875.8486001994431, 

parameters:
-0.9871088288175373, -54.428877967751994, 2.2447989928767855, 
objectives:
-55.69929312069925, -43.26125981967552, 2962.232341675491, 

parameters:
5.254382824933344, -17.908103481601422, 12.60134947918543, 
objectives:
-2.900914089832341, 5.284253568805143, 336.7073596995141, 

parameters:
2.539249456340052, -69.61505676465265, 0, 
objectives:
-63.1672689631294, -69.32426678848961, 4853.703916147334, 

parameters:
0.21486892254879741, -37.633288144856465, 4.440770709874737, 
objectives:
-42.02789020085392, -30.005824471299636, 1412.8697745377967, 

parameters:
0.630780933445124, -84.45422421504367, 4.007999520110207, 
objectives:
-88.06433914915597, -78.57146384271606, 7129.905872830756, 

parameters:
3.3320838791639833, -87.89554596944237, 0, 
objectives:
-76.79276299165787, -86.1210985083138, 7737.72978424414, 

parameters:
3.725945855969089, -91.30884313813289, 4.1917854779988835, 
objectives:
-81.61795609451853, -84.13816856239714, 8347.995722267771, 

parameters:
3.6104152332716697, -31.40611336980853, 19.186722029838382, 
objectives:
-37.557737243006784, -9.6259541164167, 981.1923331240679, 

parameters:
0.09648978270637751, -98.25487623506187, 3.6873843549578926, 
objectives:
-101.93295031185305, -90.94414073276276, 9651.342629890534, 

parameters:
-0.1577504310250668, -57.60365182693025, 17.27010270002106, 
objectives:
-74.84886932846271, -35.67766220432033, 3301.9354862966725, 

parameters:
-0.494571298739652, -61.25663574599962, 4.791183438668989, 
objectives:
-65.80321841513158, -50.242566342835, 3748.828840248946, 

parameters:
0.1665152570281192, -50.157627900119486, 8.916776293230843, 
objectives:
-59.04667686252719, -37.87918530417798, 2507.898587604437, 

parameters:
0.8475271637163451, -74.00401615018409, 20, 
objectives:
-93.28571385694701, -52.6758225118124, 5458.3127086499435, 

parameters:
1.6127907593822197, -65.13035171706193, 6.37133055948261, 
objectives:
-68.90058824299587, -58.609090161559514, 4239.192478262258, 

parameters:
3.5427287011769955, -21.290979276401124, 17.338105719251384, 
objectives:
-26.078158345509266, -1.5728617117144807, 449.51861947903404, 

parameters:
1.1713333755368711, -75.2884892452725, 1.16790743776644, 
objectives:
-75.08437480639235, -73.43389343300694, 5669.560727274394, 

parameters:
-0.38380311641250286, -16.493812970243823, 17.280606120965444, 
objectives:
-33.62711425904132, 6.469310448539584, 255.9125650085859, 

parameters:
-2.797534914206641, -96.78479507223263, 0.29301731690783667, 
objectives:
-89.25161079293531, -73.47543650229308, 9375.82974145336, 

parameters:
0.16588396916156123, -89.75876533939424, 17.971701630511625, 
objectives:
-107.70294947868106, -68.42308209430408, 8039.6917711131555, 

parameters:
-2.118706159518061, -28.895025875141926, 6.0462194686185, 
objectives:
-30.452329553380654, -5.885065978071412, 834.3652166468827, 

parameters:
0.690324781237438, -63.274297701855204, 6.387678493977033, 
objectives:
-69.18542789224172, -55.1713700292374, 3998.725619472612, 

parameters:
3.14290320234204, -6.769694848592367, 20.0, 
objectives:
-16.89185430930052, 14.536532881331322, 36.70660888234988, 

parameters:
0.8742935260637763, -100, 6.261294920184217, 
objectives:
-105.49690575046718, -92.47149001435386, 9995.503094249532, 

parameters:
-0.9076602813086181, -28.888290435867276, 18.343384064325573, 
objectives:
-46.40782731392761, -2.0904180600419906, 818.0137874289603, 

parameters:
-2.380894023292022, -25.456079924387062, 20, 
objectives:
-39.78742357423939, 13.736152518928698, 634.6806614669297, 

parameters:
-0.3934493796364865, -43.65733402165695, 0.34516561172642035, 
objectives:
-43.847697219047035, -37.583568477048246, 1906.7724506811353, 

parameters:
0.22409659746139776, -62.57464397503196, 20, 
objectives:
-82.52442469003819, -39.42081107988378, 3896.6362878869977, 

