Generation 2539 at Fri May 24 19:48:22 2019
parameters:
4.009714573806723, 0.8503407802913139, 16.61780819808787, 
objectives:
0.3103435456014729, 21.507101646550325, 1.1830822079365966, 

parameters:
0.051044676920685594, -100.0, 20, 
objectives:
-119.99739444095806, -76.2015731486408, 9981.002605559042, 

parameters:
-0.09310337269809921, -0.38187417318528993, 20, 
objectives:
-20.37320593517753, 23.999207555614866, -18.84550387784629, 

parameters:
1.9973066371654076, -100, 0, 
objectives:
-96.01076619713501, -99.99999274579665, 10004.989233802866, 

parameters:
0.8475271637163451, -74.00401615018409, 20, 
objectives:
-93.28571385694701, -52.6758225118124, 5458.3127086499435, 

parameters:
-0.7900733990386405, -80.8480089309404, 6.529182260326326, 
objectives:
-86.75297521539825, -66.53431709859105, 6531.49558181296, 

parameters:
-0.38380311641250286, -16.493812970243823, 17.280606120965444, 
objectives:
-33.62711425904132, 6.469310448539584, 255.9125650085859, 

parameters:
-1.4324133021832894, -94.34071687760672, 19.991348309118052, 
objectives:
-112.28025731845314, -62.56790749148388, 8883.231320539902, 

parameters:
4.153230672301922, -25.006508159491474, 4.340525062156601, 
objectives:
-12.097708204298598, -16.029580769193085, 639.2342502859066, 

parameters:
3.5427287011769955, -21.290979276401124, 17.338105719251384, 
objectives:
-26.078158345509266, -1.5728617117144807, 449.51861947903404, 

parameters:
3.725945855969089, -91.30884313813289, 4.1917854779988835, 
objectives:
-81.61795609451853, -84.13816856239714, 8347.995722267771, 

parameters:
2.539249456340052, -69.61505676465265, 0, 
objectives:
-63.1672689631294, -69.32426678848961, 4853.703916147334, 

parameters:
3.14290320234204, -6.769694848592367, 20.0, 
objectives:
-16.89185430930052, 14.536532881331322, 36.70660888234988, 

parameters:
3.0536110439852804, -43.40131349629569, 18.149953412244383, 
objectives:
-52.2267265005912, -24.141263852043554, 1875.8486001994431, 

parameters:
-0.1577504310250668, -57.60365182693025, 17.27010270002106, 
objectives:
-74.84886932846271, -35.67766220432033, 3301.9354862966725, 

parameters:
0.21486892254879741, -37.633288144856465, 4.440770709874737, 
objectives:
-42.02789020085392, -30.005824471299636, 1412.8697745377967, 

parameters:
-0.9871088288175373, -54.428877967751994, 2.2447989928767855, 
objectives:
-55.69929312069925, -43.26125981967552, 2962.232341675491, 

parameters:
-0.494571298739652, -61.25663574599962, 4.791183438668989, 
objectives:
-65.80321841513158, -50.242566342835, 3748.828840248946, 

parameters:
1.8729157910669643, -49.211824766701035, 4.330613864552515, 
objectives:
-50.03462507082556, -44.86506050598838, 2421.9808965643647, 

parameters:
1.6127907593822197, -65.13035171706193, 6.37133055948261, 
objectives:
-68.90058824299587, -58.609090161559514, 4239.192478262258, 

parameters:
0.26552588607817684, -96.7188093056682, 1.5920759560929487, 
objectives:
-98.24038126558355, -92.11833289771036, 9354.006501546295, 

parameters:
1.699165639501621, -28.453200239705613, 20, 
objectives:
-45.56603636924266, -8.362698927249145, 793.4717677512465, 

parameters:
3.6903971698670066, -33.12729357618627, 8.36881510455979, 
objectives:
-27.87707740938365, -21.901035879732092, 1103.6677958496346, 

parameters:
0.16588396916156123, -89.75876533939424, 17.971701630511625, 
objectives:
-107.70294947868106, -68.42308209430408, 8039.6917711131555, 

parameters:
3.6104152332716697, -31.40611336980853, 19.186722029838382, 
objectives:
-37.557737243006784, -9.6259541164167, 981.1923331240679, 

parameters:
-0.2769808880728868, -83.66726804540112, 5.262790964118121, 
objectives:
-88.85334059716159, -73.2198351166338, 6996.025669629239, 

parameters:
0.1665152570281192, -50.157627900119486, 8.916776293230843, 
objectives:
-59.04667686252719, -37.87918530417798, 2507.898587604437, 

parameters:
3.3320838791639833, -87.89554596944237, 0, 
objectives:
-76.79276299165787, -86.1210985083138, 7737.72978424414, 

parameters:
0.690324781237438, -63.274297701855204, 6.387678493977033, 
objectives:
-69.18542789224172, -55.1713700292374, 3998.725619472612, 

parameters:
0.630780933445124, -84.45422421504367, 4.007999520110207, 
objectives:
-88.06433914915597, -78.57146384271606, 7129.905872830756, 

parameters:
0.09648978270637751, -98.25487623506187, 3.6873843549578926, 
objectives:
-101.93295031185305, -90.94414073276276, 9651.342629890534, 

parameters:
0.5447018132800103, -38.8499290724324, 19.953868234117483, 
objectives:
-58.50709724115936, -16.77816802604443, 1490.6598207643015, 

parameters:
4.414933367348102, -95.69976404712057, 1.5859651313604706, 
objectives:
-77.79409254035738, -88.28189574702886, 9177.350510181313, 

parameters:
2.975256654776886, -95.30991852008091, 16.18282789144105, 
objectives:
-102.64059424972781, -78.17596508595327, 9077.649892574816, 

