Generation 2541 at Fri May 24 19:48:22 2019
parameters:
0.051044676920685594, -100.0, 20, 
objectives:
-119.99739444095806, -76.2015731486408, 9981.002605559042, 

parameters:
4.769695469407942, -3.651872520603874, 3.0045048221421036, 
objectives:
16.093617528144673, 7.023845294797112, 34.08166295549024, 

parameters:
-0.09310337269809921, -0.38187417318528993, 20, 
objectives:
-20.37320593517753, 23.999207555614866, -18.84550387784629, 

parameters:
1.9973066371654076, -100, 0, 
objectives:
-96.01076619713501, -99.99999274579665, 10004.989233802866, 

parameters:
3.7228516835610503, -20.123500896487588, 15.80341869826499, 
objectives:
-22.06729493695923, -1.3518642746734546, 404.0114942904651, 

parameters:
0.26552588607817684, -96.7188093056682, 1.5920759560929487, 
objectives:
-98.24038126558355, -92.11833289771036, 9354.006501546295, 

parameters:
-1.4324133021832894, -94.34071687760672, 19.991348309118052, 
objectives:
-112.28025731845314, -62.56790749148388, 8883.231320539902, 

parameters:
-0.7900733990386405, -80.8480089309404, 6.529182260326326, 
objectives:
-86.75297521539825, -66.53431709859105, 6531.49558181296, 

parameters:
-0.38380311641250286, -16.493812970243823, 17.280606120965444, 
objectives:
-33.62711425904132, 6.469310448539584, 255.9125650085859, 

parameters:
4.009714573806723, 0.8503407802913139, 16.61780819808787, 
objectives:
0.3103435456014729, 21.507101646550325, 1.1830822079365966, 

parameters:
-0.9871088288175373, -54.428877967751994, 2.2447989928767855, 
objectives:
-55.69929312069925, -43.26125981967552, 2962.232341675491, 

parameters:
2.539249456340052, -69.61505676465265, 0, 
objectives:
-63.1672689631294, -69.32426678848961, 4853.703916147334, 

parameters:
3.6104152332716697, -31.40611336980853, 19.186722029838382, 
objectives:
-37.557737243006784, -9.6259541164167, 981.1923331240679, 

parameters:
3.3320838791639833, -87.89554596944237, 0, 
objectives:
-76.79276299165787, -86.1210985083138, 7737.72978424414, 

parameters:
-0.1577504310250668, -57.60365182693025, 17.27010270002106, 
objectives:
-74.84886932846271, -35.67766220432033, 3301.9354862966725, 

parameters:
0.8475271637163451, -74.00401615018409, 20, 
objectives:
-93.28571385694701, -52.6758225118124, 5458.3127086499435, 

parameters:
3.725945855969089, -91.30884313813289, 4.1917854779988835, 
objectives:
-81.61795609451853, -84.13816856239714, 8347.995722267771, 

parameters:
4.153230672301922, -25.006508159491474, 4.340525062156601, 
objectives:
-12.097708204298598, -16.029580769193085, 639.2342502859066, 

parameters:
4.71246372264788, -24.81943327013076, 4.4642948527633814, 
objectives:
-7.076413785621825, -12.997678970686586, 634.7472873349826, 

parameters:
0.16588396916156123, -89.75876533939424, 17.971701630511625, 
objectives:
-107.70294947868106, -68.42308209430408, 8039.6917711131555, 

parameters:
3.14290320234204, -6.769694848592367, 20.0, 
objectives:
-16.89185430930052, 14.536532881331322, 36.70660888234988, 

parameters:
0.44194337814587625, -44.60264118558159, 3.095981104803524, 
objectives:
-47.50330834089813, -39.07911964387458, 1987.4949335744225, 

parameters:
1.9875785618206958, -97.00430570974025, 15.666065126975983, 
objectives:
-108.719902297307, -81.33808629063783, 9399.11972964118, 

parameters:
-0.494571298739652, -61.25663574599962, 4.791183438668989, 
objectives:
-65.80321841513158, -50.242566342835, 3748.828840248946, 

parameters:
0.690324781237438, -63.274297701855204, 6.387678493977033, 
objectives:
-69.18542789224172, -55.1713700292374, 3998.725619472612, 

parameters:
-0.2769808880728868, -83.66726804540112, 5.262790964118121, 
objectives:
-88.85334059716159, -73.2198351166338, 6996.025669629239, 

parameters:
1.6127907593822197, -65.13035171706193, 6.37133055948261, 
objectives:
-68.90058824299587, -58.609090161559514, 4239.192478262258, 

parameters:
4.604564179693937, -9.16562002218752, 13.694517664660692, 
objectives:
-1.6581264019277135, 11.312652208617923, 92.51608401138456, 

parameters:
-1.388099308833433, -36.84526549378107, 6.037363712271888, 
objectives:
-40.95580951486911, -19.328684854991597, 1354.463045286126, 

parameters:
1.8729157910669643, -49.211824766701035, 4.330613864552515, 
objectives:
-50.03462507082556, -44.86506050598838, 2421.9808965643647, 

parameters:
1.1761283165015, -39.5245167916054, 4.732480854682104, 
objectives:
-42.87371982941085, -34.113271386052645, 1559.8382245720918, 

parameters:
-3.199493528043927, -72.82303221115808, 19.79744330605167, 
objectives:
-82.38371668121476, -25.990855956935725, 5294.63333595731, 

parameters:
1.6594324945192254, -67.12203826790676, 17.697268438271006, 
objectives:
-82.06559050231147, -49.30878360384635, 4491.424469003935, 

parameters:
3.0536110439852804, -43.40131349629569, 18.149953412244383, 
objectives:
-52.2267265005912, -24.141263852043554, 1875.8486001994431, 

parameters:
-2.5925239558535544, -33.1390266550481, 19.48383531364743, 
objectives:
-45.90168150702097, 7.436084943688112, 1086.4324327920156, 

parameters:
0.21486892254879741, -37.633288144856465, 4.440770709874737, 
objectives:
-42.02789020085392, -30.005824471299636, 1412.8697745377967, 

parameters:
4.08142243567947, -49.374967148195395, 19.819825829923836, 
objectives:
-52.53678387965149, -25.2228219625217, 2435.725564153918, 

parameters:
3.10728343273306, -85.3138669229496, 16.305084346702216, 
objectives:
-91.96374093831447, -67.78270597584228, 7272.806015331388, 

parameters:
0.630780933445124, -84.45422421504367, 4.007999520110207, 
objectives:
-88.06433914915597, -78.57146384271606, 7129.905872830756, 

parameters:
0.8304368336494719, -73.06552798845281, 18.63296116319202, 
objectives:
-91.00886381696307, -53.064688825176916, 5321.628044402872, 

