Generation 2544 at Fri May 24 19:48:22 2019
parameters:
0.051044676920685594, -100.0, 20, 
objectives:
-119.99739444095806, -76.2015731486408, 9981.002605559042, 

parameters:
4.769695469407942, -3.651872520603874, 3.0045048221421036, 
objectives:
16.093617528144673, 7.023845294797112, 34.08166295549024, 

parameters:
-2.5617142321013056, -15.87558642888062, 19.74020232330256, 
objectives:
-29.0534089452328, 24.673852629777546, 239.85642194450637, 

parameters:
-0.09310337269809921, -0.38187417318528993, 20, 
objectives:
-20.37320593517753, 23.999207555614866, -18.84550387784629, 

parameters:
1.9973066371654076, -100, 0, 
objectives:
-96.01076619713501, -99.99999274579665, 10004.989233802866, 

parameters:
-1.388099308833433, -36.84526549378107, 6.037363712271888, 
objectives:
-40.95580951486911, -19.328684854991597, 1354.463045286126, 

parameters:
0.26552588607817684, -96.7188093056682, 1.5920759560929487, 
objectives:
-98.24038126558355, -92.11833289771036, 9354.006501546295, 

parameters:
-0.1577504310250668, -57.60365182693025, 17.27010270002106, 
objectives:
-74.84886932846271, -35.67766220432033, 3301.9354862966725, 

parameters:
-3.044043865343303, -7.558219723885234, 0, 
objectives:
1.7079833302489629, 17.884158791622177, 67.39288844866198, 

parameters:
-0.7900733990386405, -80.8480089309404, 6.529182260326326, 
objectives:
-86.75297521539825, -66.53431709859105, 6531.49558181296, 

parameters:
-0.2769808880728868, -83.66726804540112, 5.262790964118121, 
objectives:
-88.85334059716159, -73.2198351166338, 6996.025669629239, 

parameters:
0.44194337814587625, -44.60264118558159, 3.095981104803524, 
objectives:
-47.50330834089813, -39.07911964387458, 1987.4949335744225, 

parameters:
3.725945855969089, -91.30884313813289, 4.1917854779988835, 
objectives:
-81.61795609451853, -84.13816856239714, 8347.995722267771, 

parameters:
-1.4324133021832894, -94.34071687760672, 19.991348309118052, 
objectives:
-112.28025731845314, -62.56790749148388, 8883.231320539902, 

parameters:
1.6900112014552733, -92.88576865949172, 14.544875547020634, 
objectives:
-104.57450634546805, -78.24480005724787, 8617.077281778638, 

parameters:
-0.77846004798494, -14.653812083675945, 3.8569858944060806, 
objectives:
-17.90479793177331, -3.0769859510213893, 212.48322273558975, 

parameters:
4.71246372264788, -24.81943327013076, 4.4642948527633814, 
objectives:
-7.076413785621825, -12.997678970686586, 634.7472873349826, 

parameters:
2.539249456340052, -69.61505676465265, 0, 
objectives:
-63.1672689631294, -69.32426678848961, 4853.703916147334, 

parameters:
-0.849668395968181, -74.71480304549459, 3.34058804215565, 
objectives:
-77.3334547045431, -63.25360503635907, 5580.6831424679995, 

parameters:
-0.9871088288175373, -54.428877967751994, 2.2447989928767855, 
objectives:
-55.69929312069925, -43.26125981967552, 2962.232341675491, 

parameters:
3.3320838791639833, -87.89554596944237, 0, 
objectives:
-76.79276299165787, -86.1210985083138, 7737.72978424414, 

parameters:
-0.494571298739652, -61.25663574599962, 4.791183438668989, 
objectives:
-65.80321841513158, -50.242566342835, 3748.828840248946, 

parameters:
-0.38380311641250286, -16.493812970243823, 17.280606120965444, 
objectives:
-33.62711425904132, 6.469310448539584, 255.9125650085859, 

parameters:
3.6104152332716697, -31.40611336980853, 19.186722029838382, 
objectives:
-37.557737243006784, -9.6259541164167, 981.1923331240679, 

parameters:
1.8729157910669643, -49.211824766701035, 4.330613864552515, 
objectives:
-50.03462507082556, -44.86506050598838, 2421.9808965643647, 

parameters:
1.7651208634334608, -50.51804761057339, 10.509387800144907, 
objectives:
-57.91178374819021, -39.95349160163424, 2545.6793982465433, 

parameters:
0.8475271637163451, -74.00401615018409, 20, 
objectives:
-93.28571385694701, -52.6758225118124, 5458.3127086499435, 

parameters:
0.8282765727019739, -65.70886313899524, 6.215011152263476, 
objectives:
-71.23783221037178, -58.120916196652736, 4313.125725947832, 

parameters:
0.690324781237438, -63.274297701855204, 6.387678493977033, 
objectives:
-69.18542789224172, -55.1713700292374, 3998.725619472612, 

parameters:
4.153230672301922, -25.006508159491474, 4.340525062156601, 
objectives:
-12.097708204298598, -16.029580769193085, 639.2342502859066, 

parameters:
4.358530145493041, -71.36384883748848, 18.917930585570605, 
objectives:
-71.28499439388749, -46.88325380471845, 5093.877775343506, 

parameters:
0.16588396916156123, -89.75876533939424, 17.971701630511625, 
objectives:
-107.70294947868106, -68.42308209430408, 8039.6917711131555, 

parameters:
-0.07760973798167936, -27.216213441702564, 15.911218372216561, 
objectives:
-43.12140854248954, -6.9885328461297025, 725.8170790035243, 

parameters:
0.7586592767632101, -18.025285654701563, 7.664906162505097, 
objectives:
-25.114627918987782, -8.819452701030428, 318.8215806693037, 

parameters:
4.009714573806723, 0.8503407802913139, 16.61780819808787, 
objectives:
0.3103435456014729, 21.507101646550325, 1.1830822079365966, 

parameters:
-2.0441199525958607, -88.57986496053826, 12.147958433064368, 
objectives:
-96.54939701300214, -60.07700033648995, 7839.422944374729, 

