Generation 2549 at Fri May 24 19:48:22 2019
parameters:
3.509931439684766, 0.18698316308475427, 0, 
objectives:
12.506601874372327, 2.466876115633264, 13.354581414564754, 

parameters:
0.051044676920685594, -100.0, 20, 
objectives:
-119.99739444095806, -76.2015731486408, 9981.002605559042, 

parameters:
-2.5617142321013056, -15.87558642888062, 19.74020232330256, 
objectives:
-29.0534089452328, 24.673852629777546, 239.85642194450637, 

parameters:
-0.09310337269809921, -0.38187417318528993, 20, 
objectives:
-20.37320593517753, 23.999207555614866, -18.84550387784629, 

parameters:
1.9973066371654076, -100, 0, 
objectives:
-96.01076619713501, -99.99999274579665, 10004.989233802866, 

parameters:
3.3320838791639833, -87.89554596944237, 0, 
objectives:
-76.79276299165787, -86.1210985083138, 7737.72978424414, 

parameters:
1.6900112014552733, -92.88576865949172, 14.544875547020634, 
objectives:
-104.57450634546805, -78.24480005724787, 8617.077281778638, 

parameters:
3.8754798715671255, -9.073382722039648, 15.706817350597763, 
objectives:
-9.760855837715468, 10.150859377211557, 82.6388009049318, 

parameters:
-0.4981959423234026, -48.71680866902585, 15.9192995272801, 
objectives:
-64.38790899935844, -26.55652617550464, 2358.6563465641398, 

parameters:
3.6104152332716697, -31.40611336980853, 19.186722029838382, 
objectives:
-37.557737243006784, -9.6259541164167, 981.1923331240679, 

parameters:
0.44194337814587625, -44.60264118558159, 3.095981104803524, 
objectives:
-47.50330834089813, -39.07911964387458, 1987.4949335744225, 

parameters:
1.664608364875244, 4.041571284747995, 2.295100957308366, 
objectives:
4.517391335852263, 6.449159790968018, 17.810118500803828, 

parameters:
-1.4324133021832894, -94.34071687760672, 19.991348309118052, 
objectives:
-112.28025731845314, -62.56790749148388, 8883.231320539902, 

parameters:
1.010249598475087, -77.77055939153375, 7.183224894203509, 
objectives:
-83.93318003451819, -69.60772864001152, 6043.097287429094, 

parameters:
-0.7900733990386405, -80.8480089309404, 6.529182260326326, 
objectives:
-86.75297521539825, -66.53431709859105, 6531.49558181296, 

parameters:
0.8282765727019739, -65.70886313899524, 6.215011152263476, 
objectives:
-71.23783221037178, -58.120916196652736, 4313.125725947832, 

parameters:
2.52781039987664, -21.598669740199313, 19.26678669995531, 
objectives:
-34.47563102243012, -2.0532992220260624, 454.62557326397064, 

parameters:
-0.9871088288175373, -54.428877967751994, 2.2447989928767855, 
objectives:
-55.69929312069925, -43.26125981967552, 2962.232341675491, 

parameters:
2.1824447214204583, -7.0776154815479435, 4.043534647490141, 
objectives:
-6.358085166982063, -3.0007947576836145, 51.812171219213006, 

parameters:
-2.0026257305770425, -85.52020775735832, 5.690631832629055, 
objectives:
-87.20032977321814, -63.80856318565186, 7313.025812845871, 

parameters:
-0.494571298739652, -61.25663574599962, 4.791183438668989, 
objectives:
-65.80321841513158, -50.242566342835, 3748.828840248946, 

parameters:
0.8475271637163451, -74.00401615018409, 20, 
objectives:
-93.28571385694701, -52.6758225118124, 5458.3127086499435, 

parameters:
-1.388099308833433, -36.84526549378107, 6.037363712271888, 
objectives:
-40.95580951486911, -19.328684854991597, 1354.463045286126, 

parameters:
2.628604231244637, -99.68373176860142, 4.559834249028675, 
objectives:
-97.3340058131129, -94.72875424003408, 9940.196105269964, 

parameters:
0.690324781237438, -63.274297701855204, 6.387678493977033, 
objectives:
-69.18542789224172, -55.1713700292374, 3998.725619472612, 

parameters:
0.26552588607817684, -96.7188093056682, 1.5920759560929487, 
objectives:
-98.24038126558355, -92.11833289771036, 9354.006501546295, 

parameters:
3.1818078794387303, -36.54269580143245, 20, 
objectives:
-46.41879441977406, -15.146025937528982, 1326.4925178176873, 

parameters:
-2.555024511958023, -43.29630134635016, 5.386232369368153, 
objectives:
-42.15438345901198, -17.161820672443586, 1876.7116281613012, 

parameters:
2.539249456340052, -69.61505676465265, 0, 
objectives:
-63.1672689631294, -69.32426678848961, 4853.703916147334, 

parameters:
3.834352638764101, -51.40887781387494, 3.369544087958092, 
objectives:
-40.076161743435804, -44.674484122576025, 2655.2054341523617, 

parameters:
1.690338015042757, -94.78895028889683, 2.7126496765520636, 
objectives:
-94.6443573603502, -91.98041006741711, 8986.089689799499, 

parameters:
1.2290750910037886, -87.4625007054551, 15.869105802915055, 
objectives:
-101.82098092904418, -70.99906968722922, 7636.330549428145, 

parameters:
-0.7374773815811475, -73.24088003606495, 2.061767874745149, 
objectives:
-74.75877502246631, -63.685329746651426, 5363.708613470856, 

parameters:
1.7651208634334608, -50.51804761057339, 10.509387800144907, 
objectives:
-57.91178374819021, -39.95349160163424, 2545.6793982465433, 

parameters:
1.4802680410393898, -57.72268297726606, 5.89694910224235, 
objectives:
-61.42843860618582, -51.555612565858674, 3329.2023744650414, 

parameters:
1.9087920201942712, -86.35186586936722, 17.709067560483714, 
objectives:
-100.41744645349361, -68.63447941330325, 7443.57915853706, 

parameters:
1.3809005692138028, -57.03282369679878, 4.708655231733227, 
objectives:
-59.834592546477, -51.94088435986576, 3250.941209980454, 

