Generation 2554 at Fri May 24 19:48:22 2019
parameters:
3.509931439684766, 0.18698316308475427, 0, 
objectives:
12.506601874372327, 2.466876115633264, 13.354581414564754, 

parameters:
0.051044676920685594, -100.0, 20, 
objectives:
-119.99739444095806, -76.2015731486408, 9981.002605559042, 

parameters:
-2.5617142321013056, -15.87558642888062, 19.74020232330256, 
objectives:
-29.0534089452328, 24.673852629777546, 239.85642194450637, 

parameters:
-0.09310337269809921, -0.38187417318528993, 20, 
objectives:
-20.37320593517753, 23.999207555614866, -18.84550387784629, 

parameters:
1.9973066371654076, -100, 0, 
objectives:
-96.01076619713501, -99.99999274579665, 10004.989233802866, 

parameters:
2.8056895125156918, 3.93062127188319, 8.682808742974451, 
objectives:
3.1197061695492785, 13.262565605435414, 15.638868480646714, 

parameters:
2.52781039987664, -21.598669740199313, 19.26678669995531, 
objectives:
-34.47563102243012, -2.0532992220260624, 454.62557326397064, 

parameters:
0.26552588607817684, -96.7188093056682, 1.5920759560929487, 
objectives:
-98.24038126558355, -92.11833289771036, 9354.006501546295, 

parameters:
5.946486073404051, -35.643165156593966, 3.882438907380379, 
objectives:
-4.1649074427860135, -16.185973921641462, 1302.913480094042, 

parameters:
1.6900112014552733, -92.88576865949172, 14.544875547020634, 
objectives:
-104.57450634546805, -78.24480005724787, 8617.077281778638, 

parameters:
0.44194337814587625, -44.60264118558159, 3.095981104803524, 
objectives:
-47.50330834089813, -39.07911964387458, 1987.4949335744225, 

parameters:
2.3405680721808526, -13.06054805467588, 3.538690778537849, 
objectives:
-11.120979932701337, -9.405870664349049, 173.51748361047248, 

parameters:
0.8282765727019739, -65.70886313899524, 6.215011152263476, 
objectives:
-71.23783221037178, -58.120916196652736, 4313.125725947832, 

parameters:
-0.7900733990386405, -80.8480089309404, 6.529182260326326, 
objectives:
-86.75297521539825, -66.53431709859105, 6531.49558181296, 

parameters:
0.8475271637163451, -74.00401615018409, 20, 
objectives:
-93.28571385694701, -52.6758225118124, 5458.3127086499435, 

parameters:
-0.9871088288175373, -54.428877967751994, 2.2447989928767855, 
objectives:
-55.69929312069925, -43.26125981967552, 2962.232341675491, 

parameters:
-1.4324133021832894, -94.34071687760672, 19.991348309118052, 
objectives:
-112.28025731845314, -62.56790749148388, 8883.231320539902, 

parameters:
0.5459997425044327, -47.73913141646577, 18.274444733975777, 
objectives:
-65.71546043162664, -27.350569933692817, 2262.048339383428, 

parameters:
3.3320838791639833, -87.89554596944237, 0, 
objectives:
-76.79276299165787, -86.1210985083138, 7737.72978424414, 

parameters:
1.6414739847034254, -99.55490034567376, 14.343226405837308, 
objectives:
-111.20368990905293, -85.08313303619201, 9900.529393273653, 

parameters:
1.010249598475087, -77.77055939153375, 7.183224894203509, 
objectives:
-83.93318003451819, -69.60772864001152, 6043.097287429094, 

parameters:
-2.0026257305770425, -85.52020775735832, 5.690631832629055, 
objectives:
-87.20032977321814, -63.80856318565186, 7313.025812845871, 

parameters:
-0.494571298739652, -61.25663574599962, 4.791183438668989, 
objectives:
-65.80321841513158, -50.242566342835, 3748.828840248946, 

parameters:
2.539249456340052, -69.61505676465265, 0, 
objectives:
-63.1672689631294, -69.32426678848961, 4853.703916147334, 

parameters:
1.2476722749433744, -39.50331004286112, 17.97687339523096, 
objectives:
-55.92349733242971, -20.96043964174129, 1545.0913170528438, 

parameters:
5.009427721995416, -38.00765499633744, 0, 
objectives:
-12.913288894441262, -28.950999782422926, 1470.6762044225109, 

parameters:
2.1906035835396622, -76.39158587116675, 3.391292058736142, 
objectives:
-74.98413386968609, -72.96396408637246, 5838.0818439133245, 

parameters:
4.610571295802795, -62.12658255875166, 0, 
objectives:
-40.869214885070996, -55.31150006828217, 3881.969628103066, 

parameters:
0.3764324069205473, -88.62755974836112, 0.897333443169397, 
objectives:
-89.38319183455053, -85.09425457589391, 7855.088714863131, 

parameters:
-0.0302061791266921, -55.26327805055713, 6.2523141401921976, 
objectives:
-61.5146797774919, -44.88922678060074, 3048.778499166255, 

parameters:
2.4119811088393606, -57.172142720251735, 20, 
objectives:
-71.35448985085378, -37.00241428621123, 3255.4715560942313, 

parameters:
-1.388099308833433, -36.84526549378107, 6.037363712271888, 
objectives:
-40.95580951486911, -19.328684854991597, 1354.463045286126, 

parameters:
3.425035307367472, -56.13365538902819, 18.477358148194373, 
objectives:
-62.88014668050877, -35.62557161358991, 3145.240776042693, 

