Generation 2556 at Fri May 24 19:48:22 2019
parameters:
0.051044676920685594, -100.0, 20, 
objectives:
-119.99739444095806, -76.2015731486408, 9981.002605559042, 

parameters:
1.6877439636572522, -0.6531396998432086, 1.5654260461602674, 
objectives:
0.6299139408580163, 1.0097901785495422, 2.709645108212502, 

parameters:
-0.09310337269809921, -0.38187417318528993, 20, 
objectives:
-20.37320593517753, 23.999207555614866, -18.84550387784629, 

parameters:
1.9973066371654076, -100, 0, 
objectives:
-96.01076619713501, -99.99999274579665, 10004.989233802866, 

parameters:
1.437435755941132, -30.203138617244235, 13.644551700423554, 
objectives:
-41.78146876520974, -16.242108388127157, 901.6512521845045, 

parameters:
0.26552588607817684, -96.7188093056682, 1.5920759560929487, 
objectives:
-98.24038126558355, -92.11833289771036, 9354.006501546295, 

parameters:
1.6900112014552733, -92.88576865949172, 14.544875547020634, 
objectives:
-104.57450634546805, -78.24480005724787, 8617.077281778638, 

parameters:
-0.5296778932261548, -5.833541190213813, 13.149748871878591, 
objectives:
-18.702731391519904, 13.715477925141895, 22.161012616615096, 

parameters:
3.313058770447286, -57.28870000096081, 17.130355478075742, 
objectives:
-63.44269706259887, -38.43422118823653, 3276.841150738449, 

parameters:
0.8282765727019739, -65.70886313899524, 6.215011152263476, 
objectives:
-71.23783221037178, -58.120916196652736, 4313.125725947832, 

parameters:
0.44194337814587625, -44.60264118558159, 3.095981104803524, 
objectives:
-47.50330834089813, -39.07911964387458, 1987.4949335744225, 

parameters:
0.5459997425044327, -47.73913141646577, 18.274444733975777, 
objectives:
-65.71546043162664, -27.350569933692817, 2262.048339383428, 

parameters:
5.009427721995416, -38.00765499633744, 0, 
objectives:
-12.913288894441262, -28.950999782422926, 1470.6762044225109, 

parameters:
2.3405680721808526, -13.06054805467588, 3.538690778537849, 
objectives:
-11.120979932701337, -9.405870664349049, 173.51748361047248, 

parameters:
1.010249598475087, -77.77055939153375, 7.183224894203509, 
objectives:
-83.93318003451819, -69.60772864001152, 6043.097287429094, 

parameters:
-0.9871088288175373, -54.428877967751994, 2.2447989928767855, 
objectives:
-55.69929312069925, -43.26125981967552, 2962.232341675491, 

parameters:
2.52781039987664, -21.598669740199313, 19.26678669995531, 
objectives:
-34.47563102243012, -2.0532992220260624, 454.62557326397064, 

parameters:
1.2476722749433744, -39.50331004286112, 17.97687339523096, 
objectives:
-55.92349733242971, -20.96043964174129, 1545.0913170528438, 

parameters:
-1.0976248984462635, -23.305940934626086, 6.8088586496847245, 
objectives:
-28.910019166621638, -6.901802273467135, 538.5628046162844, 

parameters:
-0.7900733990386405, -80.8480089309404, 6.529182260326326, 
objectives:
-86.75297521539825, -66.53431709859105, 6531.49558181296, 

parameters:
1.6414739847034254, -99.55490034567376, 14.343226405837308, 
objectives:
-111.20368990905293, -85.08313303619201, 9900.529393273653, 

parameters:
1.6378425686591414, -15.374167019173044, 17.749099654288287, 
objectives:
-30.440738393749356, 2.506090640190653, 222.29844015885186, 

parameters:
-0.0302061791266921, -55.26327805055713, 6.2523141401921976, 
objectives:
-61.5146797774919, -44.88922678060074, 3048.778499166255, 

parameters:
-2.0026257305770425, -85.52020775735832, 5.690631832629055, 
objectives:
-87.20032977321814, -63.80856318565186, 7313.025812845871, 

parameters:
1.6259783104991596, -70.01584095826959, 15.707085842158012, 
objectives:
-83.0791213342139, -54.16886289189452, 4890.154704717757, 

parameters:
3.3320838791639833, -87.89554596944237, 0, 
objectives:
-76.79276299165787, -86.1210985083138, 7737.72978424414, 

parameters:
-1.4324133021832894, -94.34071687760672, 19.991348309118052, 
objectives:
-112.28025731845314, -62.56790749148388, 8883.231320539902, 

parameters:
0.8475271637163451, -74.00401615018409, 20, 
objectives:
-93.28571385694701, -52.6758225118124, 5458.3127086499435, 

parameters:
0.3764324069205473, -88.62755974836112, 0.897333443169397, 
objectives:
-89.38319183455053, -85.09425457589391, 7855.088714863131, 

parameters:
-1.23358918857341, -74.8294791610093, 4.358542868916071, 
objectives:
-77.66627974376017, -60.01483725163438, 5597.614150925175, 

parameters:
0.03746723017731535, -68.18450272153967, 2.0771872840230903, 
objectives:
-70.26028621222561, -62.25578056488869, 4648.050627892965, 

parameters:
2.9925335363873837, -73.05938480656434, 6.229706815511236, 
objectives:
-70.33383465567239, -65.84455517019946, 5341.399258464536, 

