Generation 256 at Fri May 24 19:55:17 2019
parameters:
0, 0.0, 20.0, 
objectives:
-20.0, 24.0, -19.0, 

parameters:
0, 0.0, 20.0, 
objectives:
-20.0, 24.0, -19.0, 

parameters:
1.9979647189482492, 0.0, 20.0, 
objectives:
-16.008136981838042, 20.000004142368958, -15.008136981838044, 

parameters:
1.7442195990060807, 0.0, 20.0, 
objectives:
-16.957697990443066, 20.06542361353261, -15.957697990443068, 

parameters:
0.9181691525064757, 0.0, 20.0, 
objectives:
-19.15696540738554, 21.170357982588556, -18.15696540738554, 

parameters:
1.8458728390924775, 0.0, 20.0, 
objectives:
-16.592753461900678, 20.023755181729413, -15.592753461900678, 

parameters:
1.1297046301382683, 0.0, 20.0, 
objectives:
-18.723767448644157, 20.757414030802767, -17.72376744864416, 

parameters:
1.9523969186400576, 0.0, 20.0, 
objectives:
-16.188146272084808, 20.002266053354962, -15.188146272084808, 

parameters:
1.882061341288841, 0.0, 20.0, 
objectives:
-16.45784510762605, 20.013909527218587, -15.45784510762605, 

parameters:
0.8370859524609026, 0.0, 20.0, 
objectives:
-19.299287108192622, 21.352369081963765, -18.299287108192622, 

parameters:
1.2816016118036495, 0.0, 20.0, 
objectives:
-18.35749730862229, 20.516096244163116, -17.35749730862229, 

parameters:
1.3563697289256287, 0.0, 20.0, 
objectives:
-18.160261158454215, 20.414259925843268, -17.160261158454215, 

parameters:
0.1552839626100737, 0.0, 20.0, 
objectives:
-19.97588689095611, 23.402977258603592, -18.97588689095611, 

parameters:
0.560781344941827, 0.0, 20.0, 
objectives:
-19.685524283165236, 22.071350337067457, -18.685524283165236, 

parameters:
0.49131023123902784, 0.0, 20.0, 
objectives:
-19.758614256679852, 22.276144818364035, -18.758614256679852, 

parameters:
0.7741559458512026, 0.0, 20.0, 
objectives:
-19.40068257150323, 21.50269364509196, -18.40068257150323, 

parameters:
1.4573422270475125, 0.0, 20.0, 
objectives:
-17.876153633264195, 20.294477458545753, -16.876153633264195, 

parameters:
0.6390046734243106, 0.0, 20.0, 
objectives:
-19.59167302734189, 21.85230827896087, -18.59167302734189, 

parameters:
0.7016817063009615, 0.0, 20.0, 
objectives:
-19.50764278304257, 21.685630391753584, -18.50764278304257, 

parameters:
0.26759456241139945, 0.0, 20.0, 
objectives:
-19.928393150167853, 23.00122860018655, -18.928393150167853, 

parameters:
1.0226927276470907, 0.0, 20.0, 
objectives:
-18.954099584817754, 20.955129504593884, -17.954099584817754, 

parameters:
1.5064423583081834, 0.0, 20.0, 
objectives:
-17.730631421094877, 20.243599145672388, -16.730631421094877, 

parameters:
1.398195737035985, 0.0, 20.0, 
objectives:
-18.0450486809344, 20.362168370921662, -17.0450486809344, 

parameters:
1.6850472054943146, 0.0, 20.0, 
objectives:
-17.1606159152558, 20.09919526276694, -16.1606159152558, 

parameters:
1.1874094287581225, 0.0, 20.0, 
objectives:
-18.59005884849631, 20.6603034364712, -17.59005884849631, 

parameters:
1.035816869337459, 0.0, 20.0, 
objectives:
-18.927083413195945, 20.929649109454218, -17.927083413195945, 

parameters:
0.0898025723868909, 0.0, 20.0, 
objectives:
-19.991935497992696, 23.64885421245974, -18.991935497992696, 

parameters:
1.5564983381440585, 0.0, 20.0, 
objectives:
-17.577312923354786, 20.196693724068982, -16.577312923354786, 

parameters:
0.40844967466098736, 0.0, 20.0, 
objectives:
-19.833168863269332, 22.533032438086718, -18.833168863269332, 

parameters:
0.3163506638413911, 0.0, 20.0, 
objectives:
-19.899922257487113, 22.834675087147325, -18.899922257487113, 

parameters:
1.6155784072493264, 0.0, 20.0, 
objectives:
-17.38990641002973, 20.147779960972965, -16.38990641002973, 

parameters:
0.3774044190907279, 0.0, 20.0, 
objectives:
-19.85756590445079, 22.632816419186298, -18.85756590445079, 

parameters:
1.5896828784284496, 0.0, 20.0, 
objectives:
-17.47290834603144, 20.168360140254762, -16.47290834603144, 

parameters:
1.2343676237860337, 0.0, 20.0, 
objectives:
-18.47633656934882, 20.586192935507043, -17.47633656934882, 

parameters:
1.2380588825504426, 0.0, 20.0, 
objectives:
-18.46721020333795, 20.58055426646028, -17.46721020333795, 

parameters:
1.6518431671943365, 0.0, 20.0, 
objectives:
-17.271414150993383, 20.121213180229272, -16.271414150993383, 

parameters:
1.6540033923761737, 0.0, 20.0, 
objectives:
-17.26427277800811, 20.119713652487196, -16.26427277800811, 

parameters:
0, 0.0, 20.0, 
objectives:
-20.0, 24.0, -19.0, 

