Generation 2560 at Fri May 24 19:48:22 2019
parameters:
0.051044676920685594, -100.0, 20, 
objectives:
-119.99739444095806, -76.2015731486408, 9981.002605559042, 

parameters:
1.6877439636572522, -0.6531396998432086, 1.5654260461602674, 
objectives:
0.6299139408580163, 1.0097901785495422, 2.709645108212502, 

parameters:
-0.09310337269809921, -0.38187417318528993, 20, 
objectives:
-20.37320593517753, 23.999207555614866, -18.84550387784629, 

parameters:
1.9973066371654076, -100, 0, 
objectives:
-96.01076619713501, -99.99999274579665, 10004.989233802866, 

parameters:
1.010249598475087, -77.77055939153375, 7.183224894203509, 
objectives:
-83.93318003451819, -69.60772864001152, 6043.097287429094, 

parameters:
1.1615079394370378, -88.73694546168242, 1.2886069192158462, 
objectives:
-88.676451687523, -86.74526960683946, 7875.3059836437615, 

parameters:
1.558134823801679, -59.29560613657568, 20, 
objectives:
-76.86782200743218, -39.1003613026389, 3499.3966912330548, 

parameters:
0.5459997425044327, -47.73913141646577, 18.274444733975777, 
objectives:
-65.71546043162664, -27.350569933692817, 2262.048339383428, 

parameters:
1.437435755941132, -30.203138617244235, 13.644551700423554, 
objectives:
-41.78146876520974, -16.242108388127157, 901.6512521845045, 

parameters:
1.7533662167007666, -63.92686795890204, 20.0, 
objectives:
-80.85257486903447, -43.866039735837546, 4070.7187401247634, 

parameters:
0.26552588607817684, -96.7188093056682, 1.5920759560929487, 
objectives:
-98.24038126558355, -92.11833289771036, 9354.006501546295, 

parameters:
-1.4324133021832894, -94.34071687760672, 19.991348309118052, 
objectives:
-112.28025731845314, -62.56790749148388, 8883.231320539902, 

parameters:
0.8282765727019739, -65.70886313899524, 6.215011152263476, 
objectives:
-71.23783221037178, -58.120916196652736, 4313.125725947832, 

parameters:
1.0336304701807637, -81.96266312588178, 0, 
objectives:
-80.89427117699567, -81.02879305771873, 6719.946538635667, 

parameters:
-2.0026257305770425, -85.52020775735832, 5.690631832629055, 
objectives:
-87.20032977321814, -63.80856318565186, 7313.025812845871, 

parameters:
2.3405680721808526, -13.06054805467588, 3.538690778537849, 
objectives:
-11.120979932701337, -9.405870664349049, 173.51748361047248, 

parameters:
1.6378425686591414, -15.374167019173044, 17.749099654288287, 
objectives:
-30.440738393749356, 2.506090640190653, 222.29844015885186, 

parameters:
-0.12258532844415182, -50.90303353232816, 9.224115420949309, 
objectives:
-60.11212179052771, -37.173549634852485, 2582.9097345351256, 

parameters:
1.0139887381877408, -55.09079603687802, 1.7850242602147512, 
objectives:
-55.84764713592121, -52.33355356824266, 3035.2389568778517, 

parameters:
0.8475271637163451, -74.00401615018409, 20, 
objectives:
-93.28571385694701, -52.6758225118124, 5458.3127086499435, 

parameters:
-0.5296778932261548, -5.833541190213813, 13.149748871878591, 
objectives:
-18.702731391519904, 13.715477925141895, 22.161012616615096, 

parameters:
1.6900112014552733, -92.88576865949172, 14.544875547020634, 
objectives:
-104.57450634546805, -78.24480005724787, 8617.077281778638, 

parameters:
5.009427721995416, -38.00765499633744, 0, 
objectives:
-12.913288894441262, -28.950999782422926, 1470.6762044225109, 

parameters:
1.6259783104991596, -70.01584095826959, 15.707085842158012, 
objectives:
-83.0791213342139, -54.16886289189452, 4890.154704717757, 

parameters:
-1.3107002183594851, -19.791185822338747, 20, 
objectives:
-38.07325075993114, 11.169550113506794, 374.40897131674984, 

parameters:
-1.6826130006590467, -91.1468262563738, 20, 
objectives:
-108.31563974638696, -57.585187743750765, 8291.575123119579, 

parameters:
0.14638224814770778, -40.93103994030467, 3.2714390806655853, 
objectives:
-44.18105125839748, -34.22370208965714, 1673.1000192767233, 

parameters:
1.69656258581273, -41.40572864721188, 13.733926208454122, 
objectives:
-52.26133024808642, -27.5797281744291, 1704.578763205668, 

parameters:
1.2476722749433744, -39.50331004286112, 17.97687339523096, 
objectives:
-55.92349733242971, -20.96043964174129, 1545.0913170528438, 

parameters:
2.1815515524942137, -98.16966985300317, 2.6507857369279564, 
objectives:
-96.06128841374121, -95.48592314986216, 9640.3924604869, 

parameters:
2.52781039987664, -21.598669740199313, 19.26678669995531, 
objectives:
-34.47563102243012, -2.0532992220260624, 454.62557326397064, 

parameters:
0.4420496066032227, -23.24291881531705, 9.72522952981595, 
objectives:
-32.772740490434934, -11.090479857215927, 531.7034533803015, 

