Generation 2562 at Fri May 24 19:48:22 2019
parameters:
1.6877439636572522, -0.6531396998432086, 1.5654260461602674, 
objectives:
0.6299139408580163, 1.0097901785495422, 2.709645108212502, 

parameters:
0.051044676920685594, -100.0, 20, 
objectives:
-119.99739444095806, -76.2015731486408, 9981.002605559042, 

parameters:
-0.09310337269809921, -0.38187417318528993, 20, 
objectives:
-20.37320593517753, 23.999207555614866, -18.84550387784629, 

parameters:
1.9973066371654076, -100, 0, 
objectives:
-96.01076619713501, -99.99999274579665, 10004.989233802866, 

parameters:
2.3405680721808526, -13.06054805467588, 3.538690778537849, 
objectives:
-11.120979932701337, -9.405870664349049, 173.51748361047248, 

parameters:
1.437435755941132, -30.203138617244235, 13.644551700423554, 
objectives:
-41.78146876520974, -16.242108388127157, 901.6512521845045, 

parameters:
1.010249598475087, -77.77055939153375, 7.183224894203509, 
objectives:
-83.93318003451819, -69.60772864001152, 6043.097287429094, 

parameters:
-1.4324133021832894, -94.34071687760672, 19.991348309118052, 
objectives:
-112.28025731845314, -62.56790749148388, 8883.231320539902, 

parameters:
1.6378425686591414, -15.374167019173044, 17.749099654288287, 
objectives:
-30.440738393749356, 2.506090640190653, 222.29844015885186, 

parameters:
0.8475271637163451, -74.00401615018409, 20, 
objectives:
-93.28571385694701, -52.6758225118124, 5458.3127086499435, 

parameters:
1.0336304701807637, -81.96266312588178, 0, 
objectives:
-80.89427117699567, -81.02879305771873, 6719.946538635667, 

parameters:
-2.0026257305770425, -85.52020775735832, 5.690631832629055, 
objectives:
-87.20032977321814, -63.80856318565186, 7313.025812845871, 

parameters:
0.26552588607817684, -96.7188093056682, 1.5920759560929487, 
objectives:
-98.24038126558355, -92.11833289771036, 9354.006501546295, 

parameters:
-1.6826130006590467, -91.1468262563738, 20, 
objectives:
-108.31563974638696, -57.585187743750765, 8291.575123119579, 

parameters:
0.14638224814770778, -40.93103994030467, 3.2714390806655853, 
objectives:
-44.18105125839748, -34.22370208965714, 1673.1000192767233, 

parameters:
1.1615079394370378, -88.73694546168242, 1.2886069192158462, 
objectives:
-88.676451687523, -86.74526960683946, 7875.3059836437615, 

parameters:
2.5584242572460147, -79.12862262151017, 3.3806098763531387, 
objectives:
-75.96369781779849, -75.43617509407628, 6265.503842781083, 

parameters:
-1.3107002183594851, -19.791185822338747, 20, 
objectives:
-38.07325075993114, 11.169550113506794, 374.40897131674984, 

parameters:
1.6900112014552733, -92.88576865949172, 14.544875547020634, 
objectives:
-104.57450634546805, -78.24480005724787, 8617.077281778638, 

parameters:
0.8282765727019739, -65.70886313899524, 6.215011152263476, 
objectives:
-71.23783221037178, -58.120916196652736, 4313.125725947832, 

parameters:
-0.12258532844415182, -50.90303353232816, 9.224115420949309, 
objectives:
-60.11212179052771, -37.173549634852485, 2582.9097345351256, 

parameters:
1.6259783104991596, -70.01584095826959, 15.707085842158012, 
objectives:
-83.0791213342139, -54.16886289189452, 4890.154704717757, 

parameters:
5.009427721995416, -38.00765499633744, 0, 
objectives:
-12.913288894441262, -28.950999782422926, 1470.6762044225109, 

parameters:
2.308157358478899, -60.679859129956306, 12.183018973702291, 
objectives:
-67.53528771215831, -48.40187919866933, 3676.18987544914, 

parameters:
-0.046264290819378245, 1.2700911135302873, 17.80291276859854, 
objectives:
-16.53068127046323, 23.260201430011357, -15.187640947324914, 

parameters:
0.4580696495639347, -12.98903742691001, 20, 
objectives:
-32.779209623058385, 9.388511778685878, 149.9249210815206, 

parameters:
1.558134823801679, -59.29560613657568, 20, 
objectives:
-76.86782200743218, -39.1003613026389, 3499.3966912330548, 

parameters:
0.2710580371257163, -5.2301619508382515, 14.579175500223599, 
objectives:
-19.735864991571404, 12.338253860372928, 13.848890991263033, 

parameters:
1.2476722749433744, -39.50331004286112, 17.97687339523096, 
objectives:
-55.92349733242971, -20.96043964174129, 1545.0913170528438, 

parameters:
1.69656258581273, -41.40572864721188, 13.733926208454122, 
objectives:
-52.26133024808642, -27.5797281744291, 1704.578763205668, 

parameters:
0.9787066040128687, -46.67071020597484, 19.29233794896244, 
objectives:
-65.00518153819888, -26.335332056325477, 2160.8207197978604, 

parameters:
1.0139887381877408, -55.09079603687802, 1.7850242602147512, 
objectives:
-55.84764713592121, -52.33355356824266, 3035.2389568778517, 

parameters:
2.780798678988415, -96.48163334677199, 0, 
objectives:
-88.74879205370827, -95.87198676966193, 9317.438414554008, 

parameters:
1.7533662167007666, -63.92686795890204, 20.0, 
objectives:
-80.85257486903447, -43.866039735837546, 4070.7187401247634, 

parameters:
2.1815515524942137, -98.16966985300317, 2.6507857369279564, 
objectives:
-96.06128841374121, -95.48592314986216, 9640.3924604869, 

parameters:
-1.0376239174774442, -59.46687266924593, 5.142247634074285, 
objectives:
-63.53245690919898, -45.09746597114063, 3533.243360820355, 

parameters:
3.4198302308114106, -87.28640625923596, 7.162997765755006, 
objectives:
-82.75416521741934, -78.10749060915497, 7624.448958694204, 

parameters:
-1.1129667662765963, -53.71072276717052, 0, 
objectives:
-52.47202774433434, -44.020160679227956, 2887.080435194686, 

parameters:
0.4023807994907064, -64.40921981429082, 1.6091443798444824, 
objectives:
-65.85645388633652, -60.24768832461039, 4148.100363013588, 

parameters:
0.5459997425044327, -47.73913141646577, 18.274444733975777, 
objectives:
-65.71546043162664, -27.350569933692817, 2262.048339383428, 

