Generation 2567 at Fri May 24 19:48:22 2019
parameters:
0.051044676920685594, -100.0, 20, 
objectives:
-119.99739444095806, -76.2015731486408, 9981.002605559042, 

parameters:
1.6877439636572522, -0.6531396998432086, 1.5654260461602674, 
objectives:
0.6299139408580163, 1.0097901785495422, 2.709645108212502, 

parameters:
-0.09310337269809921, -0.38187417318528993, 20, 
objectives:
-20.37320593517753, 23.999207555614866, -18.84550387784629, 

parameters:
1.9973066371654076, -100, 0, 
objectives:
-96.01076619713501, -99.99999274579665, 10004.989233802866, 

parameters:
0.26552588607817684, -96.7188093056682, 1.5920759560929487, 
objectives:
-98.24038126558355, -92.11833289771036, 9354.006501546295, 

parameters:
1.9892841877601617, -88.6905216758082, 6.677106775628036, 
objectives:
-91.41037687176363, -82.0133000715482, 7864.288779931048, 

parameters:
-1.4324133021832894, -94.34071687760672, 19.991348309118052, 
objectives:
-112.28025731845314, -62.56790749148388, 8883.231320539902, 

parameters:
0.22007353087191883, -21.032403397070006, 13.080549323809297, 
objectives:
-34.06452036188887, -4.783715837757949, 430.3298756922631, 

parameters:
1.6378425686591414, -15.374167019173044, 17.749099654288287, 
objectives:
-30.440738393749356, 2.506090640190653, 222.29844015885186, 

parameters:
0.2710580371257163, -5.2301619508382515, 14.579175500223599, 
objectives:
-19.735864991571404, 12.338253860372928, 13.848890991263033, 

parameters:
2.308157358478899, -60.679859129956306, 12.183018973702291, 
objectives:
-67.53528771215831, -48.40187919866933, 3676.18987544914, 

parameters:
2.7136899965496513, -82.98096141575934, 3.6458005661408635, 
objectives:
-79.26264858452656, -78.82580743844343, 6890.558270314973, 

parameters:
1.437435755941132, -30.203138617244235, 13.644551700423554, 
objectives:
-41.78146876520974, -16.242108388127157, 901.6512521845045, 

parameters:
-2.485911567906163, -77.55066183392896, 2.1365569122623915, 
objectives:
-73.50746242274167, -55.29070232659224, 6019.148350291592, 

parameters:
0.8282765727019739, -65.70886313899524, 6.215011152263476, 
objectives:
-71.23783221037178, -58.120916196652736, 4313.125725947832, 

parameters:
2.3405680721808526, -13.06054805467588, 3.538690778537849, 
objectives:
-11.120979932701337, -9.405870664349049, 173.51748361047248, 

parameters:
-1.6826130006590467, -91.1468262563738, 20, 
objectives:
-108.31563974638696, -57.585187743750765, 8291.575123119579, 

parameters:
-2.0026257305770425, -85.52020775735832, 5.690631832629055, 
objectives:
-87.20032977321814, -63.80856318565186, 7313.025812845871, 

parameters:
4.4743033681093936, -59.23775467256845, 12.441164160979497, 
objectives:
-51.659528203672885, -40.67441335415146, 3517.6898051163007, 

parameters:
3.2250362399032406, -34.01776786702504, 20, 
objectives:
-43.61690911833581, -12.517054077948771, 1148.6093894034907, 

parameters:
2.067892882201507, -44.806664143385504, 7.399880236860248, 
objectives:
-47.9303634079861, -37.40217446307163, 2005.5134523935476, 

parameters:
3.1104461277005484, -69.48834898655565, 0, 
objectives:
-59.81347387322831, -68.25525838403051, 4839.305519990677, 

parameters:
0.8475271637163451, -74.00401615018409, 20, 
objectives:
-93.28571385694701, -52.6758225118124, 5458.3127086499435, 

parameters:
-1.62624886200354, -49.36646842121074, 16.217084263051714, 
objectives:
-62.93886732309464, -19.999703348977054, 2424.4758054805134, 

parameters:
-0.046264290819378245, 1.2700911135302873, 17.80291276859854, 
objectives:
-16.53068127046323, 23.260201430011357, -15.187640947324914, 

parameters:
1.2305550974459263, -100, 5.581768609469999, 
objectives:
-104.06750276161985, -93.82618593246355, 9996.93249723838, 

parameters:
1.2476722749433744, -39.50331004286112, 17.97687339523096, 
objectives:
-55.92349733242971, -20.96043964174129, 1545.0913170528438, 

parameters:
1.69656258581273, -41.40572864721188, 13.733926208454122, 
objectives:
-52.26133024808642, -27.5797281744291, 1704.578763205668, 

parameters:
-0.4347104002527117, -81.15986506311634, 5.489240421166505, 
objectives:
-86.46013235219498, -69.74280990885113, 6582.623429774174, 

parameters:
-0.17654111173724152, -53.04242651665583, 13.41770417880883, 
objectives:
-66.42896393133124, -34.88739112676461, 2801.112473360158, 

parameters:
1.1522782646145502, -81.42903132849516, 5.0514066193060385, 
objectives:
-85.15269274869807, -75.6589925685442, 6627.963481676843, 

parameters:
2.928279822742697, -56.04186931569552, 1.020223410453465, 
objectives:
-48.48727000586699, -54.15994247593084, 3149.2457157073236, 

parameters:
3.3396472342346835, -52.373789782907124, 20, 
objectives:
-61.220546133775755, -30.579135070714486, 2735.1670998732784, 

parameters:
5.009427721995416, -38.00765499633744, 0, 
objectives:
-12.913288894441262, -28.950999782422926, 1470.6762044225109, 

parameters:
0.08835857800317504, -70.70568402593662, 14.743871261786612, 
objectives:
-85.44174804941649, -52.307439837855966, 4985.557689552109, 

