Generation 257 at Fri May 24 19:55:17 2019
parameters:
0, 0.0, 20.0, 
objectives:
-20.0, 24.0, -19.0, 

parameters:
0, 0.0, 20.0, 
objectives:
-20.0, 24.0, -19.0, 

parameters:
1.9979647189482492, 0.0, 20.0, 
objectives:
-16.008136981838042, 20.000004142368958, -15.008136981838044, 

parameters:
1.7442195990060807, 0.0, 20.0, 
objectives:
-16.957697990443066, 20.06542361353261, -15.957697990443068, 

parameters:
1.8458728390924775, 0.0, 20.0, 
objectives:
-16.592753461900678, 20.023755181729413, -15.592753461900678, 

parameters:
1.6850472054943146, 0.0, 20.0, 
objectives:
-17.1606159152558, 20.09919526276694, -16.1606159152558, 

parameters:
1.1874094287581225, 0.0, 20.0, 
objectives:
-18.59005884849631, 20.6603034364712, -17.59005884849631, 

parameters:
1.9523969186400576, 0.0, 20.0, 
objectives:
-16.188146272084808, 20.002266053354962, -15.188146272084808, 

parameters:
1.1297046301382683, 0.0, 20.0, 
objectives:
-18.723767448644157, 20.757414030802767, -17.72376744864416, 

parameters:
0.40844967466098736, 0.0, 20.0, 
objectives:
-19.833168863269332, 22.533032438086718, -18.833168863269332, 

parameters:
1.882061341288841, 0.0, 20.0, 
objectives:
-16.45784510762605, 20.013909527218587, -15.45784510762605, 

parameters:
0.8370859524609026, 0.0, 20.0, 
objectives:
-19.299287108192622, 21.352369081963765, -18.299287108192622, 

parameters:
1.6081002064696617, 0.0, 20.0, 
objectives:
-17.41401372595223, 20.15358544816912, -16.41401372595223, 

parameters:
0.49131023123902784, 0.0, 20.0, 
objectives:
-19.758614256679852, 22.276144818364035, -18.758614256679852, 

parameters:
0.7741559458512026, 0.0, 20.0, 
objectives:
-19.40068257150323, 21.50269364509196, -18.40068257150323, 

parameters:
1.2816016118036495, 0.0, 20.0, 
objectives:
-18.35749730862229, 20.516096244163116, -17.35749730862229, 

parameters:
0.7016817063009615, 0.0, 20.0, 
objectives:
-19.50764278304257, 21.685630391753584, -18.50764278304257, 

parameters:
0.9181691525064757, 0.0, 20.0, 
objectives:
-19.15696540738554, 21.170357982588556, -18.15696540738554, 

parameters:
1.398195737035985, 0.0, 20.0, 
objectives:
-18.0450486809344, 20.362168370921662, -17.0450486809344, 

parameters:
0.3163506638413911, 0.0, 20.0, 
objectives:
-19.899922257487113, 22.834675087147325, -18.899922257487113, 

parameters:
1.3563697289256287, 0.0, 20.0, 
objectives:
-18.160261158454215, 20.414259925843268, -17.160261158454215, 

parameters:
1.5064423583081834, 0.0, 20.0, 
objectives:
-17.730631421094877, 20.243599145672388, -16.730631421094877, 

parameters:
0.9623957818241105, 0.0, 20.0, 
objectives:
-19.07379435912716, 21.0766225135764, -18.07379435912716, 

parameters:
0.6390046734243106, 0.0, 20.0, 
objectives:
-19.59167302734189, 21.85230827896087, -18.59167302734189, 

parameters:
0.1552839626100737, 0.0, 20.0, 
objectives:
-19.97588689095611, 23.402977258603592, -18.97588689095611, 

parameters:
1.0411693686416463, 0.0, 20.0, 
objectives:
-18.915966345802357, 20.91935617963106, -17.915966345802357, 

parameters:
1.5564983381440585, 0.0, 20.0, 
objectives:
-17.577312923354786, 20.196693724068982, -16.577312923354786, 

parameters:
1.302251767114702, 0.0, 20.0, 
objectives:
-18.304140335046636, 20.486852596494558, -17.304140335046636, 

parameters:
0.560781344941827, 0.0, 20.0, 
objectives:
-19.685524283165236, 22.071350337067457, -18.685524283165236, 

parameters:
1.4573422270475125, 0.0, 20.0, 
objectives:
-17.876153633264195, 20.294477458545753, -16.876153633264195, 

parameters:
1.0226927276470907, 0.0, 20.0, 
objectives:
-18.954099584817754, 20.955129504593884, -17.954099584817754, 

parameters:
0.5864134774685162, 0.0, 20.0, 
objectives:
-19.65611923344328, 21.998226856682653, -18.65611923344328, 

parameters:
0.0898025723868909, 0.0, 20.0, 
objectives:
-19.991935497992696, 23.64885421245974, -18.991935497992696, 

parameters:
0.23836183071677622, 0.0, 20.0, 
objectives:
-19.94318363765735, 23.10336903947555, -18.94318363765735, 

parameters:
1.5774559558789405, 0.0, 20.0, 
objectives:
-17.51163270726206, 20.17854346922218, -16.51163270726206, 

parameters:
0.0014551768146910636, 0.0, 20.0, 
objectives:
-19.999997882460438, 23.9941814102808, -18.999997882460438, 

parameters:
1.4670708795504155, 0.0, 20.0, 
objectives:
-17.847703034375172, 20.284013447423167, -16.847703034375172, 

parameters:
0.26759456241139945, 0.0, 20.0, 
objectives:
-19.928393150167853, 23.00122860018655, -18.928393150167853, 

parameters:
0.09881482482787397, 0.0, 20.0, 
objectives:
-19.99023563039424, 23.614505070294268, -18.99023563039424, 

parameters:
0.24350850527645496, 0.0, 20.0, 
objectives:
-19.940703607858026, 23.085262371036155, -18.940703607858026, 

parameters:
1.035816869337459, 0.0, 20.0, 
objectives:
-18.927083413195945, 20.929649109454218, -17.927083413195945, 

parameters:
0, 0.0, 20.0, 
objectives:
-20.0, 24.0, -19.0, 

