Generation 2571 at Fri May 24 19:48:22 2019
parameters:
0.051044676920685594, -100.0, 20, 
objectives:
-119.99739444095806, -76.2015731486408, 9981.002605559042, 

parameters:
1.6877439636572522, -0.6531396998432086, 1.5654260461602674, 
objectives:
0.6299139408580163, 1.0097901785495422, 2.709645108212502, 

parameters:
-0.09310337269809921, -0.38187417318528993, 20, 
objectives:
-20.37320593517753, 23.999207555614866, -18.84550387784629, 

parameters:
1.9973066371654076, -100, 0, 
objectives:
-96.01076619713501, -99.99999274579665, 10004.989233802866, 

parameters:
1.437435755941132, -30.203138617244235, 13.644551700423554, 
objectives:
-41.78146876520974, -16.242108388127157, 901.6512521845045, 

parameters:
0.8282765727019739, -65.70886313899524, 6.215011152263476, 
objectives:
-71.23783221037178, -58.120916196652736, 4313.125725947832, 

parameters:
-1.6826130006590467, -91.1468262563738, 20, 
objectives:
-108.31563974638696, -57.585187743750765, 8291.575123119579, 

parameters:
-1.4324133021832894, -94.34071687760672, 19.991348309118052, 
objectives:
-112.28025731845314, -62.56790749148388, 8883.231320539902, 

parameters:
0.26552588607817684, -96.7188093056682, 1.5920759560929487, 
objectives:
-98.24038126558355, -92.11833289771036, 9354.006501546295, 

parameters:
0.22007353087191883, -21.032403397070006, 13.080549323809297, 
objectives:
-34.06452036188887, -4.783715837757949, 430.3298756922631, 

parameters:
3.1104461277005484, -69.48834898655565, 0, 
objectives:
-59.81347387322831, -68.25525838403051, 4839.305519990677, 

parameters:
-0.3829740971855178, -75.77773235827209, 3.0354856733736586, 
objectives:
-78.66654887253068, -67.0636811370413, 5740.375904847658, 

parameters:
1.9892841877601617, -88.6905216758082, 6.677106775628036, 
objectives:
-91.41037687176363, -82.0133000715482, 7864.288779931048, 

parameters:
1.2476722749433744, -39.50331004286112, 17.97687339523096, 
objectives:
-55.92349733242971, -20.96043964174129, 1545.0913170528438, 

parameters:
2.308157358478899, -60.679859129956306, 12.183018973702291, 
objectives:
-67.53528771215831, -48.40187919866933, 3676.18987544914, 

parameters:
3.756501701151098, -57.117319942567306, 1.9075012898928336, 
objectives:
-44.913516201709044, -52.124520426527766, 3275.592041162455, 

parameters:
1.69656258581273, -41.40572864721188, 13.733926208454122, 
objectives:
-52.26133024808642, -27.5797281744291, 1704.578763205668, 

parameters:
-0.17654111173724152, -53.04242651665583, 13.41770417880883, 
objectives:
-66.42896393133124, -34.88739112676461, 2801.112473360158, 

parameters:
2.640935893903679, -3.629521591882506, 11.942846955302409, 
objectives:
-8.597826151476092, 8.72412418351401, 9.205122426347733, 

parameters:
2.067892882201507, -44.806664143385504, 7.399880236860248, 
objectives:
-47.9303634079861, -37.40217446307163, 2005.5134523935476, 

parameters:
-2.0026257305770425, -85.52020775735832, 5.690631832629055, 
objectives:
-87.20032977321814, -63.80856318565186, 7313.025812845871, 

parameters:
0.331536013048976, -0.37880392794559115, 18.74601066110663, 
objectives:
-19.01489846110381, 21.150978808913546, -17.492602117331213, 

parameters:
-1.62624886200354, -49.36646842121074, 16.217084263051714, 
objectives:
-62.93886732309464, -19.999703348977054, 2424.4758054805134, 

parameters:
-1.2848006303049129, -97.12563789258641, 5.431364917508043, 
objectives:
-100.90629015046255, -80.90435779422681, 9430.608883783942, 

parameters:
-0.5799723957068956, -99.34113213086454, 19.991551515577758, 
objectives:
-118.9963156666603, -72.6933230526772, 9850.005349506091, 

parameters:
1.6378425686591414, -15.374167019173044, 17.749099654288287, 
objectives:
-30.440738393749356, 2.506090640190653, 222.29844015885186, 

parameters:
1.8566512574889058, -86.85372482896734, 7.73198603870875, 
objectives:
-91.13855697574097, -79.10118992827908, 7540.284684519205, 

parameters:
-0.4347104002527117, -81.15986506311634, 5.489240421166505, 
objectives:
-86.46013235219498, -69.74280990885113, 6582.623429774174, 

parameters:
-1.3695586256465477, -18.813074048867854, 18.01153338042583, 
objectives:
-34.94891660021082, 10.552384663227027, 338.7959126168422, 

parameters:
2.985041548173764, -80.19343929178648, 8.731661680249466, 
objectives:
-80.01462792771233, -70.49147075990845, 6432.166516809517, 

parameters:
-1.3199772544855888, -59.528463089996016, 7.0633130146093155, 
objectives:
-64.84943615224601, -41.442901105085035, 3539.316944794768, 

parameters:
0.5426539626699638, -9.768730074033089, 16.160262205256934, 
objectives:
-25.63451895608861, 8.515389603745405, 80.562298377263, 

parameters:
0.2710580371257163, -5.2301619508382515, 14.579175500223599, 
objectives:
-19.735864991571404, 12.338253860372928, 13.848890991263033, 

parameters:
1.6070614515028594, -77.30591550900567, 4.81934518569993, 
objectives:
-79.54261418579912, -72.3321696204107, 5974.967874008731, 

parameters:
4.4743033681093936, -59.23775467256845, 12.441164160979497, 
objectives:
-51.659528203672885, -40.67441335415146, 3517.6898051163007, 

parameters:
-1.892010576742801, -11.614553746475362, 17.856020752764945, 
objectives:
-25.89087047673368, 21.389213335767415, 121.62154199950655, 

parameters:
3.896089096812787, -80.46205312316411, 18.848034093090313, 
objectives:
-84.13057696595095, -58.01886516702147, 6471.473468952097, 

