Generation 2573 at Fri May 24 19:48:22 2019
parameters:
0.051044676920685594, -100.0, 20, 
objectives:
-119.99739444095806, -76.2015731486408, 9981.002605559042, 

parameters:
1.6877439636572522, -0.6531396998432086, 1.5654260461602674, 
objectives:
0.6299139408580163, 1.0097901785495422, 2.709645108212502, 

parameters:
-0.09310337269809921, -0.38187417318528993, 20, 
objectives:
-20.37320593517753, 23.999207555614866, -18.84550387784629, 

parameters:
1.9973066371654076, -100, 0, 
objectives:
-96.01076619713501, -99.99999274579665, 10004.989233802866, 

parameters:
1.9892841877601617, -88.6905216758082, 6.677106775628036, 
objectives:
-91.41037687176363, -82.0133000715482, 7864.288779931048, 

parameters:
0.26552588607817684, -96.7188093056682, 1.5920759560929487, 
objectives:
-98.24038126558355, -92.11833289771036, 9354.006501546295, 

parameters:
2.640935893903679, -3.629521591882506, 11.942846955302409, 
objectives:
-8.597826151476092, 8.72412418351401, 9.205122426347733, 

parameters:
-1.6826130006590467, -91.1468262563738, 20, 
objectives:
-108.31563974638696, -57.585187743750765, 8291.575123119579, 

parameters:
-1.2783277090478349, -69.74339086391768, 20, 
objectives:
-88.1092691321982, -38.99595829600686, 4846.774690928916, 

parameters:
0.331536013048976, -0.37880392794559115, 18.74601066110663, 
objectives:
-19.01489846110381, 21.150978808913546, -17.492602117331213, 

parameters:
1.2476722749433744, -39.50331004286112, 17.97687339523096, 
objectives:
-55.92349733242971, -20.96043964174129, 1545.0913170528438, 

parameters:
1.69656258581273, -41.40572864721188, 13.733926208454122, 
objectives:
-52.26133024808642, -27.5797281744291, 1704.578763205668, 

parameters:
-1.3695586256465477, -18.813074048867854, 18.01153338042583, 
objectives:
-34.94891660021082, 10.552384663227027, 338.7959126168422, 

parameters:
-2.0026257305770425, -85.52020775735832, 5.690631832629055, 
objectives:
-87.20032977321814, -63.80856318565186, 7313.025812845871, 

parameters:
-1.2848006303049129, -97.12563789258641, 5.431364917508043, 
objectives:
-100.90629015046255, -80.90435779422681, 9430.608883783942, 

parameters:
-0.3829740971855178, -75.77773235827209, 3.0354856733736586, 
objectives:
-78.66654887253068, -67.0636811370413, 5740.375904847658, 

parameters:
2.985041548173764, -80.19343929178648, 8.731661680249466, 
objectives:
-80.01462792771233, -70.49147075990845, 6432.166516809517, 

parameters:
2.308157358478899, -60.679859129956306, 12.183018973702291, 
objectives:
-67.53528771215831, -48.40187919866933, 3676.18987544914, 

parameters:
-1.62624886200354, -49.36646842121074, 16.217084263051714, 
objectives:
-62.93886732309464, -19.999703348977054, 2424.4758054805134, 

parameters:
-1.4324133021832894, -94.34071687760672, 19.991348309118052, 
objectives:
-112.28025731845314, -62.56790749148388, 8883.231320539902, 

parameters:
-0.4347104002527117, -81.15986506311634, 5.489240421166505, 
objectives:
-86.46013235219498, -69.74280990885113, 6582.623429774174, 

parameters:
-0.5799723957068956, -99.34113213086454, 19.991551515577758, 
objectives:
-118.9963156666603, -72.6933230526772, 9850.005349506091, 

parameters:
-0.5971272377719125, -75.6171641196775, 20, 
objectives:
-95.26060318158838, -48.872094230500736, 5699.312070440331, 

parameters:
0.3566641142098348, -68.7103169496919, 3.6834302486717676, 
objectives:
-72.26653790799858, -62.326333867494384, 4718.551434368812, 

parameters:
-0.17654111173724152, -53.04242651665583, 13.41770417880883, 
objectives:
-66.42896393133124, -34.88739112676461, 2801.112473360158, 

parameters:
2.1623444351983214, -31.672431592688884, 0.2736303225092391, 
objectives:
-27.270328458764975, -31.372445554539784, 1008.5450261274808, 

parameters:
2.067892882201507, -44.806664143385504, 7.399880236860248, 
objectives:
-47.9303634079861, -37.40217446307163, 2005.5134523935476, 

parameters:
-0.5227327461056844, -12.546061094040382, 9.475977410730943, 
objectives:
-21.748788980920136, 3.2940968249644875, 149.200921088514, 

parameters:
3.5728648942485006, -58.455932309305226, 2.703558905656723, 
objectives:
-48.39412766240859, -53.27846942808916, 3428.157826796971, 

parameters:
0.8282765727019739, -65.70886313899524, 6.215011152263476, 
objectives:
-71.23783221037178, -58.120916196652736, 4313.125725947832, 

parameters:
-2.2335533145672404, -63.94439804470724, 10.624983865479301, 
objectives:
-69.58062150117223, -35.396440511944675, 4084.2498178434944, 

parameters:
3.756501701151098, -57.117319942567306, 1.9075012898928336, 
objectives:
-44.913516201709044, -52.124520426527766, 3275.592041162455, 

parameters:
-0.9629680547707065, -28.45574826440791, 13.736409784077471, 
objectives:
-41.2648505739765, -5.940158786738737, 797.9205069777851, 

parameters:
-0.9491851514069652, -28.203412031145167, 18.230078267667803, 
objectives:
-45.53253784716151, -1.2756407061980397, 779.1033243825277, 

parameters:
3.882691805959326, -27.98965357390251, 13.57484739238812, 
objectives:
-26.489205306226935, -10.870277745288002, 785.921155454749, 

parameters:
-0.40067534494809465, -21.68070633146319, 6.461506330672711, 
objectives:
-27.981671930086627, -9.455957888948824, 464.75206143252456, 

parameters:
3.1104461277005484, -69.48834898655565, 0, 
objectives:
-59.81347387322831, -68.25525838403051, 4839.305519990677, 

parameters:
0.48806453218088636, -0.24720103310224317, 0, 
objectives:
-0.008994045529295724, 2.038747825747159, 1.2993153383397638, 

parameters:
0.22007353087191883, -21.032403397070006, 13.080549323809297, 
objectives:
-34.06452036188887, -4.783715837757949, 430.3298756922631, 

parameters:
-0.7661943454459659, -93.1276907268676, 3.8568826053957843, 
objectives:
-96.39751955727, -81.61897696469458, 8670.4969512887, 

parameters:
1.6378425686591414, -15.374167019173044, 17.749099654288287, 
objectives:
-30.440738393749356, 2.506090640190653, 222.29844015885186, 

parameters:
1.437435755941132, -30.203138617244235, 13.644551700423554, 
objectives:
-41.78146876520974, -16.242108388127157, 901.6512521845045, 

parameters:
0.3612220096778387, -30.81382931964113, 11.464793458433356, 
objectives:
-42.148141437798785, -16.663442559643432, 939.1577652218176, 

parameters:
-0.8918852529737842, -57.34770620911068, 14.893480518969554, 
objectives:
-71.44572742360813, -34.09122537377388, 3275.661386231974, 

