Generation 2575 at Fri May 24 19:48:22 2019
parameters:
1.6877439636572522, -0.6531396998432086, 1.5654260461602674, 
objectives:
0.6299139408580163, 1.0097901785495422, 2.709645108212502, 

parameters:
0.051044676920685594, -100.0, 20, 
objectives:
-119.99739444095806, -76.2015731486408, 9981.002605559042, 

parameters:
-0.09310337269809921, -0.38187417318528993, 20, 
objectives:
-20.37320593517753, 23.999207555614866, -18.84550387784629, 

parameters:
1.9973066371654076, -100, 0, 
objectives:
-96.01076619713501, -99.99999274579665, 10004.989233802866, 

parameters:
2.640935893903679, -3.629521591882506, 11.942846955302409, 
objectives:
-8.597826151476092, 8.72412418351401, 9.205122426347733, 

parameters:
0.26552588607817684, -96.7188093056682, 1.5920759560929487, 
objectives:
-98.24038126558355, -92.11833289771036, 9354.006501546295, 

parameters:
-0.5971272377719125, -75.6171641196775, 20, 
objectives:
-95.26060318158838, -48.872094230500736, 5699.312070440331, 

parameters:
0.331536013048976, -0.37880392794559115, 18.74601066110663, 
objectives:
-19.01489846110381, 21.150978808913546, -17.492602117331213, 

parameters:
-1.3695586256465477, -18.813074048867854, 18.01153338042583, 
objectives:
-34.94891660021082, 10.552384663227027, 338.7959126168422, 

parameters:
-0.17654111173724152, -53.04242651665583, 13.41770417880883, 
objectives:
-66.42896393133124, -34.88739112676461, 2801.112473360158, 

parameters:
-0.8338551744336674, -38.27478641667995, 18.899324922089814, 
objectives:
-56.47879688683996, -11.344726344925665, 1447.755264772308, 

parameters:
0.2948092304444165, -64.9684152744426, 17.424269340555774, 
objectives:
-82.30577213264314, -44.636470373309265, 4204.557626414226, 

parameters:
1.9892841877601617, -88.6905216758082, 6.677106775628036, 
objectives:
-91.41037687176363, -82.0133000715482, 7864.288779931048, 

parameters:
-1.62624886200354, -49.36646842121074, 16.217084263051714, 
objectives:
-62.93886732309464, -19.999703348977054, 2424.4758054805134, 

parameters:
-2.0026257305770425, -85.52020775735832, 5.690631832629055, 
objectives:
-87.20032977321814, -63.80856318565186, 7313.025812845871, 

parameters:
2.1623444351983214, -31.672431592688884, 0.2736303225092391, 
objectives:
-27.270328458764975, -31.372445554539784, 1008.5450261274808, 

parameters:
-0.4783161815844299, -70.07313241942076, 7.960382249824055, 
objectives:
-77.8047282996793, -55.970699073693474, 4903.512291189419, 

parameters:
1.9444580722337261, -44.76556286309552, 20, 
objectives:
-60.98464566842062, -24.76247795735552, 1988.7365356444316, 

parameters:
-1.4324133021832894, -94.34071687760672, 19.991348309118052, 
objectives:
-112.28025731845314, -62.56790749148388, 8883.231320539902, 

parameters:
1.711945540431019, -93.34591102920852, 13.994132187668244, 
objectives:
-104.4092856834751, -79.2688034698627, 8703.395731218647, 

parameters:
-1.6826130006590467, -91.1468262563738, 20, 
objectives:
-108.31563974638696, -57.585187743750765, 8291.575123119579, 

parameters:
2.985041548173764, -80.19343929178648, 8.731661680249466, 
objectives:
-80.01462792771233, -70.49147075990845, 6432.166516809517, 

parameters:
-1.3871622566614732, -82.09209664355818, 16.723270496753987, 
objectives:
-96.891148014006, -53.89595799385215, 6725.313279964849, 

parameters:
2.308157358478899, -60.679859129956306, 12.183018973702291, 
objectives:
-67.53528771215831, -48.40187919866933, 3676.18987544914, 

parameters:
-0.5227327461056844, -12.546061094040382, 9.475977410730943, 
objectives:
-21.748788980920136, 3.2940968249644875, 149.200921088514, 

parameters:
0.3566641142098348, -68.7103169496919, 3.6834302486717676, 
objectives:
-72.26653790799858, -62.326333867494384, 4718.551434368812, 

parameters:
-0.5799723957068956, -99.34113213086454, 19.991551515577758, 
objectives:
-118.9963156666603, -72.6933230526772, 9850.005349506091, 

parameters:
-1.2783277090478349, -69.74339086391768, 20, 
objectives:
-88.1092691321982, -38.99595829600686, 4846.774690928916, 

parameters:
0.8282765727019739, -65.70886313899524, 6.215011152263476, 
objectives:
-71.23783221037178, -58.120916196652736, 4313.125725947832, 

parameters:
-1.1789081351481872, -58.64997842185259, 0, 
objectives:
-57.260154030734014, -48.544521490141264, 3442.2097932748925, 

parameters:
-0.4347104002527117, -81.15986506311634, 5.489240421166505, 
objectives:
-86.46013235219498, -69.74280990885113, 6582.623429774174, 

parameters:
-1.2848006303049129, -97.12563789258641, 5.431364917508043, 
objectives:
-100.90629015046255, -80.90435779422681, 9430.608883783942, 

parameters:
-0.0815030978528335, -20.38190025876434, 17.66898422280584, 
objectives:
-38.04424172661057, 1.6197391104124428, 398.75951669037164, 

parameters:
0.21706104016949235, -33.748015208652575, 15.48239662075142, 
objectives:
-49.18329633424453, -15.086747253419663, 1124.4932493978536, 

parameters:
1.69656258581273, -41.40572864721188, 13.733926208454122, 
objectives:
-52.26133024808642, -27.5797281744291, 1704.578763205668, 

parameters:
1.6560390619579324, -28.336788799839937, 11.246675962189176, 
objectives:
-36.84099938729861, -16.97180371075198, 795.4693888992754, 

parameters:
1.8203894354679027, -36.28908417270844, 10.466875359625426, 
objectives:
-43.442141835570716, -25.78994885819148, 1310.7445724310562, 

parameters:
3.2645828757337405, -89.16480906280503, 14.093165445214659, 
objectives:
-92.6004731554857, -73.47247376799135, 7947.927511113799, 

parameters:
2.339719659647063, -39.8725381059177, 11.798940667977707, 
objectives:
-46.19719068815644, -27.958187990789273, 1584.4946424256202, 

parameters:
0.9244213194844911, -31.250768259240125, 14.017272272833392, 
objectives:
-44.41348575615607, -16.07662648842725, 964.4477992958142, 

