Generation 258 at Sat May 25 04:36:27 2019
parameters:
0, 0.0, 20.0, 
objectives:
-20.0, 24.0, -19.0, 

parameters:
0, 0.0, 20.0, 
objectives:
-20.0, 24.0, -19.0, 

parameters:
1.9971487895634539, 0.0, 20.0, 
objectives:
-16.01139671234523, 20.000008129400953, -15.011396712345231, 

parameters:
1.9453451192557676, 0.0, 20.0, 
objectives:
-16.215632366987762, 20.002987155989167, -15.215632366987764, 

parameters:
1.8660418401503733, 0.0, 20.0, 
objectives:
-16.517887850808208, 20.0179447885903, -15.517887850808208, 

parameters:
0.20716431110934613, 0.0, 20.0, 
objectives:
-19.95708294820259, 23.214259807360026, -18.95708294820259, 

parameters:
0.8874431465894769, 0.0, 20.0, 
objectives:
-19.212444661571368, 21.237782752070725, -18.212444661571368, 

parameters:
1.6384477967348083, 0.0, 20.0, 
objectives:
-17.315488817374852, 20.130719995685915, -16.315488817374852, 

parameters:
1.5731818860782578, 0.0, 20.0, 
objectives:
-17.525098753315255, 20.182173702371713, -16.525098753315255, 

parameters:
1.2666046184030753, 0.0, 20.0, 
objectives:
-18.39571274064, 20.537868785747698, -17.39571274064, 

parameters:
0.7849861284157406, 0.0, 20.0, 
objectives:
-19.383796778194867, 21.476258708142172, -18.383796778194867, 

parameters:
1.3871483754894274, 0.0, 20.0, 
objectives:
-18.07581938437704, 20.375587113665247, -17.07581938437704, 

parameters:
1.3336488109933495, 0.0, 20.0, 
objectives:
-18.221380848936025, 20.44402390709058, -17.221380848936025, 

parameters:
1.4550309775557617, 0.0, 20.0, 
objectives:
-17.882884854353126, 20.296991235423828, -16.882884854353126, 

parameters:
1.0365572430163281, 0.0, 20.0, 
objectives:
-18.92554908195039, 20.928221945984298, -17.92554908195039, 

parameters:
1.785127169123722, 0.0, 20.0, 
objectives:
-16.813320990056326, 20.046170333448785, -15.813320990056326, 

parameters:
1.2043027879110488, 0.0, 20.0, 
objectives:
-18.549654795029674, 20.63313405332613, -17.549654795029674, 

parameters:
0.6290671062931814, 0.0, 20.0, 
objectives:
-19.60427457577992, 21.879456999047353, -18.60427457577992, 

parameters:
0.7392984101383305, 0.0, 20.0, 
objectives:
-19.453437860766936, 21.58936849867974, -18.453437860766936, 

parameters:
1.721102834178785, 0.0, 20.0, 
objectives:
-17.037805034181755, 20.077783629103106, -16.037805034181755, 

parameters:
1.8201624086757455, 0.0, 20.0, 
objectives:
-16.687008806043707, 20.03234155925331, -15.687008806043709, 

parameters:
1.7002605390049563, 0.0, 20.0, 
objectives:
-17.109114099502577, 20.089843744477598, -16.109114099502577, 

parameters:
0.668148177538808, 0.0, 20.0, 
objectives:
-19.55357801285157, 21.773829276993197, -18.55357801285157, 

parameters:
1.103113148782961, 0.0, 20.0, 
objectives:
-18.78314138098214, 20.804406023886013, -17.78314138098214, 

parameters:
0.39948110004108606, 0.0, 20.0, 
objectives:
-19.840414850709962, 22.561660749125693, -18.840414850709962, 

parameters:
1.5154089448343193, 0.0, 20.0, 
objectives:
-17.703535729916133, 20.234828490746587, -16.703535729916133, 

parameters:
0.9792998561467923, 0.0, 20.0, 
objectives:
-19.040971791750874, 21.04182878366196, -18.04097179175087, 

parameters:
0.2234268298886813, 0.0, 20.0, 
objectives:
-19.950080451685896, 23.15621222875938, -18.950080451685896, 

parameters:
1.1600890745466206, 0.0, 20.0, 
objectives:
-18.654193339117565, 20.705450362695952, -17.654193339117565, 

parameters:
0.5438265631505214, 0.0, 20.0, 
objectives:
-19.704252669211893, 22.120441078186023, -18.704252669211893, 

parameters:
0.3121962234876509, 0.0, 20.0, 
objectives:
-19.902533518040048, 22.84868158800935, -18.902533518040048, 

parameters:
1.4997818756244676, 0.0, 20.0, 
objectives:
-17.750654325548354, 20.250218171953776, -16.750654325548354, 

parameters:
0.3168749216296003, 0.0, 20.0, 
objectives:
-19.899590284042233, 22.832910029439365, -18.899590284042233, 

parameters:
0.9484405708964031, 0.0, 20.0, 
objectives:
-19.100460483477704, 21.10577723293668, -18.100460483477704, 

parameters:
0.4383921417075035, 0.0, 20.0, 
objectives:
-19.807812330089106, 22.438619103080878, -18.807812330089106, 

parameters:
1.1315082830342331, 0.0, 20.0, 
objectives:
-18.71968900542492, 20.754277862438144, -17.71968900542492, 

parameters:
0.48850322032690396, 0.0, 20.0, 
objectives:
-19.761364603730243, 22.28462251496214, -18.761364603730243, 

parameters:
0.5418963347870622, 0.0, 20.0, 
objectives:
-19.706348362344347, 22.126066298507403, -18.706348362344347, 

parameters:
0.4740217047723545, 0.0, 20.0, 
objectives:
-19.77530342340471, 22.32860975750587, -18.77530342340471, 

parameters:
0.9534676361256839, 0.0, 20.0, 
objectives:
-19.0908994668609, 21.095229988636365, -18.0908994668609, 

