Generation 2582 at Fri May 24 19:48:22 2019
parameters:
1.6877439636572522, -0.6531396998432086, 1.5654260461602674, 
objectives:
0.6299139408580163, 1.0097901785495422, 2.709645108212502, 

parameters:
0.051044676920685594, -100.0, 20, 
objectives:
-119.99739444095806, -76.2015731486408, 9981.002605559042, 

parameters:
-0.09310337269809921, -0.38187417318528993, 20, 
objectives:
-20.37320593517753, 23.999207555614866, -18.84550387784629, 

parameters:
1.9973066371654076, -100, 0, 
objectives:
-96.01076619713501, -99.99999274579665, 10004.989233802866, 

parameters:
-1.6826130006590467, -91.1468262563738, 20, 
objectives:
-108.31563974638696, -57.585187743750765, 8291.575123119579, 

parameters:
3.2050706558443096, -25.66531890722053, 0, 
objectives:
-15.392840998266259, -24.213123621643497, 669.9810725182858, 

parameters:
-0.1348016858980836, -32.977976344616906, 20, 
objectives:
-52.95980485009594, -8.420598106503604, 1068.5650952806332, 

parameters:
0.5021078723084511, -82.17520087910445, 11.65774178456645, 
objectives:
-93.58083034823679, -68.27377826833768, 6742.358010052037, 

parameters:
-0.5971272377719125, -75.6171641196775, 20, 
objectives:
-95.26060318158838, -48.872094230500736, 5699.312070440331, 

parameters:
1.9892841877601617, -88.6905216758082, 6.677106775628036, 
objectives:
-91.41037687176363, -82.0133000715482, 7864.288779931048, 

parameters:
-0.47368798244069543, -72.61015968044867, 10.991194793700384, 
objectives:
-83.37697416944033, -55.499832652276766, 5262.468474331262, 

parameters:
0.9110356791869871, -95.76749022541296, 19.99424044970563, 
objectives:
-114.9317446663669, -74.58740648370357, 9153.247929633613, 

parameters:
1.4797929261214924, -41.93088388023567, 6.569859472720566, 
objectives:
-46.31095624875702, -35.09040900780187, 1754.8189506092863, 

parameters:
0.26552588607817684, -96.7188093056682, 1.5920759560929487, 
objectives:
-98.24038126558355, -92.11833289771036, 9354.006501546295, 

parameters:
-1.9447848080497498, -47.29044340648677, 13.861484403056973, 
objectives:
-57.369739859922646, -17.867631821609695, 2227.306741128692, 

parameters:
2.985041548173764, -80.19343929178648, 8.731661680249466, 
objectives:
-80.01462792771233, -70.49147075990845, 6432.166516809517, 

parameters:
-0.4783161815844299, -70.07313241942076, 7.960382249824055, 
objectives:
-77.8047282996793, -55.970699073693474, 4903.512291189419, 

parameters:
1.711945540431019, -93.34591102920852, 13.994132187668244, 
objectives:
-104.4092856834751, -79.2688034698627, 8703.395731218647, 

parameters:
3.302377789176953, -0.2090947467107762, 16.894752787918996, 
objectives:
-6.198148472180513, 18.381845946949667, -4.945333112367692, 

parameters:
-3.309789732776309, -63.5200205778814, 20, 
objectives:
-72.56531250268992, -15.326153571584683, 4026.7477222896673, 

parameters:
0.25108156641580925, -86.5670903847598, 14.371767069496933, 
objectives:
-100.8758155012629, -69.13660762793228, 7480.552412566668, 

parameters:
1.5216569886763711, -98.06490512938758, 11.293739349813515, 
objectives:
-107.04320448801346, -86.54235374309191, 9608.74731867716, 

parameters:
-2.0556057023650247, -30.128876477037245, 18.058413888350497, 
objectives:
-43.96177556179214, 4.377475024368959, 894.9162986838134, 

parameters:
5.282242422489248, -54.23396372816379, 0, 
objectives:
-26.331878718218714, -43.46084840817571, 2970.224906677731, 

parameters:
3.88222808197132, -59.20927177969959, 20.0, 
objectives:
-64.13757689925288, -35.66648922713816, 3501.809559562777, 

parameters:
-1.6617397099161257, -15.2973516991134, 19.820137405414194, 
objectives:
-32.356110241015465, 17.931123409477426, 217.9502104644656, 

parameters:
0.2948092304444165, -64.9684152744426, 17.424269340555774, 
objectives:
-82.30577213264314, -44.636470373309265, 4204.557626414226, 

parameters:
-1.6851007524045198, -21.664406410979808, 17.170695508673475, 
objectives:
-35.995537373899005, 9.086256653066025, 456.01537417718384, 

parameters:
-1.62624886200354, -49.36646842121074, 16.217084263051714, 
objectives:
-62.93886732309464, -19.999703348977054, 2424.4758054805134, 

parameters:
-1.6830443855909514, -38.46356115880635, 12.645276633757767, 
objectives:
-48.27619938869489, -12.253468578815554, 1470.632898787348, 

parameters:
-2.019263441259935, -56.36970396399002, 17.248212289573317, 
objectives:
-69.54049140835443, -22.96701306416805, 3165.3727375435074, 

parameters:
-1.3695586256465477, -18.813074048867854, 18.01153338042583, 
objectives:
-34.94891660021082, 10.552384663227027, 338.7959126168422, 

parameters:
5.282308899915818, -55.82671682827366, 6.672723545282759, 
objectives:
-34.596653059426565, -38.38044156852432, 3138.8523755931005, 

parameters:
4.122606325622499, -30.349294800680966, 13.591160548601692, 
objectives:
-26.944572433220017, -12.252676638506628, 925.4844172661017, 

parameters:
0.001858105180464975, -25.361740462926846, 1.1496130555926123, 
objectives:
-26.5113500659646, -20.21955637550123, 643.0682697058231, 

