Generation 2588 at Fri May 24 19:48:22 2019
parameters:
0.051044676920685594, -100.0, 20, 
objectives:
-119.99739444095806, -76.2015731486408, 9981.002605559042, 

parameters:
1.6877439636572522, -0.6531396998432086, 1.5654260461602674, 
objectives:
0.6299139408580163, 1.0097901785495422, 2.709645108212502, 

parameters:
-0.09310337269809921, -0.38187417318528993, 20, 
objectives:
-20.37320593517753, 23.999207555614866, -18.84550387784629, 

parameters:
1.9973066371654076, -100, 0, 
objectives:
-96.01076619713501, -99.99999274579665, 10004.989233802866, 

parameters:
-1.6851007524045198, -21.664406410979808, 17.170695508673475, 
objectives:
-35.995537373899005, 9.086256653066025, 456.01537417718384, 

parameters:
0.26552588607817684, -96.7188093056682, 1.5920759560929487, 
objectives:
-98.24038126558355, -92.11833289771036, 9354.006501546295, 

parameters:
2.2860259173599196, -28.49695068924659, 6.825595268071092, 
objectives:
-30.096631462476417, -21.589544595773916, 811.4765178121219, 

parameters:
1.9892841877601617, -88.6905216758082, 6.677106775628036, 
objectives:
-91.41037687176363, -82.0133000715482, 7864.288779931048, 

parameters:
1.9607097928860369, -49.48818512480057, 11.346098801301682, 
objectives:
-56.98990103418305, -38.14054260312383, 2442.5787510371506, 

parameters:
1.9991542892381515, -54.64662222924923, 9.723374999602441, 
objectives:
-60.37337935667237, -44.9232465144201, 2981.526563938853, 

parameters:
2.3860732590407085, -6.424350215953504, 19.804499921039152, 
objectives:
-20.535504539483508, 13.529202266431962, 28.161121373691834, 

parameters:
0.9110356791869871, -95.76749022541296, 19.99424044970563, 
objectives:
-114.9317446663669, -74.58740648370357, 9153.247929633613, 

parameters:
-0.876148595065195, -76.29982489969063, 9.77386465720458, 
objectives:
-85.3060531962605, -58.253729501590556, 5813.6570514268815, 

parameters:
1.711945540431019, -93.34591102920852, 13.994132187668244, 
objectives:
-104.4092856834751, -79.2688034698627, 8703.395731218647, 

parameters:
-1.6826130006590467, -91.1468262563738, 20, 
objectives:
-108.31563974638696, -57.585187743750765, 8291.575123119579, 

parameters:
-1.6830443855909514, -38.46356115880635, 12.645276633757767, 
objectives:
-48.27619938869489, -12.253468578815554, 1470.632898787348, 

parameters:
-0.0647038843674661, -82.62388764039453, 11.26974539626278, 
objectives:
-93.88944644400507, -67.09114011400965, 6816.441250008929, 

parameters:
-0.47368798244069543, -72.61015968044867, 10.991194793700384, 
objectives:
-83.37697416944033, -55.499832652276766, 5262.468474331262, 

parameters:
0.25108156641580925, -86.5670903847598, 14.371767069496933, 
objectives:
-100.8758155012629, -69.13660762793228, 7480.552412566668, 

parameters:
1.3481996279658803, -68.3112172043677, 0, 
objectives:
-66.49357496752036, -67.88637347938388, 4669.240038179148, 

parameters:
-0.1348016858980836, -32.977976344616906, 20, 
objectives:
-52.95980485009594, -8.420598106503604, 1068.5650952806332, 

parameters:
5.496095904285425, -38.47377056215042, 1.4193433510947173, 
objectives:
-9.686043724142117, -24.83174063909438, 1510.0187481070004, 

parameters:
-1.7454935913048033, -79.39387261416492, 3.176572677642585, 
objectives:
-79.52369741452137, -62.188577694016985, 6304.2571838738895, 

parameters:
1.2109125410282982, -5.008987716645507, 1.93987099742634, 
objectives:
-5.482549532052237, -2.4464577013127498, 25.61639613009884, 

parameters:
0.004209475553325737, -65.6792199297274, 7.648930597661895, 
objectives:
-73.32813280770486, -54.04710951459437, 4307.111017699523, 

parameters:
3.88222808197132, -59.20927177969959, 20.0, 
objectives:
-64.13757689925288, -35.66648922713816, 3501.809559562777, 

parameters:
1.4797929261214924, -41.93088388023567, 6.569859472720566, 
objectives:
-46.31095624875702, -35.09040900780187, 1754.8189506092863, 

parameters:
1.556069043285724, -64.90170821138214, 14.117075621920884, 
objectives:
-76.59743296583088, -50.587557895132015, 4201.536004000939, 

parameters:
-1.5557077476124421, -60.216831168378036, 20.0, 
objectives:
-77.79660457239666, -27.573773581946888, 3609.4869825569263, 

parameters:
5.069760318559016, -66.9118905448235, 3.4200264003915577, 
objectives:
-44.62944725757945, -54.0684357310324, 4500.483539569686, 

parameters:
1.9038552916584606, -52.755614295208964, 2.2619925872544444, 
objectives:
-51.39294191088749, -50.48437790301244, 2785.5175120491776, 

parameters:
2.985041548173764, -80.19343929178648, 8.731661680249466, 
objectives:
-80.01462792771233, -70.49147075990845, 6432.166516809517, 

parameters:
1.0038966217366463, -1.8462132289389928, 14.36223928416988, 
objectives:
-15.200644085974622, 13.508247995418552, -8.945927570326287, 

parameters:
0.8028907252306801, -41.78577439456614, 10.587227872429377, 
objectives:
-51.72836875033407, -29.765475906398034, 1737.1083473978115, 

parameters:
0.0884800846356284, -28.16859984182078, 17.993164646688882, 
objectives:
-46.15393576313254, -6.521526808297281, 776.4846811273138, 

