Generation 259 at Fri May 24 19:55:17 2019
parameters:
0, 0.0, 20.0, 
objectives:
-20.0, 24.0, -19.0, 

parameters:
0, 0.0, 20.0, 
objectives:
-20.0, 24.0, -19.0, 

parameters:
1.9979647189482492, 0.0, 20.0, 
objectives:
-16.008136981838042, 20.000004142368958, -15.008136981838044, 

parameters:
1.4573422270475125, 0.0, 20.0, 
objectives:
-17.876153633264195, 20.294477458545753, -16.876153633264195, 

parameters:
1.5564983381440585, 0.0, 20.0, 
objectives:
-17.577312923354786, 20.196693724068982, -16.577312923354786, 

parameters:
1.0411693686416463, 0.0, 20.0, 
objectives:
-18.915966345802357, 20.91935617963106, -17.915966345802357, 

parameters:
0.1552839626100737, 0.0, 20.0, 
objectives:
-19.97588689095611, 23.402977258603592, -18.97588689095611, 

parameters:
1.6850472054943146, 0.0, 20.0, 
objectives:
-17.1606159152558, 20.09919526276694, -16.1606159152558, 

parameters:
1.6081002064696617, 0.0, 20.0, 
objectives:
-17.41401372595223, 20.15358544816912, -16.41401372595223, 

parameters:
1.1297046301382683, 0.0, 20.0, 
objectives:
-18.723767448644157, 20.757414030802767, -17.72376744864416, 

parameters:
1.8458728390924775, 0.0, 20.0, 
objectives:
-16.592753461900678, 20.023755181729413, -15.592753461900678, 

parameters:
1.8987438511341066, 0.0, 20.0, 
objectives:
-16.39477178778042, 20.010252807683152, -15.39477178778042, 

parameters:
1.2816016118036495, 0.0, 20.0, 
objectives:
-18.35749730862229, 20.516096244163116, -17.35749730862229, 

parameters:
0.8370859524609026, 0.0, 20.0, 
objectives:
-19.299287108192622, 21.352369081963765, -18.299287108192622, 

parameters:
1.9523969186400576, 0.0, 20.0, 
objectives:
-16.188146272084808, 20.002266053354962, -15.188146272084808, 

parameters:
1.7824977757730371, 0.0, 20.0, 
objectives:
-16.822701679364176, 20.047307217543676, -15.822701679364176, 

parameters:
0.9623957818241105, 0.0, 20.0, 
objectives:
-19.07379435912716, 21.0766225135764, -18.07379435912716, 

parameters:
1.3563697289256287, 0.0, 20.0, 
objectives:
-18.160261158454215, 20.414259925843268, -17.160261158454215, 

parameters:
0.6390046734243106, 0.0, 20.0, 
objectives:
-19.59167302734189, 21.85230827896087, -18.59167302734189, 

parameters:
1.7442195990060807, 0.0, 20.0, 
objectives:
-16.957697990443066, 20.06542361353261, -15.957697990443068, 

parameters:
0.9137866485166232, 0.0, 20.0, 
objectives:
-19.164993960992756, 21.17985944494075, -18.164993960992756, 

parameters:
0.23743200177357623, 0.0, 20.0, 
objectives:
-19.943626044533794, 23.106645948371902, -18.943626044533794, 

parameters:
0.40844967466098736, 0.0, 20.0, 
objectives:
-19.833168863269332, 22.533032438086718, -18.833168863269332, 

parameters:
0.7016817063009615, 0.0, 20.0, 
objectives:
-19.50764278304257, 21.685630391753584, -18.50764278304257, 

parameters:
0.560781344941827, 0.0, 20.0, 
objectives:
-19.685524283165236, 22.071350337067457, -18.685524283165236, 

parameters:
1.2315536575708732, 0.0, 20.0, 
objectives:
-18.483275588523803, 20.590509781192704, -17.483275588523803, 

parameters:
0.45419697973549, 0.0, 20.0, 
objectives:
-19.79370510359916, 22.38950697745888, -18.79370510359916, 

parameters:
0.7741559458512026, 0.0, 20.0, 
objectives:
-19.40068257150323, 21.50269364509196, -18.40068257150323, 

parameters:
0.3163506638413911, 0.0, 20.0, 
objectives:
-19.899922257487113, 22.834675087147325, -18.899922257487113, 

parameters:
1.398195737035985, 0.0, 20.0, 
objectives:
-18.0450486809344, 20.362168370921662, -17.0450486809344, 

parameters:
1.1874094287581225, 0.0, 20.0, 
objectives:
-18.59005884849631, 20.6603034364712, -17.59005884849631, 

parameters:
0.7474614097837722, 0.0, 20.0, 
objectives:
-19.441301440884057, 21.568852919980856, -18.441301440884054, 

parameters:
0.5159973755556746, 0.0, 20.0, 
objectives:
-19.733746708419655, 22.202263789357644, -18.733746708419655, 

parameters:
0.3067126435826967, 0.0, 20.0, 
objectives:
-19.905927354266513, 22.8672220714027, -18.905927354266513, 

parameters:
1.1933534952081515, 0.0, 20.0, 
objectives:
-18.575907435474488, 20.650678583692905, -17.575907435474488, 

parameters:
1.394222696681023, 0.0, 20.0, 
objectives:
-18.056143072059495, 20.366966141216412, -17.056143072059495, 

parameters:
0.5277242665476729, 0.0, 20.0, 
objectives:
-19.72150709849672, 22.16759583531259, -18.72150709849672, 

