Generation 2592 at Fri May 24 19:48:22 2019
parameters:
1.6877439636572522, -0.6531396998432086, 1.5654260461602674, 
objectives:
0.6299139408580163, 1.0097901785495422, 2.709645108212502, 

parameters:
0.051044676920685594, -100.0, 20, 
objectives:
-119.99739444095806, -76.2015731486408, 9981.002605559042, 

parameters:
-0.09310337269809921, -0.38187417318528993, 20, 
objectives:
-20.37320593517753, 23.999207555614866, -18.84550387784629, 

parameters:
1.9973066371654076, -100, 0, 
objectives:
-96.01076619713501, -99.99999274579665, 10004.989233802866, 

parameters:
0.26552588607817684, -96.7188093056682, 1.5920759560929487, 
objectives:
-98.24038126558355, -92.11833289771036, 9354.006501546295, 

parameters:
1.6055556252699903, -71.92953385993921, 0, 
objectives:
-69.35172499410311, -71.77394749518307, 5177.435650173978, 

parameters:
-0.876148595065195, -76.29982489969063, 9.77386465720458, 
objectives:
-85.3060531962605, -58.253729501590556, 5813.6570514268815, 

parameters:
1.9892841877601617, -88.6905216758082, 6.677106775628036, 
objectives:
-91.41037687176363, -82.0133000715482, 7864.288779931048, 

parameters:
1.9991542892381515, -54.64662222924923, 9.723374999602441, 
objectives:
-60.37337935667237, -44.9232465144201, 2981.526563938853, 

parameters:
-1.5557077476124421, -60.216831168378036, 20.0, 
objectives:
-77.79660457239666, -27.573773581946888, 3609.4869825569263, 

parameters:
2.2860259173599196, -28.49695068924659, 6.825595268071092, 
objectives:
-30.096631462476417, -21.589544595773916, 811.4765178121219, 

parameters:
-1.6830443855909514, -38.46356115880635, 12.645276633757767, 
objectives:
-48.27619938869489, -12.253468578815554, 1470.632898787348, 

parameters:
-1.6826130006590467, -91.1468262563738, 20, 
objectives:
-108.31563974638696, -57.585187743750765, 8291.575123119579, 

parameters:
2.3860732590407085, -6.424350215953504, 19.804499921039152, 
objectives:
-20.535504539483508, 13.529202266431962, 28.161121373691834, 

parameters:
1.711945540431019, -93.34591102920852, 13.994132187668244, 
objectives:
-104.4092856834751, -79.2688034698627, 8703.395731218647, 

parameters:
0.25108156641580925, -86.5670903847598, 14.371767069496933, 
objectives:
-100.8758155012629, -69.13660762793228, 7480.552412566668, 

parameters:
0.004209475553325737, -65.6792199297274, 7.648930597661895, 
objectives:
-73.32813280770486, -54.04710951459437, 4307.111017699523, 

parameters:
3.483002031214278, -14.978682910842295, 4.59233295202367, 
objectives:
-7.4397127134231775, -8.18705493423295, 232.89991194097814, 

parameters:
3.3651806397571327, -50.58368358678953, 0, 
objectives:
-39.25924284859331, -48.71996540762184, 2571.033485946637, 

parameters:
0.4933247552099391, -78.27954463199328, 9.964485236914086, 
objectives:
-88.00066055480441, -66.044989101816, 6118.965991869416, 

parameters:
-1.6851007524045198, -21.664406410979808, 17.170695508673475, 
objectives:
-35.995537373899005, 9.086256653066025, 456.01537417718384, 

parameters:
5.496095904285425, -38.47377056215042, 1.4193433510947173, 
objectives:
-9.686043724142117, -24.83174063909438, 1510.0187481070004, 

parameters:
0.9110356791869871, -95.76749022541296, 19.99424044970563, 
objectives:
-114.9317446663669, -74.58740648370357, 9153.247929633613, 

parameters:
1.9607097928860369, -49.48818512480057, 11.346098801301682, 
objectives:
-56.98990103418305, -38.14054260312383, 2442.5787510371506, 

parameters:
-0.44210440284292774, -46.654104399180724, 7.372738722035748, 
objectives:
-53.83138681820337, -33.31749176276016, 2170.4281748706317, 

parameters:
-0.0647038843674661, -82.62388764039453, 11.26974539626278, 
objectives:
-93.88944644400507, -67.09114011400965, 6816.441250008929, 

parameters:
0.16122627706869655, -65.48799362764822, 10.480864684139876, 
objectives:
-75.94286439937066, -51.6260401393657, 4279.222438603171, 

parameters:
-0.1348016858980836, -32.977976344616906, 20, 
objectives:
-52.95980485009594, -8.420598106503604, 1068.5650952806332, 

parameters:
3.88222808197132, -59.20927177969959, 20.0, 
objectives:
-64.13757689925288, -35.66648922713816, 3501.809559562777, 

parameters:
-1.9788922940524278, -29.901268250899104, 20, 
objectives:
-45.98525353943902, 5.930315636770688, 879.0018577236868, 

parameters:
2.2825535301300963, -13.097144356716342, 20, 
objectives:
-27.88709373880698, 6.982692140672638, 157.7452409185761, 

parameters:
4.296010805041459, -80.51122392797808, 1.329712911477145, 
objectives:
-63.38522800242226, -73.90984539963381, 6500.183174306586, 

parameters:
1.4797929261214924, -41.93088388023567, 6.569859472720566, 
objectives:
-46.31095624875702, -35.09040900780187, 1754.8189506092863, 

