[!]Generation 26 at Sun May 26 02:43:06 2019
size of front generated: 45
[!!!]Points in the front:
parameters:
0, 0.0, 20.0, 
objectives:
-20.0, 24.0, -19.0, 

parameters:
0, 0.0, 20.0, 
objectives:
-20.0, 24.0, -19.0, 

parameters:
2.0424615457574675, 0.0004241449050747924, 20.0, 
objectives:
-15.827926689196943, 20.00222712777319, -14.827926689196943, 

parameters:
1.9290549066694775, 0.0008552922787612216, 20.0, 
objectives:
-16.27789187477565, 20.005888498546437, -15.277891874775653, 

parameters:
1.1128598175084985, 0.005027608223037015, 20.0, 
objectives:
-18.756515418351913, 20.792045311614093, -17.756515418351913, 

parameters:
0.28071904845921025, 0, 20.0, 
objectives:
-19.921196815832154, 22.955926990331005, -18.921196815832154, 

parameters:
1.5208509541550492, 0.0008842458419297397, 20.0, 
objectives:
-17.68612812940375, 20.230468053976058, -16.68612812940375, 

parameters:
1.6671566342413675, 0.0005158126335899468, 20.0, 
objectives:
-17.220072944271404, 20.111300518763123, -16.220072944271404, 

parameters:
1.6027176990492378, 0.006890061228069026, 20.0, 
objectives:
-17.424405915926247, 20.1647232878768, -16.424405915926247, 

parameters:
1.3337196966610068, 3.923028847448222e-05, 20.0, 
objectives:
-18.22115254045, 20.443968672905974, -17.22115254045, 

parameters:
0.7319349712390374, 0.001736789601408006, 20.0, 
objectives:
-19.4625344082759, 21.60972570676795, -18.4625344082759, 

parameters:
0.848174614921404, 0.0, 20.0, 
objectives:
-19.280599822602927, 21.326701717711455, -18.280599822602927, 

parameters:
1.0374281387075805, 0.0009461359743179808, 20.0, 
objectives:
-18.922796721043408, 20.927490724126272, -17.922796721043408, 

parameters:
0.9089947113989686, 0, 20.0, 
objectives:
-19.173728614648706, 21.19029253975542, -18.173728614648706, 

parameters:
0.14371571352763116, 7.015063679498592e-07, 20.0, 
objectives:
-19.979345092178875, 23.445792053710598, -18.979345092178875, 

parameters:
0.3666080040257206, 0, 20.0, 
objectives:
-19.86559857138428, 22.66796941251284, -18.86559857138428, 

parameters:
1.4585823077129387, 6.225700250958729e-06, 20.0, 
objectives:
-17.872531425926546, 20.293139343221696, -16.872531425926546, 

parameters:
0.7875970951601725, 0.013975187812345038, 20.0, 
objectives:
-19.365715627882913, 21.4838959914764, -18.365715627882913, 

parameters:
1.375687804463833, 0.0004140524701786081, 20.0, 
objectives:
-18.107069012179302, 20.390179769965368, -17.107069012179302, 

parameters:
0.18807826539857736, 0.00037053355497673496, 20.0, 
objectives:
-19.964256032529686, 23.283430905876006, -18.964256032529686, 

parameters:
0.66517540201185, 0.0, 20.0, 
objectives:
-19.557541684558373, 21.781756707394226, -18.557541684558373, 

parameters:
0.036234397496663864, 0, 20.0, 
objectives:
-19.998687068438052, 23.85637534157529, -18.998687068438052, 

parameters:
1.8171541246186749, 0.0005084853665712903, 20.0, 
objectives:
-16.697442402014765, 20.033941099510535, -15.697442402014765, 

parameters:
1.7020685779112177, 0.009649013669118266, 20.0, 
objectives:
-17.093313542418166, 20.098412145936962, -16.093313542418166, 

parameters:
1.7480498127798965, 0.0004276082334124017, 20.0, 
objectives:
-16.943894243806756, 20.063906505073657, -15.943894243806756, 

parameters:
1.4264771590954077, 0.0, 20.0, 
objectives:
-17.965162914579096, 20.328928449039275, -16.965162914579096, 

parameters:
1.1934507006388797, 1.918567355472557e-05, 20.0, 
objectives:
-18.575656239471012, 20.65054095797347, -17.575656239471012, 

parameters:
0.9636172291928526, 0.0, 20.0, 
objectives:
-19.07144183560269, 21.0740892476259, -18.07144183560269, 

parameters:
1.8846660813726481, 0.0010214433580497326, 20.0, 
objectives:
-16.447012318365417, 20.01432335614399, -15.447012318365417, 

parameters:
1.7799663680936728, 0.0, 20.0, 
objectives:
-16.83171972845542, 20.04841479916989, -15.83171972845542, 

parameters:
1.8600287558084947, 1.0487162017129423e-05, 20.0, 
objectives:
-16.540282540403485, 20.019602436362536, -15.540282540403487, 

parameters:
1.2020788649679792, 0.0007160440865147573, 20.0, 
objectives:
-18.55429035831078, 20.637394181817303, -17.55429035831078, 

parameters:
0.539835497739784, 0.0, 20.0, 
objectives:
-19.70857763538004, 22.132080373660823, -18.70857763538004, 

parameters:
1.0031051378912585, 0.0, 20.0, 
objectives:
-18.99378008233616, 20.993799366098806, -17.99378008233616, 

parameters:
1.2702299047317647, 0.00015495735616144455, 20.0, 
objectives:
-18.38636103176897, 20.53271934930397, -17.38636103176897, 

parameters:
1.270853711101257, 0, 20.0, 
objectives:
-18.38493084498016, 20.531654310614808, -17.38493084498016, 

parameters:
0.589135211260198, 0, 20.0, 
objectives:
-19.652919702853403, 21.990539452105807, -18.652919702853403, 

parameters:
0.6174725099266521, 0.0, 20.0, 
objectives:
-19.61872769948488, 21.911382260808512, -18.61872769948488, 

parameters:
0.41720403456152033, 0, 20.0, 
objectives:
-19.82594079354559, 22.50524306820833, -18.82594079354559, 

parameters:
1.5630459500865548, 0.0063901033249748, 20.0, 
objectives:
-17.550497254593044, 20.197318945060736, -16.550497254593044, 

parameters:
1.5671644670980711, 0.0, 20.0, 
objectives:
-17.543995533065218, 20.187346598542497, -16.543995533065218, 

parameters:
0.5000496572434621, 0.0056553455948692355, 20.0, 
objectives:
-19.744294994695828, 22.255506376330324, -18.744294994695828, 

parameters:
0.44095253245027616, 0, 20.0, 
objectives:
-19.805560864125688, 22.430629006073207, -18.805560864125688, 

parameters:
0.4679301291764414, 0, 20.0, 
objectives:
-19.78104139420892, 22.347238089085316, -18.78104139420892, 

parameters:
0.4851647310722629, 0.0022113524288584867, 20.0, 
objectives:
-19.76240383129472, 22.296937244416227, -18.76240383129472, 

size of all points: 80
[!!!]All points:
0, 0.0, 20.0, -20.0, 24.0, -19.0, 

0, 0.0, 20.0, -20.0, 24.0, -19.0, 

2.0424615457574675, 0.0004241449050747924, 20.0, -15.827926689196943, 20.00222712777319, -14.827926689196943, 

1.9290549066694775, 0.0008552922787612216, 20.0, -16.27789187477565, 20.005888498546437, -15.277891874775653, 

1.270853711101257, 0, 20.0, -18.38493084498016, 20.531654310614808, -17.38493084498016, 

1.5208509541550492, 0.0008842458419297397, 20.0, -17.68612812940375, 20.230468053976058, -16.68612812940375, 

1.6671566342413675, 0.0005158126335899468, 20.0, -17.220072944271404, 20.111300518763123, -16.220072944271404, 

1.6027176990492378, 0.006890061228069026, 20.0, -17.424405915926247, 20.1647232878768, -16.424405915926247, 

1.3337196966610068, 3.923028847448222e-05, 20.0, -18.22115254045, 20.443968672905974, -17.22115254045, 

0.9089947113989686, 0, 20.0, -19.173728614648706, 21.19029253975542, -18.173728614648706, 

1.2020788649679792, 0.0007160440865147573, 20.0, -18.55429035831078, 20.637394181817303, -17.55429035831078, 

0.14371571352763116, 7.015063679498592e-07, 20.0, -19.979345092178875, 23.445792053710598, -18.979345092178875, 

1.4585823077129387, 6.225700250958729e-06, 20.0, -17.872531425926546, 20.293139343221696, -16.872531425926546, 

0.18807826539857736, 0.00037053355497673496, 20.0, -19.964256032529686, 23.283430905876006, -18.964256032529686, 

1.5671644670980711, 0.0, 20.0, -17.543995533065218, 20.187346598542497, -16.543995533065218, 

0.848174614921404, 0.0, 20.0, -19.280599822602927, 21.326701717711455, -18.280599822602927, 

1.1128598175084985, 0.005027608223037015, 20.0, -18.756515418351913, 20.792045311614093, -17.756515418351913, 

1.8600287558084947, 1.0487162017129423e-05, 20.0, -16.540282540403485, 20.019602436362536, -15.540282540403487, 

0.5000496572434621, 0.0056553455948692355, 20.0, -19.744294994695828, 22.255506376330324, -18.744294994695828, 

1.7020685779112177, 0.009649013669118266, 20.0, -17.093313542418166, 20.098412145936962, -16.093313542418166, 

0.28071904845921025, 0, 20.0, -19.921196815832154, 22.955926990331005, -18.921196815832154, 

0.3666080040257206, 0, 20.0, -19.86559857138428, 22.66796941251284, -18.86559857138428, 

0.036234397496663864, 0, 20.0, -19.998687068438052, 23.85637534157529, -18.998687068438052, 

1.4264771590954077, 0.0, 20.0, -17.965162914579096, 20.328928449039275, -16.965162914579096, 

0.539835497739784, 0.0, 20.0, -19.70857763538004, 22.132080373660823, -18.70857763538004, 

0.7875970951601725, 0.013975187812345038, 20.0, -19.365715627882913, 21.4838959914764, -18.365715627882913, 

1.7799663680936728, 0.0, 20.0, -16.83171972845542, 20.04841479916989, -15.83171972845542, 

0.44095253245027616, 0, 20.0, -19.805560864125688, 22.430629006073207, -18.805560864125688, 

1.8171541246186749, 0.0005084853665712903, 20.0, -16.697442402014765, 20.033941099510535, -15.697442402014765, 

0.7319349712390374, 0.001736789601408006, 20.0, -19.4625344082759, 21.60972570676795, -18.4625344082759, 

1.0031051378912585, 0.0, 20.0, -18.99378008233616, 20.993799366098806, -17.99378008233616, 

0.589135211260198, 0, 20.0, -19.652919702853403, 21.990539452105807, -18.652919702853403, 

0.6174725099266521, 0.0, 20.0, -19.61872769948488, 21.911382260808512, -18.61872769948488, 

0.66517540201185, 0.0, 20.0, -19.557541684558373, 21.781756707394226, -18.557541684558373, 

1.8846660813726481, 0.0010214433580497326, 20.0, -16.447012318365417, 20.01432335614399, -15.447012318365417, 

1.375687804463833, 0.0004140524701786081, 20.0, -18.107069012179302, 20.390179769965368, -17.107069012179302, 

1.0374281387075805, 0.0009461359743179808, 20.0, -18.922796721043408, 20.927490724126272, -17.922796721043408, 

0.41720403456152033, 0, 20.0, -19.82594079354559, 22.50524306820833, -18.82594079354559, 

0.9636172291928526, 0.0, 20.0, -19.07144183560269, 21.0740892476259, -18.07144183560269, 

1.7480498127798965, 0.0004276082334124017, 20.0, -16.943894243806756, 20.063906505073657, -15.943894243806756, 

1.997622260818762, 0.5576375334187977, 20.0, -15.45186776966254, 20.55764318706241, -14.451867769662542, 

4.810957005693645, 2.2656370798392084e-06, 20.0, 3.145309576269838, 27.901481553495262, 4.145309576269838, 

1.4886192274624819, 6.841792205269058, 20.0, -10.942220590359947, 27.103302499790125, -9.942220590359947, 

0.8994164002226573, 19.513538249269313, 20.0, 0.32248811025879576, 40.72482250936817, 1.3224881102587958, 

16.596762827154876, 25.177131232406055, 20.0, 280.62966757323596, 258.24261626461646, 281.62966757323596, 

0.4851647310722629, 0.0022113524288584867, 20.0, -19.76240383129472, 22.296937244416227, -18.76240383129472, 

1.4055042964146274, 13.29493056507523, 20.0, -4.729627107684793, 33.6483557066567, -3.7296271076847916, 

24.73680230374024, 0, 20.0, 591.9093882143285, 536.9621789993676, 592.9093882143285, 

0.5789207077071008, 22.4920653174283, 20.0, 2.8272145032403877, 44.51153167241199, 3.8272145032403913, 

0, 11.121812011882193, 20.0, -8.878187988117807, 35.12181201188219, -7.878187988117807, 

7.127051602059517, 1.8309283052834613, 20.0, 32.62579284370259, 48.11758643546452, 33.62579284370259, 

2.8897854594025807, 0.00045712788359840895, 20.0, -11.648682870741817, 20.792175291647858, -10.648682870741817, 

1.523849358337877, 7.273383401247925, 20.0, -10.404499731845316, 27.500102834803176, -9.404499731845316, 

0.4679301291764414, 0, 20.0, -19.78104139420892, 22.347238089085316, -18.78104139420892, 

7.878061369997498, 33.438601954172576, 20.0, 75.50245290361943, 87.99020742362944, 76.50245290361943, 

12.798956720114788, 5.618103425318462, 20.0, 149.43139654868995, 142.2355696682308, 150.43139654868995, 

19.358486738370317, 1.1123205041126297e-06, 20.0, 354.7510099119799, 321.31706295849864, 355.7510099119799, 

11.521820485645325, 0, 20.0, 112.75234730343627, 110.66506536085497, 113.75234730343627, 

1.8737837137947015, 4.8715618095912525, 20.0, -11.617372784326484, 24.88749236049471, -10.617372784326484, 

5.037242326307347, 0.0002182998642795986, 20.0, 5.374028553806536, 29.225059248577146, 6.374028553806536, 

14.179404729079602, 0.008820809670311996, 20.0, 181.0643392807153, 168.34672036439687, 182.0643392807153, 

1.8388837201792074, 7.125282532154514, 20.0, -9.493224131505364, 27.151240987777804, -8.493224131505364, 

1.5630459500865548, 0.0063901033249748, 20.0, -17.550497254593044, 20.197318945060736, -16.550497254593044, 

1.1448567615218839, 23.762870337859564, 20.0, 5.0735673422619385, 44.49414029617441, 6.0735673422619385, 

6.0956618260714555, 0.77392727210274, 20.0, 17.93102036992753, 37.54837306564171, 18.93102036992753, 

0.07938469865552894, 7.509921363412213, 20.0, -12.48377670620716, 31.198684499170724, -11.48377670620716, 

1.2702299047317647, 0.00015495735616144455, 20.0, -18.38636103176897, 20.53271934930397, -17.38636103176897, 

12.773984722588118, 19.877779349442772, 20.0, 163.0524650423574, 155.95652615200493, 164.0524650423574, 

0.7930386582937421, 7.772603543192758, 20.0, -11.598486143258905, 29.229359223566128, -10.598486143258903, 

0.02620164918413289, 20.68477674574205, 20.0, 0.6854632721620177, 44.58065667542549, 1.6854632721620177, 

9.019235038085908, 0.004374271789825097, 20.0, 61.35097494402633, 69.27403479168271, 62.35097494402633, 

0.5179176286068153, 7.199818303884947, 20.0, -12.531943026093346, 29.396386459479395, -11.531943026093346, 

5.052325826029703, 0.0004842108567318939, 20.0, 5.526480463223454, 29.317177159104638, 6.526480463223454, 

14.721899318922, 0, 20.0, 196.73431955647607, 181.84672228078807, 197.73431955647607, 

14.821662965726464, 0.2355234920273486, 20.0, 199.91721656161474, 184.6305646987089, 200.91721656161474, 

12.99711443569996, 0, 20.0, 148.9249836546803, 140.93652591188044, 149.9249836546803, 

4.70262715713531, 4.344689092753528, 20.0, 6.459391271780056, 31.648882643238814, 7.459391271780056, 

0.1472291921494341, 7.547326346307049, 20.0, -12.430997218671976, 30.980086012730286, -11.430997218671976, 

1.1934507006388797, 1.918567355472557e-05, 20.0, -18.575656239471012, 20.65054095797347, -17.575656239471012, 

3.292247557671487, 0.49428089467223724, 20.0, -8.666825124333894, 22.16418464498016, -7.666825124333894, 

