Generation 260 at Sat May 25 04:36:27 2019
parameters:
0, 0.0, 20.0, 
objectives:
-20.0, 24.0, -19.0, 

parameters:
0, 0.0, 20.0, 
objectives:
-20.0, 24.0, -19.0, 

parameters:
1.9971487895634539, 0.0, 20.0, 
objectives:
-16.01139671234523, 20.000008129400953, -15.011396712345231, 

parameters:
0.9792998561467923, 0.0, 20.0, 
objectives:
-19.040971791750874, 21.04182878366196, -18.04097179175087, 

parameters:
1.103113148782961, 0.0, 20.0, 
objectives:
-18.78314138098214, 20.804406023886013, -17.78314138098214, 

parameters:
1.9453451192557676, 0.0, 20.0, 
objectives:
-16.215632366987762, 20.002987155989167, -15.215632366987764, 

parameters:
0.5438265631505214, 0.0, 20.0, 
objectives:
-19.704252669211893, 22.120441078186023, -18.704252669211893, 

parameters:
0.20716431110934613, 0.0, 20.0, 
objectives:
-19.95708294820259, 23.214259807360026, -18.95708294820259, 

parameters:
1.8660418401503733, 0.0, 20.0, 
objectives:
-16.517887850808208, 20.0179447885903, -15.517887850808208, 

parameters:
0.39948110004108606, 0.0, 20.0, 
objectives:
-19.840414850709962, 22.561660749125693, -18.840414850709962, 

parameters:
0.2234268298886813, 0.0, 20.0, 
objectives:
-19.950080451685896, 23.15621222875938, -18.950080451685896, 

parameters:
1.4550309775557617, 0.0, 20.0, 
objectives:
-17.882884854353126, 20.296991235423828, -16.882884854353126, 

parameters:
1.785127169123722, 0.0, 20.0, 
objectives:
-16.813320990056326, 20.046170333448785, -15.813320990056326, 

parameters:
0.42182728008780407, 0.0, 20.0, 
objectives:
-19.822061745773727, 22.49062913387506, -18.822061745773727, 

parameters:
1.5731818860782578, 0.0, 20.0, 
objectives:
-17.525098753315255, 20.182173702371713, -16.525098753315255, 

parameters:
1.2666046184030753, 0.0, 20.0, 
objectives:
-18.39571274064, 20.537868785747698, -17.39571274064, 

parameters:
1.2043027879110488, 0.0, 20.0, 
objectives:
-18.549654795029674, 20.63313405332613, -17.549654795029674, 

parameters:
0.7392984101383305, 0.0, 20.0, 
objectives:
-19.453437860766936, 21.58936849867974, -18.453437860766936, 

parameters:
1.721102834178785, 0.0, 20.0, 
objectives:
-17.037805034181755, 20.077783629103106, -16.037805034181755, 

parameters:
1.6384477967348083, 0.0, 20.0, 
objectives:
-17.315488817374852, 20.130719995685915, -16.315488817374852, 

parameters:
0.8874431465894769, 0.0, 20.0, 
objectives:
-19.212444661571368, 21.237782752070725, -18.212444661571368, 

parameters:
1.7002605390049563, 0.0, 20.0, 
objectives:
-17.109114099502577, 20.089843744477598, -16.109114099502577, 

parameters:
0.668148177538808, 0.0, 20.0, 
objectives:
-19.55357801285157, 21.773829276993197, -18.55357801285157, 

parameters:
0.813162089339344, 0.0, 20.0, 
objectives:
-19.338767416461273, 21.40858422618135, -18.338767416461273, 

parameters:
1.6134923002579176, 0.0, 20.0, 
objectives:
-17.396642597008416, 20.149388201959916, -16.396642597008416, 

parameters:
1.3964124310044426, 0.0, 20.0, 
objectives:
-18.050032322536264, 20.364317953445966, -17.050032322536264, 

parameters:
1.3069896051939645, 0.0, 20.0, 
objectives:
-18.291778171914924, 20.480263407309216, -17.291778171914924, 

parameters:
1.5154089448343193, 0.0, 20.0, 
objectives:
-17.703535729916133, 20.234828490746587, -16.703535729916133, 

parameters:
0.6184896203956024, 0.0, 20.0, 
objectives:
-19.617470589462904, 21.90857092895469, -18.617470589462904, 

parameters:
0.8711320078156446, 0.0, 20.0, 
objectives:
-19.241129024959083, 21.274342943778336, -18.241129024959083, 

parameters:
1.5108159292972503, 0.0, 20.0, 
objectives:
-17.717435227781685, 20.239301055029312, -16.717435227781685, 

parameters:
0.7849861284157406, 0.0, 20.0, 
objectives:
-19.383796778194867, 21.476258708142172, -18.383796778194867, 

parameters:
1.15600570179353, 0.0, 20.0, 
objectives:
-18.663650817420848, 20.71232637540503, -17.663650817420848, 

parameters:
1.8257967493489837, 0.0, 20.0, 
objectives:
-16.666466230066685, 20.03034677253738, -15.666466230066684, 

parameters:
1.8201624086757455, 0.0, 20.0, 
objectives:
-16.687008806043707, 20.03234155925331, -15.687008806043709, 

parameters:
1.1676231451531254, 0.0, 20.0, 
objectives:
-18.636656190902723, 20.692851228484773, -17.636656190902723, 

parameters:
1.3336488109933495, 0.0, 20.0, 
objectives:
-18.221380848936025, 20.44402390709058, -17.221380848936025, 

parameters:
0.6290671062931814, 0.0, 20.0, 
objectives:
-19.60427457577992, 21.879456999047353, -18.60427457577992, 

parameters:
1.3593452603006106, 0.0, 20.0, 
objectives:
-18.152180463298265, 20.410438495499292, -17.152180463298265, 

parameters:
1.38310757839619, 0.0, 20.0, 
objectives:
-18.087013426583027, 20.38055625983221, -17.087013426583027, 

parameters:
1.3483193170753776, 0.0, 20.0, 
objectives:
-18.182035019201386, 20.424687712497104, -17.182035019201386, 

parameters:
1.3871483754894274, 0.0, 20.0, 
objectives:
-18.07581938437704, 20.375587113665247, -17.07581938437704, 

parameters:
1.1600890745466206, 0.0, 20.0, 
objectives:
-18.654193339117565, 20.705450362695952, -17.654193339117565, 

parameters:
0, 0.0, 20.0, 
objectives:
-20.0, 24.0, -19.0, 

