Generation 2603 at Fri May 24 19:48:22 2019
parameters:
0.051044676920685594, -100.0, 20, 
objectives:
-119.99739444095806, -76.2015731486408, 9981.002605559042, 

parameters:
3.2903892016166023, -3.552653747539444, 1.666879939414312, 
objectives:
5.607127411161386, -0.22066951647639965, 22.781129808606888, 

parameters:
-0.09310337269809921, -0.38187417318528993, 20, 
objectives:
-20.37320593517753, 23.999207555614866, -18.84550387784629, 

parameters:
1.9973066371654076, -100, 0, 
objectives:
-96.01076619713501, -99.99999274579665, 10004.989233802866, 

parameters:
0.26552588607817684, -96.7188093056682, 1.5920759560929487, 
objectives:
-98.24038126558355, -92.11833289771036, 9354.006501546295, 

parameters:
0.9295377543667933, -49.81792136672213, 0.8301209687490837, 
objectives:
-49.78400189867796, -47.84191097864696, 2482.8592087689535, 

parameters:
-0.0647038843674661, -82.62388764039453, 11.26974539626278, 
objectives:
-93.88944644400507, -67.09114011400965, 6816.441250008929, 

parameters:
4.424087725336547, -35.99883835031359, 12.20346062845822, 
objectives:
-28.629746777298305, -17.919176421728054, 1304.2854541450236, 

parameters:
2.997056968045862, -49.56976253519613, 18.46133304242601, 
objectives:
-59.048745107909895, -30.114306895241317, 2448.6823752230207, 

parameters:
2.8987175126107525, -69.27447674057319, 6.866339481180774, 
objectives:
-67.7382530038377, -61.60044409191916, 4801.489351416952, 

parameters:
-1.8746220393419284, -28.711957666947427, 16.087689611982515, 
objectives:
-41.28543948854345, 2.3884278927892932, 812.8030312469851, 

parameters:
1.711945540431019, -93.34591102920852, 13.994132187668244, 
objectives:
-104.4092856834751, -79.2688034698627, 8703.395731218647, 

parameters:
1.9991542892381515, -54.64662222924923, 9.723374999602441, 
objectives:
-60.37337935667237, -44.9232465144201, 2981.526563938853, 

parameters:
-1.6826130006590467, -91.1468262563738, 20, 
objectives:
-108.31563974638696, -57.585187743750765, 8291.575123119579, 

parameters:
0.004209475553325737, -65.6792199297274, 7.648930597661895, 
objectives:
-73.32813280770486, -54.04710951459437, 4307.111017699523, 

parameters:
-2.166489321638408, -71.83829867464809, 13.520645647936245, 
objectives:
-80.66526834181109, -40.95801975938495, 5152.914186800782, 

parameters:
3.483002031214278, -14.978682910842295, 4.59233295202367, 
objectives:
-7.4397127134231775, -8.18705493423295, 232.89991194097814, 

parameters:
-2.503694653885571, -59.19304062888678, 19.430437745344353, 
objectives:
-72.35499145433594, -19.479337348104952, 3491.6541080675916, 

parameters:
0.9110356791869871, -95.76749022541296, 19.99424044970563, 
objectives:
-114.9317446663669, -74.58740648370357, 9153.247929633613, 

parameters:
1.9892841877601617, -88.6905216758082, 6.677106775628036, 
objectives:
-91.41037687176363, -82.0133000715482, 7864.288779931048, 

parameters:
0.4933247552099391, -78.27954463199328, 9.964485236914086, 
objectives:
-88.00066055480441, -66.044989101816, 6118.965991869416, 

parameters:
0.5111841348973847, -73.78451698129929, 6.593983698168078, 
objectives:
-80.11719145969657, -64.97396060294997, 5438.822271685246, 

parameters:
1.7494762047830505, -0.9489032963219459, 14.065897834764776, 
objectives:
-11.954134139984616, 13.179756710412734, -9.104813377892015, 

parameters:
4.792562530329726, -88.47101026035192, 6.060644303366939, 
objectives:
-71.56299895659839, -74.61196047118341, 7845.027667791048, 

parameters:
3.14056727613369, -43.01681249999646, 5.120785680536874, 
objectives:
-38.274435364611556, -36.59513310807256, 1856.1885347952368, 

parameters:
-0.5187350930881198, -61.13071440042197, 8.734937718610942, 
objectives:
-69.59656602223177, -46.05175021265741, 3729.498391484148, 

parameters:
1.3579485132847378, -1.798266795023796, 6.88249066126896, 
objectives:
-6.836733291560527, 5.496453977838443, -0.8047030304515754, 

parameters:
2.9824788882614772, -42.39648431084293, 6.0241850433362885, 
objectives:
-39.5254890352538, -35.40703450162713, 1801.3328771951399, 

parameters:
2.9285728033697715, -77.16690606460534, 5.273941548704591, 
objectives:
-73.86430894867284, -71.03071706474276, 5959.033988699557, 

parameters:
1.0359080078329286, -5.713098669696636, 20, 
objectives:
-24.63999326900425, 15.216374699664037, 14.712601810381862, 

parameters:
1.6877439636572522, -0.6531396998432086, 1.5654260461602674, 
objectives:
0.6299139408580163, 1.0097901785495422, 2.709645108212502, 

parameters:
-1.601552117361976, -16.56368628401964, 8.500242953433036, 
objectives:
-22.498960052826046, 4.907734323487929, 269.42042954661395, 

parameters:
-0.47098086230020453, -11.37192913219089, 20, 
objectives:
-31.15010615953785, 14.733817289662971, 110.54259516022492, 

parameters:
2.5984707247938124, -77.24780399134438, 19.506492956565342, 
objectives:
-90.00224684029924, -57.38314382634381, 5955.4687786362065, 

parameters:
5.415057843058021, -48.668865223035176, 0.27449887184298194, 
objectives:
-19.620512651213975, -36.731746279760095, 2398.706794669784, 

parameters:
-1.0333420159749984, -14.555462562729744, 5.657401771375636, 
objectives:
-19.145068612126106, 0.3031029945251591, 208.27188436563077, 

