Generation 2607 at Fri May 24 19:48:22 2019
parameters:
3.2903892016166023, -3.552653747539444, 1.666879939414312, 
objectives:
5.607127411161386, -0.22066951647639965, 22.781129808606888, 

parameters:
0.051044676920685594, -100.0, 20, 
objectives:
-119.99739444095806, -76.2015731486408, 9981.002605559042, 

parameters:
-2.2232595194026827, -11.869641669487017, 20, 
objectives:
-26.92675877887237, 25.966279298738367, 126.83127625263717, 

parameters:
-0.09310337269809921, -0.38187417318528993, 20, 
objectives:
-20.37320593517753, 23.999207555614866, -18.84550387784629, 

parameters:
1.9973066371654076, -100, 0, 
objectives:
-96.01076619713501, -99.99999274579665, 10004.989233802866, 

parameters:
-0.0647038843674661, -82.62388764039453, 11.26974539626278, 
objectives:
-93.88944644400507, -67.09114011400965, 6816.441250008929, 

parameters:
-0.422677420769102, -53.9517245731863, 11.22129388035559, 
objectives:
-64.99436225151386, -36.86106480772628, 2900.7459467426265, 

parameters:
1.3579485132847378, -1.798266795023796, 6.88249066126896, 
objectives:
-6.836733291560527, 5.496453977838443, -0.8047030304515754, 

parameters:
-0.5187350930881198, -61.13071440042197, 8.734937718610942, 
objectives:
-69.59656602223177, -46.05175021265741, 3729.498391484148, 

parameters:
0.26552588607817684, -96.7188093056682, 1.5920759560929487, 
objectives:
-98.24038126558355, -92.11833289771036, 9354.006501546295, 

parameters:
1.711945540431019, -93.34591102920852, 13.994132187668244, 
objectives:
-104.4092856834751, -79.2688034698627, 8703.395731218647, 

parameters:
4.424087725336547, -35.99883835031359, 12.20346062845822, 
objectives:
-28.629746777298305, -17.919176421728054, 1304.2854541450236, 

parameters:
0.9295377543667933, -49.81792136672213, 0.8301209687490837, 
objectives:
-49.78400189867796, -47.84191097864696, 2482.8592087689535, 

parameters:
2.9285728033697715, -77.16690606460534, 5.273941548704591, 
objectives:
-73.86430894867284, -71.03071706474276, 5959.033988699557, 

parameters:
-1.6826130006590467, -91.1468262563738, 20, 
objectives:
-108.31563974638696, -57.585187743750765, 8291.575123119579, 

parameters:
1.2548020317249025, -27.175048129416105, 19.985121459530525, 
objectives:
-45.585641450125685, -6.634606657964248, 721.0726475153722, 

parameters:
0.004209475553325737, -65.6792199297274, 7.648930597661895, 
objectives:
-73.32813280770486, -54.04710951459437, 4307.111017699523, 

parameters:
1.9892841877601617, -88.6905216758082, 6.677106775628036, 
objectives:
-91.41037687176363, -82.0133000715482, 7864.288779931048, 

parameters:
0.9110356791869871, -95.76749022541296, 19.99424044970563, 
objectives:
-114.9317446663669, -74.58740648370357, 9153.247929633613, 

parameters:
1.7494762047830505, -0.9489032963219459, 14.065897834764776, 
objectives:
-11.954134139984616, 13.179756710412734, -9.104813377892015, 

parameters:
5.63530218879462, -88.19238069183758, 0, 
objectives:
-56.43574993280414, -74.97695868798263, 7810.65264285304, 

parameters:
1.888192013812882, -68.84347971485735, 6.34926716993277, 
objectives:
-71.62747780376338, -62.48171151914936, 4737.64070116107, 

parameters:
0.5111841348973847, -73.78451698129929, 6.593983698168078, 
objectives:
-80.11719145969657, -64.97396060294997, 5438.822271685246, 

parameters:
3.14056727613369, -43.01681249999646, 5.120785680536874, 
objectives:
-38.274435364611556, -36.59513310807256, 1856.1885347952368, 

parameters:
0.3472252026345166, -74.19752534319862, 8.57429540149851, 
objectives:
-82.65125540335254, -62.8915654108936, 5497.819036994448, 

parameters:
-2.503694653885571, -59.19304062888678, 19.430437745344353, 
objectives:
-72.35499145433594, -19.479337348104952, 3491.6541080675916, 

parameters:
3.9713783397060807, -39.09330736851339, 2.156875754260612, 
objectives:
-25.478337205687378, -33.05009905599048, 1542.9016511718896, 

parameters:
2.533256656268808, -46.4625508126182, 20, 
objectives:
-60.04516152608797, -26.178188151163205, 2146.186017301658, 

parameters:
-1.1571248775035057, -21.909535864994844, 0.590009329675772, 
objectives:
-21.160607212533115, -11.352089043167545, 481.7766904719571, 

parameters:
-1.1293296320557542, -48.85695094731149, 13.843008903374667, 
objectives:
-61.424574432846974, -25.22123809787462, 2375.4340323824654, 

parameters:
-2.426159906931707, -18.242015718582838, 13.074515031398512, 
objectives:
-25.430278855978482, 14.42339083454537, 326.58287433962766, 

parameters:
4.681049211542691, -96.48194805589556, 0, 
objectives:
-74.56972633501111, -89.29392318118187, 9331.678522381413, 

parameters:
3.8775724533041687, -9.125105214562566, 2.1205341091442396, 
objectives:
3.789928806916503, -3.4792927880116924, 97.182579198316, 

parameters:
1.0160643382906112, -91.15373993753445, 4.435311752208333, 
objectives:
-94.55666495019685, -85.75029879894262, 8306.601379587002, 

parameters:
2.9112190149781823, -25.03802926706777, 8.588020420855683, 
objectives:
-25.15085353475292, -15.61968875295428, 627.7900853108571, 

parameters:
1.6910030943143957, -24.170324702866257, 20.0, 
objectives:
-41.3108332378854, -4.07484561514298, 568.0640877069676, 

parameters:
-2.58950073299713, -44.311008116584986, 19.986340039190132, 
objectives:
-57.59183410958244, -3.261151099213663, 1951.1846143150633, 

parameters:
0.22538484861042396, -100, 20.0, 
objectives:
-119.94920167001686, -76.85074106445855, 9981.050798329983, 

