Generation 261 at Sat May 25 04:36:27 2019
parameters:
0, 0.0, 20.0, 
objectives:
-20.0, 24.0, -19.0, 

parameters:
0, 0.0, 20.0, 
objectives:
-20.0, 24.0, -19.0, 

parameters:
1.9971487895634539, 0.0, 20.0, 
objectives:
-16.01139671234523, 20.000008129400953, -15.011396712345231, 

parameters:
1.103113148782961, 0.0, 20.0, 
objectives:
-18.78314138098214, 20.804406023886013, -17.78314138098214, 

parameters:
1.2043027879110488, 0.0, 20.0, 
objectives:
-18.549654795029674, 20.63313405332613, -17.549654795029674, 

parameters:
1.3964124310044426, 0.0, 20.0, 
objectives:
-18.050032322536264, 20.364317953445966, -17.050032322536264, 

parameters:
0.20716431110934613, 0.0, 20.0, 
objectives:
-19.95708294820259, 23.214259807360026, -18.95708294820259, 

parameters:
1.8660418401503733, 0.0, 20.0, 
objectives:
-16.517887850808208, 20.0179447885903, -15.517887850808208, 

parameters:
1.3069896051939645, 0.0, 20.0, 
objectives:
-18.291778171914924, 20.480263407309216, -17.291778171914924, 

parameters:
1.5154089448343193, 0.0, 20.0, 
objectives:
-17.703535729916133, 20.234828490746587, -16.703535729916133, 

parameters:
1.4550309775557617, 0.0, 20.0, 
objectives:
-17.882884854353126, 20.296991235423828, -16.882884854353126, 

parameters:
0.36204156141533866, 0.0, 20.0, 
objectives:
-19.868925907807945, 22.682907846530703, -18.868925907807945, 

parameters:
1.785127169123722, 0.0, 20.0, 
objectives:
-16.813320990056326, 20.046170333448785, -15.813320990056326, 

parameters:
0.5438265631505214, 0.0, 20.0, 
objectives:
-19.704252669211893, 22.120441078186023, -18.704252669211893, 

parameters:
0.813162089339344, 0.0, 20.0, 
objectives:
-19.338767416461273, 21.40858422618135, -18.338767416461273, 

parameters:
0.2234268298886813, 0.0, 20.0, 
objectives:
-19.950080451685896, 23.15621222875938, -18.950080451685896, 

parameters:
0.9894435621349414, 0.0, 20.0, 
objectives:
-19.021001437349717, 21.021224314110516, -18.021001437349717, 

parameters:
1.2666046184030753, 0.0, 20.0, 
objectives:
-18.39571274064, 20.537868785747698, -17.39571274064, 

parameters:
0.6184896203956024, 0.0, 20.0, 
objectives:
-19.617470589462904, 21.90857092895469, -18.617470589462904, 

parameters:
1.721102834178785, 0.0, 20.0, 
objectives:
-17.037805034181755, 20.077783629103106, -16.037805034181755, 

parameters:
1.6384477967348083, 0.0, 20.0, 
objectives:
-17.315488817374852, 20.130719995685915, -16.315488817374852, 

parameters:
0.8874431465894769, 0.0, 20.0, 
objectives:
-19.212444661571368, 21.237782752070725, -18.212444661571368, 

parameters:
1.9407187689006815, 0.0, 20.0, 
objectives:
-16.233610660036625, 20.00351426436065, -15.233610660036623, 

parameters:
1.8268496242954788, 0.0, 20.0, 
objectives:
-16.662620450211467, 20.029981052606615, -15.662620450211469, 

parameters:
1.7002605390049563, 0.0, 20.0, 
objectives:
-17.109114099502577, 20.089843744477598, -16.109114099502577, 

parameters:
0.4656052738441806, 0.0, 20.0, 
objectives:
-19.783211728968485, 22.35436717565479, -18.783211728968485, 

parameters:
0.7392984101383305, 0.0, 20.0, 
objectives:
-19.453437860766936, 21.58936849867974, -18.453437860766936, 

parameters:
0.9792998561467923, 0.0, 20.0, 
objectives:
-19.040971791750874, 21.04182878366196, -18.04097179175087, 

parameters:
1.5731818860782578, 0.0, 20.0, 
objectives:
-17.525098753315255, 20.182173702371713, -16.525098753315255, 

parameters:
0.668148177538808, 0.0, 20.0, 
objectives:
-19.55357801285157, 21.773829276993197, -18.55357801285157, 

parameters:
1.9453451192557676, 0.0, 20.0, 
objectives:
-16.215632366987762, 20.002987155989167, -15.215632366987764, 

parameters:
0.8711320078156446, 0.0, 20.0, 
objectives:
-19.241129024959083, 21.274342943778336, -18.241129024959083, 

parameters:
0.7035738613181148, 0.0, 20.0, 
objectives:
-19.504983821669917, 21.680720733057623, -18.504983821669917, 

parameters:
1.6134923002579176, 0.0, 20.0, 
objectives:
-17.396642597008416, 20.149388201959916, -16.396642597008416, 

parameters:
0.42182728008780407, 0.0, 20.0, 
objectives:
-19.822061745773727, 22.49062913387506, -18.822061745773727, 

parameters:
1.5907759711646703, 0.0, 20.0, 
objectives:
-17.4694318095651, 20.167464305776218, -16.4694318095651, 

parameters:
0.39948110004108606, 0.0, 20.0, 
objectives:
-19.840414850709962, 22.561660749125693, -18.840414850709962, 

parameters:
0.9877916412075205, 0.0, 20.0, 
objectives:
-19.02426767356055, 21.024565761609367, -18.02426767356055, 

parameters:
0, 0.0, 20.0, 
objectives:
-20.0, 24.0, -19.0, 

