Generation 2613 at Fri May 24 19:48:23 2019
parameters:
0.051044676920685594, -100.0, 20, 
objectives:
-119.99739444095806, -76.2015731486408, 9981.002605559042, 

parameters:
3.2903892016166023, -3.552653747539444, 1.666879939414312, 
objectives:
5.607127411161386, -0.22066951647639965, 22.781129808606888, 

parameters:
-0.09310337269809921, -0.38187417318528993, 20, 
objectives:
-20.37320593517753, 23.999207555614866, -18.84550387784629, 

parameters:
1.9973066371654076, -100, 0, 
objectives:
-96.01076619713501, -99.99999274579665, 10004.989233802866, 

parameters:
1.3232043744600606, -50.524883792792224, 8.906593609163435, 
objectives:
-57.68060758536542, -41.16023786487879, 2546.608158482585, 

parameters:
-2.503694653885571, -59.19304062888678, 19.430437745344353, 
objectives:
-72.35499145433594, -19.479337348104952, 3491.6541080675916, 

parameters:
3.9713783397060807, -39.09330736851339, 2.156875754260612, 
objectives:
-25.478337205687378, -33.05009905599048, 1542.9016511718896, 

parameters:
0.9477321709466813, -88.06867861013914, 0.9828624248073425, 
objectives:
-88.15334476709917, -85.97854860127123, 7757.00748597902, 

parameters:
-0.8372724441797543, -70.20990315776547, 6.340196016668873, 
objectives:
-75.8490740286516, -55.819592218594835, 4924.791330551919, 

parameters:
3.14056727613369, -43.01681249999646, 5.120785680536874, 
objectives:
-38.274435364611556, -36.59513310807256, 1856.1885347952368, 

parameters:
-0.5187350930881198, -61.13071440042197, 8.734937718610942, 
objectives:
-69.59656602223177, -46.05175021265741, 3729.498391484148, 

parameters:
0.26552588607817684, -96.7188093056682, 1.5920759560929487, 
objectives:
-98.24038126558355, -92.11833289771036, 9354.006501546295, 

parameters:
3.9894079907019866, -75.7683953944099, 7.342579391283341, 
objectives:
-67.19559866941637, -64.46807184965765, 5750.422537368629, 

parameters:
0.2807819459844507, -22.384415975093397, 10.395230979618416, 
objectives:
-32.700808453521, -9.033474278221968, 491.7456860675889, 

parameters:
2.8021054336046376, -62.777864034619505, 6.192724466882927, 
objectives:
-61.1187936404658, -55.94176644111849, 3943.7192831433267, 

parameters:
1.3074809952221607, -80.2659735691517, 1.3668015353026104, 
objectives:
-79.92326855158719, -78.4195894618706, 6443.969218021324, 

parameters:
1.9044634466443693, -3.37230967354333, 15.131088196221993, 
objectives:
-14.876416850160773, 11.767905755705737, 0.8683653576564776, 

parameters:
4.716430297631163, -14.20033451126203, 8.403044667328087, 
objectives:
-0.3586644261769365, 1.5817037179545874, 216.49117031682454, 

parameters:
0.3472252026345166, -74.19752534319862, 8.57429540149851, 
objectives:
-82.65125540335254, -62.8915654108936, 5497.819036994448, 

parameters:
1.888192013812882, -68.84347971485735, 6.34926716993277, 
objectives:
-71.62747780376338, -62.48171151914936, 4737.64070116107, 

parameters:
0.41086877270741373, -84.31983923163372, 8.432603495471048, 
objectives:
-92.58362957871867, -73.36189767860624, 7102.571497701472, 

parameters:
-1.6826130006590467, -91.1468262563738, 20, 
objectives:
-108.31563974638696, -57.585187743750765, 8291.575123119579, 

parameters:
0.11573894081095037, -27.446552837859198, 18.89701966011665, 
objectives:
-46.33017699555581, -4.999093438566309, 735.4296385237002, 

parameters:
-0.0647038843674661, -82.62388764039453, 11.26974539626278, 
objectives:
-93.88944644400507, -67.09114011400965, 6816.441250008929, 

parameters:
1.3579485132847378, -1.798266795023796, 6.88249066126896, 
objectives:
-6.836733291560527, 5.496453977838443, -0.8047030304515754, 

parameters:
-1.2356366141311657, -34.3820293085525, 11.249061672029239, 
objectives:
-44.10429313840021, -12.66362333781706, 1173.4016755443151, 

parameters:
0.31986201057637387, -93.827616892227, 18.943817459695524, 
objectives:
-112.66912264611256, -72.06093576902701, 8785.780185920636, 

parameters:
1.8965725656474977, -34.878080356953944, 20, 
objectives:
-51.281092860187215, -14.867383122777206, 1201.0774768829035, 

parameters:
1.6124185170191303, 0.44839440813512077, 18.71140660734812, 
objectives:
-15.663118725186829, 19.310020421432892, -14.910455588075104, 

parameters:
-1.797391922080918, -19.28143858330107, 10.54339411584777, 
objectives:
-26.5942149775871, 5.682140942432108, 365.46109744732513, 

parameters:
0.9110356791869871, -95.76749022541296, 19.99424044970563, 
objectives:
-114.9317446663669, -74.58740648370357, 9153.247929633613, 

parameters:
-1.3489545824850944, -95.8778464924401, 4.468968961606746, 
objectives:
-98.52713698843931, -80.19338073528544, 9190.912157531911, 

parameters:
1.711945540431019, -93.34591102920852, 13.994132187668244, 
objectives:
-104.4092856834751, -79.2688034698627, 8703.395731218647, 

parameters:
0.8986107487365396, -92.67887130072606, 5.895048363421646, 
objectives:
-97.76641838640286, -85.57076465450572, 8585.285638490866, 

parameters:
3.0569558938209944, -27.867179996345623, 7.994253761244989, 
objectives:
-26.5164544208237, -18.755770473617694, 778.9304465242475, 

parameters:
-1.328320841361804, -35.49073916368981, 4.957273372492575, 
objectives:
-38.68357627858625, -19.455746168153887, 1257.3997292701692, 

parameters:
-0.3323481472155785, -90.50588582698985, 5.354652292508266, 
objectives:
-95.75008282854049, -79.71138565466165, 8187.071172326572, 

