Generation 2615 at Fri May 24 19:48:23 2019
parameters:
3.2903892016166023, -3.552653747539444, 1.666879939414312, 
objectives:
5.607127411161386, -0.22066951647639965, 22.781129808606888, 

parameters:
0.051044676920685594, -100.0, 20, 
objectives:
-119.99739444095806, -76.2015731486408, 9981.002605559042, 

parameters:
-0.09310337269809921, -0.38187417318528993, 20, 
objectives:
-20.37320593517753, 23.999207555614866, -18.84550387784629, 

parameters:
1.9973066371654076, -100, 0, 
objectives:
-96.01076619713501, -99.99999274579665, 10004.989233802866, 

parameters:
0.9477321709466813, -88.06867861013914, 0.9828624248073425, 
objectives:
-88.15334476709917, -85.97854860127123, 7757.00748597902, 

parameters:
0.31986201057637387, -93.827616892227, 18.943817459695524, 
objectives:
-112.66912264611256, -72.06093576902701, 8785.780185920636, 

parameters:
-1.6826130006590467, -91.1468262563738, 20, 
objectives:
-108.31563974638696, -57.585187743750765, 8291.575123119579, 

parameters:
1.3074809952221607, -80.2659735691517, 1.3668015353026104, 
objectives:
-79.92326855158719, -78.4195894618706, 6443.969218021324, 

parameters:
0.11573894081095037, -27.446552837859198, 18.89701966011665, 
objectives:
-46.33017699555581, -4.999093438566309, 735.4296385237002, 

parameters:
0.26552588607817684, -96.7188093056682, 1.5920759560929487, 
objectives:
-98.24038126558355, -92.11833289771036, 9354.006501546295, 

parameters:
3.9713783397060807, -39.09330736851339, 2.156875754260612, 
objectives:
-25.478337205687378, -33.05009905599048, 1542.9016511718896, 

parameters:
0.5711560975944916, -48.808388315781805, 18.19432797542339, 
objectives:
-66.67649700338583, -28.572465442917014, 2365.3906612965416, 

parameters:
0.2807819459844507, -22.384415975093397, 10.395230979618416, 
objectives:
-32.700808453521, -9.033474278221968, 491.7456860675889, 

parameters:
-1.2356366141311657, -34.3820293085525, 11.249061672029239, 
objectives:
-44.10429313840021, -12.66362333781706, 1173.4016755443151, 

parameters:
1.3579485132847378, -1.798266795023796, 6.88249066126896, 
objectives:
-6.836733291560527, 5.496453977838443, -0.8047030304515754, 

parameters:
2.8935115364761548, -58.2839463090396, 6.732413878786921, 
objectives:
-56.64395117610592, -50.753169564436696, 3399.6583924879446, 

parameters:
1.9044634466443693, -3.37230967354333, 15.131088196221993, 
objectives:
-14.876416850160773, 11.767905755705737, 0.8683653576564776, 

parameters:
0.41086877270741373, -84.31983923163372, 8.432603495471048, 
objectives:
-92.58362957871867, -73.36189767860624, 7102.571497701472, 

parameters:
3.14056727613369, -43.01681249999646, 5.120785680536874, 
objectives:
-38.274435364611556, -36.59513310807256, 1856.1885347952368, 

parameters:
-2.503694653885571, -59.19304062888678, 19.430437745344353, 
objectives:
-72.35499145433594, -19.479337348104952, 3491.6541080675916, 

parameters:
1.3114545033264255, -82.6576144083847, 20, 
objectives:
-100.93770149408954, -62.183519507395246, 6815.001132599502, 

parameters:
3.9894079907019866, -75.7683953944099, 7.342579391283341, 
objectives:
-67.19559866941637, -64.46807184965765, 5750.422537368629, 

parameters:
1.3232043744600606, -50.524883792792224, 8.906593609163435, 
objectives:
-57.68060758536542, -41.16023786487879, 2546.608158482585, 

parameters:
2.8021054336046376, -62.777864034619505, 6.192724466882927, 
objectives:
-61.1187936404658, -55.94176644111849, 3943.7192831433267, 

parameters:
4.062322654332634, -54.529962866057545, 1.4924568428297709, 
objectives:
-39.51995436098318, -48.78433129265417, 2989.526858678689, 

parameters:
1.1386360943888523, -17.081211013041028, 0, 
objectives:
-15.784718857595928, -16.339263235151336, 294.0642618274792, 

parameters:
2.6716288468803016, -99.18788897410003, 1.6024986846093894, 
objectives:
-93.65278696322645, -97.13430498152889, 9844.77242114927, 

parameters:
0.3472252026345166, -74.19752534319862, 8.57429540149851, 
objectives:
-82.65125540335254, -62.8915654108936, 5497.819036994448, 

parameters:
-0.8372724441797543, -70.20990315776547, 6.340196016668873, 
objectives:
-75.8490740286516, -55.819592218594835, 4924.791330551919, 

parameters:
1.6739738886997517, -66.24922063599587, 11.96950017227636, 
objectives:
-75.41653222822366, -54.17342743846995, 4380.791923284633, 

parameters:
-0.5187350930881198, -61.13071440042197, 8.734937718610942, 
objectives:
-69.59656602223177, -46.05175021265741, 3729.498391484148, 

parameters:
1.5966344677407447, -4.5240497387003495, 5.4656673358108545, 
objectives:
-7.440475450933433, 1.1043213497252973, 18.550600326001614, 

parameters:
-0.0647038843674661, -82.62388764039453, 11.26974539626278, 
objectives:
-93.88944644400507, -67.09114011400965, 6816.441250008929, 

parameters:
1.6124185170191303, 0.44839440813512077, 18.71140660734812, 
objectives:
-15.663118725186829, 19.310020421432892, -14.910455588075104, 

parameters:
3.745774928376581, -49.49695315795989, 2.005321085725696, 
objectives:
-37.471444429631006, -44.44390197168593, 2462.973880649604, 

parameters:
0.8974367893660484, -67.16646750169886, 17.516636945463354, 
objectives:
-83.87771165625458, -48.43418492279206, 4495.623112502213, 

parameters:
1.888192013812882, -68.84347971485735, 6.34926716993277, 
objectives:
-71.62747780376338, -62.48171151914936, 4737.64070116107, 

