Generation 2616 at Fri May 24 19:48:23 2019
parameters:
3.2903892016166023, -3.552653747539444, 1.666879939414312, 
objectives:
5.607127411161386, -0.22066951647639965, 22.781129808606888, 

parameters:
0.051044676920685594, -100.0, 20, 
objectives:
-119.99739444095806, -76.2015731486408, 9981.002605559042, 

parameters:
-0.09310337269809921, -0.38187417318528993, 20, 
objectives:
-20.37320593517753, 23.999207555614866, -18.84550387784629, 

parameters:
1.9973066371654076, -100, 0, 
objectives:
-96.01076619713501, -99.99999274579665, 10004.989233802866, 

parameters:
0.31986201057637387, -93.827616892227, 18.943817459695524, 
objectives:
-112.66912264611256, -72.06093576902701, 8785.780185920636, 

parameters:
0.9477321709466813, -88.06867861013914, 0.9828624248073425, 
objectives:
-88.15334476709917, -85.97854860127123, 7757.00748597902, 

parameters:
1.3074809952221607, -80.2659735691517, 1.3668015353026104, 
objectives:
-79.92326855158719, -78.4195894618706, 6443.969218021324, 

parameters:
-1.6826130006590467, -91.1468262563738, 20, 
objectives:
-108.31563974638696, -57.585187743750765, 8291.575123119579, 

parameters:
0.26552588607817684, -96.7188093056682, 1.5920759560929487, 
objectives:
-98.24038126558355, -92.11833289771036, 9354.006501546295, 

parameters:
-2.503694653885571, -59.19304062888678, 19.430437745344353, 
objectives:
-72.35499145433594, -19.479337348104952, 3491.6541080675916, 

parameters:
4.062322654332634, -54.529962866057545, 1.4924568428297709, 
objectives:
-39.51995436098318, -48.78433129265417, 2989.526858678689, 

parameters:
1.3579485132847378, -1.798266795023796, 6.88249066126896, 
objectives:
-6.836733291560527, 5.496453977838443, -0.8047030304515754, 

parameters:
0.11573894081095037, -27.446552837859198, 18.89701966011665, 
objectives:
-46.33017699555581, -4.999093438566309, 735.4296385237002, 

parameters:
0.5711560975944916, -48.808388315781805, 18.19432797542339, 
objectives:
-66.67649700338583, -28.572465442917014, 2365.3906612965416, 

parameters:
1.3232043744600606, -50.524883792792224, 8.906593609163435, 
objectives:
-57.68060758536542, -41.16023786487879, 2546.608158482585, 

parameters:
1.3114545033264255, -82.6576144083847, 20, 
objectives:
-100.93770149408954, -62.183519507395246, 6815.001132599502, 

parameters:
3.9894079907019866, -75.7683953944099, 7.342579391283341, 
objectives:
-67.19559866941637, -64.46807184965765, 5750.422537368629, 

parameters:
1.9044634466443693, -3.37230967354333, 15.131088196221993, 
objectives:
-14.876416850160773, 11.767905755705737, 0.8683653576564776, 

parameters:
-1.598795272600171, -13.034789866370483, 18.235126574262786, 
objectives:
-28.713770116944612, 18.15166412198164, 155.2267666098605, 

parameters:
3.14056727613369, -43.01681249999646, 5.120785680536874, 
objectives:
-38.274435364611556, -36.59513310807256, 1856.1885347952368, 

parameters:
3.9713783397060807, -39.09330736851339, 2.156875754260612, 
objectives:
-25.478337205687378, -33.05009905599048, 1542.9016511718896, 

parameters:
0.3472252026345166, -74.19752534319862, 8.57429540149851, 
objectives:
-82.65125540335254, -62.8915654108936, 5497.819036994448, 

parameters:
-0.8372724441797543, -70.20990315776547, 6.340196016668873, 
objectives:
-75.8490740286516, -55.819592218594835, 4924.791330551919, 

parameters:
1.6739738886997517, -66.24922063599587, 11.96950017227636, 
objectives:
-75.41653222822366, -54.17342743846995, 4380.791923284633, 

parameters:
2.6716288468803016, -99.18788897410003, 1.6024986846093894, 
objectives:
-93.65278696322645, -97.13430498152889, 9844.77242114927, 

parameters:
0.2807819459844507, -22.384415975093397, 10.395230979618416, 
objectives:
-32.700808453521, -9.033474278221968, 491.7456860675889, 

parameters:
0.24422434031693063, -34.569893767769926, 18.035352942705625, 
objectives:
-52.54560118207232, -13.451792657928785, 1178.1018477005955, 

parameters:
3.658986306554464, -13.469497869566776, 1.6846218759829694, 
objectives:
-1.7659389539966666, -9.032640428248584, 194.13093177383405, 

parameters:
2.8021054336046376, -62.777864034619505, 6.192724466882927, 
objectives:
-61.1187936404658, -55.94176644111849, 3943.7192831433267, 

parameters:
-1.2356366141311657, -34.3820293085525, 11.249061672029239, 
objectives:
-44.10429313840021, -12.66362333781706, 1173.4016755443151, 

parameters:
1.1386360943888523, -17.081211013041028, 0, 
objectives:
-15.784718857595928, -16.339263235151336, 294.0642618274792, 

parameters:
1.9054972247393147, -85.01996521863418, 6.859706325907005, 
objectives:
-88.24875187105195, -78.15132811819521, 7226.1656991253485, 

parameters:
0.41086877270741373, -84.31983923163372, 8.432603495471048, 
objectives:
-92.58362957871867, -73.36189767860624, 7102.571497701472, 

parameters:
2.6517421076270913, -63.32948879443687, 11.8242880900156, 
objectives:
-68.1220406790899, -51.08043292956707, 4006.831599080052, 

parameters:
2.8935115364761548, -58.2839463090396, 6.732413878786921, 
objectives:
-56.64395117610592, -50.753169564436696, 3399.6583924879446, 

parameters:
3.4222706852985967, -45.46511941602127, 11.546625766388328, 
objectives:
-45.299808538955475, -31.8956397473732, 2068.2423943901395, 

parameters:
0.4679881156722915, -100, 9.184953693005818, 
objectives:
-108.96594081659532, -88.46798589327284, 9992.034059183405, 

