Generation 2621 at Fri May 24 19:48:23 2019
parameters:
3.2903892016166023, -3.552653747539444, 1.666879939414312, 
objectives:
5.607127411161386, -0.22066951647639965, 22.781129808606888, 

parameters:
0.051044676920685594, -100.0, 20, 
objectives:
-119.99739444095806, -76.2015731486408, 9981.002605559042, 

parameters:
-2.0242174093111522, -8.350671182118912, 19.843898088416886, 
objectives:
-24.097113150377446, 27.687552663700934, 54.98726722361274, 

parameters:
-0.09310337269809921, -0.38187417318528993, 20, 
objectives:
-20.37320593517753, 23.999207555614866, -18.84550387784629, 

parameters:
1.9973066371654076, -100, 0, 
objectives:
-96.01076619713501, -99.99999274579665, 10004.989233802866, 

parameters:
0.24422434031693063, -34.569893767769926, 18.035352942705625, 
objectives:
-52.54560118207232, -13.451792657928785, 1178.1018477005955, 

parameters:
1.6739738886997517, -66.24922063599587, 11.96950017227636, 
objectives:
-75.41653222822366, -54.17342743846995, 4380.791923284633, 

parameters:
3.14056727613369, -43.01681249999646, 5.120785680536874, 
objectives:
-38.274435364611556, -36.59513310807256, 1856.1885347952368, 

parameters:
0.31986201057637387, -93.827616892227, 18.943817459695524, 
objectives:
-112.66912264611256, -72.06093576902701, 8785.780185920636, 

parameters:
2.5856516259476554, -72.31899935115314, 1.2452408536471076, 
objectives:
-66.87864587403449, -70.7307706705309, 5236.478020629206, 

parameters:
1.3074809952221607, -80.2659735691517, 1.3668015353026104, 
objectives:
-79.92326855158719, -78.4195894618706, 6443.969218021324, 

parameters:
-1.6826130006590467, -91.1468262563738, 20, 
objectives:
-108.31563974638696, -57.585187743750765, 8291.575123119579, 

parameters:
-1.4960621605182594, -50.88107864849052, 20, 
objectives:
-68.64287666035597, -18.658628018282926, 2572.122366422013, 

parameters:
4.062322654332634, -54.529962866057545, 1.4924568428297709, 
objectives:
-39.51995436098318, -48.78433129265417, 2989.526858678689, 

parameters:
4.232491408085893, -58.71295368356114, 3.6843052838888104, 
objectives:
-44.48327544792905, -50.044630512495, 3462.4406084836273, 

parameters:
-1.598795272600171, -13.034789866370483, 18.235126574262786, 
objectives:
-28.713770116944612, 18.15166412198164, 155.2267666098605, 

parameters:
1.9044634466443693, -3.37230967354333, 15.131088196221993, 
objectives:
-14.876416850160773, 11.767905755705737, 0.8683653576564776, 

parameters:
0.9477321709466813, -88.06867861013914, 0.9828624248073425, 
objectives:
-88.15334476709917, -85.97854860127123, 7757.00748597902, 

parameters:
3.768889430985034, -45.22296050147409, 16.082393173438415, 
objectives:
-47.100826131921814, -26.011597508985115, 2044.2382908874379, 

parameters:
2.8021054336046376, -62.777864034619505, 6.192724466882927, 
objectives:
-61.1187936404658, -55.94176644111849, 3943.7192831433267, 

parameters:
1.3232043744600606, -50.524883792792224, 8.906593609163435, 
objectives:
-57.68060758536542, -41.16023786487879, 2546.608158482585, 

parameters:
3.0208944569741742, -48.59395967217943, 19.598785309721293, 
objectives:
-59.06694166172343, -27.952948870177543, 2351.899934631857, 

parameters:
0.11573894081095037, -27.446552837859198, 18.89701966011665, 
objectives:
-46.33017699555581, -4.999093438566309, 735.4296385237002, 

parameters:
0.26552588607817684, -96.7188093056682, 1.5920759560929487, 
objectives:
-98.24038126558355, -92.11833289771036, 9354.006501546295, 

parameters:
3.9894079907019866, -75.7683953944099, 7.342579391283341, 
objectives:
-67.19559866941637, -64.46807184965765, 5750.422537368629, 

parameters:
3.658986306554464, -13.469497869566776, 1.6846218759829694, 
objectives:
-1.7659389539966666, -9.032640428248584, 194.13093177383405, 

parameters:
2.6716288468803016, -99.18788897410003, 1.6024986846093894, 
objectives:
-93.65278696322645, -97.13430498152889, 9844.77242114927, 

parameters:
0.2807819459844507, -22.384415975093397, 10.395230979618416, 
objectives:
-32.700808453521, -9.033474278221968, 491.7456860675889, 

parameters:
-1.851496535510371, -84.4842092246318, 2.590195936130246, 
objectives:
-83.64636573975514, -67.05998772545317, 7139.419451796238, 

parameters:
-0.6674051817250672, -87.93288775555185, 5.250698206770353, 
objectives:
-92.73815628572872, -75.56713914528775, 7728.387480500302, 

parameters:
4.703349359768631, -17.254520441172712, 12.686167081462866, 
objectives:
-7.819192322599587, 2.739744401251622, 308.15380377342007, 

parameters:
1.7460837968363978, -83.6479632997528, 2.099009097899831, 
objectives:
-82.69816377207803, -81.48448076362396, 6998.931563724467, 

parameters:
3.2925771088398013, -76.44613553022003, 19.22379579776917, 
objectives:
-84.82886731033334, -55.5515841501542, 5836.628905724657, 

parameters:
-0.6100337270668715, -97.28123149961802, 1.6393135000117787, 
objectives:
-98.5484038514707, -88.82964194317965, 9463.370829730418, 

parameters:
4.785981482073133, -21.116866603410614, 19.825177556711836, 
objectives:
-18.036425413375508, 6.470003771755632, 450.0024963362736, 

parameters:
-0.6491937776068257, -100, 3.8443113655683696, 
objectives:
-103.42285880468495, -89.1374609631209, 9997.577141195316, 

parameters:
1.3579485132847378, -1.798266795023796, 6.88249066126896, 
objectives:
-6.836733291560527, 5.496453977838443, -0.8047030304515754, 

parameters:
-1.072415185842592, -100, 8.607769351763746, 
objectives:
-107.45769502093795, -81.95249557404009, 9993.542304979062, 

