Generation 2626 at Fri May 24 19:48:23 2019
parameters:
0.051044676920685594, -100.0, 20, 
objectives:
-119.99739444095806, -76.2015731486408, 9981.002605559042, 

parameters:
3.2903892016166023, -3.552653747539444, 1.666879939414312, 
objectives:
5.607127411161386, -0.22066951647639965, 22.781129808606888, 

parameters:
-2.650746328166278, -12.51183413571674, 19.66387022255208, 
objectives:
-25.149248261981818, 28.78147749578746, 144.90857931342157, 

parameters:
-0.09310337269809921, -0.38187417318528993, 20, 
objectives:
-20.37320593517753, 23.999207555614866, -18.84550387784629, 

parameters:
1.9973066371654076, -100, 0, 
objectives:
-96.01076619713501, -99.99999274579665, 10004.989233802866, 

parameters:
1.9044634466443693, -3.37230967354333, 15.131088196221993, 
objectives:
-14.876416850160773, 11.767905755705737, 0.8683653576564776, 

parameters:
3.658986306554464, -13.469497869566776, 1.6846218759829694, 
objectives:
-1.7659389539966666, -9.032640428248584, 194.13093177383405, 

parameters:
2.5856516259476554, -72.31899935115314, 1.2452408536471076, 
objectives:
-66.87864587403449, -70.7307706705309, 5236.478020629206, 

parameters:
0.24422434031693063, -34.569893767769926, 18.035352942705625, 
objectives:
-52.54560118207232, -13.451792657928785, 1178.1018477005955, 

parameters:
3.0208944569741742, -48.59395967217943, 19.598785309721293, 
objectives:
-59.06694166172343, -27.952948870177543, 2351.899934631857, 

parameters:
0.26552588607817684, -96.7188093056682, 1.5920759560929487, 
objectives:
-98.24038126558355, -92.11833289771036, 9354.006501546295, 

parameters:
-1.6826130006590467, -91.1468262563738, 20, 
objectives:
-108.31563974638696, -57.585187743750765, 8291.575123119579, 

parameters:
0.31986201057637387, -93.827616892227, 18.943817459695524, 
objectives:
-112.66912264611256, -72.06093576902701, 8785.780185920636, 

parameters:
-1.4960621605182594, -50.88107864849052, 20, 
objectives:
-68.64287666035597, -18.658628018282926, 2572.122366422013, 

parameters:
1.6739738886997517, -66.24922063599587, 11.96950017227636, 
objectives:
-75.41653222822366, -54.17342743846995, 4380.791923284633, 

parameters:
4.062322654332634, -54.529962866057545, 1.4924568428297709, 
objectives:
-39.51995436098318, -48.78433129265417, 2989.526858678689, 

parameters:
1.6693915138588888, -56.57394366227792, 17.698227159486095, 
objectives:
-71.48530279521995, -38.76641453168331, 3186.699742369654, 

parameters:
1.723251373093252, -36.389070753942526, 2.403215400590506, 
objectives:
-35.82269085966525, -33.90926555085725, 1325.7308502297126, 

parameters:
0.11573894081095037, -27.446552837859198, 18.89701966011665, 
objectives:
-46.33017699555581, -4.999093438566309, 735.4296385237002, 

parameters:
0.48219346500634863, -42.99229671815557, 0, 
objectives:
-42.75978618046074, -40.68856004048614, 1849.5700876396252, 

parameters:
3.768889430985034, -45.22296050147409, 16.082393173438415, 
objectives:
-47.100826131921814, -26.011597508985115, 2044.2382908874379, 

parameters:
-1.315872747756455, -62.036949684312056, 16.730097134909244, 
objectives:
-77.03552573093317, -34.31184047008887, 3834.5845500872447, 

parameters:
-1.851496535510371, -84.4842092246318, 2.590195936130246, 
objectives:
-83.64636573975514, -67.05998772545317, 7139.419451796238, 

parameters:
-1.407706865440118, -18.663697943049467, 14.265941038917186, 
objectives:
-30.948000362959412, 7.2147091766354325, 337.049318489479, 

parameters:
0.9477321709466813, -88.06867861013914, 0.9828624248073425, 
objectives:
-88.15334476709917, -85.97854860127123, 7757.00748597902, 

parameters:
3.9894079907019866, -75.7683953944099, 7.342579391283341, 
objectives:
-67.19559866941637, -64.46807184965765, 5750.422537368629, 

parameters:
2.073174399512756, -64.47763334329447, 19.62900164795422, 
objectives:
-79.80858290045362, -44.843277202596205, 4143.03425199516, 

parameters:
0.48912234761168766, -94.40700607181647, 5.904564624625565, 
objectives:
-100.07233002550886, -86.21969016670448, 8908.0174714903, 

parameters:
0.8488175904656662, -85.44230012182149, 20, 
objectives:
-104.72180881993755, -64.11707918180022, 7282.1071414093, 

parameters:
2.943405406709889, -89.93978823457242, 0, 
objectives:
-81.27615284632341, -89.04977447316297, 8098.82914306798, 

parameters:
1.3074809952221607, -80.2659735691517, 1.3668015353026104, 
objectives:
-79.92326855158719, -78.4195894618706, 6443.969218021324, 

parameters:
2.0605489409259454, -87.46252789587427, 9.76337170223775, 
objectives:
-92.98003766016099, -77.69549001938927, 7645.1762761722985, 

parameters:
-0.6733725643354522, -19.11062060007639, 10.623505023527441, 
objectives:
-29.28069501320413, -1.3401947088074397, 356.0457453069364, 

parameters:
0.06600045573141489, -81.70385288429837, 15.256226702465776, 
objectives:
-96.9557235266074, -62.70727194460151, 6661.267705496763, 

parameters:
2.5285995562881953, -81.49419956205331, 0, 
objectives:
-75.10038384599245, -81.21478207114524, 6648.698377975831, 

parameters:
-2.0242174093111522, -8.350671182118912, 19.843898088416886, 
objectives:
-24.097113150377446, 27.687552663700934, 54.98726722361274, 

