Generation 2632 at Fri May 24 19:48:23 2019
parameters:
3.2903892016166023, -3.552653747539444, 1.666879939414312, 
objectives:
5.607127411161386, -0.22066951647639965, 22.781129808606888, 

parameters:
0.051044676920685594, -100.0, 20, 
objectives:
-119.99739444095806, -76.2015731486408, 9981.002605559042, 

parameters:
-2.650746328166278, -12.51183413571674, 19.66387022255208, 
objectives:
-25.149248261981818, 28.78147749578746, 144.90857931342157, 

parameters:
-0.09310337269809921, -0.38187417318528993, 20, 
objectives:
-20.37320593517753, 23.999207555614866, -18.84550387784629, 

parameters:
1.9973066371654076, -100, 0, 
objectives:
-96.01076619713501, -99.99999274579665, 10004.989233802866, 

parameters:
4.062322654332634, -54.529962866057545, 1.4924568428297709, 
objectives:
-39.51995436098318, -48.78433129265417, 2989.526858678689, 

parameters:
-1.6826130006590467, -91.1468262563738, 20, 
objectives:
-108.31563974638696, -57.585187743750765, 8291.575123119579, 

parameters:
-0.7031165268606387, -84.22120464775008, 15.609187820237057, 
objectives:
-99.33601961764258, -61.30517786972591, 7079.096497348309, 

parameters:
2.5776738669264585, -44.77810325319432, 10.60895545418528, 
objectives:
-48.74265614314399, -33.835440702479275, 2002.1139780637818, 

parameters:
1.6739738886997517, -66.24922063599587, 11.96950017227636, 
objectives:
-75.41653222822366, -54.17342743846995, 4380.791923284633, 

parameters:
0.9477321709466813, -88.06867861013914, 0.9828624248073425, 
objectives:
-88.15334476709917, -85.97854860127123, 7757.00748597902, 

parameters:
2.015172456288274, -73.77644216040055, 0, 
objectives:
-69.71552213181764, -73.77621195697073, 5448.02433787551, 

parameters:
1.30644149263221, -97.7560556814361, 16.9182225268439, 
objectives:
-112.96748883460893, -80.35680975144996, 9542.034989238862, 

parameters:
3.7561520826042907, -70.74317405781176, 0, 
objectives:
-56.634495590159204, -67.65910392057637, 5019.705354241503, 

parameters:
-1.407706865440118, -18.663697943049467, 14.265941038917186, 
objectives:
-30.948000362959412, 7.2147091766354325, 337.049318489479, 

parameters:
1.7124119266224835, 2.0548605759061758, 17.51012817843112, 
objectives:
-12.522912996086019, 19.647695654286288, -9.355321585578734, 

parameters:
-3.1577094001478287, -80.09189892324257, 9.743885581822354, 
objectives:
-79.86465584928297, -43.74604708504694, 6415.939516204863, 

parameters:
3.658986306554464, -13.469497869566776, 1.6846218759829694, 
objectives:
-1.7659389539966666, -9.032640428248584, 194.13093177383405, 

parameters:
0.48219346500634863, -42.99229671815557, 0, 
objectives:
-42.75978618046074, -40.68856004048614, 1849.5700876396252, 

parameters:
-0.6742786853192468, -32.91965151058233, 2.6550997566626, 
objectives:
-35.12009952176908, -23.112785267166885, 1082.5030075669983, 

parameters:
3.4226917781767163, -78.64998392288105, 9.720237439302151, 
objectives:
-76.65540235378471, -66.90569458788727, 6188.814552638543, 

parameters:
4.11883494321232, -1.8295998082743767, 11.999925375514056, 
objectives:
3.135276105638404, 14.659787083817237, 9.312311372350418, 

parameters:
0.22650609148343914, -35.31802687449385, 1.3816672667656928, 
objectives:
-36.64838913178045, -30.791078964182812, 1247.0326600501837, 

parameters:
-0.6855656938948134, -5.337306721484666, 1.366867417151273, 
objectives:
-6.234173817990461, 3.2418237918913366, 28.589975942699592, 

parameters:
-1.578854163315683, -61.415992238366975, 7.717955867512836, 
objectives:
-66.64116763686054, -40.889839248572144, 3767.6989272246587, 

parameters:
3.791060231766335, -94.6794874605339, 0, 
objectives:
-80.30734977965369, -91.47159070671903, 8979.577483470279, 

parameters:
-1.456133569648794, -85.70891530399001, 2.582005420873017, 
objectives:
-86.17059575220489, -71.18205063186367, 7346.556482138318, 

parameters:
0.26552588607817684, -96.7188093056682, 1.5920759560929487, 
objectives:
-98.24038126558355, -92.11833289771036, 9354.006501546295, 

parameters:
-1.315872747756455, -62.036949684312056, 16.730097134909244, 
objectives:
-77.03552573093317, -34.31184047008887, 3834.5845500872447, 

parameters:
-1.7567222731633219, -27.441035725143003, 2.5837254420117324, 
objectives:
-26.938688022126627, -10.744348045449872, 754.5127893715909, 

parameters:
2.413687510639341, -22.475772018749957, 8.291721176623609, 
objectives:
-24.94160579635723, -14.012913485667374, 503.6944940612163, 

parameters:
0.31986201057637387, -93.827616892227, 18.943817459695524, 
objectives:
-112.66912264611256, -72.06093576902701, 8785.780185920636, 

parameters:
5.202742583240201, -87.31765801205012, 1.055429321140349, 
objectives:
-61.30455694572955, -76.00466863640965, 7651.38650177566, 

parameters:
2.129770660538043, -38.69026528053494, 20, 
objectives:
-54.15434221404629, -18.67342485619846, 1482.472550544656, 

parameters:
3.1509722479456803, -24.76182162891535, 4.141974607799297, 
objectives:
-18.975170129390794, -19.29510990557492, 619.9344618817446, 

parameters:
1.813519920640271, -39.33991282044057, 18.18119460187053, 
objectives:
-54.232252919752, -21.123943398572024, 1533.7364006205526, 

parameters:
0.0661122862393877, -61.74520169132699, 1.7765350570260419, 
objectives:
-63.517365913961235, -56.2287449448667, 3811.697767680015, 

