Generation 2641 at Fri May 24 19:48:23 2019
parameters:
3.2903892016166023, -3.552653747539444, 1.666879939414312, 
objectives:
5.607127411161386, -0.22066951647639965, 22.781129808606888, 

parameters:
0.051044676920685594, -100.0, 20, 
objectives:
-119.99739444095806, -76.2015731486408, 9981.002605559042, 

parameters:
-2.650746328166278, -12.51183413571674, 19.66387022255208, 
objectives:
-25.149248261981818, 28.78147749578746, 144.90857931342157, 

parameters:
-0.09310337269809921, -0.38187417318528993, 20, 
objectives:
-20.37320593517753, 23.999207555614866, -18.84550387784629, 

parameters:
1.9973066371654076, -100, 0, 
objectives:
-96.01076619713501, -99.99999274579665, 10004.989233802866, 

parameters:
3.4226917781767163, -78.64998392288105, 9.720237439302151, 
objectives:
-76.65540235378471, -66.90569458788727, 6188.814552638543, 

parameters:
0.9259251044990935, -94.44415954764351, 0.06987863286073857, 
objectives:
-93.65670088136258, -93.22064403363748, 8921.486731327022, 

parameters:
-1.6826130006590467, -91.1468262563738, 20, 
objectives:
-108.31563974638696, -57.585187743750765, 8291.575123119579, 

parameters:
1.30644149263221, -97.7560556814361, 16.9182225268439, 
objectives:
-112.96748883460893, -80.35680975144996, 9542.034989238862, 

parameters:
0.9477321709466813, -88.06867861013914, 0.9828624248073425, 
objectives:
-88.15334476709917, -85.97854860127123, 7757.00748597902, 

parameters:
-0.7031165268606387, -84.22120464775008, 15.609187820237057, 
objectives:
-99.33601961764258, -61.30517786972591, 7079.096497348309, 

parameters:
3.7561520826042907, -70.74317405781176, 0, 
objectives:
-56.634495590159204, -67.65910392057637, 5019.705354241503, 

parameters:
2.015172456288274, -73.77644216040055, 0, 
objectives:
-69.71552213181764, -73.77621195697073, 5448.02433787551, 

parameters:
1.6739738886997517, -66.24922063599587, 11.96950017227636, 
objectives:
-75.41653222822366, -54.17342743846995, 4380.791923284633, 

parameters:
3.658986306554464, -13.469497869566776, 1.6846218759829694, 
objectives:
-1.7659389539966666, -9.032640428248584, 194.13093177383405, 

parameters:
1.7124119266224835, 2.0548605759061758, 17.51012817843112, 
objectives:
-12.522912996086019, 19.647695654286288, -9.355321585578734, 

parameters:
-1.9759727734330932, -50.58031185756444, 14.698778215029092, 
objectives:
-61.37462167124466, -20.073174147454104, 2548.5736377947937, 

parameters:
2.2274711375876883, -28.215903317595547, 19.71914868280367, 
objectives:
-42.97342433161303, -8.445011516356441, 782.379679013882, 

parameters:
4.803981524479529, -38.61183262149346, 1.5514372949838051, 
objectives:
-17.085031428936606, -29.19808293688711, 1513.4004195827836, 

parameters:
-0.6742786853192468, -32.91965151058233, 2.6550997566626, 
objectives:
-35.12009952176908, -23.112785267166885, 1082.5030075669983, 

parameters:
2.5776738669264585, -44.77810325319432, 10.60895545418528, 
objectives:
-48.74265614314399, -33.835440702479275, 2002.1139780637818, 

parameters:
-1.407706865440118, -18.663697943049467, 14.265941038917186, 
objectives:
-30.948000362959412, 7.2147091766354325, 337.049318489479, 

parameters:
-2.5965625478496994, -57.98343577425811, 13.672499707991067, 
objectives:
-64.91379841735346, -23.18254880997253, 3356.14846154442, 

parameters:
-1.578854163315683, -61.415992238366975, 7.717955867512836, 
objectives:
-66.64116763686054, -40.889839248572144, 3767.6989272246587, 

parameters:
4.052777173702852, -52.77504498890377, 2.552580122684178, 
objectives:
-38.90262229190107, -46.00857074134413, 2800.07779627782, 

parameters:
2.8662443731139273, -63.78604103001628, 12.042098074790555, 
objectives:
-67.61278229839958, -50.99356364127418, 4065.832289014537, 

parameters:
4.062322654332634, -54.529962866057545, 1.4924568428297709, 
objectives:
-39.51995436098318, -48.78433129265417, 2989.526858678689, 

parameters:
-0.8871749896488903, -87.00483115311138, 2.190268053202635, 
objectives:
-88.40801974405551, -76.47878367905469, 7569.437455390476, 

parameters:
-1.0099104908078682, -47.46062982103751, 0, 
objectives:
-46.440710621593716, -38.40106865836225, 2254.5313022089986, 

parameters:
2.588180059413088, -47.61076357398112, 7.889972045082692, 
objectives:
-48.80205959912028, -39.37483574660724, 2266.593512072388, 

parameters:
2.304835687226093, -15.498397219387899, 18.415210824430563, 
objectives:
-28.601340498707486, 3.009738401249269, 228.09737309061097, 

parameters:
0.8154007698265353, -38.60904600667975, 10.495806605290344, 
objectives:
-48.43997419653638, -26.70996406526184, 1481.8275053560567, 

parameters:
-0.13728037107914481, -4.781729121893839, 18.32814394942706, 
objectives:
-23.09102717103727, 18.114382212133428, 5.5556353460241965, 

parameters:
-1.3343145141381365, -13.374727573905929, 12.080325834143316, 
objectives:
-23.674658185409555, 9.823251539429625, 169.58340706469596, 

parameters:
3.119575188360473, -25.67032571847168, 9.578634836438617, 
objectives:
-25.517211199076016, -14.838242279640674, 660.1187370118242, 

parameters:
1.9892566709894892, -85.30938712736408, 13.40978725985291, 
objectives:
-94.7620322841408, -71.89948444839294, 7269.238886889694, 

parameters:
3.6968400381908104, -26.258099039286353, 6.703283189372056, 
objectives:
-19.294755960687777, -16.67554973470691, 697.4511082355694, 

parameters:
2.126833044624852, -85.3707676339914, 17.863478085681344, 
objectives:
-98.71082691996455, -67.49120292710126, 7275.827907130982, 

parameters:
1.5707772924643268, -14.215616299255792, 14.203652453831035, 
objectives:
-25.951927450565265, 0.17226828723949694, 191.34743561635747, 

