Generation 2643 at Fri May 24 19:48:23 2019
parameters:
3.2903892016166023, -3.552653747539444, 1.666879939414312, 
objectives:
5.607127411161386, -0.22066951647639965, 22.781129808606888, 

parameters:
0.051044676920685594, -100.0, 20, 
objectives:
-119.99739444095806, -76.2015731486408, 9981.002605559042, 

parameters:
-2.650746328166278, -12.51183413571674, 19.66387022255208, 
objectives:
-25.149248261981818, 28.78147749578746, 144.90857931342157, 

parameters:
-0.09310337269809921, -0.38187417318528993, 20, 
objectives:
-20.37320593517753, 23.999207555614866, -18.84550387784629, 

parameters:
1.9973066371654076, -100, 0, 
objectives:
-96.01076619713501, -99.99999274579665, 10004.989233802866, 

parameters:
2.5776738669264585, -44.77810325319432, 10.60895545418528, 
objectives:
-48.74265614314399, -33.835440702479275, 2002.1139780637818, 

parameters:
3.7561520826042907, -70.74317405781176, 0, 
objectives:
-56.634495590159204, -67.65910392057637, 5019.705354241503, 

parameters:
0.9477321709466813, -88.06867861013914, 0.9828624248073425, 
objectives:
-88.15334476709917, -85.97854860127123, 7757.00748597902, 

parameters:
-1.6826130006590467, -91.1468262563738, 20, 
objectives:
-108.31563974638696, -57.585187743750765, 8291.575123119579, 

parameters:
1.7124119266224835, 2.0548605759061758, 17.51012817843112, 
objectives:
-12.522912996086019, 19.647695654286288, -9.355321585578734, 

parameters:
3.658986306554464, -13.469497869566776, 1.6846218759829694, 
objectives:
-1.7659389539966666, -9.032640428248584, 194.13093177383405, 

parameters:
4.052777173702852, -52.77504498890377, 2.552580122684178, 
objectives:
-38.90262229190107, -46.00857074134413, 2800.07779627782, 

parameters:
3.9746670661928256, -81.19636347144156, 11.429930939833874, 
objectives:
-76.82831612419756, -65.86712250930111, 6598.217488333693, 

parameters:
0.9259251044990935, -94.44415954764351, 0.06987863286073857, 
objectives:
-93.65670088136258, -93.22064403363748, 8921.486731327022, 

parameters:
2.015172456288274, -73.77644216040055, 0, 
objectives:
-69.71552213181764, -73.77621195697073, 5448.02433787551, 

parameters:
4.803981524479529, -38.61183262149346, 1.5514372949838051, 
objectives:
-17.085031428936606, -29.19808293688711, 1513.4004195827836, 

parameters:
-2.5965625478496994, -57.98343577425811, 13.672499707991067, 
objectives:
-64.91379841735346, -23.18254880997253, 3356.14846154442, 

parameters:
1.30644149263221, -97.7560556814361, 16.9182225268439, 
objectives:
-112.96748883460893, -80.35680975144996, 9542.034989238862, 

parameters:
-1.9759727734330932, -50.58031185756444, 14.698778215029092, 
objectives:
-61.37462167124466, -20.073174147454104, 2548.5736377947937, 

parameters:
-1.578854163315683, -61.415992238366975, 7.717955867512836, 
objectives:
-66.64116763686054, -40.889839248572144, 3767.6989272246587, 

parameters:
-1.407706865440118, -18.663697943049467, 14.265941038917186, 
objectives:
-30.948000362959412, 7.2147091766354325, 337.049318489479, 

parameters:
2.2274711375876883, -28.215903317595547, 19.71914868280367, 
objectives:
-42.97342433161303, -8.445011516356441, 782.379679013882, 

parameters:
-0.17561916881739514, -95.50014026958745, 20, 
objectives:
-115.46929817713134, -70.76682150186176, 9101.307633603334, 

parameters:
-0.6742786853192468, -32.91965151058233, 2.6550997566626, 
objectives:
-35.12009952176908, -23.112785267166885, 1082.5030075669983, 

parameters:
1.6739738886997517, -66.24922063599587, 11.96950017227636, 
objectives:
-75.41653222822366, -54.17342743846995, 4380.791923284633, 

parameters:
0.4203280666869986, -98.81572943475734, 3.6694302757707193, 
objectives:
-102.30848402688324, -92.65093574208979, 9762.055629131042, 

parameters:
2.8662443731139273, -63.78604103001628, 12.042098074790555, 
objectives:
-67.61278229839958, -50.99356364127418, 4065.832289014537, 

parameters:
-1.589696470068417, -77.18358195584095, 0, 
objectives:
-74.65644708889296, -64.2976612086193, 5960.832458400964, 

parameters:
0.7468834696995976, -89.56692283816957, 0, 
objectives:
-89.00908792085906, -87.99662179965746, 8023.791501615932, 

parameters:
-0.7031165268606387, -84.22120464775008, 15.609187820237057, 
objectives:
-99.33601961764258, -61.30517786972591, 7079.096497348309, 

parameters:
1.6283179952926852, -39.08800104280542, 3.9219860224489826, 
objectives:
-40.35856757146042, -35.02786750773319, 1527.601258993703, 

parameters:
-1.7439184964701444, -28.183088176918773, 0, 
objectives:
-25.141836454588084, -14.166162468707507, 798.3277109103094, 

parameters:
-1.2408700769117478, -85.02251615820967, 12.556449113298562, 
objectives:
-96.03920672373326, -61.96282818948915, 7218.811563307501, 

parameters:
1.3843769655744051, -13.072675766108443, 14.760563924560659, 
objectives:
-25.916740107856103, 2.066879878967592, 159.0507873440513, 

parameters:
0.7501453720067954, -21.202474974183104, 1.0872241914010035, 
objectives:
-21.726981086440894, -18.55311419166607, 450.0204389186031, 

parameters:
1.8644969653070549, -6.477947273295811, 20, 
objectives:
-23.001598339656596, 13.540413799115186, 26.44014980923985, 

parameters:
2.695843473920069, -8.786586068383716, 20, 
objectives:
-21.51901403250629, 11.697612071813433, 65.47166677299224, 

parameters:
1.5556416917450528, -78.60938508808329, 0, 
objectives:
-76.18936401498787, -78.41193078196808, 6182.855444999666, 

parameters:
3.4226917781767163, -78.64998392288105, 9.720237439302151, 
objectives:
-76.65540235378471, -66.90569458788727, 6188.814552638543, 

