Generation 2647 at Fri May 24 19:48:23 2019
parameters:
3.2903892016166023, -3.552653747539444, 1.666879939414312, 
objectives:
5.607127411161386, -0.22066951647639965, 22.781129808606888, 

parameters:
0.051044676920685594, -100.0, 20, 
objectives:
-119.99739444095806, -76.2015731486408, 9981.002605559042, 

parameters:
-2.650746328166278, -12.51183413571674, 19.66387022255208, 
objectives:
-25.149248261981818, 28.78147749578746, 144.90857931342157, 

parameters:
-0.09310337269809921, -0.38187417318528993, 20, 
objectives:
-20.37320593517753, 23.999207555614866, -18.84550387784629, 

parameters:
1.9973066371654076, -100, 0, 
objectives:
-96.01076619713501, -99.99999274579665, 10004.989233802866, 

parameters:
4.052777173702852, -52.77504498890377, 2.552580122684178, 
objectives:
-38.90262229190107, -46.00857074134413, 2800.07779627782, 

parameters:
0.9477321709466813, -88.06867861013914, 0.9828624248073425, 
objectives:
-88.15334476709917, -85.97854860127123, 7757.00748597902, 

parameters:
-1.6826130006590467, -91.1468262563738, 20, 
objectives:
-108.31563974638696, -57.585187743750765, 8291.575123119579, 

parameters:
-1.3831988413262204, -57.27457056803376, 10.723946258625203, 
objectives:
-66.08527779201276, -35.104589909457474, 3272.5657265287, 

parameters:
3.658986306554464, -13.469497869566776, 1.6846218759829694, 
objectives:
-1.7659389539966666, -9.032640428248584, 194.13093177383405, 

parameters:
-0.7031165268606387, -84.22120464775008, 15.609187820237057, 
objectives:
-99.33601961764258, -61.30517786972591, 7079.096497348309, 

parameters:
0.5007071847720042, -74.50289949410433, 3.7375155102691733, 
objectives:
-77.9897073194912, -68.51750503804087, 5548.195225203224, 

parameters:
2.2296644451623866, -64.67216178146232, 0.06422740979262688, 
objectives:
-59.76498565323366, -64.55518861429795, 4188.395685615864, 

parameters:
0.9945791791923488, -38.76909432776554, 18.66191188169805, 
objectives:
-56.44181846578067, -19.09631141915396, 1486.3699508571676, 

parameters:
1.6739738886997517, -66.24922063599587, 11.96950017227636, 
objectives:
-75.41653222822366, -54.17342743846995, 4380.791923284633, 

parameters:
0.9259251044990935, -94.44415954764351, 0.06987863286073857, 
objectives:
-93.65670088136258, -93.22064403363748, 8921.486731327022, 

parameters:
0.06169456162875364, -46.10500367458594, 0.7541024714248089, 
objectives:
-46.85529992707618, -41.59387323074158, 2125.9210675810928, 

parameters:
1.30644149263221, -97.7560556814361, 16.9182225268439, 
objectives:
-112.96748883460893, -80.35680975144996, 9542.034989238862, 

parameters:
-1.407706865440118, -18.663697943049467, 14.265941038917186, 
objectives:
-30.948000362959412, 7.2147091766354325, 337.049318489479, 

parameters:
2.2274711375876883, -28.215903317595547, 19.71914868280367, 
objectives:
-42.97342433161303, -8.445011516356441, 782.379679013882, 

parameters:
1.7124119266224835, 2.0548605759061758, 17.51012817843112, 
objectives:
-12.522912996086019, 19.647695654286288, -9.355321585578734, 

parameters:
3.7561520826042907, -70.74317405781176, 0, 
objectives:
-56.634495590159204, -67.65910392057637, 5019.705354241503, 

parameters:
0.435516727474033, -38.35963524555571, 12.108969606874005, 
objectives:
-50.27893003252002, -23.803057728668144, 1460.5423213851152, 

parameters:
-2.799929913644196, -86.14047927587764, 1.3094320123415368, 
objectives:
-79.61030376689958, -61.791720087639725, 7427.712345386883, 

parameters:
2.4376080071268365, -3.7281811363888044, 17.95894674074535, 
objectives:
-15.745195080725289, 14.422266372258068, 2.8823206413888336, 

parameters:
-1.747636342786966, -44.69269400391967, 5.278451385194491, 
objectives:
-46.91691260248436, -25.369464460947516, 1996.2126787294326, 

parameters:
2.015172456288274, -73.77644216040055, 0, 
objectives:
-69.71552213181764, -73.77621195697073, 5448.02433787551, 

parameters:
2.4432498007739363, -19.941337521490816, 18.04209013514287, 
objectives:
-32.01395806765181, -1.7027770004618112, 386.5843215998565, 

parameters:
-2.029385145394075, -25.854070879270147, 4.045106323657108, 
objectives:
-25.780773134581125, -5.573019905690608, 669.5062787750136, 

parameters:
0.4203280666869986, -98.81572943475734, 3.6694302757707193, 
objectives:
-102.30848402688324, -92.65093574208979, 9762.055629131042, 

parameters:
-0.17561916881739514, -95.50014026958745, 20, 
objectives:
-115.46929817713134, -70.76682150186176, 9101.307633603334, 

parameters:
1.7181886498582488, -96.14281048465779, 4.264555761680341, 
objectives:
-97.45519400983642, -91.79883708590873, 9243.127624363646, 

parameters:
2.5776738669264585, -44.77810325319432, 10.60895545418528, 
objectives:
-48.74265614314399, -33.835440702479275, 2002.1139780637818, 

parameters:
4.2284842738435815, -85.26513445912202, 6.956788227004319, 
objectives:
-74.34184343198388, -73.34220407334955, 7282.066445359296, 

parameters:
-0.5042944801580975, -45.42634618255548, 17.46451702474983, 
objectives:
-62.63655028458738, -21.69033831445533, 2047.3427233953405, 

parameters:
0.055737253193544056, -0.8393433824724479, 18.412803724192937, 
objectives:
-19.249040465271825, 21.353617970339876, -16.705199769099085, 

