Generation 265 at Sat May 25 04:36:27 2019
parameters:
0, 0.0, 20.0, 
objectives:
-20.0, 24.0, -19.0, 

parameters:
0, 0.0, 20.0, 
objectives:
-20.0, 24.0, -19.0, 

parameters:
1.9971487895634539, 0.0, 20.0, 
objectives:
-16.01139671234523, 20.000008129400953, -15.011396712345231, 

parameters:
1.7347905665950567, 0.0, 20.0, 
objectives:
-16.990501690052803, 20.07033604356697, -15.990501690052803, 

parameters:
1.6213894837646865, 0.0, 20.0, 
objectives:
-17.371096141937283, 20.14334592300397, -16.371096141937283, 

parameters:
1.9407187689006815, 0.0, 20.0, 
objectives:
-16.233610660036625, 20.00351426436065, -15.233610660036623, 

parameters:
0.36204156141533866, 0.0, 20.0, 
objectives:
-19.868925907807945, 22.682907846530703, -18.868925907807945, 

parameters:
0.8932878248869923, 0.0, 20.0, 
objectives:
-19.202036861908667, 21.224811838543364, -18.202036861908667, 

parameters:
1.3964124310044426, 0.0, 20.0, 
objectives:
-18.050032322536264, 20.364317953445966, -17.050032322536264, 

parameters:
0.813162089339344, 0.0, 20.0, 
objectives:
-19.338767416461273, 21.40858422618135, -18.338767416461273, 

parameters:
0.5629338357124491, 0.0, 20.0, 
objectives:
-19.683105496610068, 22.065159160540134, -18.683105496610068, 

parameters:
0.6453704795959218, 0.0, 20.0, 
objectives:
-19.58349694406613, 21.835021137550182, -18.58349694406613, 

parameters:
1.3186446039687434, 0.0, 20.0, 
objectives:
-18.261176408424117, 20.46424517570091, -17.261176408424117, 

parameters:
1.5731818860782578, 0.0, 20.0, 
objectives:
-17.525098753315255, 20.182173702371713, -16.525098753315255, 

parameters:
1.5154089448343193, 0.0, 20.0, 
objectives:
-17.703535729916133, 20.234828490746587, -16.703535729916133, 

parameters:
1.0019681748917115, 0.0, 20.0, 
objectives:
-18.996059776504172, 20.996067523928982, -17.996059776504172, 

parameters:
1.8660418401503733, 0.0, 20.0, 
objectives:
-16.517887850808208, 20.0179447885903, -15.517887850808208, 

parameters:
0.09700946193422554, 0.0, 20.0, 
objectives:
-19.990589164295233, 23.621372987967867, -18.990589164295233, 

parameters:
0.9662788497698838, 0.0, 20.0, 
objectives:
-19.06630518448739, 21.068579416433074, -18.06630518448739, 

parameters:
1.785127169123722, 0.0, 20.0, 
objectives:
-16.813320990056326, 20.046170333448785, -15.813320990056326, 

parameters:
1.089316972658875, 0.0, 20.0, 
objectives:
-18.813388533077305, 20.829343576287197, -17.813388533077305, 

parameters:
1.1589487704198735, 0.0, 20.0, 
objectives:
-18.656837747542262, 20.70736717077824, -17.656837747542262, 

parameters:
0.25772765102207995, 0.0, 20.0, 
objectives:
-19.933576457898642, 23.03551293801304, -18.933576457898642, 

parameters:
0.7392984101383305, 0.0, 20.0, 
objectives:
-19.453437860766936, 21.58936849867974, -18.453437860766936, 

parameters:
0.44823697707140364, 0.0, 20.0, 
objectives:
-19.79908361238589, 22.407968479328495, -18.79908361238589, 

parameters:
1.2666046184030753, 0.0, 20.0, 
objectives:
-18.39571274064, 20.537868785747698, -17.39571274064, 

parameters:
1.8182605258512223, 0.0, 20.0, 
objectives:
-16.693928660131235, 20.033029236463875, -15.693928660131236, 

parameters:
1.2043027879110488, 0.0, 20.0, 
objectives:
-18.549654795029674, 20.63313405332613, -17.549654795029674, 

parameters:
0.48686382637483727, 0.0, 20.0, 
objectives:
-19.762963614567653, 22.289581079932997, -18.762963614567653, 

parameters:
1.9893879478964105, 0.0, 20.0, 
objectives:
-16.04233559276451, 20.00011261564985, -15.042335592764509, 

parameters:
1.103113148782961, 0.0, 20.0, 
objectives:
-18.78314138098214, 20.804406023886013, -17.78314138098214, 

parameters:
1.4659309164947734, 0.0, 20.0, 
objectives:
-17.851046548064794, 20.285229785956112, -16.851046548064794, 

parameters:
1.4488864781566944, 0.0, 20.0, 
objectives:
-17.90072797341469, 20.303726113958533, -16.90072797341469, 

parameters:
0.7133875112330854, 0.0, 20.0, 
objectives:
-19.491078258816664, 21.655371696250995, -18.491078258816664, 

parameters:
0.24711790001267858, 0.0, 20.0, 
objectives:
-19.938932743493325, 23.072595656455963, -18.938932743493325, 

parameters:
1.8501121181055515, 0.0, 20.0, 
objectives:
-16.57708515043899, 20.022466377138805, -15.57708515043899, 

parameters:
0.17115386918752412, 0.0, 20.0, 
objectives:
-19.97070635306214, 23.344678170187763, -18.97070635306214, 

parameters:
1.282899682512216, 0.0, 20.0, 
objectives:
-18.354168404610053, 20.514232865341082, -17.354168404610057, 

parameters:
0.1658312886392895, 0.0, 20.0, 
objectives:
-19.972499983708232, 23.36417486173461, -18.972499983708232, 

parameters:
1.1902760615117638, 0.0, 20.0, 
objectives:
-18.583242897392044, 20.655652856560902, -17.583242897392044, 

parameters:
0.4680776610461394, 0.0, 20.0, 
objectives:
-19.780903303229575, 22.346786052585866, -18.780903303229575, 

parameters:
0.7182825344575894, 0.0, 20.0, 
objectives:
-19.484070200693182, 21.64279966147646, -18.484070200693182, 

parameters:
1.4550309775557617, 0.0, 20.0, 
objectives:
-17.882884854353126, 20.296991235423828, -16.882884854353126, 

