Generation 2654 at Fri May 24 19:48:23 2019
parameters:
3.2903892016166023, -3.552653747539444, 1.666879939414312, 
objectives:
5.607127411161386, -0.22066951647639965, 22.781129808606888, 

parameters:
0.051044676920685594, -100.0, 20, 
objectives:
-119.99739444095806, -76.2015731486408, 9981.002605559042, 

parameters:
-0.09310337269809921, -0.38187417318528993, 20, 
objectives:
-20.37320593517753, 23.999207555614866, -18.84550387784629, 

parameters:
1.9973066371654076, -100, 0, 
objectives:
-96.01076619713501, -99.99999274579665, 10004.989233802866, 

parameters:
2.2542658679930296, -94.08763763785338, 0.7217006125282659, 
objectives:
-89.72762364678327, -93.30128589369886, 8857.843570263074, 

parameters:
0.8407990114055155, -14.206925448727475, 17.61899757415145, 
objectives:
-31.118980045298432, 4.755819057382405, 185.9246761091294, 

parameters:
0.5007071847720042, -74.50289949410433, 3.7375155102691733, 
objectives:
-77.9897073194912, -68.51750503804087, 5548.195225203224, 

parameters:
1.989802924317599, -87.72953908292095, 0, 
objectives:
-83.77022340529808, -87.72943510256847, 7701.431343379378, 

parameters:
-0.7031165268606387, -84.22120464775008, 15.609187820237057, 
objectives:
-99.33601961764258, -61.30517786972591, 7079.096497348309, 

parameters:
-1.6826130006590467, -91.1468262563738, 20, 
objectives:
-108.31563974638696, -57.585187743750765, 8291.575123119579, 

parameters:
0.06169456162875364, -46.10500367458594, 0.7541024714248089, 
objectives:
-46.85529992707618, -41.59387323074158, 2125.9210675810928, 

parameters:
2.500050756689785, -10.295399013378983, 0, 
objectives:
-4.045145227353816, -10.045348254112957, 113.24549463071011, 

parameters:
0.9735081565665, -79.88889462790623, 6.061627268887957, 
objectives:
-85.00280376589268, -72.77358185438275, 6378.121575730718, 

parameters:
2.9165785417979726, -97.36309074007553, 13.824784359508868, 
objectives:
-102.681444709108, -82.69819015728217, 9475.253084491149, 

parameters:
0.6502948564023925, -69.14263692136313, 1.2807601345327235, 
objectives:
-70.00051365563246, -66.04017281217656, 4780.846363705179, 

parameters:
0.4750172050230944, -21.09110768939631, 19.772484869479108, 
objectives:
-40.63795121380747, 1.0069497050583749, 426.287980041301, 

parameters:
0.25034797117690855, -62.42683202724121, 6.628583416170259, 
objectives:
-68.99274133673907, -52.73696638910619, 3891.5434476478913, 

parameters:
0.1583482389756088, 1.7990323451853225, 10.085388696963266, 
objectives:
-8.261282186991266, 15.27610225103283, -5.8237971531535875, 

parameters:
1.30644149263221, -97.7560556814361, 16.9182225268439, 
objectives:
-112.96748883460893, -80.35680975144996, 9542.034989238862, 

parameters:
-2.688100647079403, -52.193915533138615, 11.920323347762013, 
objectives:
-56.888353792071925, -18.295304508230288, 2720.510380421475, 

parameters:
1.7124119266224835, 2.0548605759061758, 17.51012817843112, 
objectives:
-12.522912996086019, 19.647695654286288, -9.355321585578734, 

parameters:
1.6739738886997517, -66.24922063599587, 11.96950017227636, 
objectives:
-75.41653222822366, -54.17342743846995, 4380.791923284633, 

parameters:
-1.7276319396334303, -33.54539676087742, 8.528399398199824, 
objectives:
-39.089084040235676, -11.121757485302311, 1120.7499565653272, 

parameters:
1.5717397540739233, -78.28507674032964, 14.563961562180676, 
objectives:
-90.37867244797397, -63.537708339908306, 6117.459644531657, 

parameters:
-3.04812040929213, -56.64869034352319, 12.510306499754709, 
objectives:
-59.867958813734674, -18.654864177056744, 3206.8548491661663, 

parameters:
2.5431597632564724, -89.62741629369168, 11.30324745071473, 
objectives:
-94.4630021629597, -78.02914631455612, 8029.238165613441, 

parameters:
4.052777173702852, -52.77504498890377, 2.552580122684178, 
objectives:
-38.90262229190107, -46.00857074134413, 2800.07779627782, 

parameters:
0.5131623993893849, -43.70054985858097, 11.368675370007589, 
objectives:
-54.80588958044149, -30.121188437983854, 1899.632718220461, 

parameters:
4.22206776621281, -58.30566980041654, 9.751760986728572, 
objectives:
-50.23157456465188, -43.616323656045985, 3408.62522611097, 

parameters:
0.435516727474033, -38.35963524555571, 12.108969606874005, 
objectives:
-50.27893003252002, -23.803057728668144, 1460.5423213851152, 

parameters:
-1.7950918921862726, -39.288603100883286, 0, 
objectives:
-36.066248199490396, -24.885880630745305, 1547.8166885201288, 

parameters:
-0.13709167685584722, -34.46761289140686, 0, 
objectives:
-34.44881876354371, -29.900452056120322, 1189.0351325597394, 

parameters:
-1.3831988413262204, -57.27457056803376, 10.723946258625203, 
objectives:
-66.08527779201276, -35.104589909457474, 3272.5657265287, 

parameters:
2.384069693242561, -66.59008051314284, 2.1802778138781145, 
objectives:
-63.08657002478327, -64.26229316999728, 4438.7423332352055, 

parameters:
3.4375558632890852, -43.67552612090567, 5.781651621333237, 
objectives:
-37.64038742900574, -35.82730763949561, 1914.5867206298137, 

