Generation 2660 at Fri May 24 19:48:23 2019
parameters:
0.051044676920685594, -100.0, 20, 
objectives:
-119.99739444095806, -76.2015731486408, 9981.002605559042, 

parameters:
3.2903892016166023, -3.552653747539444, 1.666879939414312, 
objectives:
5.607127411161386, -0.22066951647639965, 22.781129808606888, 

parameters:
-0.09310337269809921, -0.38187417318528993, 20, 
objectives:
-20.37320593517753, 23.999207555614866, -18.84550387784629, 

parameters:
1.9973066371654076, -100, 0, 
objectives:
-96.01076619713501, -99.99999274579665, 10004.989233802866, 

parameters:
-0.7031165268606387, -84.22120464775008, 15.609187820237057, 
objectives:
-99.33601961764258, -61.30517786972591, 7079.096497348309, 

parameters:
2.500050756689785, -10.295399013378983, 0, 
objectives:
-4.045145227353816, -10.045348254112957, 113.24549463071011, 

parameters:
-0.5489368036007006, -23.98381331385103, 20, 
objectives:
-43.682481699503676, 2.5132655148991248, 556.5246326880052, 

parameters:
1.927120858103819, -48.04294359047118, 15.689622565160995, 
objectives:
-60.01877135389338, -32.348009655986665, 2297.148601073774, 

parameters:
-1.6826130006590467, -91.1468262563738, 20, 
objectives:
-108.31563974638696, -57.585187743750765, 8291.575123119579, 

parameters:
2.9165785417979726, -97.36309074007553, 13.824784359508868, 
objectives:
-102.681444709108, -82.69819015728217, 9475.253084491149, 

parameters:
3.148903106392828, -30.516157243043104, 8.287553369165753, 
objectives:
-28.888119838758453, -20.90862552599826, 933.8638902864168, 

parameters:
0.8379224036172914, -69.91049583252301, 20, 
objectives:
-89.20838187803923, -48.5600714925084, 4869.179541503701, 

parameters:
2.2542658679930296, -94.08763763785338, 0.7217006125282659, 
objectives:
-89.72762364678327, -93.30128589369886, 8857.843570263074, 

parameters:
0.06217956765995045, -95.27880616410144, 18.170792089444728, 
objectives:
-113.44573195491179, -73.35286604666213, 9060.883978265603, 

parameters:
0.1583482389756088, 1.7990323451853225, 10.085388696963266, 
objectives:
-8.261282186991266, 15.27610225103283, -5.8237971531535875, 

parameters:
2.6461408699625846, -35.74070832814293, 20, 
objectives:
-48.73864682445659, -15.323210304306926, 1265.4002933010715, 

parameters:
0.9735081565665, -79.88889462790623, 6.061627268887957, 
objectives:
-85.00280376589268, -72.77358185438275, 6378.121575730718, 

parameters:
3.4450740319883186, -54.39367946744418, 11.824964572639413, 
objectives:
-54.35010895420335, -40.480475936877795, 2959.7159365202992, 

parameters:
4.052777173702852, -52.77504498890377, 2.552580122684178, 
objectives:
-38.90262229190107, -46.00857074134413, 2800.07779627782, 

parameters:
0.5007071847720042, -74.50289949410433, 3.7375155102691733, 
objectives:
-77.9897073194912, -68.51750503804087, 5548.195225203224, 

parameters:
1.989802924317599, -87.72953908292095, 0, 
objectives:
-83.77022340529808, -87.72943510256847, 7701.431343379378, 

parameters:
2.249316833751306, -63.228139497522676, 5.890179817241616, 
objectives:
-64.05889309616728, -57.27580079668928, 3997.9668707195424, 

parameters:
4.587378335467877, -60.36831509688561, 15.087596765142564, 
objectives:
-54.41187186930814, -38.58619168089452, 3651.2899108644447, 

parameters:
0.25034797117690855, -62.42683202724121, 6.628583416170259, 
objectives:
-68.99274133673907, -52.73696638910619, 3891.5434476478913, 

parameters:
1.7124119266224835, 2.0548605759061758, 17.51012817843112, 
objectives:
-12.522912996086019, 19.647695654286288, -9.355321585578734, 

parameters:
0.7075172174758395, -26.233523106372623, 19.470419125463323, 
objectives:
-45.203361618811186, -5.092592237787905, 670.2278960601478, 

parameters:
2.5431597632564724, -89.62741629369168, 11.30324745071473, 
objectives:
-94.4630021629597, -78.02914631455612, 8029.238165613441, 

parameters:
1.5717397540739233, -78.28507674032964, 14.563961562180676, 
objectives:
-90.37867244797397, -63.537708339908306, 6117.459644531657, 

parameters:
0.5131623993893849, -43.70054985858097, 11.368675370007589, 
objectives:
-54.80588958044149, -30.121188437983854, 1899.632718220461, 

parameters:
-1.1793802140149006, -50.24906699670374, 15.802091113355253, 
objectives:
-64.66022042084916, -24.33851733807905, 2511.5575806150755, 

parameters:
2.4599488210163534, -73.96440516228691, 6.91501103555212, 
objectives:
-74.82806799581928, -66.83784120878045, 5470.869568177402, 

parameters:
0.435516727474033, -38.35963524555571, 12.108969606874005, 
objectives:
-50.27893003252002, -23.803057728668144, 1460.5423213851152, 

parameters:
3.8610814018087742, -42.165409657763234, 7.662462880627684, 
objectives:
-34.91992294699731, -31.03932279297704, 1786.167258317759, 

parameters:
2.124771021645785, -70.56471843324132, 16.45273613743046, 
objectives:
-82.50280267624612, -54.09641448796833, 4968.4414033196235, 

parameters:
0.7597084848514228, -73.54251686823395, 8.860125151075257, 
objectives:
-81.82548503735396, -63.14406867460914, 5401.218819145354, 

parameters:
0.34407357896959256, -6.443288647339459, 20, 
objectives:
-26.324902019594514, 16.298803664527114, 22.634355220678508, 

parameters:
-0.9772750520392894, -100, 4.3808764410490175, 
objectives:
-103.42580991371061, -86.75495682345543, 9997.574190086289, 

parameters:
0.7436109680684564, -18.16662106008269, 18.20119896836488, 
objectives:
-35.81486275661587, 1.6130913078400724, 313.3778790441067, 

parameters:
2.0696136207579023, -15.40586678587626, 15.728508912786348, 
objectives:
-26.851075159435972, 0.3274881831051122, 226.89552305060562, 

