Generation 2663 at Fri May 24 19:48:23 2019
parameters:
0.051044676920685594, -100.0, 20, 
objectives:
-119.99739444095806, -76.2015731486408, 9981.002605559042, 

parameters:
3.2903892016166023, -3.552653747539444, 1.666879939414312, 
objectives:
5.607127411161386, -0.22066951647639965, 22.781129808606888, 

parameters:
-0.09310337269809921, -0.38187417318528993, 20, 
objectives:
-20.37320593517753, 23.999207555614866, -18.84550387784629, 

parameters:
1.9973066371654076, -100, 0, 
objectives:
-96.01076619713501, -99.99999274579665, 10004.989233802866, 

parameters:
0.5007071847720042, -74.50289949410433, 3.7375155102691733, 
objectives:
-77.9897073194912, -68.51750503804087, 5548.195225203224, 

parameters:
1.989802924317599, -87.72953908292095, 0, 
objectives:
-83.77022340529808, -87.72943510256847, 7701.431343379378, 

parameters:
2.9165785417979726, -97.36309074007553, 13.824784359508868, 
objectives:
-102.681444709108, -82.69819015728217, 9475.253084491149, 

parameters:
4.052777173702852, -52.77504498890377, 2.552580122684178, 
objectives:
-38.90262229190107, -46.00857074134413, 2800.07779627782, 

parameters:
-0.7031165268606387, -84.22120464775008, 15.609187820237057, 
objectives:
-99.33601961764258, -61.30517786972591, 7079.096497348309, 

parameters:
0.5131623993893849, -43.70054985858097, 11.368675370007589, 
objectives:
-54.80588958044149, -30.121188437983854, 1899.632718220461, 

parameters:
2.6461408699625846, -35.74070832814293, 20, 
objectives:
-48.73864682445659, -15.323210304306926, 1265.4002933010715, 

parameters:
-2.0071818151189613, -25.863859278061696, 9.63344347743707, 
objectives:
-31.468523916554517, -0.17290970120453153, 664.3345521168853, 

parameters:
0.06217956765995045, -95.27880616410144, 18.170792089444728, 
objectives:
-113.44573195491179, -73.35286604666213, 9060.883978265603, 

parameters:
-1.1793802140149006, -50.24906699670374, 15.802091113355253, 
objectives:
-64.66022042084916, -24.33851733807905, 2511.5575806150755, 

parameters:
1.5717397540739233, -78.28507674032964, 14.563961562180676, 
objectives:
-90.37867244797397, -63.537708339908306, 6117.459644531657, 

parameters:
-1.6826130006590467, -91.1468262563738, 20, 
objectives:
-108.31563974638696, -57.585187743750765, 8291.575123119579, 

parameters:
4.019103468517092, -42.72588882606273, 19.927822125391824, 
objectives:
-46.500518260808434, -18.721287884093154, 1822.7269465423262, 

parameters:
2.3256429488682113, -72.8391835654722, 2.151515667274734, 
objectives:
-69.5820841071265, -70.58162456804988, 5309.803761942901, 

parameters:
4.418823669963713, -54.74111019922176, 0.0, 
objectives:
-35.215107572990185, -48.890402252845035, 3017.115148469572, 

parameters:
1.70218334182747, -9.911145626347114, 19.350296749176522, 
objectives:
-26.3640142463287, 9.527845884714461, 82.77793900667794, 

parameters:
2.2542658679930296, -94.08763763785338, 0.7217006125282659, 
objectives:
-89.72762364678327, -93.30128589369886, 8857.843570263074, 

parameters:
-1.0666540306752248, -68.65091074626201, 19.609413514882004, 
objectives:
-87.12257343998832, -39.637130287523405, 4695.475883597506, 

parameters:
2.5431597632564724, -89.62741629369168, 11.30324745071473, 
objectives:
-94.4630021629597, -78.02914631455612, 8029.238165613441, 

parameters:
-2.0857794995164434, -46.19772232946273, 16.84936363814245, 
objectives:
-58.696609847002115, -12.654764572651445, 2122.7306609126, 

parameters:
-0.3668550080480504, -61.799724450761076, 1.885484633671069, 
objectives:
-63.55062648750221, -54.31223718796787, 3818.455040153255, 

parameters:
0.9735081565665, -79.88889462790623, 6.061627268887957, 
objectives:
-85.00280376589268, -72.77358185438275, 6378.121575730718, 

parameters:
2.500050756689785, -10.295399013378983, 0, 
objectives:
-4.045145227353816, -10.045348254112957, 113.24549463071011, 

parameters:
1.3068361060992357, -11.185475693706334, 1.3735128707119304, 
objectives:
-10.85116795621365, -9.331486639186732, 126.44917423198787, 

parameters:
-2.639268667532258, -66.70464339497516, 9.708144030817277, 
objectives:
-69.44704832637494, -35.473685594611354, 4447.767045519404, 

parameters:
3.148903106392828, -30.516157243043104, 8.287553369165753, 
objectives:
-28.888119838758453, -20.90862552599826, 933.8638902864168, 

parameters:
1.7124119266224835, 2.0548605759061758, 17.51012817843112, 
objectives:
-12.522912996086019, 19.647695654286288, -9.355321585578734, 

parameters:
3.0910976483459214, -65.0152981795101, 5.27928153918725, 
objectives:
-60.739695047087665, -58.54552256209684, 4232.264600503031, 

parameters:
0.8379224036172914, -69.91049583252301, 20, 
objectives:
-89.20838187803923, -48.5600714925084, 4869.179541503701, 

parameters:
0.1583482389756088, 1.7990323451853225, 10.085388696963266, 
objectives:
-8.261282186991266, 15.27610225103283, -5.8237971531535875, 

parameters:
0.25034797117690855, -62.42683202724121, 6.628583416170259, 
objectives:
-68.99274133673907, -52.73696638910619, 3891.5434476478913, 

parameters:
-0.5948979103713103, -4.782027525827679, 14.695025583095893, 
objectives:
-19.12314958515942, 16.646493222517606, 9.526665198441856, 

parameters:
2.6929602151451766, -9.98181371845974, 7.020797263678119, 
objectives:
-9.750576261783104, -2.480822595007572, 100.86784256670771, 

parameters:
1.1858863124315897, -100, 1.856456201582709, 
objectives:
-100.45012985557011, -97.48076270213106, 10000.549870144428, 

parameters:
-0.8795749841546134, -7.6439992901530065, 17.591898413520674, 
objectives:
-24.462245550923093, 18.23985121273671, 42.61247888708958, 

parameters:
1.8402464369450857, -27.742424650061658, 10.702971918475626, 
objectives:
-35.0588896198482, -17.01393153067729, 763.3256604945622, 

parameters:
2.249316833751306, -63.228139497522676, 5.890179817241616, 
objectives:
-64.05889309616728, -57.27580079668928, 3997.9668707195424, 

parameters:
-2.249574825731986, -27.0703875613194, 7.337619551308851, 
objectives:
-29.347420216061156, -1.6738818105155104, 731.5288500652943, 

