Generation 2667 at Fri May 24 19:48:23 2019
parameters:
3.2903892016166023, -3.552653747539444, 1.666879939414312, 
objectives:
5.607127411161386, -0.22066951647639965, 22.781129808606888, 

parameters:
0.051044676920685594, -100.0, 20, 
objectives:
-119.99739444095806, -76.2015731486408, 9981.002605559042, 

parameters:
-0.09310337269809921, -0.38187417318528993, 20, 
objectives:
-20.37320593517753, 23.999207555614866, -18.84550387784629, 

parameters:
1.9973066371654076, -100, 0, 
objectives:
-96.01076619713501, -99.99999274579665, 10004.989233802866, 

parameters:
0.5007071847720042, -74.50289949410433, 3.7375155102691733, 
objectives:
-77.9897073194912, -68.51750503804087, 5548.195225203224, 

parameters:
4.418823669963713, -54.74111019922176, 0.0, 
objectives:
-35.215107572990185, -48.890402252845035, 3017.115148469572, 

parameters:
-0.3668550080480504, -61.799724450761076, 1.885484633671069, 
objectives:
-63.55062648750221, -54.31223718796787, 3818.455040153255, 

parameters:
-1.6826130006590467, -91.1468262563738, 20, 
objectives:
-108.31563974638696, -57.585187743750765, 8291.575123119579, 

parameters:
-0.7031165268606387, -84.22120464775008, 15.609187820237057, 
objectives:
-99.33601961764258, -61.30517786972591, 7079.096497348309, 

parameters:
1.7284763158077583, -5.731572864806908, 1.5192363075154105, 
objectives:
-4.263178798013957, -4.138611446214169, 35.31932157138381, 

parameters:
-2.1203683167468097, -28.779653887978817, 17.525974384813747, 
objectives:
-41.80966647412886, 5.723755562485863, 816.2384653257042, 

parameters:
0.8061085457387309, -12.92584625285052, 3.363660591408159, 
objectives:
-15.639695856745666, -8.136808856884272, 165.36365174843468, 

parameters:
-1.1793802140149006, -50.24906699670374, 15.802091113355253, 
objectives:
-64.66022042084916, -24.33851733807905, 2511.5575806150755, 

parameters:
2.9165785417979726, -97.36309074007553, 13.824784359508868, 
objectives:
-102.681444709108, -82.69819015728217, 9475.253084491149, 

parameters:
1.989802924317599, -87.72953908292095, 0, 
objectives:
-83.77022340529808, -87.72943510256847, 7701.431343379378, 

parameters:
1.70218334182747, -9.911145626347114, 19.350296749176522, 
objectives:
-26.3640142463287, 9.527845884714461, 82.77793900667794, 

parameters:
4.287220339410118, -86.98324258965798, 2.0445844693189175, 
objectives:
-70.64756882032509, -79.70728123932771, 7583.4201651806225, 

parameters:
0.5131623993893849, -43.70054985858097, 11.368675370007589, 
objectives:
-54.80588958044149, -30.121188437983854, 1899.632718220461, 

parameters:
1.5349333791935198, -5.985152354498963, 16.65793430777828, 
objectives:
-20.287066183714806, 10.889068915067675, 22.520134877348635, 

parameters:
1.5717397540739233, -78.28507674032964, 14.563961562180676, 
objectives:
-90.37867244797397, -63.537708339908306, 6117.459644531657, 

parameters:
-1.0666540306752248, -68.65091074626201, 19.609413514882004, 
objectives:
-87.12257343998832, -39.637130287523405, 4695.475883597506, 

parameters:
2.2542658679930296, -94.08763763785338, 0.7217006125282659, 
objectives:
-89.72762364678327, -93.30128589369886, 8857.843570263074, 

parameters:
-2.0857794995164434, -46.19772232946273, 16.84936363814245, 
objectives:
-58.696609847002115, -12.654764572651445, 2122.7306609126, 

parameters:
4.019103468517092, -42.72588882606273, 19.927822125391824, 
objectives:
-46.500518260808434, -18.721287884093154, 1822.7269465423262, 

parameters:
0.06217956765995045, -95.27880616410144, 18.170792089444728, 
objectives:
-113.44573195491179, -73.35286604666213, 9060.883978265603, 

parameters:
0.9735081565665, -79.88889462790623, 6.061627268887957, 
objectives:
-85.00280376589268, -72.77358185438275, 6378.121575730718, 

parameters:
4.052777173702852, -52.77504498890377, 2.552580122684178, 
objectives:
-38.90262229190107, -46.00857074134413, 2800.07779627782, 

parameters:
1.6170208526739354, -72.40838268799246, 0, 
objectives:
-69.79362625001012, -72.26170966070586, 5246.588639928748, 

parameters:
1.969765179015352, -21.950081293650012, 17.467269067356092, 
objectives:
-35.53737550054473, -4.481898081893945, 469.21877459094947, 

parameters:
2.5431597632564724, -89.62741629369168, 11.30324745071473, 
objectives:
-94.4630021629597, -78.02914631455612, 8029.238165613441, 

parameters:
-2.639268667532258, -66.70464339497516, 9.708144030817277, 
objectives:
-69.44704832637494, -35.473685594611354, 4447.767045519404, 

parameters:
-1.4594020165170658, -46.52501804780821, 18.11666673410043, 
objectives:
-62.511830536094564, -16.440889001825436, 2149.5904918605934, 

parameters:
-1.4695054568209929, -34.96793084730487, 14.593138464005202, 
objectives:
-47.4016230236834, -8.337324268389024, 1211.3224955655169, 

parameters:
2.6461408699625846, -35.74070832814293, 20, 
objectives:
-48.73864682445659, -15.323210304306926, 1265.4002933010715, 

parameters:
3.175319394347252, -97.85629773214627, 2.417377502447517, 
objectives:
-90.19102197847599, -94.05754455096996, 9584.520281596126, 

parameters:
-0.1561113666223708, -68.10841619132817, 0, 
objectives:
-68.08404543253947, -63.459599966049986, 4639.780726849963, 

parameters:
0.8689024233792971, -39.55299098971073, 1.549301648418166, 
objectives:
-40.347301216774476, -36.72430761345534, 1564.6447860050744, 

parameters:
0.4474462071454184, -38.017813088831744, 0.8956811998870307, 
objectives:
-38.713286180429954, -34.71170860923757, 1445.658638965748, 

parameters:
-0.6404713573831988, -100, 14.825956011082594, 
objectives:
-114.41575245145432, -78.20195499975632, 9986.584247548546, 

parameters:
3.582418236863314, -99.8976415463159, 0, 
objectives:
-87.06392112250504, -97.3935940699583, 9993.37250694003, 

parameters:
2.311061846914433, -38.84970539207732, 6.537180902041605, 
objectives:
-40.045879433855376, -32.215765017429895, 1509.1034350094235, 

parameters:
1.3727493071397534, -36.10340000031479, 5.116066729827141, 
objectives:
-39.33502606988926, -30.59388983879399, 1301.2238655131557, 

