Generation 2668 at Fri May 24 19:48:23 2019
parameters:
0.051044676920685594, -100.0, 20, 
objectives:
-119.99739444095806, -76.2015731486408, 9981.002605559042, 

parameters:
3.2903892016166023, -3.552653747539444, 1.666879939414312, 
objectives:
5.607127411161386, -0.22066951647639965, 22.781129808606888, 

parameters:
-0.09310337269809921, -0.38187417318528993, 20, 
objectives:
-20.37320593517753, 23.999207555614866, -18.84550387784629, 

parameters:
1.9973066371654076, -100, 0, 
objectives:
-96.01076619713501, -99.99999274579665, 10004.989233802866, 

parameters:
4.019103468517092, -42.72588882606273, 19.927822125391824, 
objectives:
-46.500518260808434, -18.721287884093154, 1822.7269465423262, 

parameters:
0.5007071847720042, -74.50289949410433, 3.7375155102691733, 
objectives:
-77.9897073194912, -68.51750503804087, 5548.195225203224, 

parameters:
0.5131623993893849, -43.70054985858097, 11.368675370007589, 
objectives:
-54.80588958044149, -30.121188437983854, 1899.632718220461, 

parameters:
-0.3668550080480504, -61.799724450761076, 1.885484633671069, 
objectives:
-63.55062648750221, -54.31223718796787, 3818.455040153255, 

parameters:
0.8061085457387309, -12.92584625285052, 3.363660591408159, 
objectives:
-15.639695856745666, -8.136808856884272, 165.36365174843468, 

parameters:
-1.6826130006590467, -91.1468262563738, 20, 
objectives:
-108.31563974638696, -57.585187743750765, 8291.575123119579, 

parameters:
-2.1203683167468097, -28.779653887978817, 17.525974384813747, 
objectives:
-41.80966647412886, 5.723755562485863, 816.2384653257042, 

parameters:
1.7284763158077583, -5.731572864806908, 1.5192363075154105, 
objectives:
-4.263178798013957, -4.138611446214169, 35.31932157138381, 

parameters:
-0.7031165268606387, -84.22120464775008, 15.609187820237057, 
objectives:
-99.33601961764258, -61.30517786972591, 7079.096497348309, 

parameters:
2.9165785417979726, -97.36309074007553, 13.824784359508868, 
objectives:
-102.681444709108, -82.69819015728217, 9475.253084491149, 

parameters:
0.06217956765995045, -95.27880616410144, 18.170792089444728, 
objectives:
-113.44573195491179, -73.35286604666213, 9060.883978265603, 

parameters:
1.5717397540739233, -78.28507674032964, 14.563961562180676, 
objectives:
-90.37867244797397, -63.537708339908306, 6117.459644531657, 

parameters:
2.2542658679930296, -94.08763763785338, 0.7217006125282659, 
objectives:
-89.72762364678327, -93.30128589369886, 8857.843570263074, 

parameters:
-1.0666540306752248, -68.65091074626201, 19.609413514882004, 
objectives:
-87.12257343998832, -39.637130287523405, 4695.475883597506, 

parameters:
4.287220339410118, -86.98324258965798, 2.0445844693189175, 
objectives:
-70.64756882032509, -79.70728123932771, 7583.4201651806225, 

parameters:
1.5349333791935198, -5.985152354498963, 16.65793430777828, 
objectives:
-20.287066183714806, 10.889068915067675, 22.520134877348635, 

parameters:
1.6170208526739354, -72.40838268799246, 0, 
objectives:
-69.79362625001012, -72.26170966070586, 5246.588639928748, 

parameters:
4.052777173702852, -52.77504498890377, 2.552580122684178, 
objectives:
-38.90262229190107, -46.00857074134413, 2800.07779627782, 

parameters:
-1.7838573163047216, -67.21968080011796, 2.031468289933661, 
objectives:
-66.06900216511772, -50.87063632003153, 4520.636165504747, 

parameters:
-1.1793802140149006, -50.24906699670374, 15.802091113355253, 
objectives:
-64.66022042084916, -24.33851733807905, 2511.5575806150755, 

parameters:
-2.0857794995164434, -46.19772232946273, 16.84936363814245, 
objectives:
-58.696609847002115, -12.654764572651445, 2122.7306609126, 

parameters:
1.989802924317599, -87.72953908292095, 0, 
objectives:
-83.77022340529808, -87.72943510256847, 7701.431343379378, 

parameters:
2.5431597632564724, -89.62741629369168, 11.30324745071473, 
objectives:
-94.4630021629597, -78.02914631455612, 8029.238165613441, 

parameters:
0.9735081565665, -79.88889462790623, 6.061627268887957, 
objectives:
-85.00280376589268, -72.77358185438275, 6378.121575730718, 

parameters:
1.7636405885541744, -26.25182058442622, 12.033185821140028, 
objectives:
-35.17457827997053, -14.162768991907173, 681.2353263013599, 

parameters:
4.418823669963713, -54.74111019922176, 0.0, 
objectives:
-35.215107572990185, -48.890402252845035, 3017.115148469572, 

parameters:
1.4555039003133419, -12.802966284417614, 16.29109332151796, 
objectives:
-26.975568002108222, 3.7846030396743284, 150.74334396224356, 

parameters:
0.5668295018726812, -50.88155090871754, 8.823532256535177, 
objectives:
-59.383787481059485, -40.00404097547985, 2581.429986304073, 

parameters:
1.4621563292167867, -97.75825631748492, 0.6096859398895096, 
objectives:
-96.23004112630574, -96.85929456339385, 9559.20489342626, 

parameters:
1.969765179015352, -21.950081293650012, 17.467269067356092, 
objectives:
-35.53737550054473, -4.481898081893945, 469.21877459094947, 

parameters:
1.70218334182747, -9.911145626347114, 19.350296749176522, 
objectives:
-26.3640142463287, 9.527845884714461, 82.77793900667794, 

parameters:
0.1924159968233874, -68.39339627458904, 14.78002508187833, 
objectives:
-83.13639744063383, -50.34601126417072, 4663.913652806925, 

parameters:
-2.45927068097145, -53.85729511550524, 17.51440594288287, 
objectives:
-65.32368877610233, -16.457794166450785, 2890.1418434980274, 

parameters:
1.4066202648984283, -100, 1.7062371564716876, 
objectives:
-99.72765658684877, -97.94166333349911, 10001.272343413151, 

