Generation 2672 at Fri May 24 19:48:23 2019
parameters:
0.051044676920685594, -100.0, 20, 
objectives:
-119.99739444095806, -76.2015731486408, 9981.002605559042, 

parameters:
3.2903892016166023, -3.552653747539444, 1.666879939414312, 
objectives:
5.607127411161386, -0.22066951647639965, 22.781129808606888, 

parameters:
-0.09310337269809921, -0.38187417318528993, 20, 
objectives:
-20.37320593517753, 23.999207555614866, -18.84550387784629, 

parameters:
1.9973066371654076, -100, 0, 
objectives:
-96.01076619713501, -99.99999274579665, 10004.989233802866, 

parameters:
1.7284763158077583, -5.731572864806908, 1.5192363075154105, 
objectives:
-4.263178798013957, -4.138611446214169, 35.31932157138381, 

parameters:
0.2242846901080573, -94.03378332450133, 0, 
objectives:
-93.98347970228446, -90.8806184627167, 8843.40270994148, 

parameters:
-1.6826130006590467, -91.1468262563738, 20, 
objectives:
-108.31563974638696, -57.585187743750765, 8291.575123119579, 

parameters:
-1.0666540306752248, -68.65091074626201, 19.609413514882004, 
objectives:
-87.12257343998832, -39.637130287523405, 4695.475883597506, 

parameters:
4.019103468517092, -42.72588882606273, 19.927822125391824, 
objectives:
-46.500518260808434, -18.721287884093154, 1822.7269465423262, 

parameters:
-2.013453976299198, -19.683362928252414, 20, 
objectives:
-35.62936601357736, 16.424449891619428, 372.4887730799765, 

parameters:
-2.1203683167468097, -28.779653887978817, 17.525974384813747, 
objectives:
-41.80966647412886, 5.723755562485863, 816.2384653257042, 

parameters:
1.989802924317599, -87.72953908292095, 0, 
objectives:
-83.77022340529808, -87.72943510256847, 7701.431343379378, 

parameters:
1.5717397540739233, -78.28507674032964, 14.563961562180676, 
objectives:
-90.37867244797397, -63.537708339908306, 6117.459644531657, 

parameters:
0.5131623993893849, -43.70054985858097, 11.368675370007589, 
objectives:
-54.80588958044149, -30.121188437983854, 1899.632718220461, 

parameters:
0.5007071847720042, -74.50289949410433, 3.7375155102691733, 
objectives:
-77.9897073194912, -68.51750503804087, 5548.195225203224, 

parameters:
0.8061085457387309, -12.92584625285052, 3.363660591408159, 
objectives:
-15.639695856745666, -8.136808856884272, 165.36365174843468, 

parameters:
-0.3668550080480504, -61.799724450761076, 1.885484633671069, 
objectives:
-63.55062648750221, -54.31223718796787, 3818.455040153255, 

parameters:
-1.7838573163047216, -67.21968080011796, 2.031468289933661, 
objectives:
-66.06900216511772, -50.87063632003153, 4520.636165504747, 

parameters:
-1.1913888564917996, -70.60638573858589, 5.710932891744823, 
objectives:
-74.89791122295786, -54.71049001350102, 4981.970181581612, 

parameters:
3.000790629946269, -73.77161760232654, 4.72936849317167, 
objectives:
-69.4962416907249, -68.04066722416661, 5447.526939575497, 

parameters:
-0.4193134002197878, -54.785333598777015, 3.0514395510114767, 
objectives:
-57.660949422184615, -45.88081671928251, 2999.5571617058786, 

parameters:
2.088752685685132, -16.723402219183527, 15.37916981194007, 
objectives:
-27.739684249166743, -1.3363553680271316, 269.65589975460927, 

parameters:
0.06217956765995045, -95.27880616410144, 18.170792089444728, 
objectives:
-113.44573195491179, -73.35286604666213, 9060.883978265603, 

parameters:
0.9735081565665, -79.88889462790623, 6.061627268887957, 
objectives:
-85.00280376589268, -72.77358185438275, 6378.121575730718, 

parameters:
-0.7031165268606387, -84.22120464775008, 15.609187820237057, 
objectives:
-99.33601961764258, -61.30517786972591, 7079.096497348309, 

parameters:
-2.0857794995164434, -46.19772232946273, 16.84936363814245, 
objectives:
-58.696609847002115, -12.654764572651445, 2122.7306609126, 

parameters:
2.9165785417979726, -97.36309074007553, 13.824784359508868, 
objectives:
-102.681444709108, -82.69819015728217, 9475.253084491149, 

parameters:
-0.40989585589920013, -35.42447122075079, 7.135259696393927, 
objectives:
-42.39171630446138, -22.48161348807672, 1248.9259161860903, 

parameters:
1.7636405885541744, -26.25182058442622, 12.033185821140028, 
objectives:
-35.17457827997053, -14.162768991907173, 681.2353263013599, 

parameters:
-1.170816400339475, -35.105417509430595, 18.525041075830863, 
objectives:
-52.25964754195757, -6.526299788937948, 1216.236108478909, 

parameters:
-1.1793802140149006, -50.24906699670374, 15.802091113355253, 
objectives:
-64.66022042084916, -24.33851733807905, 2511.5575806150755, 

parameters:
2.0301317665355003, -97.77574676480872, 11.885505060878582, 
objectives:
-105.53981683619075, -85.88933378057558, 9553.33258534462, 

parameters:
3.420481654393375, -22.66236721596751, 11.27357747784368, 
objectives:
-22.23624994576955, -9.371021607655688, 515.009005101557, 

parameters:
2.8080406138846814, -62.99773654060593, 2.632675717690305, 
objectives:
-57.745320169070375, -59.712131189228494, 3974.967225611131, 

parameters:
4.17893395236237, -54.478187088263496, 2.8865240078816687, 
objectives:
-39.90122211793818, -46.84390991162433, 2983.4498333941647, 

parameters:
4.661061109779785, -83.36863140119678, 2.6480423206737096, 
objectives:
-64.29118305276893, -73.63934285054064, 6970.4061500570415, 

parameters:
2.9258607866919517, -96.9201781614707, 8.942542612717002, 
objectives:
-97.30205943108606, -87.12041735241985, 9394.139053581606, 

parameters:
0.2490168975846334, -52.590594385629, 2.798720725450648, 
objectives:
-55.32730569579697, -46.725931835234206, 2764.0339065235844, 

