Generation 2677 at Fri May 24 19:48:23 2019
parameters:
4.438058212446735, 0.6016783084581045, 3.433343258502198, 
objectives:
16.864695747021813, 9.97914941423927, 17.625034225432714, 

parameters:
0.051044676920685594, -100.0, 20, 
objectives:
-119.99739444095806, -76.2015731486408, 9981.002605559042, 

parameters:
-0.8112608373709179, -2.1602974737456577, 19.96213503931389, 
objectives:
-21.464288366807782, 25.705025061303665, -13.637105717990256, 

parameters:
-0.09310337269809921, -0.38187417318528993, 20, 
objectives:
-20.37320593517753, 23.999207555614866, -18.84550387784629, 

parameters:
1.9973066371654076, -100, 0, 
objectives:
-96.01076619713501, -99.99999274579665, 10004.989233802866, 

parameters:
-1.6826130006590467, -91.1468262563738, 20, 
objectives:
-108.31563974638696, -57.585187743750765, 8291.575123119579, 

parameters:
0.5400535892195588, -19.343598657840737, 18.347865561781717, 
objectives:
-37.399806340393525, 1.1357104262916735, 357.1186013530652, 

parameters:
3.423070856027937, -57.28534893897011, 4.67700853107329, 
objectives:
-50.24494338465556, -50.58320974662073, 3289.651608613878, 

parameters:
-1.0666540306752248, -68.65091074626201, 19.609413514882004, 
objectives:
-87.12257343998832, -39.637130287523405, 4695.475883597506, 

parameters:
1.9978539238364452, -48.65176611557192, 18.912258434299954, 
objectives:
-63.572604248883195, -29.739503075629063, 2353.073508031, 

parameters:
0.2242846901080573, -94.03378332450133, 0, 
objectives:
-93.98347970228446, -90.8806184627167, 8843.40270994148, 

parameters:
-0.40989585589920013, -35.42447122075079, 7.135259696393927, 
objectives:
-42.39171630446138, -22.48161348807672, 1248.9259161860903, 

parameters:
-2.4891198284470692, -61.717069759424916, 20, 
objectives:
-75.52135223905654, -21.56487292526827, 3796.19241721009, 

parameters:
2.9165785417979726, -97.36309074007553, 13.824784359508868, 
objectives:
-102.681444709108, -82.69819015728217, 9475.253084491149, 

parameters:
0.5131623993893849, -43.70054985858097, 11.368675370007589, 
objectives:
-54.80588958044149, -30.121188437983854, 1899.632718220461, 

parameters:
-0.4193134002197878, -54.785333598777015, 3.0514395510114767, 
objectives:
-57.660949422184615, -45.88081671928251, 2999.5571617058786, 

parameters:
3.2903892016166023, -3.552653747539444, 1.666879939414312, 
objectives:
5.607127411161386, -0.22066951647639965, 22.781129808606888, 

parameters:
-1.6482991985509043, -65.39240680566512, 4.129587563044514, 
objectives:
-66.80510412076607, -47.95273220047343, 4275.754170522496, 

parameters:
0.6147047145243298, -13.855268728543777, 0, 
objectives:
-13.477406842485339, -11.936225700582659, 193.34633342622152, 

parameters:
0.1835789181875822, -72.0971313873976, 0.5579727924146222, 
objectives:
-72.62140296060929, -68.23977304853038, 5198.472082718459, 

parameters:
-2.1203683167468097, -28.779653887978817, 17.525974384813747, 
objectives:
-41.80966647412886, 5.723755562485863, 816.2384653257042, 

parameters:
0.5007071847720042, -74.50289949410433, 3.7375155102691733, 
objectives:
-77.9897073194912, -68.51750503804087, 5548.195225203224, 

parameters:
1.5717397540739233, -78.28507674032964, 14.563961562180676, 
objectives:
-90.37867244797397, -63.537708339908306, 6117.459644531657, 

parameters:
0.06217956765995045, -95.27880616410144, 18.170792089444728, 
objectives:
-113.44573195491179, -73.35286604666213, 9060.883978265603, 

parameters:
1.989802924317599, -87.72953908292095, 0, 
objectives:
-83.77022340529808, -87.72943510256847, 7701.431343379378, 

parameters:
-0.6412823215365816, -40.841430587655736, 20, 
objectives:
-60.43018757174039, -13.86505828559406, 1649.4336954622167, 

parameters:
-0.7031165268606387, -84.22120464775008, 15.609187820237057, 
objectives:
-99.33601961764258, -61.30517786972591, 7079.096497348309, 

parameters:
0.9735081565665, -79.88889462790623, 6.061627268887957, 
objectives:
-85.00280376589268, -72.77358185438275, 6378.121575730718, 

parameters:
0.4444419444129024, -85.86429090287244, 3.0236744993051667, 
objectives:
-88.69043676022409, -80.42085553926536, 7370.850306395751, 

parameters:
1.7284763158077583, -5.731572864806908, 1.5192363075154105, 
objectives:
-4.263178798013957, -4.138611446214169, 35.31932157138381, 

parameters:
3.560295187459035, -16.283581687171626, 0, 
objectives:
-3.6078798653276607, -13.8490606151638, 278.8307343846351, 

parameters:
1.840914087148358, -84.14131307861103, 2.248212748014606, 
objectives:
-83.00056115036438, -81.86779200292858, 7081.901318521087, 

parameters:
-0.2819758356477662, -7.63696162410736, 11.172419632886063, 
objectives:
-18.729870885104166, 8.742871723259025, 48.230273587091716, 

parameters:
2.2638155686906867, -7.482174686760787, 1.8228872014741488, 
objectives:
-4.180200959188599, -5.5896888310030475, 60.28491177077606, 

