Generation 2679 at Fri May 24 19:48:23 2019
parameters:
3.870088169349277, 0.6151751450010035, 3.9420790258872103, 
objectives:
11.65067855765103, 8.054483932028344, 12.41394387167703, 

parameters:
0.051044676920685594, -100.0, 20, 
objectives:
-119.99739444095806, -76.2015731486408, 9981.002605559042, 

parameters:
-0.8112608373709179, -2.1602974737456577, 19.96213503931389, 
objectives:
-21.464288366807782, 25.705025061303665, -13.637105717990256, 

parameters:
-0.09310337269809921, -0.38187417318528993, 20, 
objectives:
-20.37320593517753, 23.999207555614866, -18.84550387784629, 

parameters:
1.9973066371654076, -100, 0, 
objectives:
-96.01076619713501, -99.99999274579665, 10004.989233802866, 

parameters:
-2.4492321508850146, -17.18225709001829, 12.694225093916142, 
objectives:
-23.877744055005596, 15.30763473636675, 289.53447174249646, 

parameters:
1.989802924317599, -87.72953908292095, 0, 
objectives:
-83.77022340529808, -87.72943510256847, 7701.431343379378, 

parameters:
0.4003511268646013, -32.04920702808943, 5.027004183011112, 
objectives:
-36.91593018631878, -24.463326327754963, 1023.2849479711076, 

parameters:
-0.7031165268606387, -84.22120464775008, 15.609187820237057, 
objectives:
-99.33601961764258, -61.30517786972591, 7079.096497348309, 

parameters:
3.2903892016166023, -3.552653747539444, 1.666879939414312, 
objectives:
5.607127411161386, -0.22066951647639965, 22.781129808606888, 

parameters:
3.47341903461562, -62.855049230598894, 19.085886895867517, 
objectives:
-69.8762963364363, -41.59819868316375, 3944.735966675173, 

parameters:
1.7284763158077583, -5.731572864806908, 1.5192363075154105, 
objectives:
-4.263178798013957, -4.138611446214169, 35.31932157138381, 

parameters:
3.423070856027937, -57.28534893897011, 4.67700853107329, 
objectives:
-50.24494338465556, -50.58320974662073, 3289.651608613878, 

parameters:
1.9978539238364452, -48.65176611557192, 18.912258434299954, 
objectives:
-63.572604248883195, -29.739503075629063, 2353.073508031, 

parameters:
0.6147047145243298, -13.855268728543777, 0, 
objectives:
-13.477406842485339, -11.936225700582659, 193.34633342622152, 

parameters:
2.9165785417979726, -97.36309074007553, 13.824784359508868, 
objectives:
-102.681444709108, -82.69819015728217, 9475.253084491149, 

parameters:
0.5131623993893849, -43.70054985858097, 11.368675370007589, 
objectives:
-54.80588958044149, -30.121188437983854, 1899.632718220461, 

parameters:
0.5007071847720042, -74.50289949410433, 3.7375155102691733, 
objectives:
-77.9897073194912, -68.51750503804087, 5548.195225203224, 

parameters:
-0.40989585589920013, -35.42447122075079, 7.135259696393927, 
objectives:
-42.39171630446138, -22.48161348807672, 1248.9259161860903, 

parameters:
-0.4193134002197878, -54.785333598777015, 3.0514395510114767, 
objectives:
-57.660949422184615, -45.88081671928251, 2999.5571617058786, 

parameters:
-0.6412823215365816, -40.841430587655736, 20, 
objectives:
-60.43018757174039, -13.86505828559406, 1649.4336954622167, 

parameters:
4.793764275599176, -68.95238604582703, 8.258108193448075, 
objectives:
-54.23031830926421, -52.889159024764766, 4770.153609149324, 

parameters:
-1.6826130006590467, -91.1468262563738, 20, 
objectives:
-108.31563974638696, -57.585187743750765, 8291.575123119579, 

parameters:
-2.4891198284470692, -61.717069759424916, 20, 
objectives:
-75.52135223905654, -21.56487292526827, 3796.19241721009, 

parameters:
1.5717397540739233, -78.28507674032964, 14.563961562180676, 
objectives:
-90.37867244797397, -63.537708339908306, 6117.459644531657, 

parameters:
-1.6482991985509043, -65.39240680566512, 4.129587563044514, 
objectives:
-66.80510412076607, -47.95273220047343, 4275.754170522496, 

parameters:
0.9735081565665, -79.88889462790623, 6.061627268887957, 
objectives:
-85.00280376589268, -72.77358185438275, 6378.121575730718, 

parameters:
0.1835789181875822, -72.0971313873976, 0.5579727924146222, 
objectives:
-72.62140296060929, -68.23977304853038, 5198.472082718459, 

parameters:
1.603781303047759, -94.02963425531347, 16.53691773441062, 
objectives:
-107.99443752171852, -77.33572726508831, 8828.607314921615, 

parameters:
0.06217956765995045, -95.27880616410144, 18.170792089444728, 
objectives:
-113.44573195491179, -73.35286604666213, 9060.883978265603, 

parameters:
1.858838171460881, 5.169777056680081, 16.9293160857029, 
objectives:
-8.304259681342788, 22.11901980421949, 14.252558077752894, 

parameters:
-0.29513390403453776, -91.57215467457978, 4.981409345690633, 
objectives:
-96.46645999895975, -81.32310569144032, 8381.565206420784, 

parameters:
-0.48092407419440975, -99.21412775571993, 16.03490461507672, 
objectives:
-115.01774440565688, -77.02423887872581, 9828.63952967838, 

parameters:
2.4117145264138626, -79.74735298867442, 16.859755061425734, 
objectives:
-90.79074109318451, -62.7180890759885, 6349.596920595729, 

