Generation 2688 at Fri May 24 19:48:23 2019
parameters:
0.051044676920685594, -100.0, 20, 
objectives:
-119.99739444095806, -76.2015731486408, 9981.002605559042, 

parameters:
1.5501721843215244, -2.86785987364663, 0, 
objectives:
-0.46482607260246356, -2.665514809888561, 11.627654055916631, 

parameters:
-0.8112608373709179, -2.1602974737456577, 19.96213503931389, 
objectives:
-21.464288366807782, 25.705025061303665, -13.637105717990256, 

parameters:
-0.09310337269809921, -0.38187417318528993, 20, 
objectives:
-20.37320593517753, 23.999207555614866, -18.84550387784629, 

parameters:
1.9973066371654076, -100, 0, 
objectives:
-96.01076619713501, -99.99999274579665, 10004.989233802866, 

parameters:
0.0015672309917724725, -51.95212993612508, 13.55974363005507, 
objectives:
-65.51187110996717, -34.398652773824125, 2686.464063726182, 

parameters:
1.2232239690595552, -45.45373390595814, 16.19614413699432, 
objectives:
-60.15360116447064, -28.65420876672023, 2052.3420587351357, 

parameters:
-2.0666291655603666, -31.5672175772, 8.075877345519883, 
objectives:
-35.37213881477515, -6.953867461493919, 993.6843043287096, 

parameters:
3.423070856027937, -57.28534893897011, 4.67700853107329, 
objectives:
-50.24494338465556, -50.58320974662073, 3289.651608613878, 

parameters:
-2.603280144000117, -29.457075155881267, 19.577943071990425, 
objectives:
-42.25795071972642, 11.311056000254894, 855.9184011753922, 

parameters:
1.5586392234114301, -92.33994399663408, 0, 
objectives:
-89.91058776787749, -92.1451446615232, 8530.094613530275, 

parameters:
2.9165785417979726, -97.36309074007553, 13.824784359508868, 
objectives:
-102.681444709108, -82.69819015728217, 9475.253084491149, 

parameters:
4.793764275599176, -68.95238604582703, 8.258108193448075, 
objectives:
-54.23031830926421, -52.889159024764766, 4770.153609149324, 

parameters:
0.518155547119715, 0.39506029175440105, 14.100093520098273, 
objectives:
-13.43654805733294, 16.691016794384744, -12.67553571496627, 

parameters:
-0.21892076905023883, -61.441007407692894, 11.946212066583975, 
objectives:
-73.33929317115532, -44.57118596178642, 3764.0991055087106, 

parameters:
2.750351263790032, -40.42385609215642, 20, 
objectives:
-52.859424017924994, -19.86082907308512, 1622.6525734336033, 

parameters:
0.17714703616408922, -93.3456371907176, 18.971689241459828, 
objectives:
-112.2859453597557, -71.0511550214924, 8695.467674372043, 

parameters:
-0.65934272028244, -88.28715600876475, 18.28324720218062, 
objectives:
-106.13567038815593, -62.931805102664924, 7777.773401736575, 

parameters:
0.25509495955425454, -95.6064822707982, 4.355562490307899, 
objectives:
-99.89697132271611, -88.20622618031733, 9137.308963144533, 

parameters:
-0.587316433167071, -22.70756343055926, 2.779736305645341, 
objectives:
-25.14235914353651, -13.233620799577547, 514.1986412398951, 

parameters:
0.5007071847720042, -74.50289949410433, 3.7375155102691733, 
objectives:
-77.9897073194912, -68.51750503804087, 5548.195225203224, 

parameters:
-0.7031165268606387, -84.22120464775008, 15.609187820237057, 
objectives:
-99.33601961764258, -61.30517786972591, 7079.096497348309, 

parameters:
1.7742098484576276, -65.72242349581477, 13.912591123824312, 
objectives:
-76.48719403327503, -51.758851179456926, 4309.672179625764, 

parameters:
-0.2334747658263323, -61.6594689251348, 9.395711699380175, 
objectives:
-71.00067015823731, -47.275347696171636, 3793.548906896562, 

parameters:
2.3232995887705643, -31.15927021049626, 5.744185829561532, 
objectives:
-31.50573506087632, -25.31056175683551, 971.5536552003396, 

parameters:
-1.6826130006590467, -91.1468262563738, 20, 
objectives:
-108.31563974638696, -57.585187743750765, 8291.575123119579, 

parameters:
0.034366402352108055, -0.8027107876291071, 1.274323107666634, 
objectives:
-2.075852845685114, 4.335327760239722, 0.3712025505201344, 

parameters:
2.003113047899246, -14.914908679720332, 16.441173277970893, 
objectives:
-27.34362007502702, 1.5262742893177847, 211.02578952909022, 

parameters:
2.6178187935572446, -20.595575228078708, 0, 
objectives:
-13.742599992177201, -20.21387516640618, 432.03069421135086, 

parameters:
-0.5915768760987967, -81.580766238327, 1.4295457043733877, 
objectives:
-82.66034874236557, -73.43494982922363, 6655.341837528516, 

parameters:
2.978238692962979, -77.06163212537805, 10.801933302272865, 
objectives:
-78.99365971538907, -65.30274788269529, 5937.563118237088, 

parameters:
4.801011512460886, -90.02575037044097, 4.445631592738441, 
objectives:
-71.42167042039745, -77.73445328476411, 8124.239809710996, 

parameters:
-2.4836257341524655, -83.1076705154804, 8.750576510240824, 
objectives:
-85.68985023837683, -54.254194281285336, 6905.302718786753, 

parameters:
0.9735081565665, -79.88889462790623, 6.061627268887957, 
objectives:
-85.00280376589268, -72.77358185438275, 6378.121575730718, 

parameters:
2.604738779969469, -10.583293203156376, 19.274469534628288, 
objectives:
-23.07309862590783, 9.056885323470873, 100.51628960122451, 

parameters:
0.057660485546159546, -77.18627479091325, 0.5896048961027587, 
objectives:
-77.77255495542258, -72.82398710540171, 5958.13473593386, 

parameters:
1.431844357517321, -8.606625359037729, 14.129826997523024, 
objectives:
-20.686274092406563, 5.8460024725702, 62.994351337462476, 

