Generation 2689 at Fri May 24 19:48:23 2019
parameters:
0.051044676920685594, -100.0, 20, 
objectives:
-119.99739444095806, -76.2015731486408, 9981.002605559042, 

parameters:
2.879385093022734, 0.9037450034457635, 2.2724232093256735, 
objectives:
6.922180308041629, 3.9494863546020396, 7.835190335849049, 

parameters:
-0.8112608373709179, -2.1602974737456577, 19.96213503931389, 
objectives:
-21.464288366807782, 25.705025061303665, -13.637105717990256, 

parameters:
-0.09310337269809921, -0.38187417318528993, 20, 
objectives:
-20.37320593517753, 23.999207555614866, -18.84550387784629, 

parameters:
1.9973066371654076, -100, 0, 
objectives:
-96.01076619713501, -99.99999274579665, 10004.989233802866, 

parameters:
1.2232239690595552, -45.45373390595814, 16.19614413699432, 
objectives:
-60.15360116447064, -28.65420876672023, 2052.3420587351357, 

parameters:
-2.603280144000117, -29.457075155881267, 19.577943071990425, 
objectives:
-42.25795071972642, 11.311056000254894, 855.9184011753922, 

parameters:
0.5007071847720042, -74.50289949410433, 3.7375155102691733, 
objectives:
-77.9897073194912, -68.51750503804087, 5548.195225203224, 

parameters:
0.0015672309917724725, -51.95212993612508, 13.55974363005507, 
objectives:
-65.51187110996717, -34.398652773824125, 2686.464063726182, 

parameters:
1.5586392234114301, -92.33994399663408, 0, 
objectives:
-89.91058776787749, -92.1451446615232, 8530.094613530275, 

parameters:
2.9165785417979726, -97.36309074007553, 13.824784359508868, 
objectives:
-102.681444709108, -82.69819015728217, 9475.253084491149, 

parameters:
0.518155547119715, 0.39506029175440105, 14.100093520098273, 
objectives:
-13.43654805733294, 16.691016794384744, -12.67553571496627, 

parameters:
0.17714703616408922, -93.3456371907176, 18.971689241459828, 
objectives:
-112.2859453597557, -71.0511550214924, 8695.467674372043, 

parameters:
-0.65934272028244, -88.28715600876475, 18.28324720218062, 
objectives:
-106.13567038815593, -62.931805102664924, 7777.773401736575, 

parameters:
3.423070856027937, -57.28534893897011, 4.67700853107329, 
objectives:
-50.24494338465556, -50.58320974662073, 3289.651608613878, 

parameters:
3.692726045595981, -77.61071904026417, 18.61505160591909, 
objectives:
-82.58954499836032, -56.13034596890607, 6019.444883988728, 

parameters:
2.874818592382563, -55.60893843061652, 17.344659098844804, 
objectives:
-64.68901559035287, -37.498971762193506, 3084.273956220363, 

parameters:
-0.587316433167071, -22.70756343055926, 2.779736305645341, 
objectives:
-25.14235914353651, -13.233620799577547, 514.1986412398951, 

parameters:
-0.5915768760987967, -81.580766238327, 1.4295457043733877, 
objectives:
-82.66034874236557, -73.43494982922363, 6655.341837528516, 

parameters:
2.750351263790032, -40.42385609215642, 20, 
objectives:
-52.859424017924994, -19.86082907308512, 1622.6525734336033, 

parameters:
0.902065116589561, -86.15366991176455, 0.8249822133249771, 
objectives:
-86.16493065052178, -84.12322669023008, 7423.443578526528, 

parameters:
-0.21892076905023883, -61.441007407692894, 11.946212066583975, 
objectives:
-73.33929317115532, -44.57118596178642, 3764.0991055087106, 

parameters:
0.25509495955425454, -95.6064822707982, 4.355562490307899, 
objectives:
-99.89697132271611, -88.20622618031733, 9137.308963144533, 

parameters:
-1.6826130006590467, -91.1468262563738, 20, 
objectives:
-108.31563974638696, -57.585187743750765, 8291.575123119579, 

parameters:
-0.2334747658263323, -61.6594689251348, 9.395711699380175, 
objectives:
-71.00067015823731, -47.275347696171636, 3793.548906896562, 

parameters:
-0.7031165268606387, -84.22120464775008, 15.609187820237057, 
objectives:
-99.33601961764258, -61.30517786972591, 7079.096497348309, 

parameters:
-2.0666291655603666, -31.5672175772, 8.075877345519883, 
objectives:
-35.37213881477515, -6.953867461493919, 993.6843043287096, 

parameters:
4.793764275599176, -68.95238604582703, 8.258108193448075, 
objectives:
-54.23031830926421, -52.889159024764766, 4770.153609149324, 

parameters:
1.5501721843215244, -2.86785987364663, 0, 
objectives:
-0.46482607260246356, -2.665514809888561, 11.627654055916631, 

parameters:
1.7742098484576276, -65.72242349581477, 13.912591123824312, 
objectives:
-76.48719403327503, -51.758851179456926, 4309.672179625764, 

parameters:
2.6178187935572446, -20.595575228078708, 0, 
objectives:
-13.742599992177201, -20.21387516640618, 432.03069421135086, 

parameters:
0.034366402352108055, -0.8027107876291071, 1.274323107666634, 
objectives:
-2.075852845685114, 4.335327760239722, 0.3712025505201344, 

parameters:
4.959219265064139, -16.332915517384034, 2.3279184108427575, 
objectives:
5.933021790756504, -5.248018447814536, 290.0300666061447, 

parameters:
-1.1216432461425618, -69.60057600308579, 7.850192139331954, 
objectives:
-76.19268457080052, -52.00572730756637, 4838.648071393607, 

parameters:
-0.44126629790989735, -34.49396860087367, 0.28560835185385736, 
objectives:
-34.584861007056425, -28.24857911170912, 1190.742977431876, 

parameters:
2.3232995887705643, -31.15927021049626, 5.744185829561532, 
objectives:
-31.50573506087632, -25.31056175683551, 971.5536552003396, 

parameters:
2.452007519458998, -14.813981224551938, 19.99038887531638, 
objectives:
-28.792029224384848, 5.380718448411919, 206.47599172154443, 

parameters:
2.003113047899246, -14.914908679720332, 16.441173277970893, 
objectives:
-27.34362007502702, 1.5262742893177847, 211.02578952909022, 

parameters:
2.24960419312361, -26.514455542787775, 0.08544149913955301, 
objectives:
-21.539178016207998, -26.366711790423334, 708.9916302570492, 

