Generation 269 at Fri May 24 19:55:17 2019
parameters:
0, 0.0, 20.0, 
objectives:
-20.0, 24.0, -19.0, 

parameters:
0, 0.0, 20.0, 
objectives:
-20.0, 24.0, -19.0, 

parameters:
1.9979647189482492, 0.0, 20.0, 
objectives:
-16.008136981838042, 20.000004142368958, -15.008136981838044, 

parameters:
1.4617889973287324, 0.0, 20.0, 
objectives:
-17.86317292728866, 20.28967108339641, -16.86317292728866, 

parameters:
1.282267643603089, 0.0, 20.0, 
objectives:
-18.35578969016858, 20.515139735419062, -17.35578969016858, 

parameters:
1.5564983381440585, 0.0, 20.0, 
objectives:
-17.577312923354786, 20.196693724068982, -16.577312923354786, 

parameters:
0.8301236111851052, 0.0, 20.0, 
objectives:
-19.310894790153, 21.368610765106578, -18.310894790153, 

parameters:
1.7824977757730371, 0.0, 20.0, 
objectives:
-16.822701679364176, 20.047307217543676, -15.822701679364176, 

parameters:
1.8458728390924775, 0.0, 20.0, 
objectives:
-16.592753461900678, 20.023755181729413, -15.592753461900678, 

parameters:
0.3163506638413911, 0.0, 20.0, 
objectives:
-19.899922257487113, 22.834675087147325, -18.899922257487113, 

parameters:
1.7228862686451474, 0.0, 20.0, 
objectives:
-17.031662905314, 20.076792020105408, -16.031662905314, 

parameters:
0.45419697973549, 0.0, 20.0, 
objectives:
-19.79370510359916, 22.38950697745888, -18.79370510359916, 

parameters:
1.6287362834275747, 0.0, 20.0, 
objectives:
-17.34721811904653, 20.13783674724317, -16.34721811904653, 

parameters:
0.730228623122646, 0.0, 20.0, 
objectives:
-19.466766157972405, 21.61231934953701, -18.466766157972405, 

parameters:
0.19354657122208135, 0.0, 20.0, 
objectives:
-19.962539724768178, 23.2632739903435, -18.962539724768178, 

parameters:
1.1379527228107327, 0.0, 20.0, 
objectives:
-18.70506360064764, 20.74312550810943, -17.70506360064764, 

parameters:
1.0411693686416463, 0.0, 20.0, 
objectives:
-18.915966345802357, 20.91935617963106, -17.915966345802357, 

parameters:
1.9146414136717338, 0.0, 20.0, 
objectives:
-16.334148257053105, 20.00728608825996, -15.334148257053105, 

parameters:
0.6178344361760191, 0.0, 20.0, 
objectives:
-19.61828060947506, 21.910381645820863, -18.61828060947506, 

parameters:
0.3728640880986734, 0.0, 20.0, 
objectives:
-19.860972371806344, 22.647571275798963, -18.860972371806344, 

parameters:
0.9623957818241105, 0.0, 20.0, 
objectives:
-19.07379435912716, 21.0766225135764, -18.07379435912716, 

parameters:
1.2174543882683377, 0.0, 20.0, 
objectives:
-18.51780481248617, 20.61237763444048, -17.51780481248617, 

parameters:
0.9024861489824548, 0.0, 20.0, 
objectives:
-19.18551875089482, 21.204536653175364, -18.18551875089482, 

parameters:
0.5290410175879988, 0.0, 20.0, 
objectives:
-19.720115601709455, 22.16372032793855, -18.720115601709455, 

parameters:
0.7016817063009615, 0.0, 20.0, 
objectives:
-19.50764278304257, 21.685630391753584, -18.50764278304257, 

parameters:
1.0769768736936742, 0.0, 20.0, 
objectives:
-18.840120813529, 20.851971691696303, -17.840120813528998, 

parameters:
1.1878629525540034, 0.0, 20.0, 
objectives:
-18.588981605949684, 20.6595665838343, -17.588981605949684, 

parameters:
1.8987438511341066, 0.0, 20.0, 
objectives:
-16.39477178778042, 20.010252807683152, -15.39477178778042, 

parameters:
1.675803072506905, 0.0, 20.0, 
objectives:
-17.191684062176417, 20.105103647795964, -16.191684062176417, 

parameters:
0.09982378824985516, 0.0, 20.0, 
objectives:
-19.99003521129945, 23.610669635701132, -18.99003521129945, 

parameters:
0.5738290507729091, 0.0, 20.0, 
objectives:
-19.670720220489063, 22.033963576419303, -18.670720220489063, 

parameters:
0.9359407911894859, 0.0, 20.0, 
objectives:
-19.124014835387598, 21.13222199985446, -18.124014835387598, 

parameters:
0.16038572133141235, 0.0, 20.0, 
objectives:
-19.974276420393004, 23.384180694281348, -18.974276420393004, 

parameters:
1.6580207310328332, 0.0, 20.0, 
objectives:
-17.250967255465348, 20.116949820403317, -16.250967255465348, 

parameters:
0.11226318442599018, 0.0, 20.0, 
objectives:
-19.987396977422534, 23.563550284873504, -18.987396977422534, 

parameters:
1.9105866563039282, 0.0, 20.0, 
objectives:
-16.349658628753375, 20.007994746030914, -15.349658628753375, 

