Generation 2699 at Fri May 24 19:48:23 2019
parameters:
2.879385093022734, 0.9037450034457635, 2.2724232093256735, 
objectives:
6.922180308041629, 3.9494863546020396, 7.835190335849049, 

parameters:
0.051044676920685594, -100.0, 20, 
objectives:
-119.99739444095806, -76.2015731486408, 9981.002605559042, 

parameters:
-0.8112608373709179, -2.1602974737456577, 19.96213503931389, 
objectives:
-21.464288366807782, 25.705025061303665, -13.637105717990256, 

parameters:
-0.09310337269809921, -0.38187417318528993, 20, 
objectives:
-20.37320593517753, 23.999207555614866, -18.84550387784629, 

parameters:
1.9973066371654076, -100, 0, 
objectives:
-96.01076619713501, -99.99999274579665, 10004.989233802866, 

parameters:
0.518155547119715, 0.39506029175440105, 14.100093520098273, 
objectives:
-13.43654805733294, 16.691016794384744, -12.67553571496627, 

parameters:
1.5501721843215244, -2.86785987364663, 0, 
objectives:
-0.46482607260246356, -2.665514809888561, 11.627654055916631, 

parameters:
2.7120398761414486, -95.53616610760545, 0, 
objectives:
-88.18100581782413, -95.02916532238993, 9135.51419482976, 

parameters:
0.36536649376232644, -29.241413456993655, 20.0, 
objectives:
-49.10792078222948, -6.569386757278785, 836.1937536376138, 

parameters:
1.7742098484576276, -65.72242349581477, 13.912591123824312, 
objectives:
-76.48719403327503, -51.758851179456926, 4309.672179625764, 

parameters:
0.9726325341656842, -49.85557194087521, 9.431588709616085, 
objectives:
-58.34114660397373, -39.3684993214043, 2478.092478888685, 

parameters:
-0.7031165268606387, -84.22120464775008, 15.609187820237057, 
objectives:
-99.33601961764258, -61.30517786972591, 7079.096497348309, 

parameters:
1.2232239690595552, -45.45373390595814, 16.19614413699432, 
objectives:
-60.15360116447064, -28.65420876672023, 2052.3420587351357, 

parameters:
-0.6776272035572563, -87.4962800630268, 5.335168717847402, 
objectives:
-92.37227015387339, -74.99142390394954, 7651.723034776775, 

parameters:
3.0374646414919058, -99.62466652712338, 13.54345971211247, 
objectives:
-103.94193479092229, -85.00487393266499, 9921.756912376739, 

parameters:
0.3796611415253035, -24.297923062200105, 8.803188442953067, 
objectives:
-32.95696892276887, -12.869236602963957, 582.730019276027, 

parameters:
2.3295509914642443, -17.24267603798753, 3.3297930260861968, 
objectives:
-15.145661242241683, -13.804279155926267, 300.40689174673514, 

parameters:
1.1108210264020966, -70.28571077734362, 1.5611598478629962, 
objectives:
-70.61294727250962, -67.93391168239201, 4940.753902981232, 

parameters:
1.3060547670467153, -55.10191328245896, 12.123486866729138, 
objectives:
-65.51962109466265, -42.49686642939123, 3026.8031395754233, 

parameters:
3.692726045595981, -77.61071904026417, 18.61505160591909, 
objectives:
-82.58954499836032, -56.13034596890607, 6019.444883988728, 

parameters:
3.1916210414922572, -40.16903469900157, 13.773870694580847, 
objectives:
-43.7564605210863, -24.975203297893632, 1610.9639228275075, 

parameters:
2.7788003776873786, -39.444144350862906, 2.9474668855834167, 
objectives:
-34.669879697410806, -35.89014743699349, 1561.614788225162, 

parameters:
0.17714703616408922, -93.3456371907176, 18.971689241459828, 
objectives:
-112.2859453597557, -71.0511550214924, 8695.467674372043, 

parameters:
-0.2334747658263323, -61.6594689251348, 9.395711699380175, 
objectives:
-71.00067015823731, -47.275347696171636, 3793.548906896562, 

parameters:
1.0810935790233422, -81.50806188405834, 3.4531282468211932, 
objectives:
-83.79242680427403, -77.21054462672501, 6642.279787175267, 

parameters:
0.5007071847720042, -74.50289949410433, 3.7375155102691733, 
objectives:
-77.9897073194912, -68.51750503804087, 5548.195225203224, 

parameters:
0.5467440051833677, -35.37379297169559, 7.232508306941211, 
objectives:
-42.307372271432854, -26.029331678283903, 1245.3716499046434, 

parameters:
-0.4575320657478974, -59.201464019224616, 9.081735399269416, 
objectives:
-68.0738638273065, -44.08026476577608, 3496.940942211465, 

parameters:
-1.6826130006590467, -91.1468262563738, 20, 
objectives:
-108.31563974638696, -57.585187743750765, 8291.575123119579, 

parameters:
0.556734026682937, -90.76593286850607, 8.303460421162153, 
objectives:
-98.75944051320162, -80.37945577760907, 8231.461061845454, 

parameters:
1.3823097790035315, -95.59566857116269, 11.244063737737735, 
objectives:
-104.92895198377163, -83.97006362431028, 9130.198566154972, 

parameters:
-0.11755584060839142, -100, 15.187776155545205, 
objectives:
-115.17395677988407, -80.32818110636008, 9985.826043220115, 

