[!]Generation 27 at Sun May 26 02:43:06 2019
size of front generated: 54
[!!!]Points in the front:
parameters:
0, 0.0, 20.0, 
objectives:
-20.0, 24.0, -19.0, 

parameters:
0, 0.0, 20.0, 
objectives:
-20.0, 24.0, -19.0, 

parameters:
2.0424615457574675, 0.0004241449050747924, 20.0, 
objectives:
-15.827926689196943, 20.00222712777319, -14.827926689196943, 

parameters:
1.9290549066694775, 0.0008552922787612216, 20.0, 
objectives:
-16.27789187477565, 20.005888498546437, -15.277891874775653, 

parameters:
1.1128598175084985, 0.005027608223037015, 20.0, 
objectives:
-18.756515418351913, 20.792045311614093, -17.756515418351913, 

parameters:
0.41720403456152033, 0, 20.0, 
objectives:
-19.82594079354559, 22.50524306820833, -18.82594079354559, 

parameters:
1.6027176990492378, 0.006890061228069026, 20.0, 
objectives:
-17.424405915926247, 20.1647232878768, -16.424405915926247, 

parameters:
1.6671566342413675, 0.0005158126335899468, 20.0, 
objectives:
-17.220072944271404, 20.111300518763123, -16.220072944271404, 

parameters:
0.848174614921404, 0.0, 20.0, 
objectives:
-19.280599822602927, 21.326701717711455, -18.280599822602927, 

parameters:
0.14371571352763116, 7.015063679498592e-07, 20.0, 
objectives:
-19.979345092178875, 23.445792053710598, -18.979345092178875, 

parameters:
1.375687804463833, 0.0004140524701786081, 20.0, 
objectives:
-18.107069012179302, 20.390179769965368, -17.107069012179302, 

parameters:
0.66517540201185, 0.0, 20.0, 
objectives:
-19.557541684558373, 21.781756707394226, -18.557541684558373, 

parameters:
0.5190552070810447, 0.0, 20.0, 
objectives:
-19.730581692002055, 22.193197479673767, -18.730581692002055, 

parameters:
1.8171541246186749, 0.0005084853665712903, 20.0, 
objectives:
-16.697442402014765, 20.033941099510535, -15.697442402014765, 

parameters:
1.7020685779112177, 0.009649013669118266, 20.0, 
objectives:
-17.093313542418166, 20.098412145936962, -16.093313542418166, 

parameters:
0.7319349712390374, 0.001736789601408006, 20.0, 
objectives:
-19.4625344082759, 21.60972570676795, -18.4625344082759, 

parameters:
1.5630459500865548, 0.0063901033249748, 20.0, 
objectives:
-17.550497254593044, 20.197318945060736, -16.550497254593044, 

parameters:
1.4264771590954077, 0.0, 20.0, 
objectives:
-17.965162914579096, 20.328928449039275, -16.965162914579096, 

parameters:
1.1934507006388797, 1.918567355472557e-05, 20.0, 
objectives:
-18.575656239471012, 20.65054095797347, -17.575656239471012, 

parameters:
1.5208509541550492, 0.0008842458419297397, 20.0, 
objectives:
-17.68612812940375, 20.230468053976058, -16.68612812940375, 

parameters:
1.8846660813726481, 0.0010214433580497326, 20.0, 
objectives:
-16.447012318365417, 20.01432335614399, -15.447012318365417, 

parameters:
1.3337196966610068, 3.923028847448222e-05, 20.0, 
objectives:
-18.22115254045, 20.443968672905974, -17.22115254045, 

parameters:
0.28071904845921025, 0, 20.0, 
objectives:
-19.921196815832154, 22.955926990331005, -18.921196815832154, 

parameters:
0.036234397496663864, 0, 20.0, 
objectives:
-19.998687068438052, 23.85637534157529, -18.998687068438052, 

parameters:
1.8600287558084947, 1.0487162017129423e-05, 20.0, 
objectives:
-16.540282540403485, 20.019602436362536, -15.540282540403487, 

parameters:
1.2020788649679792, 0.0007160440865147573, 20.0, 
objectives:
-18.55429035831078, 20.637394181817303, -17.55429035831078, 

parameters:
1.7480498127798965, 0.0004276082334124017, 20.0, 
objectives:
-16.943894243806756, 20.063906505073657, -15.943894243806756, 

parameters:
0.9636172291928526, 0.0, 20.0, 
objectives:
-19.07144183560269, 21.0740892476259, -18.07144183560269, 

parameters:
1.0591422016852892, 0, 20.0, 
objectives:
-18.87821779660924, 20.885213396649604, -17.87821779660924, 

parameters:
1.2702299047317647, 0.00015495735616144455, 20.0, 
objectives:
-18.38636103176897, 20.53271934930397, -17.38636103176897, 

parameters:
1.484061755885571, 0.0010729518301372022, 20.0, 
objectives:
-17.7964877528877, 20.267265223570018, -16.7964877528877, 

parameters:
0.9089947113989686, 0, 20.0, 
objectives:
-19.173728614648706, 21.19029253975542, -18.173728614648706, 

parameters:
0.7875970951601725, 0.013975187812345038, 20.0, 
objectives:
-19.365715627882913, 21.4838959914764, -18.365715627882913, 

parameters:
0.19320552987680079, 0, 20.0, 
objectives:
-19.962671623225024, 23.264506257267772, -18.962671623225024, 

parameters:
1.2959091388172423, 0.0004686447832896228, 20.0, 
objectives:
-18.320150859146665, 20.496212585584367, -17.320150859146665, 

parameters:
1.0031051378912585, 0.0, 20.0, 
objectives:
-18.99378008233616, 20.993799366098806, -17.99378008233616, 

parameters:
1.4585823077129387, 6.225700250958729e-06, 20.0, 
objectives:
-17.872531425926546, 20.293139343221696, -16.872531425926546, 

parameters:
1.7799663680936728, 0.0, 20.0, 
objectives:
-16.83171972845542, 20.04841479916989, -15.83171972845542, 

parameters:
0.6174725099266521, 0.0, 20.0, 
objectives:
-19.61872769948488, 21.911382260808512, -18.61872769948488, 

parameters:
0.539835497739784, 0.0, 20.0, 
objectives:
-19.70857763538004, 22.132080373660823, -18.70857763538004, 

parameters:
0.9226961623433553, 0.0, 20.0, 
objectives:
-19.148631791996845, 21.160583558629735, -18.148631791996845, 

parameters:
0.7720919430765337, 0.0006416920276770931, 20.0, 
objectives:
-19.403232339408625, 21.50839988828524, -18.403232339408625, 

parameters:
0.3079883204313192, 0.00036515130363260726, 20.0, 
objectives:
-19.90477804317426, 22.86326867510046, -18.90477804317426, 

parameters:
0.589135211260198, 0, 20.0, 
objectives:
-19.652919702853403, 21.990539452105807, -18.652919702853403, 

parameters:
0.3442062781651286, 0, 20.0, 
objectives:
-19.88152203807171, 22.741652849267776, -18.88152203807171, 

parameters:
0.3680081937833169, 0.0, 20.0, 
objectives:
-19.86456996930834, 22.663397255558394, -18.86456996930834, 

parameters:
1.7680235557403057, 0, 20.0, 
objectives:
-16.874092706347405, 20.053813070691373, -15.874092706347406, 

parameters:
0.18807826539857736, 0.00037053355497673496, 20.0, 
objectives:
-19.964256032529686, 23.283430905876006, -18.964256032529686, 

parameters:
1.0312542453242712, 0, 20.0, 
objectives:
-18.936514681500668, 20.93846833720225, -17.936514681500668, 

parameters:
1.0374281387075805, 0.0009461359743179808, 20.0, 
objectives:
-18.922796721043408, 20.927490724126272, -17.922796721043408, 

parameters:
1.270853711101257, 0, 20.0, 
objectives:
-18.38493084498016, 20.531654310614808, -17.38493084498016, 

parameters:
0.02087473217548992, 0.0, 20.0, 
objectives:
-19.999564245556602, 23.916936825741438, -18.999564245556602, 

parameters:
0.5954829337446423, 0.0041976650020254325, 20.0, 
objectives:
-19.64120241061685, 21.976865854404583, -18.64120241061685, 

parameters:
0.3666080040257206, 0, 20.0, 
objectives:
-19.86559857138428, 22.66796941251284, -18.86559857138428, 

size of all points: 80
[!!!]All points:
0, 0.0, 20.0, -20.0, 24.0, -19.0, 

0, 0.0, 20.0, -20.0, 24.0, -19.0, 

2.0424615457574675, 0.0004241449050747924, 20.0, -15.827926689196943, 20.00222712777319, -14.827926689196943, 

1.9290549066694775, 0.0008552922787612216, 20.0, -16.27789187477565, 20.005888498546437, -15.277891874775653, 

1.1128598175084985, 0.005027608223037015, 20.0, -18.756515418351913, 20.792045311614093, -17.756515418351913, 

0.28071904845921025, 0, 20.0, -19.921196815832154, 22.955926990331005, -18.921196815832154, 

1.5208509541550492, 0.0008842458419297397, 20.0, -17.68612812940375, 20.230468053976058, -16.68612812940375, 

1.6671566342413675, 0.0005158126335899468, 20.0, -17.220072944271404, 20.111300518763123, -16.220072944271404, 

1.6027176990492378, 0.006890061228069026, 20.0, -17.424405915926247, 20.1647232878768, -16.424405915926247, 

1.3337196966610068, 3.923028847448222e-05, 20.0, -18.22115254045, 20.443968672905974, -17.22115254045, 

0.7319349712390374, 0.001736789601408006, 20.0, -19.4625344082759, 21.60972570676795, -18.4625344082759, 

0.848174614921404, 0.0, 20.0, -19.280599822602927, 21.326701717711455, -18.280599822602927, 

1.0374281387075805, 0.0009461359743179808, 20.0, -18.922796721043408, 20.927490724126272, -17.922796721043408, 

0.9089947113989686, 0, 20.0, -19.173728614648706, 21.19029253975542, -18.173728614648706, 

0.14371571352763116, 7.015063679498592e-07, 20.0, -19.979345092178875, 23.445792053710598, -18.979345092178875, 

0.3666080040257206, 0, 20.0, -19.86559857138428, 22.66796941251284, -18.86559857138428, 

1.4585823077129387, 6.225700250958729e-06, 20.0, -17.872531425926546, 20.293139343221696, -16.872531425926546, 

0.7875970951601725, 0.013975187812345038, 20.0, -19.365715627882913, 21.4838959914764, -18.365715627882913, 

1.375687804463833, 0.0004140524701786081, 20.0, -18.107069012179302, 20.390179769965368, -17.107069012179302, 

0.18807826539857736, 0.00037053355497673496, 20.0, -19.964256032529686, 23.283430905876006, -18.964256032529686, 

0.66517540201185, 0.0, 20.0, -19.557541684558373, 21.781756707394226, -18.557541684558373, 

0.036234397496663864, 0, 20.0, -19.998687068438052, 23.85637534157529, -18.998687068438052, 

1.8171541246186749, 0.0005084853665712903, 20.0, -16.697442402014765, 20.033941099510535, -15.697442402014765, 

1.7020685779112177, 0.009649013669118266, 20.0, -17.093313542418166, 20.098412145936962, -16.093313542418166, 

1.7480498127798965, 0.0004276082334124017, 20.0, -16.943894243806756, 20.063906505073657, -15.943894243806756, 

1.4264771590954077, 0.0, 20.0, -17.965162914579096, 20.328928449039275, -16.965162914579096, 

1.1934507006388797, 1.918567355472557e-05, 20.0, -18.575656239471012, 20.65054095797347, -17.575656239471012, 

0.9636172291928526, 0.0, 20.0, -19.07144183560269, 21.0740892476259, -18.07144183560269, 

1.8846660813726481, 0.0010214433580497326, 20.0, -16.447012318365417, 20.01432335614399, -15.447012318365417, 

1.7799663680936728, 0.0, 20.0, -16.83171972845542, 20.04841479916989, -15.83171972845542, 

1.8600287558084947, 1.0487162017129423e-05, 20.0, -16.540282540403485, 20.019602436362536, -15.540282540403487, 

1.2020788649679792, 0.0007160440865147573, 20.0, -18.55429035831078, 20.637394181817303, -17.55429035831078, 

0.539835497739784, 0.0, 20.0, -19.70857763538004, 22.132080373660823, -18.70857763538004, 

1.0031051378912585, 0.0, 20.0, -18.99378008233616, 20.993799366098806, -17.99378008233616, 

1.2702299047317647, 0.00015495735616144455, 20.0, -18.38636103176897, 20.53271934930397, -17.38636103176897, 

1.270853711101257, 0, 20.0, -18.38493084498016, 20.531654310614808, -17.38493084498016, 

0.589135211260198, 0, 20.0, -19.652919702853403, 21.990539452105807, -18.652919702853403, 

0.6174725099266521, 0.0, 20.0, -19.61872769948488, 21.911382260808512, -18.61872769948488, 

0.41720403456152033, 0, 20.0, -19.82594079354559, 22.50524306820833, -18.82594079354559, 

1.5630459500865548, 0.0063901033249748, 20.0, -17.550497254593044, 20.197318945060736, -16.550497254593044, 

0.9226961623433553, 0.0, 20.0, -19.148631791996845, 21.160583558629735, -18.148631791996845, 

0.5190552070810447, 0.0, 20.0, -19.730581692002055, 22.193197479673767, -18.730581692002055, 

1.484061755885571, 0.0010729518301372022, 20.0, -17.7964877528877, 20.267265223570018, -16.7964877528877, 

0.9773103033755016, 36.885975300622746, 20.0, 17.841110729706664, 57.93186951620466, 18.841110729706664, 

2.004677300849639, 34.61796224229433, 20.0, 18.636693322836123, 54.61798411943757, 19.636693322836123, 

12.841296152677184, 0.00012735676882961322, 20.0, 144.8990142375307, 137.53382962682196, 145.8990142375307, 

1.5466948292946148, 5.238646325477214, 20.0, -12.369088779556089, 25.44413190326545, -11.369088779556089, 

0.3680081937833169, 0.0, 20.0, -19.86456996930834, 22.663397255558394, -18.86456996930834, 

4.087114262550081, 0.005054587953858434, 20.0, -3.290442416905851, 24.361100532893825, -2.290442416905851, 

1.1146917433476644, 15.981653449164895, 20.0, -2.7758088681476494, 36.76542415846169, -1.7758088681476494, 

1.7933819272054596, 35.79063418017509, 20.0, 19.006852917002256, 55.83332520818042, 20.006852917002256, 

3.4391805895514103, 0.00016759926926738066, 20.0, -8.171869273183546, 22.07140836861081, -7.171869273183546, 

15.413934191458072, 0.0, 20.0, 217.5893672586002, 199.93363049276792, 218.5893672586002, 

0, 1.5576033811309342, 20.0, -18.442396618869065, 25.557603381130935, -17.442396618869065, 

1.6712692885209226, 25.899500390293348, 20.0, 8.692641425046578, 46.00756427096289, 9.692641425046578, 

0, 26.50322571992432, 20.0, 6.50322571992432, 50.503225719924316, 7.50322571992432, 

0.02087473217548992, 0.0, 20.0, -19.999564245556602, 23.916936825741438, -18.999564245556602, 

0, 28.116120157705737, 20.0, 8.116120157705737, 52.11612015770574, 9.116120157705737, 

2.087503425567995, 26.63337806002852, 20.0, 10.991048611786631, 46.64103490951465, 11.991048611786631, 

0, 8.065492788921141e-06, 20.0, -19.99999193450721, 24.00000806549279, -18.99999193450721, 

1.2959091388172423, 0.0004686447832896228, 20.0, -18.320150859146665, 20.496212585584367, -17.320150859146665, 

1.0591422016852892, 0, 20.0, -18.87821779660924, 20.885213396649604, -17.87821779660924, 

20.50660208165458, 2.1398263896106773, 20.0, 402.66055532493067, 364.63414699831236, 403.66055532493067, 

0.7720919430765337, 0.0006416920276770931, 20.0, -19.403232339408625, 21.50839988828524, -18.403232339408625, 

8.385492144194401, 0.0005058549165619127, 20.0, 50.31698435526259, 60.77501577848498, 51.31698435526259, 

1.7680235557403057, 0, 20.0, -16.874092706347405, 20.053813070691373, -15.874092706347406, 

3.546346271501934, 7.412402309471917, 20.0, -0.01102581313241302, 29.80358910085985, 0.988974186867587, 

0, 17.13638876336846, 20.0, -2.8636112366315416, 41.13638876336846, -1.8636112366315416, 

0.5954829337446423, 0.0041976650020254325, 20.0, -19.64120241061685, 21.976865854404583, -18.64120241061685, 

0.3079883204313192, 0.00036515130363260726, 20.0, -19.90477804317426, 22.86326867510046, -18.90477804317426, 

5.254968782591968, 0.0008720207052362751, 20.0, 7.615568926721348, 30.595693796353473, 8.615568926721348, 

0.19320552987680079, 0, 20.0, -19.962671623225024, 23.264506257267772, -18.962671623225024, 

1.6790711187778453, 1.4011680225887047, 20.0, -15.77955215549741, 21.504163369391208, -14.77955215549741, 

5.371117954650139, 0.8498671146891058, 20.0, 9.6987751974542, 32.21430337885364, 10.6987751974542, 

0.6832316720457963, 15.24976879887655, 20.0, -4.283425683436954, 36.983647628379856, -3.283425683436956, 

0.3442062781651286, 0, 20.0, -19.88152203807171, 22.741652849267776, -18.88152203807171, 

5.957402258127718, 0.000547296667573846, 20.0, 15.491188961812817, 35.661579929301936, 16.491188961812817, 

1.0312542453242712, 0, 20.0, -18.936514681500668, 20.93846833720225, -17.936514681500668, 

1.6052022953580574, 16.92231736446761, 20.0, -0.5010082265096152, 37.078182592058155, 0.4989917734903848, 

1.2907649848254195, 27.265369897205293, 20.0, 8.931444143256659, 47.76838420395498, 9.931444143256659, 

