Generation 2703 at Fri May 24 19:48:23 2019
parameters:
3.8947460476593623, -2.6666175424127747, 2.088043880301392, 
objectives:
10.414385353044057, 3.0114889230093915, 21.191852012960382, 

parameters:
0.051044676920685594, -100.0, 20, 
objectives:
-119.99739444095806, -76.2015731486408, 9981.002605559042, 

parameters:
-0.8112608373709179, -2.1602974737456577, 19.96213503931389, 
objectives:
-21.464288366807782, 25.705025061303665, -13.637105717990256, 

parameters:
-0.09310337269809921, -0.38187417318528993, 20, 
objectives:
-20.37320593517753, 23.999207555614866, -18.84550387784629, 

parameters:
1.9973066371654076, -100, 0, 
objectives:
-96.01076619713501, -99.99999274579665, 10004.989233802866, 

parameters:
3.0374646414919058, -99.62466652712338, 13.54345971211247, 
objectives:
-103.94193479092229, -85.00487393266499, 9921.756912376739, 

parameters:
2.7120398761414486, -95.53616610760545, 0, 
objectives:
-88.18100581782413, -95.02916532238993, 9135.51419482976, 

parameters:
0.5007071847720042, -74.50289949410433, 3.7375155102691733, 
objectives:
-77.9897073194912, -68.51750503804087, 5548.195225203224, 

parameters:
0.17714703616408922, -93.3456371907176, 18.971689241459828, 
objectives:
-112.2859453597557, -71.0511550214924, 8695.467674372043, 

parameters:
1.0810935790233422, -81.50806188405834, 3.4531282468211932, 
objectives:
-83.79242680427403, -77.21054462672501, 6642.279787175267, 

parameters:
0.3796611415253035, -24.297923062200105, 8.803188442953067, 
objectives:
-32.95696892276887, -12.869236602963957, 582.730019276027, 

parameters:
2.879385093022734, 0.9037450034457635, 2.2724232093256735, 
objectives:
6.922180308041629, 3.9494863546020396, 7.835190335849049, 

parameters:
-0.6776272035572563, -87.4962800630268, 5.335168717847402, 
objectives:
-92.37227015387339, -74.99142390394954, 7651.723034776775, 

parameters:
1.7290810650196242, -4.924334688669038, 2.3995202793854293, 
objectives:
-4.33413363864507, -2.451417339952708, 25.83927317605316, 

parameters:
0.36536649376232644, -29.241413456993655, 20.0, 
objectives:
-49.10792078222948, -6.569386757278785, 836.1937536376138, 

parameters:
0.556734026682937, -90.76593286850607, 8.303460421162153, 
objectives:
-98.75944051320162, -80.37945577760907, 8231.461061845454, 

parameters:
-0.4575320657478974, -59.201464019224616, 9.081735399269416, 
objectives:
-68.0738638273065, -44.08026476577608, 3496.940942211465, 

parameters:
1.983307042907647, -71.14503213353547, 18.088732041304493, 
objectives:
-85.30025734839289, -53.056021437414486, 5048.4603720669365, 

parameters:
0.518155547119715, 0.39506029175440105, 14.100093520098273, 
objectives:
-13.43654805733294, 16.691016794384744, -12.67553571496627, 

parameters:
-0.7031165268606387, -84.22120464775008, 15.609187820237057, 
objectives:
-99.33601961764258, -61.30517786972591, 7079.096497348309, 

parameters:
3.1916210414922572, -40.16903469900157, 13.773870694580847, 
objectives:
-43.7564605210863, -24.975203297893632, 1610.9639228275075, 

parameters:
1.7742098484576276, -65.72242349581477, 13.912591123824312, 
objectives:
-76.48719403327503, -51.758851179456926, 4309.672179625764, 

parameters:
-0.8355623408852363, -55.81034999123036, 10.33148725084013, 
objectives:
-65.44367281656487, -37.43844895134367, 3106.1618433182925, 

parameters:
3.587138916485521, -67.77888808587916, 1.0187243015943492, 
objectives:
-55.93004678130859, -64.24115384406198, 4606.826511462703, 

parameters:
0.47975626374977187, -63.31363190244751, 1.750441722600995, 
objectives:
-64.83390755244136, -59.252049162238464, 4008.0957090286256, 

parameters:
0.5467440051833677, -35.37379297169559, 7.232508306941211, 
objectives:
-42.307372271432854, -26.029331678283903, 1245.3716499046434, 

parameters:
-0.5943470648128428, -44.094607286321214, 19.134912027348854, 
objectives:
-62.87627088021843, -18.229058566269345, 1926.5527281409945, 

parameters:
0.21943496697645154, -6.119345054262503, 20.0, 
objectives:
-26.071193349530546, 17.051066782563648, 18.494535597858913, 

parameters:
-0.8040548540013854, -11.167068742992583, 0, 
objectives:
-10.520564534749393, -3.3043451187438526, 126.34992851896514, 

parameters:
3.359186566015328, -51.866669666598945, 2.19722926645898, 
objectives:
-42.779764547760074, -47.82205227890342, 2700.2383274229337, 

parameters:
-0.3887059537782634, -46.20592453953352, 10.196702283301379, 
objectives:
-56.25153450433223, -30.30330612261642, 2125.9418525882675, 

parameters:
0.9726325341656842, -49.85557194087521, 9.431588709616085, 
objectives:
-58.34114660397373, -39.3684993214043, 2478.092478888685, 

parameters:
1.658312696816001, -34.54580090274537, 19.577304973046036, 
objectives:
-51.373104875370245, -14.85174571654218, 1177.585056039498, 

parameters:
0.7122044924271802, -19.923899092256917, 3.072209882951142, 
objectives:
-22.488873736174604, -15.193271939981038, 395.3967803945183, 

parameters:
-1.3523069531393386, -58.93073227546515, 6.280697726705819, 
objectives:
-63.382695906661965, -41.412072640692976, 3469.3792428913525, 

parameters:
1.2232239690595552, -45.45373390595814, 16.19614413699432, 
objectives:
-60.15360116447064, -28.65420876672023, 2052.3420587351357, 

