Generation 2707 at Fri May 24 19:48:23 2019
parameters:
3.8947460476593623, -2.6666175424127747, 2.088043880301392, 
objectives:
10.414385353044057, 3.0114889230093915, 21.191852012960382, 

parameters:
0.051044676920685594, -100.0, 20, 
objectives:
-119.99739444095806, -76.2015731486408, 9981.002605559042, 

parameters:
-0.8112608373709179, -2.1602974737456577, 19.96213503931389, 
objectives:
-21.464288366807782, 25.705025061303665, -13.637105717990256, 

parameters:
-0.09310337269809921, -0.38187417318528993, 20, 
objectives:
-20.37320593517753, 23.999207555614866, -18.84550387784629, 

parameters:
1.9973066371654076, -100, 0, 
objectives:
-96.01076619713501, -99.99999274579665, 10004.989233802866, 

parameters:
0.17714703616408922, -93.3456371907176, 18.971689241459828, 
objectives:
-112.2859453597557, -71.0511550214924, 8695.467674372043, 

parameters:
2.9570586354388433, -79.96524947053904, 4.3106041470188385, 
objectives:
-75.53165784413444, -74.73868409185214, 6399.874714511948, 

parameters:
3.359186566015328, -51.866669666598945, 2.19722926645898, 
objectives:
-42.779764547760074, -47.82205227890342, 2700.2383274229337, 

parameters:
2.7120398761414486, -95.53616610760545, 0, 
objectives:
-88.18100581782413, -95.02916532238993, 9135.51419482976, 

parameters:
1.8421665181955034, -62.6611895327866, 19.56419585596347, 
objectives:
-78.83180790798953, -43.0720822688446, 3911.254055288602, 

parameters:
-0.5943470648128428, -44.094607286321214, 19.134912027348854, 
objectives:
-62.87627088021843, -18.229058566269345, 1926.5527281409945, 

parameters:
1.0507448221136773, -98.01729005318329, 5.279936818798878, 
objectives:
-102.19316219078345, -91.83626784164042, 9604.213277232262, 

parameters:
1.983307042907647, -71.14503213353547, 18.088732041304493, 
objectives:
-85.30025734839289, -53.056021437414486, 5048.4603720669365, 

parameters:
0.5007071847720042, -74.50289949410433, 3.7375155102691733, 
objectives:
-77.9897073194912, -68.51750503804087, 5548.195225203224, 

parameters:
0.36536649376232644, -29.241413456993655, 20.0, 
objectives:
-49.10792078222948, -6.569386757278785, 836.1937536376138, 

parameters:
1.7290810650196242, -4.924334688669038, 2.3995202793854293, 
objectives:
-4.33413363864507, -2.451417339952708, 25.83927317605316, 

parameters:
0.556734026682937, -90.76593286850607, 8.303460421162153, 
objectives:
-98.75944051320162, -80.37945577760907, 8231.461061845454, 

parameters:
3.0374646414919058, -99.62466652712338, 13.54345971211247, 
objectives:
-103.94193479092229, -85.00487393266499, 9921.756912376739, 

parameters:
-0.6776272035572563, -87.4962800630268, 5.335168717847402, 
objectives:
-92.37227015387339, -74.99142390394954, 7651.723034776775, 

parameters:
0.18308984841248988, -33.24479378475987, 6.858095053641571, 
objectives:
-40.06936694580973, -23.08553623217655, 1099.3917406301587, 

parameters:
0.3796611415253035, -24.297923062200105, 8.803188442953067, 
objectives:
-32.95696892276887, -12.869236602963957, 582.730019276027, 

parameters:
3.587138916485521, -67.77888808587916, 1.0187243015943492, 
objectives:
-55.93004678130859, -64.24115384406198, 4606.826511462703, 

parameters:
1.642396504342081, -6.606774432282258, 13.802017505266306, 
objectives:
-17.711325660073477, 7.323123333090812, 33.54491717126733, 

parameters:
-1.0498685327455335, -45.633641250959286, 8.531542963431898, 
objectives:
-53.062960278341926, -27.800400220495995, 2075.99989479387, 

parameters:
0.46976392985349547, -59.22248932002624, 1.4445751877796909, 
objectives:
-60.446386358014536, -55.43629170186913, 3507.0793442226336, 

parameters:
2.879385093022734, 0.9037450034457635, 2.2724232093256735, 
objectives:
6.922180308041629, 3.9494863546020396, 7.835190335849049, 

parameters:
-0.8040548540013854, -11.167068742992583, 0, 
objectives:
-10.520564534749393, -3.3043451187438526, 126.34992851896514, 

parameters:
0.21943496697645154, -6.119345054262503, 20.0, 
objectives:
-26.071193349530546, 17.051066782563648, 18.494535597858913, 

parameters:
-0.8746120677287713, -57.53442377690387, 14.76807270472387, 
objectives:
-71.53755021261094, -34.50295653224812, 3297.2067929046543, 

parameters:
-0.17739031432090402, -11.928777526839447, 20, 
objectives:
-31.897310203224578, 12.812251054059038, 123.32720060844468, 

parameters:
-0.4575320657478974, -59.201464019224616, 9.081735399269416, 
objectives:
-68.0738638273065, -44.08026476577608, 3496.940942211465, 

parameters:
-2.518022324119704, -69.33366179763911, 17.64540810791674, 
objectives:
-80.63863348079066, -31.27572796847836, 4796.85168658625, 

parameters:
3.7127341812462626, -53.203725734393466, 17.40797785102284, 
objectives:
-56.82730848482194, -32.86228950776132, 2828.0128492701333, 

parameters:
2.0179552914812375, -83.7646417109099, 0.457156270274218, 
objectives:
-80.14965442276699, -83.30716304814351, 7021.13018824525, 

parameters:
0.5747009676611432, -44.97965722908938, 7.909247658719727, 
objectives:
-52.55862368557846, -35.03893223878357, 2016.5905979898837, 

parameters:
-2.101558226916463, -16.437406889144697, 20, 
objectives:
-32.02085990802443, 20.385372999641426, 255.60489222042185, 

parameters:
-0.7031165268606387, -84.22120464775008, 15.609187820237057, 
objectives:
-99.33601961764258, -61.30517786972591, 7079.096497348309, 

parameters:
1.506776356825883, -84.4541800252945, 16.732120061921883, 
objectives:
-98.9159250977269, -67.47879040118667, 7119.04677867242, 

parameters:
2.7157719370389835, -31.228226591656927, 13.433499652970578, 
objectives:
-37.28630903061904, -17.28239747283381, 970.1440536209068, 

parameters:
1.300242719911146, -30.758073134753168, 6.537582463638229, 
objectives:
-35.60502446770946, -23.730830420077588, 942.2121116298682, 

