Generation 2711 at Fri May 24 19:48:23 2019
parameters:
3.8947460476593623, -2.6666175424127747, 2.088043880301392, 
objectives:
10.414385353044057, 3.0114889230093915, 21.191852012960382, 

parameters:
0.051044676920685594, -100.0, 20, 
objectives:
-119.99739444095806, -76.2015731486408, 9981.002605559042, 

parameters:
-0.09310337269809921, -0.38187417318528993, 20, 
objectives:
-20.37320593517753, 23.999207555614866, -18.84550387784629, 

parameters:
1.9973066371654076, -100, 0, 
objectives:
-96.01076619713501, -99.99999274579665, 10004.989233802866, 

parameters:
-1.0498685327455335, -45.633641250959286, 8.531542963431898, 
objectives:
-53.062960278341926, -27.800400220495995, 2075.99989479387, 

parameters:
-0.40963578658528244, -62.900878133364955, 20, 
objectives:
-82.7330766557136, -37.09453350937248, 3937.688271426081, 

parameters:
0.3796611415253035, -24.297923062200105, 8.803188442953067, 
objectives:
-32.95696892276887, -12.869236602963957, 582.730019276027, 

parameters:
3.359186566015328, -51.866669666598945, 2.19722926645898, 
objectives:
-42.779764547760074, -47.82205227890342, 2700.2383274229337, 

parameters:
1.7290810650196242, -4.924334688669038, 2.3995202793854293, 
objectives:
-4.33413363864507, -2.451417339952708, 25.83927317605316, 

parameters:
-0.6755589744503494, -83.97742859244427, 8.410554304670793, 
objectives:
-91.93160296915465, -68.40825846201167, 7045.254338622366, 

parameters:
0.17714703616408922, -93.3456371907176, 18.971689241459828, 
objectives:
-112.2859453597557, -71.0511550214924, 8695.467674372043, 

parameters:
0.556734026682937, -90.76593286850607, 8.303460421162153, 
objectives:
-98.75944051320162, -80.37945577760907, 8231.461061845454, 

parameters:
0.36536649376232644, -29.241413456993655, 20.0, 
objectives:
-49.10792078222948, -6.569386757278785, 836.1937536376138, 

parameters:
-0.6776272035572563, -87.4962800630268, 5.335168717847402, 
objectives:
-92.37227015387339, -74.99142390394954, 7651.723034776775, 

parameters:
1.0507448221136773, -98.01729005318329, 5.279936818798878, 
objectives:
-102.19316219078345, -91.83626784164042, 9604.213277232262, 

parameters:
-0.6028628026372465, -12.949100901475717, 15.655411013869445, 
objectives:
-28.241068356541525, 9.48120488174635, 153.3872467015334, 

parameters:
3.0374646414919058, -99.62466652712338, 13.54345971211247, 
objectives:
-103.94193479092229, -85.00487393266499, 9921.756912376739, 

parameters:
2.7120398761414486, -95.53616610760545, 0, 
objectives:
-88.18100581782413, -95.02916532238993, 9135.51419482976, 

parameters:
3.587138916485521, -67.77888808587916, 1.0187243015943492, 
objectives:
-55.93004678130859, -64.24115384406198, 4606.826511462703, 

parameters:
1.9815721287873376, -14.182462760143295, 3.5839523752507474, 
objectives:
-13.839787033807262, -10.598170798455117, 202.4849256691874, 

parameters:
0.17716626833418414, -51.628128119951676, 13.942084847036494, 
objectives:
-65.53882508035271, -34.36332045961646, 2652.552916209744, 

parameters:
1.5783708929769518, -39.0424005577397, 7.74038162985485, 
objectives:
-44.29152751179769, -31.124247823995795, 1520.059914356935, 

parameters:
-0.8098505521454731, -72.36247432154978, 2.8437595610076682, 
objectives:
-74.55037596574712, -61.62345463514989, 5235.139788292755, 

parameters:
0.6320805610638194, -78.5163221803186, 7.945932815032557, 
objectives:
-86.06272915967641, -68.69918577386656, 6158.266441744232, 

parameters:
2.880938244703293, -98.98049298294339, 20.0, 
objectives:
-110.68068781314929, -78.20444079196247, 9786.437796316299, 

parameters:
0.21943496697645154, -6.119345054262503, 20.0, 
objectives:
-26.071193349530546, 17.051066782563648, 18.494535597858913, 

parameters:
-1.1495115940191498, -56.736876753049245, 14.572317205706218, 
objectives:
-69.98781705397101, -32.24513626648198, 3206.8222433897777, 

parameters:
3.872182629774331, -69.4704560584535, 3.148918025705889, 
objectives:
-57.625575765833325, -62.81647023351888, 4838.989145262138, 

parameters:
0.5007071847720042, -74.50289949410433, 3.7375155102691733, 
objectives:
-77.9897073194912, -68.51750503804087, 5548.195225203224, 

parameters:
-0.8746120677287713, -57.53442377690387, 14.76807270472387, 
objectives:
-71.53755021261094, -34.50295653224812, 3297.2067929046543, 

parameters:
-0.7028381703160869, -76.79496713468725, 0.45801611739214726, 
objectives:
-76.75900175842614, -69.03161684237749, 5898.502942593957, 

parameters:
-1.2798715518822987, -69.60210673210044, 3.6452724455265275, 
objectives:
-71.60930798830937, -55.19927688972711, 4843.446060290493, 

parameters:
3.139994385884287, -35.56773044366197, 1.079100097007914, 
objectives:
-26.787265797285045, -33.18904314680636, 1274.8439135593756, 

parameters:
1.0647892374899683, -70.4937067473656, 19.057981185700836, 
objectives:
-88.41791181279197, -50.561106391350165, 4952.438485918152, 

parameters:
1.983307042907647, -71.14503213353547, 18.088732041304493, 
objectives:
-85.30025734839289, -53.056021437414486, 5048.4603720669365, 

parameters:
-0.017195886224344648, -1.482609911262312, 20, 
objectives:
-21.48231421275927, 22.58646933213811, -16.80157215252372, 

parameters:
-2.25745540237194, -20.36513761995113, 1.0054117803354452, 
objectives:
-16.27444450658832, -1.2337993364296636, 419.82952339291165, 

parameters:
-1.9126302840486094, -22.231522391274325, 5.824817931269768, 
objectives:
-24.398185719084232, -1.0980287203502535, 493.0739245059218, 

