Generation 2712 at Fri May 24 19:48:23 2019
parameters:
3.8947460476593623, -2.6666175424127747, 2.088043880301392, 
objectives:
10.414385353044057, 3.0114889230093915, 21.191852012960382, 

parameters:
0.051044676920685594, -100.0, 20, 
objectives:
-119.99739444095806, -76.2015731486408, 9981.002605559042, 

parameters:
-0.09310337269809921, -0.38187417318528993, 20, 
objectives:
-20.37320593517753, 23.999207555614866, -18.84550387784629, 

parameters:
1.9973066371654076, -100, 0, 
objectives:
-96.01076619713501, -99.99999274579665, 10004.989233802866, 

parameters:
-1.0498685327455335, -45.633641250959286, 8.531542963431898, 
objectives:
-53.062960278341926, -27.800400220495995, 2075.99989479387, 

parameters:
1.7290810650196242, -4.924334688669038, 2.3995202793854293, 
objectives:
-4.33413363864507, -2.451417339952708, 25.83927317605316, 

parameters:
3.359186566015328, -51.866669666598945, 2.19722926645898, 
objectives:
-42.779764547760074, -47.82205227890342, 2700.2383274229337, 

parameters:
1.8774876417021749, -28.326992918474417, 11.440655278638259, 
objectives:
-36.24268835236828, -16.871328361900467, 795.502832369406, 

parameters:
0.17714703616408922, -93.3456371907176, 18.971689241459828, 
objectives:
-112.2859453597557, -71.0511550214924, 8695.467674372043, 

parameters:
0.6320805610638194, -78.5163221803186, 7.945932815032557, 
objectives:
-86.06272915967641, -68.69918577386656, 6158.266441744232, 

parameters:
1.5783708929769518, -39.0424005577397, 7.74038162985485, 
objectives:
-44.29152751179769, -31.124247823995795, 1520.059914356935, 

parameters:
0.36536649376232644, -29.241413456993655, 20.0, 
objectives:
-49.10792078222948, -6.569386757278785, 836.1937536376138, 

parameters:
-0.8098505521454731, -72.36247432154978, 2.8437595610076682, 
objectives:
-74.55037596574712, -61.62345463514989, 5235.139788292755, 

parameters:
2.7120398761414486, -95.53616610760545, 0, 
objectives:
-88.18100581782413, -95.02916532238993, 9135.51419482976, 

parameters:
-0.40963578658528244, -62.900878133364955, 20, 
objectives:
-82.7330766557136, -37.09453350937248, 3937.688271426081, 

parameters:
-0.6755589744503494, -83.97742859244427, 8.410554304670793, 
objectives:
-91.93160296915465, -68.40825846201167, 7045.254338622366, 

parameters:
1.0507448221136773, -98.01729005318329, 5.279936818798878, 
objectives:
-102.19316219078345, -91.83626784164042, 9604.213277232262, 

parameters:
0.21943496697645154, -6.119345054262503, 20.0, 
objectives:
-26.071193349530546, 17.051066782563648, 18.494535597858913, 

parameters:
1.9815721287873376, -14.182462760143295, 3.5839523752507474, 
objectives:
-13.839787033807262, -10.598170798455117, 202.4849256691874, 

parameters:
3.0374646414919058, -99.62466652712338, 13.54345971211247, 
objectives:
-103.94193479092229, -85.00487393266499, 9921.756912376739, 

parameters:
0.17716626833418414, -51.628128119951676, 13.942084847036494, 
objectives:
-65.53882508035271, -34.36332045961646, 2652.552916209744, 

parameters:
-0.6776272035572563, -87.4962800630268, 5.335168717847402, 
objectives:
-92.37227015387339, -74.99142390394954, 7651.723034776775, 

parameters:
0.3796611415253035, -24.297923062200105, 8.803188442953067, 
objectives:
-32.95696892276887, -12.869236602963957, 582.730019276027, 

parameters:
-0.6028628026372465, -12.949100901475717, 15.655411013869445, 
objectives:
-28.241068356541525, 9.48120488174635, 153.3872467015334, 

parameters:
0.556734026682937, -90.76593286850607, 8.303460421162153, 
objectives:
-98.75944051320162, -80.37945577760907, 8231.461061845454, 

parameters:
3.872182629774331, -69.4704560584535, 3.148918025705889, 
objectives:
-57.625575765833325, -62.81647023351888, 4838.989145262138, 

parameters:
-2.4724140893384736, -18.603788153185118, 5.8823735962895665, 
objectives:
-18.37333032031529, 7.281073229617734, 347.33139148146074, 

parameters:
-1.5853319048288985, -65.52214423511285, 13.98323554920399, 
objectives:
-76.9921025358484, -38.68430381812484, 4282.681426866196, 

parameters:
-3.2527922334850423, -89.77652845307989, 19.25245129811441, 
objectives:
-98.44832243697368, -42.932250906804704, 8052.15326710277, 

parameters:
0.5007071847720042, -74.50289949410433, 3.7375155102691733, 
objectives:
-77.9897073194912, -68.51750503804087, 5548.195225203224, 

parameters:
3.587138916485521, -67.77888808587916, 1.0187243015943492, 
objectives:
-55.93004678130859, -64.24115384406198, 4606.826511462703, 

parameters:
-1.1495115940191498, -56.736876753049245, 14.572317205706218, 
objectives:
-69.98781705397101, -32.24513626648198, 3206.8222433897777, 

parameters:
-0.8746120677287713, -57.53442377690387, 14.76807270472387, 
objectives:
-71.53755021261094, -34.50295653224812, 3297.2067929046543, 

parameters:
2.880938244703293, -98.98049298294339, 20.0, 
objectives:
-110.68068781314929, -78.20444079196247, 9786.437796316299, 

parameters:
-0.34347691564475713, -71.73387546777195, 20.0, 
objectives:
-91.61589907619111, -46.241991413612084, 5126.866866017395, 

