Generation 2716 at Fri May 24 19:48:23 2019
parameters:
3.8947460476593623, -2.6666175424127747, 2.088043880301392, 
objectives:
10.414385353044057, 3.0114889230093915, 21.191852012960382, 

parameters:
0.051044676920685594, -100.0, 20, 
objectives:
-119.99739444095806, -76.2015731486408, 9981.002605559042, 

parameters:
-0.09310337269809921, -0.38187417318528993, 20, 
objectives:
-20.37320593517753, 23.999207555614866, -18.84550387784629, 

parameters:
1.9973066371654076, -100, 0, 
objectives:
-96.01076619713501, -99.99999274579665, 10004.989233802866, 

parameters:
-0.6028628026372465, -12.949100901475717, 15.655411013869445, 
objectives:
-28.241068356541525, 9.48120488174635, 153.3872467015334, 

parameters:
1.5783708929769518, -39.0424005577397, 7.74038162985485, 
objectives:
-44.29152751179769, -31.124247823995795, 1520.059914356935, 

parameters:
3.4803571647174047, -53.95127908379406, 5.59712499316913, 
objectives:
-47.435518082963426, -46.16269675549478, 2918.2562757782657, 

parameters:
1.9815721287873376, -14.182462760143295, 3.5839523752507474, 
objectives:
-13.839787033807262, -10.598170798455117, 202.4849256691874, 

parameters:
-2.2486209800733192, -44.68947354757968, 6.804747035098571, 
objectives:
-46.43792427065236, -19.833946280161936, 1996.4005952367513, 

parameters:
1.7290810650196242, -4.924334688669038, 2.3995202793854293, 
objectives:
-4.33413363864507, -2.451417339952708, 25.83927317605316, 

parameters:
0.1242828711227999, -33.692077011031344, 15.82128486011281, 
objectives:
-49.497915639089626, -14.352477403355207, 1120.3502146892083, 

parameters:
2.7120398761414486, -95.53616610760545, 0, 
objectives:
-88.18100581782413, -95.02916532238993, 9135.51419482976, 

parameters:
0.9614281305193022, -23.279359938204447, 20, 
objectives:
-42.3550158880506, -2.200728410127816, 523.852943182632, 

parameters:
-3.2527922334850423, -89.77652845307989, 19.25245129811441, 
objectives:
-98.44832243697368, -42.932250906804704, 8052.15326710277, 

parameters:
1.0507448221136773, -98.01729005318329, 5.279936818798878, 
objectives:
-102.19316219078345, -91.83626784164042, 9604.213277232262, 

parameters:
3.0374646414919058, -99.62466652712338, 13.54345971211247, 
objectives:
-103.94193479092229, -85.00487393266499, 9921.756912376739, 

parameters:
-1.8012044433736794, -68.68260718713995, 2.1207468001728245, 
objectives:
-67.55901654048368, -52.11270516664332, 4719.424120669625, 

parameters:
0.17714703616408922, -93.3456371907176, 18.971689241459828, 
objectives:
-112.2859453597557, -71.0511550214924, 8695.467674372043, 

parameters:
0.21943496697645154, -6.119345054262503, 20.0, 
objectives:
-26.071193349530546, 17.051066782563648, 18.494535597858913, 

parameters:
-0.40963578658528244, -62.900878133364955, 20, 
objectives:
-82.7330766557136, -37.09453350937248, 3937.688271426081, 

parameters:
-0.6755589744503494, -83.97742859244427, 8.410554304670793, 
objectives:
-91.93160296915465, -68.40825846201167, 7045.254338622366, 

parameters:
0.556734026682937, -90.76593286850607, 8.303460421162153, 
objectives:
-98.75944051320162, -80.37945577760907, 8231.461061845454, 

parameters:
-0.8098505521454731, -72.36247432154978, 2.8437595610076682, 
objectives:
-74.55037596574712, -61.62345463514989, 5235.139788292755, 

parameters:
-1.1939094831499855, -92.95686848317449, 19.33635789911482, 
objectives:
-110.86780652833384, -63.41945279750426, 8624.068460153037, 

parameters:
0.17716626833418414, -51.628128119951676, 13.942084847036494, 
objectives:
-65.53882508035271, -34.36332045961646, 2652.552916209744, 

parameters:
-1.5853319048288985, -65.52214423511285, 13.98323554920399, 
objectives:
-76.9921025358484, -38.68430381812484, 4282.681426866196, 

parameters:
-0.31659563194171836, -74.92692661341232, 9.460808336983883, 
objectives:
-84.28750215623162, -60.09950295449699, 5605.683756188856, 

parameters:
2.722652264823952, -82.925750867193, 20.0, 
objectives:
-95.51291551204201, -62.40352457133781, 6865.092992242912, 

parameters:
-1.1569505047043551, -64.47909085490141, 0.14861636131930023, 
objectives:
-63.289172745885054, -54.36413800442904, 4159.743075583648, 

parameters:
0.32161121862437314, -47.35427665006699, 7.0564432674897635, 
objectives:
-54.3072861416117, -37.48084448112967, 2236.4745075595356, 

parameters:
0.6320805610638194, -78.5163221803186, 7.945932815032557, 
objectives:
-86.06272915967641, -68.69918577386656, 6158.266441744232, 

parameters:
-2.4934758344790846, -46.60532050241791, 20, 
objectives:
-60.38789876528674, -6.413995427370402, 2159.2733208702266, 

parameters:
1.2434351616258876, -25.15986222659271, 19.601157538151213, 
objectives:
-43.214888763576326, -4.98631433377745, 615.9636407241431, 

parameters:
0.795152555497064, -77.8436522660574, 8.150478957033673, 
objectives:
-85.36186363657757, -68.24151594449847, 6053.115986748344, 

parameters:
0.3515215073098057, -75.95067752940045, 4.696404885013441, 
objectives:
-80.52351504431253, -68.53679130352488, 5764.932579660062, 

parameters:
3.066122311498861, -69.85019959570732, 15.36231769585056, 
objectives:
-75.81141126248677, -53.35126511678108, 4874.089171893372, 

parameters:
3.872182629774331, -69.4704560584535, 3.148918025705889, 
objectives:
-57.625575765833325, -62.81647023351888, 4838.989145262138, 

