Generation 2719 at Fri May 24 19:48:23 2019
parameters:
3.8947460476593623, -2.6666175424127747, 2.088043880301392, 
objectives:
10.414385353044057, 3.0114889230093915, 21.191852012960382, 

parameters:
0.051044676920685594, -100.0, 20, 
objectives:
-119.99739444095806, -76.2015731486408, 9981.002605559042, 

parameters:
-0.09310337269809921, -0.38187417318528993, 20, 
objectives:
-20.37320593517753, 23.999207555614866, -18.84550387784629, 

parameters:
1.9973066371654076, -100, 0, 
objectives:
-96.01076619713501, -99.99999274579665, 10004.989233802866, 

parameters:
-1.318100625576975, -0.17332134263331866, 0.5535152296927182, 
objectives:
1.0105526868203758, 11.389985648513711, 2.213914317265911, 

parameters:
2.7120398761414486, -95.53616610760545, 0, 
objectives:
-88.18100581782413, -95.02916532238993, 9135.51419482976, 

parameters:
0.17714703616408922, -93.3456371907176, 18.971689241459828, 
objectives:
-112.2859453597557, -71.0511550214924, 8695.467674372043, 

parameters:
1.1383810219244372, -31.0994020180279, 1.6134627795912506, 
objectives:
-31.416953446541424, -28.74355197505667, 967.8552544504042, 

parameters:
-0.31659563194171836, -74.92692661341232, 9.460808336983883, 
objectives:
-84.28750215623162, -60.09950295449699, 5605.683756188856, 

parameters:
0.9614281305193022, -23.279359938204447, 20, 
objectives:
-42.3550158880506, -2.200728410127816, 523.852943182632, 

parameters:
1.8060179732268866, -52.85388686348536, 7.990434629492847, 
objectives:
-57.582620573359655, -44.82582320728151, 2789.804622868236, 

parameters:
-1.1569505047043551, -64.47909085490141, 0.14861636131930023, 
objectives:
-63.289172745885054, -54.36413800442904, 4159.743075583648, 

parameters:
0.21943496697645154, -6.119345054262503, 20.0, 
objectives:
-26.071193349530546, 17.051066782563648, 18.494535597858913, 

parameters:
-1.546674845590267, -36.37320480324566, 4.570649458062398, 
objectives:
-38.551651183326385, -19.22365288484052, 1321.8315812787728, 

parameters:
2.558752844487352, -78.56416530045878, 0.311512175110549, 
objectives:
-72.32846135639721, -77.94044838412553, 6179.563773301873, 

parameters:
1.9815721287873376, -14.182462760143295, 3.5839523752507474, 
objectives:
-13.839787033807262, -10.598170798455117, 202.4849256691874, 

parameters:
1.5783708929769518, -39.0424005577397, 7.74038162985485, 
objectives:
-44.29152751179769, -31.124247823995795, 1520.059914356935, 

parameters:
3.0374646414919058, -99.62466652712338, 13.54345971211247, 
objectives:
-103.94193479092229, -85.00487393266499, 9921.756912376739, 

parameters:
0.14898219386768966, -56.8294832251148, 11.117009027906517, 
objectives:
-67.92429655893169, -42.28620727858941, 3219.4953502997873, 

parameters:
2.5755018948436534, -10.824443783155587, 9.44885443438275, 
objectives:
-13.640088207195088, -1.0443869178042018, 115.35293879065614, 

parameters:
-2.4099052258611384, -61.184386003147566, 18.627700950751713, 
objectives:
-74.00444375626645, -23.10942095131848, 3731.709032829041, 

parameters:
-1.8012044433736794, -68.68260718713995, 2.1207468001728245, 
objectives:
-67.55901654048368, -52.11270516664332, 4719.424120669625, 

parameters:
1.8978825603580205, -52.311453921656025, 1.0264600140164106, 
objectives:
-49.73595572276132, -51.274565936160585, 2740.063709596436, 

parameters:
1.0507448221136773, -98.01729005318329, 5.279936818798878, 
objectives:
-102.19316219078345, -91.83626784164042, 9604.213277232262, 

parameters:
0.32161121862437314, -47.35427665006699, 7.0564432674897635, 
objectives:
-54.3072861416117, -37.48084448112967, 2236.4745075595356, 

parameters:
-2.2486209800733192, -44.68947354757968, 6.804747035098571, 
objectives:
-46.43792427065236, -19.833946280161936, 1996.4005952367513, 

parameters:
-1.27751859020383, -80.62863680148344, 2.9704233421642137, 
objectives:
-81.96700639533127, -66.91608535018753, 6500.638702871681, 

parameters:
-0.8098505521454731, -72.36247432154978, 2.8437595610076682, 
objectives:
-74.55037596574712, -61.62345463514989, 5235.139788292755, 

parameters:
0.1242828711227999, -33.692077011031344, 15.82128486011281, 
objectives:
-49.497915639089626, -14.352477403355207, 1120.3502146892083, 

parameters:
1.9762313308170387, -85.88374642450523, 13.415379291724939, 
objectives:
-95.3936354433273, -72.46780218314555, 7367.508010889894, 

parameters:
-3.2527922334850423, -89.77652845307989, 19.25245129811441, 
objectives:
-98.44832243697368, -42.932250906804704, 8052.15326710277, 

parameters:
-1.5853319048288985, -65.52214423511285, 13.98323554920399, 
objectives:
-76.9921025358484, -38.68430381812484, 4282.681426866196, 

parameters:
0.556734026682937, -90.76593286850607, 8.303460421162153, 
objectives:
-98.75944051320162, -80.37945577760907, 8231.461061845454, 

parameters:
2.5305893388972045, -82.67335598969927, 2.290763036895139, 
objectives:
-78.56023662445422, -80.10106790625277, 6839.99690996479, 

parameters:
0.1712428058051506, -92.19335726592887, 2.2040593922553953, 
objectives:
-94.36809255964425, -86.64494499835405, 8498.440388669484, 

parameters:
-0.40963578658528244, -62.900878133364955, 20, 
objectives:
-82.7330766557136, -37.09453350937248, 3937.688271426081, 

parameters:
-0.6755589744503494, -83.97742859244427, 8.410554304670793, 
objectives:
-91.93160296915465, -68.40825846201167, 7045.254338622366, 

parameters:
2.646143751326796, -17.29154604278172, 18.585001095109504, 
objectives:
-28.874470385205377, 1.710956799706448, 288.4146402072166, 

parameters:
0.7193032164127672, -92.81700642766393, 0, 
objectives:
-92.29960931052217, -91.17682217617325, 8616.51407931015, 

parameters:
-1.2090298457021245, -85.3925472304249, 11.795036862720217, 
objectives:
-95.7258309253466, -63.29963781709768, 7282.553838805426, 

