Generation 272 at Sat May 25 04:36:27 2019
parameters:
0, 0.0, 20.0, 
objectives:
-20.0, 24.0, -19.0, 

parameters:
0, 0.0, 20.0, 
objectives:
-20.0, 24.0, -19.0, 

parameters:
1.9971487895634539, 0.0, 20.0, 
objectives:
-16.01139671234523, 20.000008129400953, -15.011396712345231, 

parameters:
1.3964124310044426, 0.0, 20.0, 
objectives:
-18.050032322536264, 20.364317953445966, -17.050032322536264, 

parameters:
0.25772765102207995, 0.0, 20.0, 
objectives:
-19.933576457898642, 23.03551293801304, -18.933576457898642, 

parameters:
1.3157048062447312, 0.0, 20.0, 
objectives:
-18.268920862824515, 20.46825991219656, -17.268920862824515, 

parameters:
0.6453704795959218, 0.0, 20.0, 
objectives:
-19.58349694406613, 21.835021137550182, -18.58349694406613, 

parameters:
1.9407187689006815, 0.0, 20.0, 
objectives:
-16.233610660036625, 20.00351426436065, -15.233610660036623, 

parameters:
1.0019681748917115, 0.0, 20.0, 
objectives:
-18.996059776504172, 20.996067523928982, -17.996059776504172, 

parameters:
1.5035271989096877, 0.0, 20.0, 
objectives:
-17.73940596213879, 20.246485242222462, -16.73940596213879, 

parameters:
0.38181634784106144, 0.0, 20.0, 
objectives:
-19.854216276521313, 22.61851833211444, -18.854216276521313, 

parameters:
1.2586338829599308, 0.0, 20.0, 
objectives:
-18.415840748665207, 20.54962371949507, -17.415840748665207, 

parameters:
1.6657183539822604, 0.0, 20.0, 
objectives:
-17.225382365206627, 20.11174421886433, -16.225382365206627, 

parameters:
1.5731818860782578, 0.0, 20.0, 
objectives:
-17.525098753315255, 20.182173702371713, -16.525098753315255, 

parameters:
0.8897703203638402, 0.0, 20.0, 
objectives:
-19.20830877699963, 21.23260994154501, -18.20830877699963, 

parameters:
1.727922016633913, 0.0, 20.0, 
objectives:
-17.01428550443179, 20.074026429032557, -16.01428550443179, 

parameters:
1.089316972658875, 0.0, 20.0, 
objectives:
-18.813388533077305, 20.829343576287197, -17.813388533077305, 

parameters:
0.4319240625481053, 0.0, 20.0, 
objectives:
-19.81344160419194, 22.458862145615637, -18.81344160419194, 

parameters:
0.813162089339344, 0.0, 20.0, 
objectives:
-19.338767416461273, 21.40858422618135, -18.338767416461273, 

parameters:
1.817003369021434, 0.0, 20.0, 
objectives:
-16.69849875696476, 20.033487766949506, -15.698498756964758, 

parameters:
1.7649153315646595, 0.0, 20.0, 
objectives:
-16.885073872408007, 20.055264801333355, -15.885073872408007, 

parameters:
1.6213894837646865, 0.0, 20.0, 
objectives:
-17.371096141937283, 20.14334592300397, -16.371096141937283, 

parameters:
0.7335861606325682, 0.0, 20.0, 
objectives:
-19.46185134492837, 21.60380401254136, -18.46185134492837, 

parameters:
0.09700946193422554, 0.0, 20.0, 
objectives:
-19.990589164295233, 23.621372987967867, -18.990589164295233, 

parameters:
1.1915868981496855, 0.0, 20.0, 
objectives:
-18.58012066415801, 20.653531743243246, -17.58012066415801, 

parameters:
0.5629338357124491, 0.0, 20.0, 
objectives:
-19.683105496610068, 22.065159160540134, -18.683105496610068, 

parameters:
1.8918010986363387, 0.0, 20.0, 
objectives:
-16.421088603198342, 20.011707002256305, -15.421088603198342, 

parameters:
1.5154089448343193, 0.0, 20.0, 
objectives:
-17.703535729916133, 20.234828490746587, -16.703535729916133, 

parameters:
0.5243397798472352, 0.0, 20.0, 
objectives:
-19.72506779526975, 22.177573085341308, -18.72506779526975, 

parameters:
1.1589487704198735, 0.0, 20.0, 
objectives:
-18.656837747542262, 20.70736717077824, -17.656837747542262, 

parameters:
0.1582131521197908, 0.0, 20.0, 
objectives:
-19.97496859849632, 23.392178793024517, -18.97496859849632, 

parameters:
0.7663209178157244, 0.0, 20.0, 
objectives:
-19.412752250918064, 21.521964077819035, -18.412752250918064, 

parameters:
1.1174073973494139, 0.0, 20.0, 
objectives:
-18.75140070834881, 20.778969702253537, -17.75140070834881, 

parameters:
1.8550468217582823, 0.0, 20.0, 
objectives:
-16.558801289084496, 20.021011423882374, -15.558801289084496, 

parameters:
0.9434887679870434, 0.0, 20.0, 
objectives:
-19.10982894468229, 21.116215983369536, -18.10982894468229, 

parameters:
0.9518545469538924, 0.0, 20.0, 
objectives:
-19.0939729214432, 21.09860889074123, -18.0939729214432, 

parameters:
1.8660418401503733, 0.0, 20.0, 
objectives:
-16.517887850808208, 20.0179447885903, -15.517887850808208, 

parameters:
0.15749640030614057, 0.0, 20.0, 
objectives:
-19.97519488389061, 23.39481951488483, -18.97519488389061, 

parameters:
0.5279747880834939, 0.0, 20.0, 
objectives:
-19.72124262314819, 22.166858224517835, -18.72124262314819, 

