Generation 2725 at Fri May 24 19:48:23 2019
parameters:
3.8947460476593623, -2.6666175424127747, 2.088043880301392, 
objectives:
10.414385353044057, 3.0114889230093915, 21.191852012960382, 

parameters:
0.051044676920685594, -100.0, 20, 
objectives:
-119.99739444095806, -76.2015731486408, 9981.002605559042, 

parameters:
-0.09310337269809921, -0.38187417318528993, 20, 
objectives:
-20.37320593517753, 23.999207555614866, -18.84550387784629, 

parameters:
1.9973066371654076, -100, 0, 
objectives:
-96.01076619713501, -99.99999274579665, 10004.989233802866, 

parameters:
2.0634724392911847, 0.4799108995245148, 9.063178902787449, 
objectives:
-4.325349495548622, 9.547118552861537, -3.5749459235907075, 

parameters:
-0.22431442549591152, -12.303328258332698, 0.05555064336024387, 
objectives:
-12.308561940207381, -7.300202951503247, 152.3666525504132, 

parameters:
1.0507448221136773, -98.01729005318329, 5.279936818798878, 
objectives:
-102.19316219078345, -91.83626784164042, 9604.213277232262, 

parameters:
0.17714703616408922, -93.3456371907176, 18.971689241459828, 
objectives:
-112.2859453597557, -71.0511550214924, 8695.467674372043, 

parameters:
-2.2485208520978217, -89.44988209618298, 14.014676323883963, 
objectives:
-98.40871239774822, -57.385276341589005, 7993.32257671947, 

parameters:
-0.8098505521454731, -72.36247432154978, 2.8437595610076682, 
objectives:
-74.55037596574712, -61.62345463514989, 5235.139788292755, 

parameters:
-1.27751859020383, -80.62863680148344, 2.9704233421642137, 
objectives:
-81.96700639533127, -66.91608535018753, 6500.638702871681, 

parameters:
-0.8568644026618215, -40.45880636810087, 15.816633800918462, 
objectives:
-55.541223564470336, -16.480498351986128, 1622.8325955351102, 

parameters:
0.21943496697645154, -6.119345054262503, 20.0, 
objectives:
-26.071193349530546, 17.051066782563648, 18.494535597858913, 

parameters:
-0.18169486858221995, -65.5804759333717, 1.5922964659219385, 
objectives:
-67.13975937402452, -59.22838696785177, 4300.239540206891, 

parameters:
2.7120398761414486, -95.53616610760545, 0, 
objectives:
-88.18100581782413, -95.02916532238993, 9135.51419482976, 

parameters:
-2.2486209800733192, -44.68947354757968, 6.804747035098571, 
objectives:
-46.43792427065236, -19.833946280161936, 1996.4005952367513, 

parameters:
1.9534954509846747, -61.95787038900616, 17.64358982386254, 
objectives:
-75.78531573585089, -44.3121178920645, 3825.950257794042, 

parameters:
-0.13081164049051752, -100, 9.601751568750192, 
objectives:
-109.58463988346237, -85.85789018399993, 9991.415360116536, 

parameters:
1.1383810219244372, -31.0994020180279, 1.6134627795912506, 
objectives:
-31.416953446541424, -28.74355197505667, 967.8552544504042, 

parameters:
0.018494388474101148, -48.81755217225086, 9.616653245849001, 
objectives:
-58.433863375694834, -35.27453443789324, 2374.5370888869907, 

parameters:
1.331819670251512, -28.588683365483696, 6.434687987344918, 
objectives:
-33.24962771875977, -21.70753042507598, 813.6518722186082, 

parameters:
0.6261850704628644, -35.89283870626541, 3.272176808519371, 
objectives:
-38.77290777231419, -30.73329443712691, 1286.4158013279355, 

parameters:
-0.0743598774311085, -86.23382118585263, 1.0169922361349744, 
objectives:
-87.24528403061603, -80.91386004862166, 7436.2604534688435, 

parameters:
2.558752844487352, -78.56416530045878, 0.311512175110549, 
objectives:
-72.32846135639721, -77.94044838412553, 6179.563773301873, 

parameters:
1.8978825603580205, -52.311453921656025, 1.0264600140164106, 
objectives:
-49.73595572276132, -51.274565936160585, 2740.063709596436, 

parameters:
-1.6116756771077743, -54.98449999317908, 1.5784638914980273, 
objectives:
-53.9654653964963, -40.36183490506915, 3025.314274096593, 

parameters:
0.9614281305193022, -23.279359938204447, 20, 
objectives:
-42.3550158880506, -2.200728410127816, 523.852943182632, 

parameters:
1.0319554694361341, -82.89299172133926, 8.224239422231411, 
objectives:
-90.05229905267151, -73.73164208595324, 6865.0887691826865, 

parameters:
2.18472958739276, -21.898364599404754, 20, 
objectives:
-37.125321229375416, -1.8642395789464565, 465.31141549849264, 

parameters:
1.9762313308170387, -85.88374642450523, 13.415379291724939, 
objectives:
-95.3936354433273, -72.46780218314555, 7367.508010889894, 

parameters:
2.68632454030317, -59.41780935436901, 12.688366542013275, 
objectives:
-64.88983636054725, -46.258401437733376, 3526.004041465964, 

parameters:
0.14202615131430507, -56.95877117535987, 4.18462377588538, 
objectives:
-61.123223523588095, -49.32208057707456, 3241.1371614587783, 

parameters:
1.4721606095209783, -75.83893451251333, 16.791725749420692, 
objectives:
-90.46340340170885, -58.76859434095138, 5737.91951910409, 

parameters:
-0.31659563194171836, -74.92692661341232, 9.460808336983883, 
objectives:
-84.28750215623162, -60.09950295449699, 5605.683756188856, 

parameters:
-0.32008740295907295, -60.19815766549284, 1.8793603606565363, 
objectives:
-61.97506208061629, -52.935991747466936, 3623.0412819044113, 

parameters:
1.5897405822848056, -54.02746418769801, 17.723934682745327, 
objectives:
-69.2241237514801, -36.13521671512868, 2904.7702269892084, 

parameters:
1.823033567050656, -100, 0, 
objectives:
-96.67654861340657, -99.96868288160918, 10004.323451386594, 

parameters:
-1.0173466677444862, -54.441867442867974, 16.386389762695256, 
objectives:
-69.79326296319242, -28.951096766823962, 2949.5655351464834, 

