Generation 2728 at Fri May 24 19:48:23 2019
parameters:
3.8947460476593623, -2.6666175424127747, 2.088043880301392, 
objectives:
10.414385353044057, 3.0114889230093915, 21.191852012960382, 

parameters:
0.051044676920685594, -100.0, 20, 
objectives:
-119.99739444095806, -76.2015731486408, 9981.002605559042, 

parameters:
-0.09310337269809921, -0.38187417318528993, 20, 
objectives:
-20.37320593517753, 23.999207555614866, -18.84550387784629, 

parameters:
1.9973066371654076, -100, 0, 
objectives:
-96.01076619713501, -99.99999274579665, 10004.989233802866, 

parameters:
-0.8098505521454731, -72.36247432154978, 2.8437595610076682, 
objectives:
-74.55037596574712, -61.62345463514989, 5235.139788292755, 

parameters:
0.17714703616408922, -93.3456371907176, 18.971689241459828, 
objectives:
-112.2859453597557, -71.0511550214924, 8695.467674372043, 

parameters:
2.0634724392911847, 0.4799108995245148, 9.063178902787449, 
objectives:
-4.325349495548622, 9.547118552861537, -3.5749459235907075, 

parameters:
1.9534954509846747, -61.95787038900616, 17.64358982386254, 
objectives:
-75.78531573585089, -44.3121178920645, 3825.950257794042, 

parameters:
2.558752844487352, -78.56416530045878, 0.311512175110549, 
objectives:
-72.32846135639721, -77.94044838412553, 6179.563773301873, 

parameters:
-0.18169486858221995, -65.5804759333717, 1.5922964659219385, 
objectives:
-67.13975937402452, -59.22838696785177, 4300.239540206891, 

parameters:
0.21943496697645154, -6.119345054262503, 20.0, 
objectives:
-26.071193349530546, 17.051066782563648, 18.494535597858913, 

parameters:
-0.22431442549591152, -12.303328258332698, 0.05555064336024387, 
objectives:
-12.308561940207381, -7.300202951503247, 152.3666525504132, 

parameters:
-2.2485208520978217, -89.44988209618298, 14.014676323883963, 
objectives:
-98.40871239774822, -57.385276341589005, 7993.32257671947, 

parameters:
-1.6116756771077743, -54.98449999317908, 1.5784638914980273, 
objectives:
-53.9654653964963, -40.36183490506915, 3025.314274096593, 

parameters:
0.9614281305193022, -23.279359938204447, 20, 
objectives:
-42.3550158880506, -2.200728410127816, 523.852943182632, 

parameters:
1.8978825603580205, -52.311453921656025, 1.0264600140164106, 
objectives:
-49.73595572276132, -51.274565936160585, 2740.063709596436, 

parameters:
1.0507448221136773, -98.01729005318329, 5.279936818798878, 
objectives:
-102.19316219078345, -91.83626784164042, 9604.213277232262, 

parameters:
1.0319554694361341, -82.89299172133926, 8.224239422231411, 
objectives:
-90.05229905267151, -73.73164208595324, 6865.0887691826865, 

parameters:
-1.27751859020383, -80.62863680148344, 2.9704233421642137, 
objectives:
-81.96700639533127, -66.91608535018753, 6500.638702871681, 

parameters:
0.6261850704628644, -35.89283870626541, 3.272176808519371, 
objectives:
-38.77290777231419, -30.73329443712691, 1286.4158013279355, 

parameters:
1.331819670251512, -28.588683365483696, 6.434687987344918, 
objectives:
-33.24962771875977, -21.70753042507598, 813.6518722186082, 

parameters:
-0.8568644026618215, -40.45880636810087, 15.816633800918462, 
objectives:
-55.541223564470336, -16.480498351986128, 1622.8325955351102, 

parameters:
2.792421248963257, -34.30733586021773, 20, 
objectives:
-46.50971942855621, -13.679404424409235, 1165.7909102574426, 

parameters:
0.018494388474101148, -48.81755217225086, 9.616653245849001, 
objectives:
-58.433863375694834, -35.27453443789324, 2374.5370888869907, 

parameters:
2.7120398761414486, -95.53616610760545, 0, 
objectives:
-88.18100581782413, -95.02916532238993, 9135.51419482976, 

parameters:
-0.7303668615153573, -16.124708219453627, 20.0, 
objectives:
-35.591272467053834, 11.330194979007596, 241.53965091491511, 

parameters:
-1.3306432088707107, -54.64513531889545, 15.79052151522793, 
objectives:
-68.66504548480964, -27.761429618870935, 2973.0709038544805, 

parameters:
1.5380958952801689, -84.53490528138688, 0, 
objectives:
-82.16916629830918, -84.32154987942985, 7149.51594991613, 

parameters:
-0.0743598774311085, -86.23382118585263, 1.0169922361349744, 
objectives:
-87.24528403061603, -80.91386004862166, 7436.2604534688435, 

parameters:
-2.2486209800733192, -44.68947354757968, 6.804747035098571, 
objectives:
-46.43792427065236, -19.833946280161936, 1996.4005952367513, 

parameters:
3.939001599291746, -45.85177469136963, 20, 
objectives:
-50.336041092146694, -22.09204748931368, 2098.9009759473474, 

parameters:
0.945263393869879, -62.52534501047771, 0.8064108918372511, 
objectives:
-62.438233018524556, -60.60646481032957, 3910.5058806712223, 

parameters:
-2.7913911454470273, -49.065992980707705, 19.097571118525213, 
objectives:
-60.37169957235285, -7.010992753514312, 2397.1659605912128, 

parameters:
-1.0418154598612468, -86.80417046997009, 10.463536227388193, 
objectives:
-96.18232724495238, -67.087992950731, 7526.585854204644, 

parameters:
2.089008570723642, -99.12142165375697, 3.714049679441989, 
objectives:
-98.47151452464212, -95.39944944865272, 9826.706137790996, 

parameters:
-0.3143217605593793, -100, 6.392037549004234, 
objectives:
-106.29323937984309, -88.2518772395971, 9994.706760620158, 

parameters:
-0.13081164049051752, -100, 9.601751568750192, 
objectives:
-109.58463988346237, -85.85789018399993, 9991.415360116536, 

