Generation 2729 at Fri May 24 19:48:23 2019
parameters:
0.051044676920685594, -100.0, 20, 
objectives:
-119.99739444095806, -76.2015731486408, 9981.002605559042, 

parameters:
3.8947460476593623, -2.6666175424127747, 2.088043880301392, 
objectives:
10.414385353044057, 3.0114889230093915, 21.191852012960382, 

parameters:
-0.09310337269809921, -0.38187417318528993, 20, 
objectives:
-20.37320593517753, 23.999207555614866, -18.84550387784629, 

parameters:
1.9973066371654076, -100, 0, 
objectives:
-96.01076619713501, -99.99999274579665, 10004.989233802866, 

parameters:
1.9534954509846747, -61.95787038900616, 17.64358982386254, 
objectives:
-75.78531573585089, -44.3121178920645, 3825.950257794042, 

parameters:
0.17714703616408922, -93.3456371907176, 18.971689241459828, 
objectives:
-112.2859453597557, -71.0511550214924, 8695.467674372043, 

parameters:
-2.2485208520978217, -89.44988209618298, 14.014676323883963, 
objectives:
-98.40871239774822, -57.385276341589005, 7993.32257671947, 

parameters:
2.0634724392911847, 0.4799108995245148, 9.063178902787449, 
objectives:
-4.325349495548622, 9.547118552861537, -3.5749459235907075, 

parameters:
0.21943496697645154, -6.119345054262503, 20.0, 
objectives:
-26.071193349530546, 17.051066782563648, 18.494535597858913, 

parameters:
1.8978825603580205, -52.311453921656025, 1.0264600140164106, 
objectives:
-49.73595572276132, -51.274565936160585, 2740.063709596436, 

parameters:
0.018494388474101148, -48.81755217225086, 9.616653245849001, 
objectives:
-58.433863375694834, -35.27453443789324, 2374.5370888869907, 

parameters:
2.1834066496777327, -68.84633611662741, 2.535764821850064, 
objectives:
-66.61483634062054, -66.27693329563134, 4743.049496459644, 

parameters:
-1.6116756771077743, -54.98449999317908, 1.5784638914980273, 
objectives:
-53.9654653964963, -40.36183490506915, 3025.314274096593, 

parameters:
-0.0743598774311085, -86.23382118585263, 1.0169922361349744, 
objectives:
-87.24528403061603, -80.91386004862166, 7436.2604534688435, 

parameters:
3.9658140814773937, -3.8047607183169347, 1.9833019066185824, 
objectives:
9.939618703908867, 2.0429661912364567, 29.2205835458734, 

parameters:
-0.8098505521454731, -72.36247432154978, 2.8437595610076682, 
objectives:
-74.55037596574712, -61.62345463514989, 5235.139788292755, 

parameters:
1.0507448221136773, -98.01729005318329, 5.279936818798878, 
objectives:
-102.19316219078345, -91.83626784164042, 9604.213277232262, 

parameters:
3.124014740364764, -75.9443547031016, 4.424321344775661, 
objectives:
-70.60920794986093, -70.25662422176866, 5773.8801580237505, 

parameters:
1.5380958952801689, -84.53490528138688, 0, 
objectives:
-82.16916629830918, -84.32154987942985, 7149.51594991613, 

parameters:
-1.27751859020383, -80.62863680148344, 2.9704233421642137, 
objectives:
-81.96700639533127, -66.91608535018753, 6500.638702871681, 

parameters:
0.9614281305193022, -23.279359938204447, 20, 
objectives:
-42.3550158880506, -2.200728410127816, 523.852943182632, 

parameters:
3.445612736887676, -94.26795486722379, 0.8231574302937124, 
objectives:
-83.21886516491493, -91.35500125187819, 8898.49640455125, 

parameters:
2.558752844487352, -78.56416530045878, 0.311512175110549, 
objectives:
-72.32846135639721, -77.94044838412553, 6179.563773301873, 

parameters:
-2.2486209800733192, -44.68947354757968, 6.804747035098571, 
objectives:
-46.43792427065236, -19.833946280161936, 1996.4005952367513, 

parameters:
1.331819670251512, -28.588683365483696, 6.434687987344918, 
objectives:
-33.24962771875977, -21.70753042507598, 813.6518722186082, 

parameters:
2.880464844718045, -98.45978781948304, 0, 
objectives:
-90.16271009782649, -97.68456947669867, 9703.626895179277, 

parameters:
-0.7303668615153573, -16.124708219453627, 20.0, 
objectives:
-35.591272467053834, 11.330194979007596, 241.53965091491511, 

parameters:
-0.22431442549591152, -12.303328258332698, 0.05555064336024387, 
objectives:
-12.308561940207381, -7.300202951503247, 152.3666525504132, 

parameters:
2.792421248963257, -34.30733586021773, 20, 
objectives:
-46.50971942855621, -13.679404424409235, 1165.7909102574426, 

parameters:
1.0319554694361341, -82.89299172133926, 8.224239422231411, 
objectives:
-90.05229905267151, -73.73164208595324, 6865.0887691826865, 

parameters:
0.6261850704628644, -35.89283870626541, 3.272176808519371, 
objectives:
-38.77290777231419, -30.73329443712691, 1286.4158013279355, 

parameters:
-0.18169486858221995, -65.5804759333717, 1.5922964659219385, 
objectives:
-67.13975937402452, -59.22838696785177, 4300.239540206891, 

parameters:
2.9745499364123598, -64.43996327658564, 0, 
objectives:
-55.59201595237487, -63.49021569802431, 4162.356814411917, 

parameters:
4.893046347127381, -25.915970414822507, 8.976439010730731, 
objectives:
-10.95050687041663, -8.569814237464692, 687.6029860863614, 

parameters:
2.7120398761414486, -95.53616610760545, 0, 
objectives:
-88.18100581782413, -95.02916532238993, 9135.51419482976, 

parameters:
-0.8568644026618215, -40.45880636810087, 15.816633800918462, 
objectives:
-55.541223564470336, -16.480498351986128, 1622.8325955351102, 

parameters:
-1.3306432088707107, -54.64513531889545, 15.79052151522793, 
objectives:
-68.66504548480964, -27.761429618870935, 2973.0709038544805, 

parameters:
-1.8037826301566704, -96.10165039487694, 9.003451871045153, 
objectives:
-101.85147048906718, -72.6294362263502, 9230.77738852496, 

parameters:
2.5000499894728083, -42.2141918343167, 4.155132318773877, 
objectives:
-40.11907420322758, -37.80900952357106, 1785.13310985558, 

parameters:
1.3618455598504913, -31.199566351261407, 5.374497071734433, 
objectives:
-34.71944009411134, -25.41782819004444, 970.893066763913, 

parameters:
0.6539606172074397, -37.624871909086444, 0, 
objectives:
-37.19720742022811, -35.813049889057865, 1417.0586506640204, 

parameters:
-0.5072714962123006, -30.78580151024508, 18.67851311497775, 
objectives:
-49.206990254353364, -5.82087803954866, 930.3443858841, 

parameters:
-0.7211866988717601, -29.419725538726993, 12.836377536969774, 
objectives:
-41.73599282106722, -9.178490951640633, 854.2039834916851, 

