Generation 2730 at Fri May 24 19:48:23 2019
parameters:
3.8947460476593623, -2.6666175424127747, 2.088043880301392, 
objectives:
10.414385353044057, 3.0114889230093915, 21.191852012960382, 

parameters:
0.051044676920685594, -100.0, 20, 
objectives:
-119.99739444095806, -76.2015731486408, 9981.002605559042, 

parameters:
-0.09310337269809921, -0.38187417318528993, 20, 
objectives:
-20.37320593517753, 23.999207555614866, -18.84550387784629, 

parameters:
1.9973066371654076, -100, 0, 
objectives:
-96.01076619713501, -99.99999274579665, 10004.989233802866, 

parameters:
0.018494388474101148, -48.81755217225086, 9.616653245849001, 
objectives:
-58.433863375694834, -35.27453443789324, 2374.5370888869907, 

parameters:
2.1834066496777327, -68.84633611662741, 2.535764821850064, 
objectives:
-66.61483634062054, -66.27693329563134, 4743.049496459644, 

parameters:
2.0634724392911847, 0.4799108995245148, 9.063178902787449, 
objectives:
-4.325349495548622, 9.547118552861537, -3.5749459235907075, 

parameters:
0.17714703616408922, -93.3456371907176, 18.971689241459828, 
objectives:
-112.2859453597557, -71.0511550214924, 8695.467674372043, 

parameters:
-1.6116756771077743, -54.98449999317908, 1.5784638914980273, 
objectives:
-53.9654653964963, -40.36183490506915, 3025.314274096593, 

parameters:
1.8978825603580205, -52.311453921656025, 1.0264600140164106, 
objectives:
-49.73595572276132, -51.274565936160585, 2740.063709596436, 

parameters:
-2.2485208520978217, -89.44988209618298, 14.014676323883963, 
objectives:
-98.40871239774822, -57.385276341589005, 7993.32257671947, 

parameters:
1.0507448221136773, -98.01729005318329, 5.279936818798878, 
objectives:
-102.19316219078345, -91.83626784164042, 9604.213277232262, 

parameters:
1.9534954509846747, -61.95787038900616, 17.64358982386254, 
objectives:
-75.78531573585089, -44.3121178920645, 3825.950257794042, 

parameters:
2.658384202760243, -23.782296259551654, 1.1732238072985086, 
objectives:
-17.88851349736495, -22.175602693808905, 572.4913981392713, 

parameters:
-0.8098505521454731, -72.36247432154978, 2.8437595610076682, 
objectives:
-74.55037596574712, -61.62345463514989, 5235.139788292755, 

parameters:
-0.22431442549591152, -12.303328258332698, 0.05555064336024387, 
objectives:
-12.308561940207381, -7.300202951503247, 152.3666525504132, 

parameters:
0.9614281305193022, -23.279359938204447, 20, 
objectives:
-42.3550158880506, -2.200728410127816, 523.852943182632, 

parameters:
3.9658140814773937, -3.8047607183169347, 1.9833019066185824, 
objectives:
9.939618703908867, 2.0429661912364567, 29.2205835458734, 

parameters:
3.445612736887676, -94.26795486722379, 0.8231574302937124, 
objectives:
-83.21886516491493, -91.35500125187819, 8898.49640455125, 

parameters:
-0.7303668615153573, -16.124708219453627, 20.0, 
objectives:
-35.591272467053834, 11.330194979007596, 241.53965091491511, 

parameters:
1.5380958952801689, -84.53490528138688, 0, 
objectives:
-82.16916629830918, -84.32154987942985, 7149.51594991613, 

parameters:
0.4456857605134402, -74.93876195606535, 16.636995127810142, 
objectives:
-91.37712128675105, -55.885874073184524, 5600.379684177142, 

parameters:
-0.0743598774311085, -86.23382118585263, 1.0169922361349744, 
objectives:
-87.24528403061603, -80.91386004862166, 7436.2604534688435, 

parameters:
3.124014740364764, -75.9443547031016, 4.424321344775661, 
objectives:
-70.60920794986093, -70.25662422176866, 5773.8801580237505, 

parameters:
1.331819670251512, -28.588683365483696, 6.434687987344918, 
objectives:
-33.24962771875977, -21.70753042507598, 813.6518722186082, 

parameters:
0.21943496697645154, -6.119345054262503, 20.0, 
objectives:
-26.071193349530546, 17.051066782563648, 18.494535597858913, 

parameters:
-2.2486209800733192, -44.68947354757968, 6.804747035098571, 
objectives:
-46.43792427065236, -19.833946280161936, 1996.4005952367513, 

parameters:
3.4858609237936307, -39.26238093160912, 20, 
objectives:
-47.11115455157774, -17.054598246752263, 1534.6857827988151, 

parameters:
2.792421248963257, -34.30733586021773, 20, 
objectives:
-46.50971942855621, -13.679404424409235, 1165.7909102574426, 

parameters:
1.0319554694361341, -82.89299172133926, 8.224239422231411, 
objectives:
-90.05229905267151, -73.73164208595324, 6865.0887691826865, 

parameters:
2.339350624010961, -61.371450720118936, 19.991925468265716, 
objectives:
-75.89081484632418, -41.2643664058366, 3752.935599365782, 

parameters:
-1.27751859020383, -80.62863680148344, 2.9704233421642137, 
objectives:
-81.96700639533127, -66.91608535018753, 6500.638702871681, 

parameters:
2.880464844718045, -98.45978781948304, 0, 
objectives:
-90.16271009782649, -97.68456947669867, 9703.626895179277, 

parameters:
-1.1298320129322907, -96.05905051654865, 5.140518142627256, 
objectives:
-99.92304828172928, -81.1226839447456, 9224.477188375666, 

parameters:
2.558752844487352, -78.56416530045878, 0.311512175110549, 
objectives:
-72.32846135639721, -77.94044838412553, 6179.563773301873, 

parameters:
3.9170806191539036, -8.841010917082198, 20, 
objectives:
-13.497490340131069, 14.834187183253317, 74.50699461291774, 

parameters:
2.184770998024217, -79.56742874843279, 2.5748542634149683, 
objectives:
-77.36905869804002, -76.95843416330696, 6334.174087687322, 

parameters:
0.5326396118785468, -31.75830341678102, 13.514588005901174, 
objectives:
-44.98918646654006, -16.090568902251903, 996.358952862566, 

parameters:
-0.5041093331006026, -93.3125587242782, 7.096103190226523, 
objectives:
-100.1545356947856, -79.94589198193013, 8701.391638701361, 

parameters:
2.1707381271072634, -23.617253813622327, 6.865218917382385, 
objectives:
-25.770368714527564, -16.722883388191846, 556.6215627961531, 

