Generation 2742 at Fri May 24 19:48:23 2019
parameters:
0.051044676920685594, -100.0, 20, 
objectives:
-119.99739444095806, -76.2015731486408, 9981.002605559042, 

parameters:
3.8947460476593623, -2.6666175424127747, 2.088043880301392, 
objectives:
10.414385353044057, 3.0114889230093915, 21.191852012960382, 

parameters:
-0.09310337269809921, -0.38187417318528993, 20, 
objectives:
-20.37320593517753, 23.999207555614866, -18.84550387784629, 

parameters:
1.9973066371654076, -100, 0, 
objectives:
-96.01076619713501, -99.99999274579665, 10004.989233802866, 

parameters:
2.9267249133757876, -53.06147249902891, 3.3266124962058945, 
objectives:
-47.8223662766603, -48.876040937751654, 2821.7589699875693, 

parameters:
-1.7499286451084068, -91.35755710975378, 20.0, 
objectives:
-108.29530684678284, -57.29559226634922, 8330.265491324895, 

parameters:
-0.9015961290413314, -96.60421733164247, 1.590122591076327, 
objectives:
-97.38146434281649, -86.59483464449852, 9332.597559248037, 

parameters:
1.9534954509846747, -61.95787038900616, 17.64358982386254, 
objectives:
-75.78531573585089, -44.3121178920645, 3825.950257794042, 

parameters:
2.1834066496777327, -68.84633611662741, 2.535764821850064, 
objectives:
-66.61483634062054, -66.27693329563134, 4743.049496459644, 

parameters:
3.124014740364764, -75.9443547031016, 4.424321344775661, 
objectives:
-70.60920794986093, -70.25662422176866, 5773.8801580237505, 

parameters:
-0.8098505521454731, -72.36247432154978, 2.8437595610076682, 
objectives:
-74.55037596574712, -61.62345463514989, 5235.139788292755, 

parameters:
2.4297762481623426, -87.80756798479342, 0, 
objectives:
-81.90375536865955, -87.62286036130892, 7717.0728080202525, 

parameters:
0.17714703616408922, -93.3456371907176, 18.971689241459828, 
objectives:
-112.2859453597557, -71.0511550214924, 8695.467674372043, 

parameters:
3.6422878094179105, -11.676374945756528, 1.6241773428105764, 
objectives:
-0.03429180193278336, -7.355088353983273, 148.9798150177145, 

parameters:
0.22668047895345694, -37.17091604866863, 3.5209539278398587, 
objectives:
-40.640485936969924, -30.50529999710403, 1379.2074300088698, 

parameters:
0.7396164336047538, -51.2456552859181, 10.62770614105034, 
objectives:
-61.326328958110224, -39.02938241042856, 2617.0365120109536, 

parameters:
2.346657773361441, -26.403916194349748, 16.59141482652736, 
objectives:
-37.488528315599424, -9.692329755990478, 687.0821782769951, 

parameters:
4.089395883535406, -65.94508855976568, 2.8302838378196498, 
objectives:
-52.052213705309, -58.749229563811326, 4363.647580009795, 

parameters:
-0.0743598774311085, -86.23382118585263, 1.0169922361349744, 
objectives:
-87.24528403061603, -80.91386004862166, 7436.2604534688435, 

parameters:
1.6150412173367075, -48.948477778365614, 5.471441235636959, 
objectives:
-51.81156088030614, -43.328843278379054, 2394.090393717212, 

parameters:
1.4417597790144017, -43.22289000975763, 18.038964705039678, 
objectives:
-59.18318345441365, -24.8722931603919, 1853.2579273509496, 

parameters:
2.725129284017877, -18.721621542422014, 17.17817784494302, 
objectives:
-28.473469772753244, -1.0176312189387176, 341.7472649473488, 

parameters:
1.813986739141587, -90.62452166988105, 4.8750198318953295, 
objectives:
-92.20899361199486, -85.71490090477054, 8212.219455952625, 

parameters:
2.989980229968379, -32.19578123528575, 6.20295640346196, 
objectives:
-29.45875586314595, -25.012763976095545, 1040.305354722518, 

parameters:
2.0634724392911847, 0.4799108995245148, 9.063178902787449, 
objectives:
-4.325349495548622, 9.547118552861537, -3.5749459235907075, 

parameters:
1.4702142247548993, -39.48180118466242, 19.547877849974086, 
objectives:
-56.86814916796486, -19.653250367036286, 1542.4262768019084, 

parameters:
-4.319450505581782, -81.52121478780806, 20, 
objectives:
-82.86356211763736, -21.585760095310228, 6645.366113150107, 

parameters:
-1.957990789170796, -13.099659848549567, 12.519600561559121, 
objectives:
-21.785532479631012, 15.085631800170415, 163.91521551662024, 

parameters:
2.313302731908683, -21.331221933958457, 5.385678625297758, 
objectives:
-21.36553102980004, -15.847384706839254, 455.98672009994874, 

parameters:
3.3274497027883116, -1.2015272227970009, 19.59125057993417, 
objectives:
-9.720856278145146, 20.151846070569945, -6.075661388225871, 

parameters:
-1.0295725595801715, -15.568035507113311, 18.139819617234163, 
objectives:
-32.64783546890701, 11.750094003882003, 226.28392958894713, 

parameters:
-0.8773712211585987, -79.74574993205051, 0, 
objectives:
-78.97596967233318, -71.46648478769879, 6361.154412484852, 

parameters:
0.14976375341777493, -7.972696426493826, 5.253536069953641, 
objectives:
-13.203803314609686, 0.7042138116264951, 59.33278142091157, 

parameters:
1.9937058450542484, -38.05033470423396, 3.7449581329904595, 
objectives:
-37.820429840620946, -34.30533695485702, 1449.0578759678444, 

parameters:
1.5380958952801689, -84.53490528138688, 0, 
objectives:
-82.16916629830918, -84.32154987942985, 7149.51594991613, 

parameters:
-0.9900254521067402, -81.05580804364722, 0, 
objectives:
-80.07565764782807, -72.1155558394011, 6572.024168004404, 

parameters:
-0.6389648142770588, -7.552337582229889, 3.9385217480223345, 
objectives:
-11.082583296368107, 3.3503194567847965, 54.50755724182378, 

parameters:
-1.2230271148824516, -84.92951734031696, 3.6157020548677163, 
objectives:
-87.04942407144698, -70.92591150218175, 7211.9030089280695, 

