Generation 2747 at Fri May 24 19:48:23 2019
parameters:
0.051044676920685594, -100.0, 20, 
objectives:
-119.99739444095806, -76.2015731486408, 9981.002605559042, 

parameters:
3.8947460476593623, -2.6666175424127747, 2.088043880301392, 
objectives:
10.414385353044057, 3.0114889230093915, 21.191852012960382, 

parameters:
-3.5894744545308166, -21.77394137378975, 20, 
objectives:
-28.889614514060447, 29.46828330406282, 467.98884980896236, 

parameters:
-0.09310337269809921, -0.38187417318528993, 20, 
objectives:
-20.37320593517753, 23.999207555614866, -18.84550387784629, 

parameters:
1.9973066371654076, -100, 0, 
objectives:
-96.01076619713501, -99.99999274579665, 10004.989233802866, 

parameters:
-0.0743598774311085, -86.23382118585263, 1.0169922361349744, 
objectives:
-87.24528403061603, -80.91386004862166, 7436.2604534688435, 

parameters:
-4.319450505581782, -81.52121478780806, 20, 
objectives:
-82.86356211763736, -21.585760095310228, 6645.366113150107, 

parameters:
2.0634724392911847, 0.4799108995245148, 9.063178902787449, 
objectives:
-4.325349495548622, 9.547118552861537, -3.5749459235907075, 

parameters:
1.9534954509846747, -61.95787038900616, 17.64358982386254, 
objectives:
-75.78531573585089, -44.3121178920645, 3825.950257794042, 

parameters:
2.1834066496777327, -68.84633611662741, 2.535764821850064, 
objectives:
-66.61483634062054, -66.27693329563134, 4743.049496459644, 

parameters:
2.425680857752989, -43.89816805942712, 7.844552387860079, 
objectives:
-45.85879282361792, -35.872411478909726, 1926.0885342095166, 

parameters:
4.089395883535406, -65.94508855976568, 2.8302838378196498, 
objectives:
-52.052213705309, -58.749229563811326, 4363.647580009795, 

parameters:
0.17714703616408922, -93.3456371907176, 18.971689241459828, 
objectives:
-112.2859453597557, -71.0511550214924, 8695.467674372043, 

parameters:
3.859909163468585, -9.792230690881201, 2.934926160648716, 
objectives:
2.171741898698834, -3.3980424338780737, 108.85175449301576, 

parameters:
2.9267249133757876, -53.06147249902891, 3.3266124962058945, 
objectives:
-47.8223662766603, -48.876040937751654, 2821.7589699875693, 

parameters:
0.22668047895345694, -37.17091604866863, 3.5209539278398587, 
objectives:
-40.640485936969924, -30.50529999710403, 1379.2074300088698, 

parameters:
2.626647598219148, -45.5805467321962, 19.64027852763935, 
objectives:
-58.321547654605126, -25.54758099220302, 2065.845239483512, 

parameters:
2.346657773361441, -26.403916194349748, 16.59141482652736, 
objectives:
-37.488528315599424, -9.692329755990478, 687.0821782769951, 

parameters:
2.770777493852778, -100, 7.123677717723022, 
objectives:
-99.44646979728195, -92.282224337247, 10001.553530202717, 

parameters:
3.124014740364764, -75.9443547031016, 4.424321344775661, 
objectives:
-70.60920794986093, -70.25662422176866, 5773.8801580237505, 

parameters:
2.1812489118165854, -53.964785256634, 6.646906906643418, 
objectives:
-55.85384534797638, -47.28502718195589, 2911.3089877032803, 

parameters:
0.9179114101865458, -89.89542380222781, 20.0, 
objectives:
-109.05286244527716, -68.72450808602333, 8063.029781939097, 

parameters:
-0.8098505521454731, -72.36247432154978, 2.8437595610076682, 
objectives:
-74.55037596574712, -61.62345463514989, 5235.139788292755, 

parameters:
3.3274497027883116, -1.2015272227970009, 19.59125057993417, 
objectives:
-9.720856278145146, 20.151846070569945, -6.075661388225871, 

parameters:
-1.7019038519390688, -79.18897034182704, 2.908204964427624, 
objectives:
-79.20069858500963, -62.57667324839811, 6271.88129555558, 

parameters:
5.586703701468393, -33.54262158369805, 9.618614488061096, 
objectives:
-11.949977823758507, -11.059563653509885, 1147.700106467106, 

parameters:
2.725129284017877, -18.721621542422014, 17.17817784494302, 
objectives:
-28.473469772753244, -1.0176312189387176, 341.7472649473488, 

parameters:
1.813986739141587, -90.62452166988105, 4.8750198318953295, 
objectives:
-92.20899361199486, -85.71490090477054, 8212.219455952625, 

parameters:
1.7773085208724666, -35.09229410532491, 19.81441728582844, 
objectives:
-51.74788581278747, -15.228285324620458, 1215.8135138671587, 

parameters:
2.4297762481623426, -87.80756798479342, 0, 
objectives:
-81.90375536865955, -87.62286036130892, 7717.0728080202525, 

parameters:
-1.7042084427230504, -62.29403956332223, 0.30675680814281037, 
objectives:
-59.696469955216514, -48.266122568038696, 3884.1449347248613, 

parameters:
-0.9015961290413314, -96.60421733164247, 1.590122591076327, 
objectives:
-97.38146434281649, -86.59483464449852, 9332.597559248037, 

parameters:
-0.5697493807543307, -95.21259862040851, 3.065431739760017, 
objectives:
-97.95341600329859, -85.54355500076123, 9063.698118668128, 

parameters:
2.659763006820378, -30.138200797871665, 19.315283855811572, 
objectives:
-42.37914540123306, -10.387629716891428, 897.0702027294709, 

