Generation 2749 at Fri May 24 19:48:23 2019
parameters:
0.051044676920685594, -100.0, 20, 
objectives:
-119.99739444095806, -76.2015731486408, 9981.002605559042, 

parameters:
3.859909163468585, -9.792230690881201, 2.934926160648716, 
objectives:
2.171741898698834, -3.3980424338780737, 108.85175449301576, 

parameters:
-0.09310337269809921, -0.38187417318528993, 20, 
objectives:
-20.37320593517753, 23.999207555614866, -18.84550387784629, 

parameters:
1.9973066371654076, -100, 0, 
objectives:
-96.01076619713501, -99.99999274579665, 10004.989233802866, 

parameters:
-0.0743598774311085, -86.23382118585263, 1.0169922361349744, 
objectives:
-87.24528403061603, -80.91386004862166, 7436.2604534688435, 

parameters:
0.17714703616408922, -93.3456371907176, 18.971689241459828, 
objectives:
-112.2859453597557, -71.0511550214924, 8695.467674372043, 

parameters:
2.625018091669173, -12.476015790907354, 18.183666768411364, 
objectives:
-23.768962577728253, 6.098298592417784, 145.35802322814877, 

parameters:
1.157725086403995, -20.208244581798567, 16.180173422848796, 
objectives:
-35.04809062895822, -3.3186441288766133, 394.5333030306315, 

parameters:
5.586703701468393, -33.54262158369805, 9.618614488061096, 
objectives:
-11.949977823758507, -11.059563653509885, 1147.700106467106, 

parameters:
0.3051516954093989, -100, 0, 
objectives:
-99.90688244278877, -97.12748922442637, 10001.093117557211, 

parameters:
2.0634724392911847, 0.4799108995245148, 9.063178902787449, 
objectives:
-4.325349495548622, 9.547118552861537, -3.5749459235907075, 

parameters:
2.1834066496777327, -68.84633611662741, 2.535764821850064, 
objectives:
-66.61483634062054, -66.27693329563134, 4743.049496459644, 

parameters:
2.9267249133757876, -53.06147249902891, 3.3266124962058945, 
objectives:
-47.8223662766603, -48.876040937751654, 2821.7589699875693, 

parameters:
2.4297762481623426, -87.80756798479342, 0, 
objectives:
-81.90375536865955, -87.62286036130892, 7717.0728080202525, 

parameters:
-1.7019038519390688, -79.18897034182704, 2.908204964427624, 
objectives:
-79.20069858500963, -62.57667324839811, 6271.88129555558, 

parameters:
-3.155730478812894, -29.671358593602044, 18.807483824719665, 
objectives:
-38.52020756341305, 15.717682001277847, 872.5406718203109, 

parameters:
2.425680857752989, -43.89816805942712, 7.844552387860079, 
objectives:
-45.85879282361792, -35.872411478909726, 1926.0885342095166, 

parameters:
1.813986739141587, -90.62452166988105, 4.8750198318953295, 
objectives:
-92.20899361199486, -85.71490090477054, 8212.219455952625, 

parameters:
0.561309518571588, -46.28885079392769, 16.582515638846335, 
objectives:
-62.55629805713497, -27.636504853728642, 2127.390260559293, 

parameters:
0.9179114101865458, -89.89542380222781, 20.0, 
objectives:
-109.05286244527716, -68.72450808602333, 8063.029781939097, 

parameters:
-0.8098505521454731, -72.36247432154978, 2.8437595610076682, 
objectives:
-74.55037596574712, -61.62345463514989, 5235.139788292755, 

parameters:
0.8382005012248959, -37.720645220217214, 16.200888677955135, 
objectives:
-53.21895381791868, -20.169978466908, 1408.3487672317942, 

parameters:
1.7917705702916638, -59.90049777032255, 19.42316338728479, 
objectives:
-76.11321938104403, -40.4339748876411, 3572.8569115216956, 

parameters:
2.1812489118165854, -53.964785256634, 6.646906906643418, 
objectives:
-55.85384534797638, -47.28502718195589, 2911.3089877032803, 

parameters:
0.7121700340430257, -76.62312123303944, 19.38311655563331, 
objectives:
-95.4990516312839, -55.581498656189396, 5853.226777094816, 

parameters:
0.22668047895345694, -37.17091604866863, 3.5209539278398587, 
objectives:
-40.640485936969924, -30.50529999710403, 1379.2074300088698, 

parameters:
3.124014740364764, -75.9443547031016, 4.424321344775661, 
objectives:
-70.60920794986093, -70.25662422176866, 5773.8801580237505, 

parameters:
2.346657773361441, -26.403916194349748, 16.59141482652736, 
objectives:
-37.488528315599424, -9.692329755990478, 687.0821782769951, 

parameters:
2.626647598219148, -45.5805467321962, 19.64027852763935, 
objectives:
-58.321547654605126, -25.54758099220302, 2065.845239483512, 

parameters:
-0.6540520653680582, -64.66255300679461, 19.29907566133799, 
objectives:
-83.53384456392038, -38.31948497977217, 4163.374469799397, 

parameters:
1.7773085208724666, -35.09229410532491, 19.81441728582844, 
objectives:
-51.74788581278747, -15.228285324620458, 1215.8135138671587, 

parameters:
1.9534954509846747, -61.95787038900616, 17.64358982386254, 
objectives:
-75.78531573585089, -44.3121178920645, 3825.950257794042, 

parameters:
4.089395883535406, -65.94508855976568, 2.8302838378196498, 
objectives:
-52.052213705309, -58.749229563811326, 4363.647580009795, 

parameters:
-0.368873226394804, -78.65893355551665, 0, 
objectives:
-78.52286609836574, -73.04737319278652, 6188.363895548335, 

