Generation 2761 at Fri May 24 19:48:24 2019
parameters:
0.051044676920685594, -100.0, 20, 
objectives:
-119.99739444095806, -76.2015731486408, 9981.002605559042, 

parameters:
2.7873873156204985, -5.1108476610116576, 0.15030761236626372, 
objectives:
2.5083727739041275, -4.3405612638453395, 34.739984248984115, 

parameters:
-0.09310337269809921, -0.38187417318528993, 20, 
objectives:
-20.37320593517753, 23.999207555614866, -18.84550387784629, 

parameters:
1.9973066371654076, -100, 0, 
objectives:
-96.01076619713501, -99.99999274579665, 10004.989233802866, 

parameters:
3.528708057289224, -60.083873454430346, 20.0, 
objectives:
-67.63209290085246, -37.74692513000935, 3603.5236298415775, 

parameters:
2.0634724392911847, 0.4799108995245148, 9.063178902787449, 
objectives:
-4.325349495548622, 9.547118552861537, -3.5749459235907075, 

parameters:
-0.8098505521454731, -72.36247432154978, 2.8437595610076682, 
objectives:
-74.55037596574712, -61.62345463514989, 5235.139788292755, 

parameters:
0.6752110517082961, -40.94321357386229, 17.84346347251583, 
objectives:
-58.33076708202909, -21.34468434383062, 1659.9591842467344, 

parameters:
2.1834066496777327, -68.84633611662741, 2.535764821850064, 
objectives:
-66.61483634062054, -66.27693329563134, 4743.049496459644, 

parameters:
2.3117329842087537, -32.7390867693802, 1.9874948350011539, 
objectives:
-29.382472214102645, -30.654414480935355, 1076.2044170482832, 

parameters:
0.17714703616408922, -93.3456371907176, 18.971689241459828, 
objectives:
-112.2859453597557, -71.0511550214924, 8695.467674372043, 

parameters:
-1.8846462675392117, -37.492945373214404, 7.23683818037849, 
objectives:
-41.17789199984341, -15.165630568929588, 1403.0360061322103, 

parameters:
4.977832798797861, -59.10424933228865, 0.6805901712150177, 
objectives:
-35.006020130715925, -49.55617098347734, 3518.4105183349166, 

parameters:
-0.872751938949706, -66.64135646680987, 14.645003601924826, 
objectives:
-80.52466412179422, -43.74364916214574, 4428.187084081437, 

parameters:
2.7164512324150047, -10.807994324491226, 12.479367586547697, 
objectives:
-15.908254612949925, 2.184675630485451, 112.71248102977584, 

parameters:
2.4297762481623426, -87.80756798479342, 0, 
objectives:
-81.90375536865955, -87.62286036130892, 7717.0728080202525, 

parameters:
0.09725595217930172, -96.17132752928595, 5.204025784223969, 
objectives:
-101.36589459327561, -87.34686683354488, 9244.729671681203, 

parameters:
2.711810768194827, -80.54440454673428, 0.949228418190589, 
objectives:
-74.13971532242745, -79.08850155882558, 6494.805793012298, 

parameters:
4.220753323790584, -31.4374172342834, 0, 
objectives:
-13.62265861399414, -26.505671909156476, 1007.1259609827083, 

parameters:
0.8861684527323748, -46.53180149093755, 2.5767593008624337, 
objectives:
-48.3232662651819, -42.714421474386526, 2164.417085217774, 

parameters:
5.101672862927005, -21.006814377450567, 10.330738478068525, 
objectives:
-5.310486855193268, -1.0557013507642363, 457.98257781092116, 

parameters:
0.9179114101865458, -89.89542380222781, 20.0, 
objectives:
-109.05286244527716, -68.72450808602333, 8063.029781939097, 

parameters:
1.813986739141587, -90.62452166988105, 4.8750198318953295, 
objectives:
-92.20899361199486, -85.71490090477054, 8212.219455952625, 

parameters:
-0.86088476315085, -74.73326990407836, 4.614788541954081, 
objectives:
-78.60693587060715, -61.93381973409558, 5582.187964589294, 

parameters:
0.3051516954093989, -100, 0, 
objectives:
-99.90688244278877, -97.12748922442637, 10001.093117557211, 

parameters:
-1.7019038519390688, -79.18897034182704, 2.908204964427624, 
objectives:
-79.20069858500963, -62.57667324839811, 6271.88129555558, 

parameters:
2.9267249133757876, -53.06147249902891, 3.3266124962058945, 
objectives:
-47.8223662766603, -48.876040937751654, 2821.7589699875693, 

parameters:
-1.103451653058249, -21.569266151183022, 3.2244496197757524, 
objectives:
-23.576110220321794, -8.713404368537292, 464.2263982314309, 

parameters:
-0.723235641431847, -95.43362181562897, 19.304399375278816, 
objectives:
-114.21495139787045, -68.71321008158543, 9089.794843266252, 

parameters:
-0.0743598774311085, -86.23382118585263, 1.0169922361349744, 
objectives:
-87.24528403061603, -80.91386004862166, 7436.2604534688435, 

parameters:
2.346657773361441, -26.403916194349748, 16.59141482652736, 
objectives:
-37.488528315599424, -9.692329755990478, 687.0821782769951, 

parameters:
0.8382005012248959, -37.720645220217214, 16.200888677955135, 
objectives:
-53.21895381791868, -20.169978466908, 1408.3487672317942, 

parameters:
3.5844862344801913, -84.3668707996454, 20.0, 
objectives:
-91.51832923446742, -61.85627417238818, 7111.617430089237, 

parameters:
-2.999110327388487, -55.97291434247266, 2.2856579662591843, 
objectives:
-49.26390955288357, -28.696152310811254, 3140.676144779371, 

parameters:
-0.37430663345402415, -27.896625996750277, 17.964733352076124, 
objectives:
-45.721253892978716, -4.294560655010372, 761.3971141063349, 

parameters:
-2.3008250488790183, -53.84499333774479, 7.491979546756436, 
objectives:
-56.04317697895209, -27.85591768992315, 2898.0851239005738, 

parameters:
-0.2128234706949439, -85.4454851305832, 0, 
objectives:
-85.40019130090455, -80.54889741812478, 7301.976223030392, 

parameters:
4.427219612656267, -58.64599376773216, 9.729811638368112, 
objectives:
-48.77553190741197, -43.02478708130081, 3450.223046865199, 

