Generation 2768 at Fri May 24 19:48:24 2019
parameters:
0.051044676920685594, -100.0, 20, 
objectives:
-119.99739444095806, -76.2015731486408, 9981.002605559042, 

parameters:
3.7924542865529496, -3.2298521479505364, 6.122808903570727, 
objectives:
5.030048464072578, 6.1058491250022335, 19.691845509643805, 

parameters:
-0.09310337269809921, -0.38187417318528993, 20, 
objectives:
-20.37320593517753, 23.999207555614866, -18.84550387784629, 

parameters:
1.9973066371654076, -100, 0, 
objectives:
-96.01076619713501, -99.99999274579665, 10004.989233802866, 

parameters:
5.0996607198026815, -66.59669320241525, 2.7944614187589, 
objectives:
-43.38461516407575, -54.194335205768674, 4459.331623534961, 

parameters:
-0.0743598774311085, -86.23382118585263, 1.0169922361349744, 
objectives:
-87.24528403061603, -80.91386004862166, 7436.2604534688435, 

parameters:
1.4515501393272476, -53.528512230444996, 8.570604803905232, 
objectives:
-59.99211922736928, -44.6571101768678, 2859.8380146079753, 

parameters:
0.17714703616408922, -93.3456371907176, 18.971689241459828, 
objectives:
-112.2859453597557, -71.0511550214924, 8695.467674372043, 

parameters:
-1.1375175517951173, -75.36470390679936, 2.3409656367898974, 
objectives:
-76.41172336294731, -63.179721882187046, 5679.791575503391, 

parameters:
4.977832798797861, -59.10424933228865, 0.6805901712150177, 
objectives:
-35.006020130715925, -49.55617098347734, 3518.4105183349166, 

parameters:
0.09725595217930172, -96.17132752928595, 5.204025784223969, 
objectives:
-101.36589459327561, -87.34686683354488, 9244.729671681203, 

parameters:
-1.2234998292788137, -82.34223308570081, 0, 
objectives:
-80.84528125345552, -71.95128193634027, 6782.740301372127, 

parameters:
1.813986739141587, -90.62452166988105, 4.8750198318953295, 
objectives:
-92.20899361199486, -85.71490090477054, 8212.219455952625, 

parameters:
-0.45958964947303693, -60.02485646802716, 12.937083982674539, 
objectives:
-72.75071780479895, -41.038191241557726, 3591.25753267049, 

parameters:
3.4096699047733363, -78.66626237234914, 2.4709444628741135, 
objectives:
-69.51135797570625, -74.20814866905135, 6198.535740031916, 

parameters:
2.1834066496777327, -68.84633611662741, 2.535764821850064, 
objectives:
-66.61483634062054, -66.27693329563134, 4743.049496459644, 

parameters:
-1.103451653058249, -21.569266151183022, 3.2244496197757524, 
objectives:
-23.576110220321794, -8.713404368537292, 464.2263982314309, 

parameters:
4.1301304013346, -36.683917936876334, 7.705468103476275, 
objectives:
-27.331408908324306, -24.440994306710156, 1356.0623442280294, 

parameters:
2.0634724392911847, 0.4799108995245148, 9.063178902787449, 
objectives:
-4.325349495548622, 9.547118552861537, -3.5749459235907075, 

parameters:
-0.05814270557916501, -100, 3.5820437471518245, 
objectives:
-103.57866317293977, -92.18200485631945, 9997.42133682706, 

parameters:
0.9179114101865458, -89.89542380222781, 20.0, 
objectives:
-109.05286244527716, -68.72450808602333, 8063.029781939097, 

parameters:
2.4297762481623426, -87.80756798479342, 0, 
objectives:
-81.90375536865955, -87.62286036130892, 7717.0728080202525, 

parameters:
0.6752110517082961, -40.94321357386229, 17.84346347251583, 
objectives:
-58.33076708202909, -21.34468434383062, 1659.9591842467344, 

parameters:
4.950763611006181, -30.691321053080244, 5.300497710889824, 
objectives:
-11.48175843190711, -16.68381745415218, 962.1667506044198, 

parameters:
-0.2711187193615272, -72.13671175209144, 3.562647387748406, 
objectives:
-75.62585377985161, -63.41608412690869, 5201.216040376567, 

parameters:
0.4898381934070408, -48.46671470298027, 6.7122631612207755, 
objectives:
-54.939036408480774, -39.473862859667385, 2343.5501123945837, 

parameters:
1.7392999483408267, -44.43847611816984, 8.685609205037665, 
objectives:
-50.0989210129091, -35.684902396197074, 1970.1177148104116, 

parameters:
0.24271566725846294, -36.99527857894172, 3.5732414883279846, 
objectives:
-40.50960917213699, -30.33398886451487, 1366.1363065403089, 

parameters:
-2.6792832511873614, -30.201176669034233, 7.304732221599042, 
objectives:
-30.32735015054016, -1.0007527025926288, 912.9848987127117, 

parameters:
3.029246174597147, -7.9472077592250905, 8.18388547217508, 
objectives:
-6.954760845088721, 1.2960254008728498, 65.15055808242386, 

parameters:
-1.0122038047626436, -13.558550837849218, 20, 
objectives:
-32.53399429547325, 15.514820923577329, 165.8588573649177, 

parameters:
1.5578210579023288, -50.44021228353547, 20, 
objectives:
-68.01340583509153, -30.244690066700855, 2527.6418216565667, 

parameters:
-0.4294893086643796, -45.625963667849774, 3.014213944842551, 
objectives:
-48.45571654643532, -36.709331422092696, 2079.898807741362, 

parameters:
4.592614328406454, -28.680326649367878, 3.871687893183194, 
objectives:
-11.459908173066806, -18.086989700326235, 840.7815551907423, 

parameters:
2.1133451798217315, -20.901449960484946, 6.918247459012516, 
objectives:
-23.353469570421716, -13.97035537168361, 435.4185908407194, 

parameters:
-1.8310736004768184, -18.35610843165744, 17.732402786066253, 
objectives:
-32.735680687360556, 14.053419286679226, 323.56714449906224, 

