Generation 2770 at Fri May 24 19:48:24 2019
parameters:
0.051044676920685594, -100.0, 20, 
objectives:
-119.99739444095806, -76.2015731486408, 9981.002605559042, 

parameters:
3.7924542865529496, -3.2298521479505364, 6.122808903570727, 
objectives:
5.030048464072578, 6.1058491250022335, 19.691845509643805, 

parameters:
-0.09310337269809921, -0.38187417318528993, 20, 
objectives:
-20.37320593517753, 23.999207555614866, -18.84550387784629, 

parameters:
1.9973066371654076, -100, 0, 
objectives:
-96.01076619713501, -99.99999274579665, 10004.989233802866, 

parameters:
-1.1375175517951173, -75.36470390679936, 2.3409656367898974, 
objectives:
-76.41172336294731, -63.179721882187046, 5679.791575503391, 

parameters:
2.1834066496777327, -68.84633611662741, 2.535764821850064, 
objectives:
-66.61483634062054, -66.27693329563134, 4743.049496459644, 

parameters:
4.977832798797861, -59.10424933228865, 0.6805901712150177, 
objectives:
-35.006020130715925, -49.55617098347734, 3518.4105183349166, 

parameters:
-0.0743598774311085, -86.23382118585263, 1.0169922361349744, 
objectives:
-87.24528403061603, -80.91386004862166, 7436.2604534688435, 

parameters:
3.4096699047733363, -78.66626237234914, 2.4709444628741135, 
objectives:
-69.51135797570625, -74.20814866905135, 6198.535740031916, 

parameters:
1.1857240181794844, -61.46729273577986, 3.4526131017615196, 
objectives:
-63.513964390253676, -57.35163425944857, 3777.1814046115815, 

parameters:
0.09725595217930172, -96.17132752928595, 5.204025784223969, 
objectives:
-101.36589459327561, -87.34686683354488, 9244.729671681203, 

parameters:
1.7392999483408267, -44.43847611816984, 8.685609205037665, 
objectives:
-50.0989210129091, -35.684902396197074, 1970.1177148104116, 

parameters:
1.4515501393272476, -53.528512230444996, 8.570604803905232, 
objectives:
-59.99211922736928, -44.6571101768678, 2859.8380146079753, 

parameters:
1.813986739141587, -90.62452166988105, 4.8750198318953295, 
objectives:
-92.20899361199486, -85.71490090477054, 8212.219455952625, 

parameters:
2.3707373781666434, -22.507670988742984, 2.9503462412295693, 
objectives:
-19.837621513736103, -19.41987854394354, 510.2653028125094, 

parameters:
0.17714703616408922, -93.3456371907176, 18.971689241459828, 
objectives:
-112.2859453597557, -71.0511550214924, 8695.467674372043, 

parameters:
-1.2234998292788137, -82.34223308570081, 0, 
objectives:
-80.84528125345552, -71.95128193634027, 6782.740301372127, 

parameters:
-2.6792832511873614, -30.201176669034233, 7.304732221599042, 
objectives:
-30.32735015054016, -1.0007527025926288, 912.9848987127117, 

parameters:
1.2610853752679367, -62.798918797860836, 19.43723460646992, 
objectives:
-80.64581708061608, -42.81568936874799, 3926.857303897564, 

parameters:
2.4297762481623426, -87.80756798479342, 0, 
objectives:
-81.90375536865955, -87.62286036130892, 7717.0728080202525, 

parameters:
-0.4534950859239615, -34.46868941826929, 19.164900619427367, 
objectives:
-53.42793224473948, -9.284150662188896, 1170.1313073866395, 

parameters:
0.4898381934070408, -48.46671470298027, 6.7122631612207755, 
objectives:
-54.939036408480774, -39.473862859667385, 2343.5501123945837, 

parameters:
0.24271566725846294, -36.99527857894172, 3.5732414883279846, 
objectives:
-40.50960917213699, -30.33398886451487, 1366.1363065403089, 

parameters:
-0.05814270557916501, -100, 3.5820437471518245, 
objectives:
-103.57866317293977, -92.18200485631945, 9997.42133682706, 

parameters:
4.1301304013346, -36.683917936876334, 7.705468103476275, 
objectives:
-27.331408908324306, -24.440994306710156, 1356.0623442280294, 

parameters:
2.0384062933921423, -93.35957259063483, 16.996537319613, 
objectives:
-106.20100969330713, -76.3615602276497, 8704.16835720334, 

parameters:
0.9179114101865458, -89.89542380222781, 20.0, 
objectives:
-109.05286244527716, -68.72450808602333, 8063.029781939097, 

parameters:
1.4559668445122171, -43.71344792933269, 1.364660060985622, 
objectives:
-42.958268537999444, -42.05281579407707, 1912.6207092618135, 

parameters:
2.0634724392911847, 0.4799108995245148, 9.063178902787449, 
objectives:
-4.325349495548622, 9.547118552861537, -3.5749459235907075, 

parameters:
0.6752110517082961, -40.94321357386229, 17.84346347251583, 
objectives:
-58.33076708202909, -21.34468434383062, 1659.9591842467344, 

parameters:
1.886864735665987, -5.399406714264252, 18.229017123626583, 
objectives:
-20.06816530719096, 12.842409997398258, 15.484834273115176, 

parameters:
2.777820506215111, -47.59683120865188, 0, 
objectives:
-39.8805444439027, -46.99182646876314, 2274.174627869647, 

parameters:
3.586926317480388, -14.204026663689785, 6.9915801941043565, 
objectives:
-8.329566450760725, -4.694111332473563, 208.6288336757394, 

parameters:
4.948953691637149, -32.94142010368308, 3.5369968011146358, 
objectives:
-11.98627426282875, -20.708095427148077, 1107.09230428819, 

parameters:
2.559571922578196, -13.163294766809313, 9.59075684326852, 
objectives:
-16.20264318322719, -3.259417187002935, 171.2329807014916, 

parameters:
-1.103451653058249, -21.569266151183022, 3.2244496197757524, 
objectives:
-23.576110220321794, -8.713404368537292, 464.2263982314309, 

parameters:
3.029246174597147, -7.9472077592250905, 8.18388547217508, 
objectives:
-6.954760845088721, 1.2960254008728498, 65.15055808242386, 

parameters:
2.7674178403970835, -12.000994509867596, 20, 
objectives:
-24.342393006519536, 8.587935631892128, 132.68247072922023, 

parameters:
2.8911055170657693, -5.608780772163678, 10.051903301430713, 
objectives:
-7.302192962786261, 5.237191571812087, 30.7650095595704, 

