Generation 2771 at Fri May 24 19:48:24 2019
parameters:
3.7924542865529496, -3.2298521479505364, 6.122808903570727, 
objectives:
5.030048464072578, 6.1058491250022335, 19.691845509643805, 

parameters:
0.051044676920685594, -100.0, 20, 
objectives:
-119.99739444095806, -76.2015731486408, 9981.002605559042, 

parameters:
-0.09310337269809921, -0.38187417318528993, 20, 
objectives:
-20.37320593517753, 23.999207555614866, -18.84550387784629, 

parameters:
1.9973066371654076, -100, 0, 
objectives:
-96.01076619713501, -99.99999274579665, 10004.989233802866, 

parameters:
-1.1375175517951173, -75.36470390679936, 2.3409656367898974, 
objectives:
-76.41172336294731, -63.179721882187046, 5679.791575503391, 

parameters:
-2.6792832511873614, -30.201176669034233, 7.304732221599042, 
objectives:
-30.32735015054016, -1.0007527025926288, 912.9848987127117, 

parameters:
2.0634724392911847, 0.4799108995245148, 9.063178902787449, 
objectives:
-4.325349495548622, 9.547118552861537, -3.5749459235907075, 

parameters:
2.1834066496777327, -68.84633611662741, 2.535764821850064, 
objectives:
-66.61483634062054, -66.27693329563134, 4743.049496459644, 

parameters:
-0.0743598774311085, -86.23382118585263, 1.0169922361349744, 
objectives:
-87.24528403061603, -80.91386004862166, 7436.2604534688435, 

parameters:
2.324634877924215, -58.53126312093837, 7.285213860170273, 
objectives:
-60.41254966544691, -51.14066145680323, 3425.0274759880117, 

parameters:
0.24271566725846294, -36.99527857894172, 3.5732414883279846, 
objectives:
-40.50960917213699, -30.33398886451487, 1366.1363065403089, 

parameters:
1.7392999483408267, -44.43847611816984, 8.685609205037665, 
objectives:
-50.0989210129091, -35.684902396197074, 1970.1177148104116, 

parameters:
1.1857240181794844, -61.46729273577986, 3.4526131017615196, 
objectives:
-63.513964390253676, -57.35163425944857, 3777.1814046115815, 

parameters:
-0.4534950859239615, -34.46868941826929, 19.164900619427367, 
objectives:
-53.42793224473948, -9.284150662188896, 1170.1313073866395, 

parameters:
0.09725595217930172, -96.17132752928595, 5.204025784223969, 
objectives:
-101.36589459327561, -87.34686683354488, 9244.729671681203, 

parameters:
2.3707373781666434, -22.507670988742984, 2.9503462412295693, 
objectives:
-19.837621513736103, -19.41987854394354, 510.2653028125094, 

parameters:
3.4096699047733363, -78.66626237234914, 2.4709444628741135, 
objectives:
-69.51135797570625, -74.20814866905135, 6198.535740031916, 

parameters:
4.405101056414921, -31.878683818241758, 6.303900440207588, 
objectives:
-18.777668941221492, -19.790272286466003, 1030.3514968604493, 

parameters:
0.17714703616408922, -93.3456371907176, 18.971689241459828, 
objectives:
-112.2859453597557, -71.0511550214924, 8695.467674372043, 

parameters:
1.4515501393272476, -53.528512230444996, 8.570604803905232, 
objectives:
-59.99211922736928, -44.6571101768678, 2859.8380146079753, 

parameters:
-1.2234998292788137, -82.34223308570081, 0, 
objectives:
-80.84528125345552, -71.95128193634027, 6782.740301372127, 

parameters:
4.1301304013346, -36.683917936876334, 7.705468103476275, 
objectives:
-27.331408908324306, -24.440994306710156, 1356.0623442280294, 

parameters:
1.813986739141587, -90.62452166988105, 4.8750198318953295, 
objectives:
-92.20899361199486, -85.71490090477054, 8212.219455952625, 

parameters:
0.4898381934070408, -48.46671470298027, 6.7122631612207755, 
objectives:
-54.939036408480774, -39.473862859667385, 2343.5501123945837, 

parameters:
-0.05814270557916501, -100, 3.5820437471518245, 
objectives:
-103.57866317293977, -92.18200485631945, 9997.42133682706, 

parameters:
1.2610853752679367, -62.798918797860836, 19.43723460646992, 
objectives:
-80.64581708061608, -42.81568936874799, 3926.857303897564, 

parameters:
1.4559668445122171, -43.71344792933269, 1.364660060985622, 
objectives:
-42.958268537999444, -42.05281579407707, 1912.6207092618135, 

parameters:
-0.3104631339249253, -99.44736200003472, 6.387001397008589, 
objectives:
-105.73797603951682, -87.72212070979994, 9884.487194726466, 

parameters:
0.6752110517082961, -40.94321357386229, 17.84346347251583, 
objectives:
-58.33076708202909, -21.34468434383062, 1659.9591842467344, 

parameters:
0.9179114101865458, -89.89542380222781, 20.0, 
objectives:
-109.05286244527716, -68.72450808602333, 8063.029781939097, 

parameters:
-0.6677727511548519, -88.56099484513018, 3.435444518191841, 
objectives:
-91.55051891613711, -78.00853887513401, 7841.060283888168, 

parameters:
2.8819869609035376, -1.829520050254743, 8.287806125232617, 
objectives:
-1.8114773326693516, 7.236187074181732, 4.365186331869509, 

parameters:
2.0384062933921423, -93.35957259063483, 16.996537319613, 
objectives:
-106.20100969330713, -76.3615602276497, 8704.16835720334, 

parameters:
-2.8505457161481034, -62.529915509851975, 15.484948114966379, 
objectives:
-69.88925274496805, -23.517173650442885, 3903.6309964341103, 

parameters:
2.4297762481623426, -87.80756798479342, 0, 
objectives:
-81.90375536865955, -87.62286036130892, 7717.0728080202525, 

parameters:
1.883835600748796, -50.506979792894214, 6.390457782082309, 
objectives:
-53.348601004327946, -44.103027843158515, 2549.1133865883908, 

