Generation 2772 at Fri May 24 19:48:24 2019
parameters:
3.7924542865529496, -3.2298521479505364, 6.122808903570727, 
objectives:
5.030048464072578, 6.1058491250022335, 19.691845509643805, 

parameters:
0.051044676920685594, -100.0, 20, 
objectives:
-119.99739444095806, -76.2015731486408, 9981.002605559042, 

parameters:
-0.09310337269809921, -0.38187417318528993, 20, 
objectives:
-20.37320593517753, 23.999207555614866, -18.84550387784629, 

parameters:
1.9973066371654076, -100, 0, 
objectives:
-96.01076619713501, -99.99999274579665, 10004.989233802866, 

parameters:
-2.6792832511873614, -30.201176669034233, 7.304732221599042, 
objectives:
-30.32735015054016, -1.0007527025926288, 912.9848987127117, 

parameters:
-1.1375175517951173, -75.36470390679936, 2.3409656367898974, 
objectives:
-76.41172336294731, -63.179721882187046, 5679.791575503391, 

parameters:
2.3707373781666434, -22.507670988742984, 2.9503462412295693, 
objectives:
-19.837621513736103, -19.41987854394354, 510.2653028125094, 

parameters:
2.0634724392911847, 0.4799108995245148, 9.063178902787449, 
objectives:
-4.325349495548622, 9.547118552861537, -3.5749459235907075, 

parameters:
-0.4534950859239615, -34.46868941826929, 19.164900619427367, 
objectives:
-53.42793224473948, -9.284150662188896, 1170.1313073866395, 

parameters:
0.17714703616408922, -93.3456371907176, 18.971689241459828, 
objectives:
-112.2859453597557, -71.0511550214924, 8695.467674372043, 

parameters:
2.324634877924215, -58.53126312093837, 7.285213860170273, 
objectives:
-60.41254966544691, -51.14066145680323, 3425.0274759880117, 

parameters:
3.4096699047733363, -78.66626237234914, 2.4709444628741135, 
objectives:
-69.51135797570625, -74.20814866905135, 6198.535740031916, 

parameters:
1.1857240181794844, -61.46729273577986, 3.4526131017615196, 
objectives:
-63.513964390253676, -57.35163425944857, 3777.1814046115815, 

parameters:
1.7392999483408267, -44.43847611816984, 8.685609205037665, 
objectives:
-50.0989210129091, -35.684902396197074, 1970.1177148104116, 

parameters:
-0.8387219960916027, -17.763559757689478, 19.714957338415438, 
objectives:
-36.77506250937704, 10.009740151820253, 297.5325525133175, 

parameters:
2.1834066496777327, -68.84633611662741, 2.535764821850064, 
objectives:
-66.61483634062054, -66.27693329563134, 4743.049496459644, 

parameters:
0.24271566725846294, -36.99527857894172, 3.5732414883279846, 
objectives:
-40.50960917213699, -30.33398886451487, 1366.1363065403089, 

parameters:
-0.0743598774311085, -86.23382118585263, 1.0169922361349744, 
objectives:
-87.24528403061603, -80.91386004862166, 7436.2604534688435, 

parameters:
-1.1314024654124437, -66.8374864524428, 19.30617025773356, 
objectives:
-84.863585171435, -37.72563479431811, 4450.223496561483, 

parameters:
0.09725595217930172, -96.17132752928595, 5.204025784223969, 
objectives:
-101.36589459327561, -87.34686683354488, 9244.729671681203, 

parameters:
-0.3104631339249253, -99.44736200003472, 6.387001397008589, 
objectives:
-105.73797603951682, -87.72212070979994, 9884.487194726466, 

parameters:
1.4515501393272476, -53.528512230444996, 8.570604803905232, 
objectives:
-59.99211922736928, -44.6571101768678, 2859.8380146079753, 

parameters:
1.4559668445122171, -43.71344792933269, 1.364660060985622, 
objectives:
-42.958268537999444, -42.05281579407707, 1912.6207092618135, 

parameters:
0.9179114101865458, -89.89542380222781, 20.0, 
objectives:
-109.05286244527716, -68.72450808602333, 8063.029781939097, 

parameters:
1.2610853752679367, -62.798918797860836, 19.43723460646992, 
objectives:
-80.64581708061608, -42.81568936874799, 3926.857303897564, 

parameters:
0.6752110517082961, -40.94321357386229, 17.84346347251583, 
objectives:
-58.33076708202909, -21.34468434383062, 1659.9591842467344, 

parameters:
1.4513320457428165, -88.00658192542716, 4.0168451409221975, 
objectives:
-89.91706235934933, -83.6887002604762, 7744.247981763, 

parameters:
0.042847374179050934, -31.588140156308413, 4.164354600905927, 
objectives:
-35.7506588597403, -23.59333915464465, 994.6480798311522, 

parameters:
-0.05814270557916501, -100, 3.5820437471518245, 
objectives:
-103.57866317293977, -92.18200485631945, 9997.42133682706, 

parameters:
3.316785290738812, -80.91887624712867, 8.675890944573592, 
objectives:
-78.59370252684091, -70.50906180064898, 6551.189706818412, 

parameters:
1.0462422665976123, -100, 1.7684117612492538, 
objectives:
-100.67378888083394, -97.32193442472588, 10000.326211119165, 

parameters:
0.4898381934070408, -48.46671470298027, 6.7122631612207755, 
objectives:
-54.939036408480774, -39.473862859667385, 2343.5501123945837, 

parameters:
1.404580226903975, -33.110375364925275, 5.66898494183238, 
objectives:
-36.806514692948035, -27.086865716899172, 1093.6008174782278, 

parameters:
1.813986739141587, -90.62452166988105, 4.8750198318953295, 
objectives:
-92.20899361199486, -85.71490090477054, 8212.219455952625, 

parameters:
4.337600059021976, -68.56249770960777, 15.675047458876069, 
objectives:
-65.42277089645638, -47.42307621479216, 4704.955818993122, 

parameters:
1.6027273014950354, -91.34060839157048, 7.04667524696095, 
objectives:
-95.81854883557386, -84.13610754763212, 8339.628800898234, 

parameters:
4.385561562038411, -83.24076302850438, 1.6982153715217958, 
objectives:
-65.70582818559738, -75.85164369070743, 6947.559564410528, 

parameters:
0.6551648274849313, -50.11548637250139, 5.506503843332669, 
objectives:
-55.19274926466069, -42.80040088793508, 2507.4847114602126, 

parameters:
1.5166478662553318, -82.31041733381363, 7.643180178362712, 
objectives:
-87.65337676195949, -74.4336078702554, 6770.661842238422, 

