Generation 2776 at Fri May 24 19:48:24 2019
parameters:
0.051044676920685594, -100.0, 20, 
objectives:
-119.99739444095806, -76.2015731486408, 9981.002605559042, 

parameters:
3.7924542865529496, -3.2298521479505364, 6.122808903570727, 
objectives:
5.030048464072578, 6.1058491250022335, 19.691845509643805, 

parameters:
-0.09310337269809921, -0.38187417318528993, 20, 
objectives:
-20.37320593517753, 23.999207555614866, -18.84550387784629, 

parameters:
1.9973066371654076, -100, 0, 
objectives:
-96.01076619713501, -99.99999274579665, 10004.989233802866, 

parameters:
-0.0743598774311085, -86.23382118585263, 1.0169922361349744, 
objectives:
-87.24528403061603, -80.91386004862166, 7436.2604534688435, 

parameters:
-1.1375175517951173, -75.36470390679936, 2.3409656367898974, 
objectives:
-76.41172336294731, -63.179721882187046, 5679.791575503391, 

parameters:
-0.3104631339249253, -99.44736200003472, 6.387001397008589, 
objectives:
-105.73797603951682, -87.72212070979994, 9884.487194726466, 

parameters:
0.17714703616408922, -93.3456371907176, 18.971689241459828, 
objectives:
-112.2859453597557, -71.0511550214924, 8695.467674372043, 

parameters:
0.2944223887789008, -29.456344264364002, 7.3137294058002436, 
objectives:
-36.68338912714997, -19.233619870665088, 861.449172557944, 

parameters:
0.09725595217930172, -96.17132752928595, 5.204025784223969, 
objectives:
-101.36589459327561, -87.34686683354488, 9244.729671681203, 

parameters:
3.2795005323382385, -3.6056033795391373, 20, 
objectives:
-12.850479637932349, 18.0315182327147, 4.755499472150838, 

parameters:
2.324634877924215, -58.53126312093837, 7.285213860170273, 
objectives:
-60.41254966544691, -51.14066145680323, 3425.0274759880117, 

parameters:
1.9849522877092933, -53.848895874129425, 8.170868601215593, 
objectives:
-58.07972889086266, -45.67780083926865, 2896.4727538460997, 

parameters:
1.1857240181794844, -61.46729273577986, 3.4526131017615196, 
objectives:
-63.513964390253676, -57.35163425944857, 3777.1814046115815, 

parameters:
0.9179114101865458, -89.89542380222781, 20.0, 
objectives:
-109.05286244527716, -68.72450808602333, 8063.029781939097, 

parameters:
-0.22438089661123017, -48.6612358752721, 2.5689139404673487, 
objectives:
-51.179803028975385, -41.14445156159577, 2366.3973097551648, 

parameters:
-1.1314024654124437, -66.8374864524428, 19.30617025773356, 
objectives:
-84.863585171435, -37.72563479431811, 4450.223496561483, 

parameters:
0.24271566725846294, -36.99527857894172, 3.5732414883279846, 
objectives:
-40.50960917213699, -30.33398886451487, 1366.1363065403089, 

parameters:
1.1147241603997307, -37.38069747360655, 10.45713588448165, 
objectives:
-46.59522340430932, -26.13984827694494, 1389.1020176825925, 

parameters:
-2.092170596074102, -82.79691560872138, 3.5694891458836326, 
objectives:
-81.98922695152795, -62.48156627546428, 6857.136922974923, 

parameters:
-0.4534950859239615, -34.46868941826929, 19.164900619427367, 
objectives:
-53.42793224473948, -9.284150662188896, 1170.1313073866395, 

parameters:
-0.22857885105147352, -81.88360239601333, 19.995746082424372, 
objectives:
-101.82710018728969, -56.92129261823504, 6685.980843557124, 

parameters:
3.4692347240433827, -70.45322354055646, 0, 
objectives:
-58.4176339700481, -68.29457286622163, 4976.692296826129, 

parameters:
1.2610853752679367, -62.798918797860836, 19.43723460646992, 
objectives:
-80.64581708061608, -42.81568936874799, 3926.857303897564, 

parameters:
-0.8815219856695662, -3.8502281580933655, 4.562306148796099, 
objectives:
-7.63545329567065, 9.015246944599813, 12.039031731797746, 

parameters:
0.17488283501612512, -13.521164773929042, 12.359011575263327, 
objectives:
-25.849592343209093, 2.1688994672530626, 171.49346927445956, 

parameters:
0.041910834208872094, -91.4054543523459, 7.020797924463107, 
objectives:
-98.42449575878493, -80.55054324669419, 8348.938043952352, 

parameters:
-0.4194385675482174, -4.655104036615128, 0.08723331364467979, 
objectives:
-4.566408638312907, 1.285812259169321, 22.75868899001268, 

parameters:
3.4096699047733363, -78.66626237234914, 2.4709444628741135, 
objectives:
-69.51135797570625, -74.20814866905135, 6198.535740031916, 

parameters:
3.223375360065467, -43.46575621190577, 15.870262541466742, 
objectives:
-48.94587004149533, -26.098846398823717, 1884.7918492432354, 

parameters:
-2.115670281577171, -44.228018150289714, 16.61848647715872, 
objectives:
-56.370443887099604, -10.670789806473483, 1944.9751637655465, 

parameters:
2.3707373781666434, -22.507670988742984, 2.9503462412295693, 
objectives:
-19.837621513736103, -19.41987854394354, 510.2653028125094, 

parameters:
3.024683702495615, -11.335162191498291, 8.442871024143605, 
objectives:
-10.629321715499314, -1.8423144771945648, 130.19174238357132, 

parameters:
3.2906770095985465, -78.76795255306986, 2.203049579518919, 
objectives:
-70.14244695108835, -74.8990558304447, 6214.015855004646, 

parameters:
2.0782519732002496, -69.57722531835385, 19.327640364416105, 
objectives:
-84.58573441865923, -50.24346158262802, 4826.981773900676, 

parameters:
1.7392999483408267, -44.43847611816984, 8.685609205037665, 
objectives:
-50.0989210129091, -35.684902396197074, 1970.1177148104116, 

parameters:
3.094721733583409, -35.1659921492972, 13.35060809558168, 
objectives:
-38.939297636565385, -20.616968379735656, 1233.8736983571641, 

parameters:
1.9670478896545687, -14.599118353187768, 13.615336507776417, 
objectives:
-24.34517746076969, -0.982696003835132, 204.388197582802, 

parameters:
-2.859646956129556, -27.250361585533298, 2.434521567257319, 
objectives:
-21.507302439089585, -1.1996714800567232, 749.3252656887526, 

