Generation 2777 at Fri May 24 19:48:24 2019
parameters:
0.051044676920685594, -100.0, 20, 
objectives:
-119.99739444095806, -76.2015731486408, 9981.002605559042, 

parameters:
3.7924542865529496, -3.2298521479505364, 6.122808903570727, 
objectives:
5.030048464072578, 6.1058491250022335, 19.691845509643805, 

parameters:
-0.09310337269809921, -0.38187417318528993, 20, 
objectives:
-20.37320593517753, 23.999207555614866, -18.84550387784629, 

parameters:
1.9973066371654076, -100, 0, 
objectives:
-96.01076619713501, -99.99999274579665, 10004.989233802866, 

parameters:
3.2795005323382385, -3.6056033795391373, 20, 
objectives:
-12.850479637932349, 18.0315182327147, 4.755499472150838, 

parameters:
1.213295521695735, -94.75219479409236, 0.13827279659333996, 
objectives:
-93.41838156771878, -93.99501806131504, 8980.312231523996, 

parameters:
3.4096699047733363, -78.66626237234914, 2.4709444628741135, 
objectives:
-69.51135797570625, -74.20814866905135, 6198.535740031916, 

parameters:
-1.1314024654124437, -66.8374864524428, 19.30617025773356, 
objectives:
-84.863585171435, -37.72563479431811, 4450.223496561483, 

parameters:
-1.1375175517951173, -75.36470390679936, 2.3409656367898974, 
objectives:
-76.41172336294731, -63.179721882187046, 5679.791575503391, 

parameters:
-0.4194385675482174, -4.655104036615128, 0.08723331364467979, 
objectives:
-4.566408638312907, 1.285812259169321, 22.75868899001268, 

parameters:
-0.0743598774311085, -86.23382118585263, 1.0169922361349744, 
objectives:
-87.24528403061603, -80.91386004862166, 7436.2604534688435, 

parameters:
0.17488283501612512, -13.521164773929042, 12.359011575263327, 
objectives:
-25.849592343209093, 2.1688994672530626, 171.49346927445956, 

parameters:
-0.4534950859239615, -34.46868941826929, 19.164900619427367, 
objectives:
-53.42793224473948, -9.284150662188896, 1170.1313073866395, 

parameters:
0.17714703616408922, -93.3456371907176, 18.971689241459828, 
objectives:
-112.2859453597557, -71.0511550214924, 8695.467674372043, 

parameters:
0.09725595217930172, -96.17132752928595, 5.204025784223969, 
objectives:
-101.36589459327561, -87.34686683354488, 9244.729671681203, 

parameters:
2.324634877924215, -58.53126312093837, 7.285213860170273, 
objectives:
-60.41254966544691, -51.14066145680323, 3425.0274759880117, 

parameters:
3.4692347240433827, -70.45322354055646, 0, 
objectives:
-58.4176339700481, -68.29457286622163, 4976.692296826129, 

parameters:
0.2944223887789008, -29.456344264364002, 7.3137294058002436, 
objectives:
-36.68338912714997, -19.233619870665088, 861.449172557944, 

parameters:
-0.3104631339249253, -99.44736200003472, 6.387001397008589, 
objectives:
-105.73797603951682, -87.72212070979994, 9884.487194726466, 

parameters:
-0.8815219856695662, -3.8502281580933655, 4.562306148796099, 
objectives:
-7.63545329567065, 9.015246944599813, 12.039031731797746, 

parameters:
2.410493121058943, -30.664901670499844, 5.588493442663438, 
objectives:
-30.442918026490798, -24.907903625399694, 941.5581781054332, 

parameters:
-0.4106738599156694, -41.55058585997044, 20, 
objectives:
-61.381932840752405, -15.739237401089724, 1707.6198383259934, 

parameters:
1.1147241603997307, -37.38069747360655, 10.45713588448165, 
objectives:
-46.59522340430932, -26.13984827694494, 1389.1020176825925, 

parameters:
0.5712025168498462, -54.3614401146839, 3.404906996286923, 
objectives:
-57.440074795715226, -48.91507087054076, 2953.0875366613327, 

parameters:
1.2610853752679367, -62.798918797860836, 19.43723460646992, 
objectives:
-80.64581708061608, -42.81568936874799, 3926.857303897564, 

parameters:
-1.8497663158341886, -80.58926130189374, 0, 
objectives:
-77.16762587869896, -65.7685606153622, 6499.050672608103, 

parameters:
1.3433112955251216, -89.45832538814427, 16.79067039901317, 
objectives:
-104.44451055047206, -72.23641493454622, 7988.805796088771, 

parameters:
0.24271566725846294, -36.99527857894172, 3.5732414883279846, 
objectives:
-40.50960917213699, -30.33398886451487, 1366.1363065403089, 

parameters:
-2.092170596074102, -82.79691560872138, 3.5694891458836326, 
objectives:
-81.98922695152795, -62.48156627546428, 6857.136922974923, 

parameters:
0.7606291911319214, -84.21703127746191, 2.408822498518525, 
objectives:
-86.04729700957844, -80.27216877706908, 7091.678091456881, 

parameters:
0.041910834208872094, -91.4054543523459, 7.020797924463107, 
objectives:
-98.42449575878493, -80.55054324669419, 8348.938043952352, 

parameters:
0.9179114101865458, -89.89542380222781, 20.0, 
objectives:
-109.05286244527716, -68.72450808602333, 8063.029781939097, 

parameters:
-0.22857885105147352, -81.88360239601333, 19.995746082424372, 
objectives:
-101.82710018728969, -56.92129261823504, 6685.980843557124, 

parameters:
1.9849522877092933, -53.848895874129425, 8.170868601215593, 
objectives:
-58.07972889086266, -45.67780083926865, 2896.4727538460997, 

parameters:
-1.4470449519332789, -49.69700071549039, 16.305093653268457, 
objectives:
-63.908155275843264, -21.509788161573233, 2456.5807255550994, 

parameters:
2.5135705960628325, -45.13879681312383, 13.913473227325508, 
objectives:
-52.73423289905767, -30.96156882865799, 2030.9155416505444, 

parameters:
0.5416380514183634, -62.57062376150074, 1.9589363489229283, 
objectives:
-64.23618833167939, -58.48486783950699, 3914.417393333102, 

parameters:
3.293433914153809, -46.27507162850148, 4.611013858809164, 
objectives:
-40.039378540412166, -39.99108647940907, 2148.617947311032, 

parameters:
-0.22438089661123017, -48.6612358752721, 2.5689139404673487, 
objectives:
-51.179803028975385, -41.14445156159577, 2366.3973097551648, 

parameters:
1.1857240181794844, -61.46729273577986, 3.4526131017615196, 
objectives:
-63.513964390253676, -57.35163425944857, 3777.1814046115815, 

parameters:
3.223375360065467, -43.46575621190577, 15.870262541466742, 
objectives:
-48.94587004149533, -26.098846398823717, 1884.7918492432354, 

parameters:
-1.3540545327870543, -33.64664283846831, 5.253485481820155, 
objectives:
-37.0666646425273, -17.143475547738767, 1129.6765524953917, 

