Generation 2779 at Fri May 24 19:48:24 2019
parameters:
3.7924542865529496, -3.2298521479505364, 6.122808903570727, 
objectives:
5.030048464072578, 6.1058491250022335, 19.691845509643805, 

parameters:
0.051044676920685594, -100.0, 20, 
objectives:
-119.99739444095806, -76.2015731486408, 9981.002605559042, 

parameters:
-0.09310337269809921, -0.38187417318528993, 20, 
objectives:
-20.37320593517753, 23.999207555614866, -18.84550387784629, 

parameters:
1.9973066371654076, -100, 0, 
objectives:
-96.01076619713501, -99.99999274579665, 10004.989233802866, 

parameters:
-1.1375175517951173, -75.36470390679936, 2.3409656367898974, 
objectives:
-76.41172336294731, -63.179721882187046, 5679.791575503391, 

parameters:
0.2944223887789008, -29.456344264364002, 7.3137294058002436, 
objectives:
-36.68338912714997, -19.233619870665088, 861.449172557944, 

parameters:
3.2795005323382385, -3.6056033795391373, 20, 
objectives:
-12.850479637932349, 18.0315182327147, 4.755499472150838, 

parameters:
0.21869971183637293, -65.4553617876521, 3.1602932439658007, 
objectives:
-68.56782546766058, -59.12203782707447, 4282.291923072418, 

parameters:
0.17714703616408922, -93.3456371907176, 18.971689241459828, 
objectives:
-112.2859453597557, -71.0511550214924, 8695.467674372043, 

parameters:
0.5712025168498462, -54.3614401146839, 3.404906996286923, 
objectives:
-57.440074795715226, -48.91507087054076, 2953.0875366613327, 

parameters:
-0.4534950859239615, -34.46868941826929, 19.164900619427367, 
objectives:
-53.42793224473948, -9.284150662188896, 1170.1313073866395, 

parameters:
-0.4106738599156694, -41.55058585997044, 20, 
objectives:
-61.381932840752405, -15.739237401089724, 1707.6198383259934, 

parameters:
-0.4194385675482174, -4.655104036615128, 0.08723331364467979, 
objectives:
-4.566408638312907, 1.285812259169321, 22.75868899001268, 

parameters:
0.7025618527502364, -86.0628105665599, 1.9402279391218105, 
objectives:
-87.50944534874186, -82.4392368814992, 7406.360727833393, 

parameters:
0.17488283501612512, -13.521164773929042, 12.359011575263327, 
objectives:
-25.849592343209093, 2.1688994672530626, 171.49346927445956, 

parameters:
1.2610853752679367, -62.798918797860836, 19.43723460646992, 
objectives:
-80.64581708061608, -42.81568936874799, 3926.857303897564, 

parameters:
1.49672654441494, -79.67456010621189, 5.25907518988046, 
objectives:
-82.69344494733606, -74.1622007452349, 6346.016643277246, 

parameters:
-0.3104631339249253, -99.44736200003472, 6.387001397008589, 
objectives:
-105.73797603951682, -87.72212070979994, 9884.487194726466, 

parameters:
0.24271566725846294, -36.99527857894172, 3.5732414883279846, 
objectives:
-40.50960917213699, -30.33398886451487, 1366.1363065403089, 

parameters:
2.410493121058943, -30.664901670499844, 5.588493442663438, 
objectives:
-30.442918026490798, -24.907903625399694, 941.5581781054332, 

parameters:
-1.4600628510456986, -90.02367381980639, 0.8174161503393605, 
objectives:
-88.70930644114205, -77.23422273628054, 8106.576215393559, 

parameters:
1.213295521695735, -94.75219479409236, 0.13827279659333996, 
objectives:
-93.41838156771878, -93.99501806131504, 8980.312231523996, 

parameters:
-0.8815219856695662, -3.8502281580933655, 4.562306148796099, 
objectives:
-7.63545329567065, 9.015246944599813, 12.039031731797746, 

parameters:
3.3042245633643956, -55.733658834608974, 17.979401893407047, 
objectives:
-62.79516076287538, -36.05325522951888, 3100.1792251643205, 

parameters:
0.09725595217930172, -96.17132752928595, 5.204025784223969, 
objectives:
-101.36589459327561, -87.34686683354488, 9244.729671681203, 

parameters:
3.4692347240433827, -70.45322354055646, 0, 
objectives:
-58.4176339700481, -68.29457286622163, 4976.692296826129, 

parameters:
1.1147241603997307, -37.38069747360655, 10.45713588448165, 
objectives:
-46.59522340430932, -26.13984827694494, 1389.1020176825925, 

parameters:
1.853215529965948, -88.60822681124769, 1.9041516450743237, 
objectives:
-87.07797065581504, -86.6825294855302, 7853.948114788946, 

parameters:
-1.1314024654124437, -66.8374864524428, 19.30617025773356, 
objectives:
-84.863585171435, -37.72563479431811, 4450.223496561483, 

parameters:
1.9471096174899156, -78.29348957720653, 2.4202809263427514, 
objectives:
-76.92253464102755, -75.87041125830171, 6132.241465112326, 

parameters:
-0.25905681977872613, -71.21827938477253, 13.124532060369122, 
objectives:
-84.27570100926778, -52.99040960941464, 5059.98589690302, 

parameters:
2.215149898314953, -34.823140508488976, 20, 
objectives:
-49.91625143648423, -14.776851029744044, 1198.5580039459705, 

parameters:
2.324634877924215, -58.53126312093837, 7.285213860170273, 
objectives:
-60.41254966544691, -51.14066145680323, 3425.0274759880117, 

parameters:
3.3694396924221097, -57.99131339051986, 1.3892590890636565, 
objectives:
-48.02744863871392, -54.72668923027504, 3373.9562935092945, 

parameters:
3.07532635406612, -93.31819976970512, 11.040939904251637, 
objectives:
-94.90150748994313, -81.12093309770435, 8707.703100538356, 

parameters:
-0.27493446618005013, -100, 2.8033390628727304, 
objectives:
-102.72775010217902, -92.02133411171337, 9998.27224989782, 

parameters:
0.9395358420555846, -66.56580299966642, 19.169666049526857, 
objectives:
-84.85274145068617, -46.27155271985481, 4413.719190539378, 

