Generation 2781 at Fri May 24 19:48:24 2019
parameters:
5.2823937123182105, -13.602346317906685, 0.0705752995543256, 
objectives:
14.230761714477953, -2.757662535686235, 213.85693338465418, 

parameters:
0.051044676920685594, -100.0, 20, 
objectives:
-119.99739444095806, -76.2015731486408, 9981.002605559042, 

parameters:
-0.09310337269809921, -0.38187417318528993, 20, 
objectives:
-20.37320593517753, 23.999207555614866, -18.84550387784629, 

parameters:
1.9973066371654076, -100, 0, 
objectives:
-96.01076619713501, -99.99999274579665, 10004.989233802866, 

parameters:
-0.4106738599156694, -41.55058585997044, 20, 
objectives:
-61.381932840752405, -15.739237401089724, 1707.6198383259934, 

parameters:
2.223496000304467, -55.25230154264162, 18.561072323635848, 
objectives:
-68.8694394029075, -36.64127875685367, 3040.1996878987316, 

parameters:
0.17714703616408922, -93.3456371907176, 18.971689241459828, 
objectives:
-112.2859453597557, -71.0511550214924, 8695.467674372043, 

parameters:
-1.0341591641618844, -90.51844509899641, 1.9185207874872068, 
objectives:
-91.36748070966361, -79.39380247804165, 8193.73986752936, 

parameters:
1.49672654441494, -79.67456010621189, 5.25907518988046, 
objectives:
-82.69344494733606, -74.1622007452349, 6346.016643277246, 

parameters:
3.3681376133854277, 0.5847697542439239, 6.682672718559477, 
objectives:
5.246448018386133, 9.139243001963376, 6.003633929620708, 

parameters:
0.09725595217930172, -96.17132752928595, 5.204025784223969, 
objectives:
-101.36589459327561, -87.34686683354488, 9244.729671681203, 

parameters:
1.9450159494359314, -53.45728649510317, 0, 
objectives:
-49.67419945154301, -53.45426324928674, 2862.4645664631, 

parameters:
0.2944223887789008, -29.456344264364002, 7.3137294058002436, 
objectives:
-36.68338912714997, -19.233619870665088, 861.449172557944, 

parameters:
4.041298696977509, -21.75315430503759, 10.625651060821758, 
objectives:
-16.04671020766724, -6.960602873933757, 479.90616631614574, 

parameters:
-0.3545568520415996, -61.660037578775345, 3.7490792344540855, 
objectives:
-65.28340625189978, -52.36702037482521, 3799.336865542863, 

parameters:
-0.4534950859239615, -34.46868941826929, 19.164900619427367, 
objectives:
-53.42793224473948, -9.284150662188896, 1170.1313073866395, 

parameters:
0.7025618527502364, -86.0628105665599, 1.9402279391218105, 
objectives:
-87.50944534874186, -82.4392368814992, 7406.360727833393, 

parameters:
2.410493121058943, -30.664901670499844, 5.588493442663438, 
objectives:
-30.442918026490798, -24.907903625399694, 941.5581781054332, 

parameters:
-0.9859551857791999, -77.14115240741268, 0, 
objectives:
-76.16904477904778, -68.22522403593098, 5952.729502372035, 

parameters:
3.4692347240433827, -70.45322354055646, 0, 
objectives:
-58.4176339700481, -68.29457286622163, 4976.692296826129, 

parameters:
1.213295521695735, -94.75219479409236, 0.13827279659333996, 
objectives:
-93.41838156771878, -93.99501806131504, 8980.312231523996, 

parameters:
-1.1375175517951173, -75.36470390679936, 2.3409656367898974, 
objectives:
-76.41172336294731, -63.179721882187046, 5679.791575503391, 

parameters:
-0.3104631339249253, -99.44736200003472, 6.387001397008589, 
objectives:
-105.73797603951682, -87.72212070979994, 9884.487194726466, 

parameters:
1.2610853752679367, -62.798918797860836, 19.43723460646992, 
objectives:
-80.64581708061608, -42.81568936874799, 3926.857303897564, 

parameters:
0.24271566725846294, -36.99527857894172, 3.5732414883279846, 
objectives:
-40.50960917213699, -30.33398886451487, 1366.1363065403089, 

parameters:
1.1147241603997307, -37.38069747360655, 10.45713588448165, 
objectives:
-46.59522340430932, -26.13984827694494, 1389.1020176825925, 

parameters:
4.4274708491720896, -84.85287787194747, 19.770384004090555, 
objectives:
-85.02076375576941, -59.189879144276645, 7200.842997267811, 

parameters:
0.26612229910998053, -66.17636666563995, 19.615000913434205, 
objectives:
-85.72054650099057, -43.555033870562085, 4360.767325229872, 

parameters:
-0.4194385675482174, -4.655104036615128, 0.08723331364467979, 
objectives:
-4.566408638312907, 1.285812259169321, 22.75868899001268, 

parameters:
0.17488283501612512, -13.521164773929042, 12.359011575263327, 
objectives:
-25.849592343209093, 2.1688994672530626, 171.49346927445956, 

parameters:
1.2659283788562883, -73.92819246344668, 19.613147902809455, 
objectives:
-91.93876570586242, -53.776183415668655, 5448.3670676699985, 

parameters:
3.7924542865529496, -3.2298521479505364, 6.122808903570727, 
objectives:
5.030048464072578, 6.1058491250022335, 19.691845509643805, 

parameters:
0.5712025168498462, -54.3614401146839, 3.404906996286923, 
objectives:
-57.440074795715226, -48.91507087054076, 2953.0875366613327, 

parameters:
-0.43526975189599626, -24.38486486217043, 17.25235471144697, 
objectives:
-41.4477598167018, -1.2019713862238746, 578.5587393917829, 

parameters:
0.21869971183637293, -65.4553617876521, 3.1602932439658007, 
objectives:
-68.56782546766058, -59.12203782707447, 4282.291923072418, 

parameters:
-0.8815219856695662, -3.8502281580933655, 4.562306148796099, 
objectives:
-7.63545329567065, 9.015246944599813, 12.039031731797746, 

parameters:
0.061363806331107926, -100, 5.202832638861948, 
objectives:
-105.19906712213451, -91.03885706973504, 9995.800932877864, 

parameters:
1.5474689051459585, -85.44525908874981, 1.316155979286431, 
objectives:
-84.36675505564261, -83.92431871765358, 7302.970804776689, 

