Generation 2782 at Fri May 24 19:48:24 2019
parameters:
5.2823937123182105, -13.602346317906685, 0.0705752995543256, 
objectives:
14.230761714477953, -2.757662535686235, 213.85693338465418, 

parameters:
0.051044676920685594, -100.0, 20, 
objectives:
-119.99739444095806, -76.2015731486408, 9981.002605559042, 

parameters:
-0.09310337269809921, -0.38187417318528993, 20, 
objectives:
-20.37320593517753, 23.999207555614866, -18.84550387784629, 

parameters:
1.9973066371654076, -100, 0, 
objectives:
-96.01076619713501, -99.99999274579665, 10004.989233802866, 

parameters:
0.17714703616408922, -93.3456371907176, 18.971689241459828, 
objectives:
-112.2859453597557, -71.0511550214924, 8695.467674372043, 

parameters:
3.3681376133854277, 0.5847697542439239, 6.682672718559477, 
objectives:
5.246448018386133, 9.139243001963376, 6.003633929620708, 

parameters:
-2.27777104280033, -9.397497066678984, 3.5998552331995954, 
objectives:
-7.809111376458876, 12.501683261141633, 90.90133680846021, 

parameters:
-1.0341591641618844, -90.51844509899641, 1.9185207874872068, 
objectives:
-91.36748070966361, -79.39380247804165, 8193.73986752936, 

parameters:
-0.3545568520415996, -61.660037578775345, 3.7490792344540855, 
objectives:
-65.28340625189978, -52.36702037482521, 3799.336865542863, 

parameters:
2.223496000304467, -55.25230154264162, 18.561072323635848, 
objectives:
-68.8694394029075, -36.64127875685367, 3040.1996878987316, 

parameters:
0.09725595217930172, -96.17132752928595, 5.204025784223969, 
objectives:
-101.36589459327561, -87.34686683354488, 9244.729671681203, 

parameters:
1.49672654441494, -79.67456010621189, 5.25907518988046, 
objectives:
-82.69344494733606, -74.1622007452349, 6346.016643277246, 

parameters:
4.041298696977509, -21.75315430503759, 10.625651060821758, 
objectives:
-16.04671020766724, -6.960602873933757, 479.90616631614574, 

parameters:
4.4274708491720896, -84.85287787194747, 19.770384004090555, 
objectives:
-85.02076375576941, -59.189879144276645, 7200.842997267811, 

parameters:
0.26612229910998053, -66.17636666563995, 19.615000913434205, 
objectives:
-85.72054650099057, -43.555033870562085, 4360.767325229872, 

parameters:
-0.4534950859239615, -34.46868941826929, 19.164900619427367, 
objectives:
-53.42793224473948, -9.284150662188896, 1170.1313073866395, 

parameters:
2.772704419126047, -44.50053946713692, 11.929202954557265, 
objectives:
-48.74185262585307, -31.97426439324273, 1977.0566997074943, 

parameters:
1.9450159494359314, -53.45728649510317, 0, 
objectives:
-49.67419945154301, -53.45426324928674, 2862.4645664631, 

parameters:
-0.4106738599156694, -41.55058585997044, 20, 
objectives:
-61.381932840752405, -15.739237401089724, 1707.6198383259934, 

parameters:
-0.3104631339249253, -99.44736200003472, 6.387001397008589, 
objectives:
-105.73797603951682, -87.72212070979994, 9884.487194726466, 

parameters:
3.4692347240433827, -70.45322354055646, 0, 
objectives:
-58.4176339700481, -68.29457286622163, 4976.692296826129, 

parameters:
1.2610853752679367, -62.798918797860836, 19.43723460646992, 
objectives:
-80.64581708061608, -42.81568936874799, 3926.857303897564, 

parameters:
-0.4194385675482174, -4.655104036615128, 0.08723331364467979, 
objectives:
-4.566408638312907, 1.285812259169321, 22.75868899001268, 

parameters:
0.34083434051941497, -69.1948396349729, 3.5735607056510688, 
objectives:
-72.65223229294665, -62.86844824372218, 4785.468439451642, 

parameters:
1.213295521695735, -94.75219479409236, 0.13827279659333996, 
objectives:
-93.41838156771878, -93.99501806131504, 8980.312231523996, 

parameters:
0.2944223887789008, -29.456344264364002, 7.3137294058002436, 
objectives:
-36.68338912714997, -19.233619870665088, 861.449172557944, 

parameters:
3.6072129266902437, -75.01300881179115, 4.628343970919233, 
objectives:
-66.6293676842292, -67.8015314491517, 5636.335132125419, 

parameters:
0.7025618527502364, -86.0628105665599, 1.9402279391218105, 
objectives:
-87.50944534874186, -82.4392368814992, 7406.360727833393, 

parameters:
-1.6450630294973125, -86.48682247523557, 9.589101166903657, 
objectives:
-93.36969127112036, -63.61123681932378, 7474.087593067027, 

parameters:
0.5713781178432188, -39.78636028888764, 3.148119199395386, 
objectives:
-42.60800653473297, -34.59728060731507, 1581.1328187913305, 

parameters:
0.24271566725846294, -36.99527857894172, 3.5732414883279846, 
objectives:
-40.50960917213699, -30.33398886451487, 1366.1363065403089, 

parameters:
2.410493121058943, -30.664901670499844, 5.588493442663438, 
objectives:
-30.442918026490798, -24.907903625399694, 941.5581781054332, 

parameters:
1.1147241603997307, -37.38069747360655, 10.45713588448165, 
objectives:
-46.59522340430932, -26.13984827694494, 1389.1020176825925, 

parameters:
-0.5808949275234798, -25.620368606821657, 0, 
objectives:
-25.282929689999147, -18.959349979905227, 657.7407264662352, 

parameters:
-0.9859551857791999, -77.14115240741268, 0, 
objectives:
-76.16904477904778, -68.22522403593098, 5952.729502372035, 

parameters:
0.17488283501612512, -13.521164773929042, 12.359011575263327, 
objectives:
-25.849592343209093, 2.1688994672530626, 171.49346927445956, 

parameters:
2.935803667422962, -30.413983090563818, 6.079990682967811, 
objectives:
-27.875030599877512, -23.458263903633743, 928.5493199237881, 

parameters:
0.29818561849024605, -100, 5.378552600929574, 
objectives:
-105.28963793785516, -91.725275209957, 9995.710362062146, 

parameters:
1.8080899747001984, -70.32476710740673, 14.296142427353367, 
objectives:
-81.35172017814872, -55.99179522224279, 4935.545915640253, 

parameters:
-1.1375175517951173, -75.36470390679936, 2.3409656367898974, 
objectives:
-76.41172336294731, -63.179721882187046, 5679.791575503391, 

