Generation 2784 at Fri May 24 19:48:24 2019
parameters:
5.2823937123182105, -13.602346317906685, 0.0705752995543256, 
objectives:
14.230761714477953, -2.757662535686235, 213.85693338465418, 

parameters:
0.051044676920685594, -100.0, 20, 
objectives:
-119.99739444095806, -76.2015731486408, 9981.002605559042, 

parameters:
-2.4889104244536515, -9.976436335118539, 19.885368146152476, 
objectives:
-23.667129380316958, 30.059248609802598, 86.838588903475, 

parameters:
-0.09310337269809921, -0.38187417318528993, 20, 
objectives:
-20.37320593517753, 23.999207555614866, -18.84550387784629, 

parameters:
1.9973066371654076, -100, 0, 
objectives:
-96.01076619713501, -99.99999274579665, 10004.989233802866, 

parameters:
0.2944223887789008, -29.456344264364002, 7.3137294058002436, 
objectives:
-36.68338912714997, -19.233619870665088, 861.449172557944, 

parameters:
1.8922521645534602, -97.36095843849846, 4.732107569790532, 
objectives:
-98.51244775403173, -92.61724127266451, 9479.00473874749, 

parameters:
0.17714703616408922, -93.3456371907176, 18.971689241459828, 
objectives:
-112.2859453597557, -71.0511550214924, 8695.467674372043, 

parameters:
3.3681376133854277, 0.5847697542439239, 6.682672718559477, 
objectives:
5.246448018386133, 9.139243001963376, 6.003633929620708, 

parameters:
1.49672654441494, -79.67456010621189, 5.25907518988046, 
objectives:
-82.69344494733606, -74.1622007452349, 6346.016643277246, 

parameters:
0.26612229910998053, -66.17636666563995, 19.615000913434205, 
objectives:
-85.72054650099057, -43.555033870562085, 4360.767325229872, 

parameters:
4.041298696977509, -21.75315430503759, 10.625651060821758, 
objectives:
-16.04671020766724, -6.960602873933757, 479.90616631614574, 

parameters:
-2.27777104280033, -9.397497066678984, 3.5998552331995954, 
objectives:
-7.809111376458876, 12.501683261141633, 90.90133680846021, 

parameters:
3.6072129266902437, -75.01300881179115, 4.628343970919233, 
objectives:
-66.6293676842292, -67.8015314491517, 5636.335132125419, 

parameters:
0.34083434051941497, -69.1948396349729, 3.5735607056510688, 
objectives:
-72.65223229294665, -62.86844824372218, 4785.468439451642, 

parameters:
-0.4194385675482174, -4.655104036615128, 0.08723331364467979, 
objectives:
-4.566408638312907, 1.285812259169321, 22.75868899001268, 

parameters:
-0.3104631339249253, -99.44736200003472, 6.387001397008589, 
objectives:
-105.73797603951682, -87.72212070979994, 9884.487194726466, 

parameters:
2.772704419126047, -44.50053946713692, 11.929202954557265, 
objectives:
-48.74185262585307, -31.97426439324273, 1977.0566997074943, 

parameters:
-0.4534950859239615, -34.46868941826929, 19.164900619427367, 
objectives:
-53.42793224473948, -9.284150662188896, 1170.1313073866395, 

parameters:
0.7025618527502364, -86.0628105665599, 1.9402279391218105, 
objectives:
-87.50944534874186, -82.4392368814992, 7406.360727833393, 

parameters:
-1.0341591641618844, -90.51844509899641, 1.9185207874872068, 
objectives:
-91.36748070966361, -79.39380247804165, 8193.73986752936, 

parameters:
0.5713781178432188, -39.78636028888764, 3.148119199395386, 
objectives:
-42.60800653473297, -34.59728060731507, 1581.1328187913305, 

parameters:
4.252576467827311, -49.345343008308824, 18.782864359753358, 
objectives:
-50.043800753343575, -25.488377905146105, 2435.264418862618, 

parameters:
3.4692347240433827, -70.45322354055646, 0, 
objectives:
-58.4176339700481, -68.29457286622163, 4976.692296826129, 

parameters:
1.9966165727026102, -61.044135726427996, 20, 
objectives:
-77.05765798803728, -41.04412427884772, 3711.372984324954, 

parameters:
-0.3607713138352332, -88.37502714109448, 19.352924215102423, 
objectives:
-107.5977954153105, -63.44886172976473, 7791.9226539149695, 

parameters:
1.9450159494359314, -53.45728649510317, 0, 
objectives:
-49.67419945154301, -53.45426324928674, 2862.4645664631, 

parameters:
2.223496000304467, -55.25230154264162, 18.561072323635848, 
objectives:
-68.8694394029075, -36.64127875685367, 3040.1996878987316, 

parameters:
-0.3545568520415996, -61.660037578775345, 3.7490792344540855, 
objectives:
-65.28340625189978, -52.36702037482521, 3799.336865542863, 

parameters:
-2.0494255209848364, -95.79883089398493, 2.945841523945151, 
objectives:
-94.5445274518661, -76.45514232003646, 9179.670304096438, 

parameters:
-0.6038006937017956, -3.580080411400613, 20, 
objectives:
-23.215505133685845, 23.19969764112134, -5.81844897019085, 

parameters:
-0.4106738599156694, -41.55058585997044, 20, 
objectives:
-61.381932840752405, -15.739237401089724, 1707.6198383259934, 

parameters:
-1.9569346730213462, -49.205752657895154, 19.655488826337873, 
objectives:
-65.03164816975986, -13.892931824998733, 2406.3801991180917, 

parameters:
4.310021738170251, -82.79680998355403, 0, 
objectives:
-64.22052260005391, -77.46060955273492, 6874.888030836252, 

parameters:
0.46219638770003857, -58.30996716049431, 3.4879074499742813, 
objectives:
-61.58424910966563, -52.45721976051722, 3397.7779883087533, 

parameters:
0.022262845210058946, -83.75818596287023, 2.3381033280907926, 
objectives:
-86.09579365668418, -77.50863838134282, 7014.096108096937, 

