Generation 2788 at Fri May 24 19:48:24 2019
parameters:
5.2823937123182105, -13.602346317906685, 0.0705752995543256, 
objectives:
14.230761714477953, -2.757662535686235, 213.85693338465418, 

parameters:
0.051044676920685594, -100.0, 20, 
objectives:
-119.99739444095806, -76.2015731486408, 9981.002605559042, 

parameters:
-2.4889104244536515, -9.976436335118539, 19.885368146152476, 
objectives:
-23.667129380316958, 30.059248609802598, 86.838588903475, 

parameters:
-0.09310337269809921, -0.38187417318528993, 20, 
objectives:
-20.37320593517753, 23.999207555614866, -18.84550387784629, 

parameters:
1.9973066371654076, -100, 0, 
objectives:
-96.01076619713501, -99.99999274579665, 10004.989233802866, 

parameters:
3.3681376133854277, 0.5847697542439239, 6.682672718559477, 
objectives:
5.246448018386133, 9.139243001963376, 6.003633929620708, 

parameters:
0.2944223887789008, -29.456344264364002, 7.3137294058002436, 
objectives:
-36.68338912714997, -19.233619870665088, 861.449172557944, 

parameters:
0.5713781178432188, -39.78636028888764, 3.148119199395386, 
objectives:
-42.60800653473297, -34.59728060731507, 1581.1328187913305, 

parameters:
1.49672654441494, -79.67456010621189, 5.25907518988046, 
objectives:
-82.69344494733606, -74.1622007452349, 6346.016643277246, 

parameters:
1.8922521645534602, -97.36095843849846, 4.732107569790532, 
objectives:
-98.51244775403173, -92.61724127266451, 9479.00473874749, 

parameters:
-0.4534950859239615, -34.46868941826929, 19.164900619427367, 
objectives:
-53.42793224473948, -9.284150662188896, 1170.1313073866395, 

parameters:
1.9966165727026102, -61.044135726427996, 20, 
objectives:
-77.05765798803728, -41.04412427884772, 3711.372984324954, 

parameters:
3.6072129266902437, -75.01300881179115, 4.628343970919233, 
objectives:
-66.6293676842292, -67.8015314491517, 5636.335132125419, 

parameters:
4.041298696977509, -21.75315430503759, 10.625651060821758, 
objectives:
-16.04671020766724, -6.960602873933757, 479.90616631614574, 

parameters:
-0.3607713138352332, -88.37502714109448, 19.352924215102423, 
objectives:
-107.5977954153105, -63.44886172976473, 7791.9226539149695, 

parameters:
0.17714703616408922, -93.3456371907176, 18.971689241459828, 
objectives:
-112.2859453597557, -71.0511550214924, 8695.467674372043, 

parameters:
-0.503784961244399, -94.22175957651707, 0.2256709277590439, 
objectives:
-94.19363121710009, -87.72714951660441, 8878.768106054404, 

parameters:
0.26612229910998053, -66.17636666563995, 19.615000913434205, 
objectives:
-85.72054650099057, -43.555033870562085, 4360.767325229872, 

parameters:
1.9450159494359314, -53.45728649510317, 0, 
objectives:
-49.67419945154301, -53.45426324928674, 2862.4645664631, 

parameters:
-0.4194385675482174, -4.655104036615128, 0.08723331364467979, 
objectives:
-4.566408638312907, 1.285812259169321, 22.75868899001268, 

parameters:
4.403140846740605, -47.706670642417414, 3.1060555796947527, 
objectives:
-31.425076905876594, -38.82552913344951, 2293.2080175206324, 

parameters:
-1.0341591641618844, -90.51844509899641, 1.9185207874872068, 
objectives:
-91.36748070966361, -79.39380247804165, 8193.73986752936, 

parameters:
0.34083434051941497, -69.1948396349729, 3.5735607056510688, 
objectives:
-72.65223229294665, -62.86844824372218, 4785.468439451642, 

parameters:
0.18226785810615476, -57.813075894903676, 2.3507736348837454, 
objectives:
-60.130627957688816, -52.158152120345946, 3341.034192367107, 

parameters:
0.08633749700994214, -66.24189360605588, 4.110327343309126, 
objectives:
-70.34476678597507, -58.469462087396586, 4384.885595336108, 

parameters:
-1.1493403439063088, -85.64180939482378, 3.754740012204941, 
objectives:
-88.07556618089805, -71.96872478086294, 7333.085759633253, 

parameters:
3.443234925737543, -98.51035295457393, 14.913588890615033, 
objectives:
-101.56807509137015, -81.51383701309025, 9702.231917097937, 

parameters:
-0.6914038131131552, -51.26264112935694, 13.048841372817247, 
objectives:
-63.83344326938678, -30.970145271299668, 2616.2875734172085, 

parameters:
-1.7135925946443344, -57.43290887976381, 18.790487551819147, 
objectives:
-73.28699685116305, -24.851651368947422, 3283.684934419853, 

parameters:
2.764270566080683, -8.737392617368913, 8.275201487154785, 
objectives:
-9.371402342023679, 0.12191836796315947, 76.70802002539801, 

parameters:
0.7025618527502364, -86.0628105665599, 1.9402279391218105, 
objectives:
-87.50944534874186, -82.4392368814992, 7406.360727833393, 

parameters:
3.7235673747948734, -47.48291319755456, 19.61234320060426, 
objectives:
-53.23030240352203, -24.899885501493007, 2249.8796565205334, 

parameters:
-1.9416331128812616, -58.31323311145927, 17.600375278017527, 
objectives:
-72.14366924443982, -25.17638623687972, 3387.602719778409, 

parameters:
-2.8456291470441437, -76.41690512471416, 19.736564548236824, 
objectives:
-88.0558644304438, -33.20021874579358, 5828.904429533836, 

parameters:
2.504534624659881, -51.986240786731436, 20, 
objectives:
-65.71354710061122, -31.731685599250746, 2689.8419248221394, 

