Generation 2790 at Fri May 24 19:48:24 2019
parameters:
5.2823937123182105, -13.602346317906685, 0.0705752995543256, 
objectives:
14.230761714477953, -2.757662535686235, 213.85693338465418, 

parameters:
0.051044676920685594, -100.0, 20, 
objectives:
-119.99739444095806, -76.2015731486408, 9981.002605559042, 

parameters:
-2.4889104244536515, -9.976436335118539, 19.885368146152476, 
objectives:
-23.667129380316958, 30.059248609802598, 86.838588903475, 

parameters:
-0.09310337269809921, -0.38187417318528993, 20, 
objectives:
-20.37320593517753, 23.999207555614866, -18.84550387784629, 

parameters:
1.9973066371654076, -100, 0, 
objectives:
-96.01076619713501, -99.99999274579665, 10004.989233802866, 

parameters:
1.8922521645534602, -97.36095843849846, 4.732107569790532, 
objectives:
-98.51244775403173, -92.61724127266451, 9479.00473874749, 

parameters:
1.49672654441494, -79.67456010621189, 5.25907518988046, 
objectives:
-82.69344494733606, -74.1622007452349, 6346.016643277246, 

parameters:
0.5713781178432188, -39.78636028888764, 3.148119199395386, 
objectives:
-42.60800653473297, -34.59728060731507, 1581.1328187913305, 

parameters:
3.443234925737543, -98.51035295457393, 14.913588890615033, 
objectives:
-101.56807509137015, -81.51383701309025, 9702.231917097937, 

parameters:
-1.1493403439063088, -85.64180939482378, 3.754740012204941, 
objectives:
-88.07556618089805, -71.96872478086294, 7333.085759633253, 

parameters:
3.3681376133854277, 0.5847697542439239, 6.682672718559477, 
objectives:
5.246448018386133, 9.139243001963376, 6.003633929620708, 

parameters:
-0.4194385675482174, -4.655104036615128, 0.08723331364467979, 
objectives:
-4.566408638312907, 1.285812259169321, 22.75868899001268, 

parameters:
1.9966165727026102, -61.044135726427996, 20, 
objectives:
-77.05765798803728, -41.04412427884772, 3711.372984324954, 

parameters:
1.9450159494359314, -53.45728649510317, 0, 
objectives:
-49.67419945154301, -53.45426324928674, 2862.4645664631, 

parameters:
4.403140846740605, -47.706670642417414, 3.1060555796947527, 
objectives:
-31.425076905876594, -38.82552913344951, 2293.2080175206324, 

parameters:
1.3332888722282568, -61.970661221459714, 9.655399592049971, 
objectives:
-69.84840159670199, -51.87075790151508, 3833.4851118496886, 

parameters:
-0.4534950859239615, -34.46868941826929, 19.164900619427367, 
objectives:
-53.42793224473948, -9.284150662188896, 1170.1313073866395, 

parameters:
2.3237975562798234, -6.192659691053985, 18.799283600191213, 
objectives:
-19.591908208673118, 12.711468766590013, 25.9497855315857, 

parameters:
0.08633749700994214, -66.24189360605588, 4.110327343309126, 
objectives:
-70.34476678597507, -58.469462087396586, 4384.885595336108, 

parameters:
-0.07766747750321741, -94.72085588006945, 20.0, 
objectives:
-114.71482364300773, -70.40415373299487, 8953.046570889948, 

parameters:
-1.0341591641618844, -90.51844509899641, 1.9185207874872068, 
objectives:
-91.36748070966361, -79.39380247804165, 8193.73986752936, 

parameters:
-0.3607713138352332, -88.37502714109448, 19.352924215102423, 
objectives:
-107.5977954153105, -63.44886172976473, 7791.9226539149695, 

parameters:
4.072490227486927, -15.34562032916414, 15.679312197091297, 
objectives:
-14.439755873278912, 4.628907610955972, 237.39392774274094, 

parameters:
-0.6914038131131552, -51.26264112935694, 13.048841372817247, 
objectives:
-63.83344326938678, -30.970145271299668, 2616.2875734172085, 

parameters:
-2.3857073367756847, -37.1006977312443, 5.613658642055124, 
objectives:
-37.0227568765541, -12.25261024534111, 1377.5397129998464, 

parameters:
3.6072129266902437, -75.01300881179115, 4.628343970919233, 
objectives:
-66.6293676842292, -67.8015314491517, 5636.335132125419, 

parameters:
1.64101964614245, -75.38832601547585, 9.669633278022566, 
objectives:
-82.36501381447292, -65.58982584299758, 5677.4230116166755, 

parameters:
0.17714703616408922, -93.3456371907176, 18.971689241459828, 
objectives:
-112.2859453597557, -71.0511550214924, 8695.467674372043, 

parameters:
-1.7135925946443344, -57.43290887976381, 18.790487551819147, 
objectives:
-73.28699685116305, -24.851651368947422, 3283.684934419853, 

parameters:
1.5260942566300455, -70.87582586312024, 7.220320095728958, 
objectives:
-75.76718227872999, -63.43091911379225, 5019.491335363734, 

parameters:
-0.27933691084726914, -21.988878256558543, 6.725333005103307, 
objectives:
-28.636182151900158, -10.068168498304464, 477.86346308641146, 

parameters:
-3.872309892037302, -87.01293011892137, 19.891786122791054, 
objectives:
-91.90993234174249, -32.63712052801117, 7567.353005657473, 

parameters:
1.119926891546299, -25.562691628350628, 6.098440250944769, 
objectives:
-30.40689563688684, -18.6897227011825, 649.606999277611, 

parameters:
0.18226785810615476, -57.813075894903676, 2.3507736348837454, 
objectives:
-60.130627957688816, -52.158152120345946, 3341.034192367107, 

parameters:
3.247231700507257, -67.43696981086126, 3.301787546286066, 
objectives:
-60.19424364036807, -62.57959534982497, 4555.987623441505, 

parameters:
1.0623088782827956, -16.915824421159652, 20.0, 
objectives:
-35.787324268281196, 3.9634402185876176, 268.2736160003797, 

parameters:
1.9737568626648445, -30.27041339817918, 4.322547064241268, 
objectives:
-30.697244309503876, -25.94717763168072, 916.8710963853409, 

parameters:
0.2944223887789008, -29.456344264364002, 7.3137294058002436, 
objectives:
-36.68338912714997, -19.233619870665088, 861.449172557944, 

parameters:
0.34083434051941497, -69.1948396349729, 3.5735607056510688, 
objectives:
-72.65223229294665, -62.86844824372218, 4785.468439451642, 

