Generation 2794 at Fri May 24 19:48:24 2019
parameters:
0.051044676920685594, -100.0, 20, 
objectives:
-119.99739444095806, -76.2015731486408, 9981.002605559042, 

parameters:
5.2823937123182105, -13.602346317906685, 0.0705752995543256, 
objectives:
14.230761714477953, -2.757662535686235, 213.85693338465418, 

parameters:
-2.4889104244536515, -9.976436335118539, 19.885368146152476, 
objectives:
-23.667129380316958, 30.059248609802598, 86.838588903475, 

parameters:
-0.09310337269809921, -0.38187417318528993, 20, 
objectives:
-20.37320593517753, 23.999207555614866, -18.84550387784629, 

parameters:
1.9973066371654076, -100, 0, 
objectives:
-96.01076619713501, -99.99999274579665, 10004.989233802866, 

parameters:
1.8922521645534602, -97.36095843849846, 4.732107569790532, 
objectives:
-98.51244775403173, -92.61724127266451, 9479.00473874749, 

parameters:
1.49672654441494, -79.67456010621189, 5.25907518988046, 
objectives:
-82.69344494733606, -74.1622007452349, 6346.016643277246, 

parameters:
3.3681376133854277, 0.5847697542439239, 6.682672718559477, 
objectives:
5.246448018386133, 9.139243001963376, 6.003633929620708, 

parameters:
4.403140846740605, -47.706670642417414, 3.1060555796947527, 
objectives:
-31.425076905876594, -38.82552913344951, 2293.2080175206324, 

parameters:
0.41038439797457804, -91.43019449359048, 0, 
objectives:
-91.26177913948952, -88.90331673138783, 8360.648880489884, 

parameters:
-0.07766747750321741, -94.72085588006945, 20.0, 
objectives:
-114.71482364300773, -70.40415373299487, 8953.046570889948, 

parameters:
0.5713781178432188, -39.78636028888764, 3.148119199395386, 
objectives:
-42.60800653473297, -34.59728060731507, 1581.1328187913305, 

parameters:
1.5260942566300455, -70.87582586312024, 7.220320095728958, 
objectives:
-75.76718227872999, -63.43091911379225, 5019.491335363734, 

parameters:
3.6072129266902437, -75.01300881179115, 4.628343970919233, 
objectives:
-66.6293676842292, -67.8015314491517, 5636.335132125419, 

parameters:
-0.3607713138352332, -88.37502714109448, 19.352924215102423, 
objectives:
-107.5977954153105, -63.44886172976473, 7791.9226539149695, 

parameters:
-1.7135925946443344, -57.43290887976381, 18.790487551819147, 
objectives:
-73.28699685116305, -24.851651368947422, 3283.684934419853, 

parameters:
1.4433186609841617, -52.52146915709276, 11.415486242076824, 
objectives:
-61.853786642024474, -40.79608880180747, 2750.172404934514, 

parameters:
0.08633749700994214, -66.24189360605588, 4.110327343309126, 
objectives:
-70.34476678597507, -58.469462087396586, 4384.885595336108, 

parameters:
2.2612378165759552, -84.78270003060018, 0.8580594032838095, 
objectives:
-80.52756297077079, -83.856395430507, 7193.361361538561, 

parameters:
1.3627552762763702, -95.8620565431695, 13.624164681252147, 
objectives:
-107.62911928140255, -81.83181102400374, 9178.766821947593, 

parameters:
1.8481298301551816, -43.19911312755025, 7.3560436122271895, 
objectives:
-47.13957287066802, -35.82000496683437, 1863.2229152637665, 

parameters:
1.7268299431995207, -83.8364448402197, 7.628023257986228, 
objectives:
-88.48252644547547, -76.13379970230109, 7024.903401841944, 

parameters:
-0.4534950859239615, -34.46868941826929, 19.164900619427367, 
objectives:
-53.42793224473948, -9.284150662188896, 1170.1313073866395, 

parameters:
3.053206764741995, -49.141266020521755, 5.219775332496337, 
objectives:
-45.038969804751815, -42.81224619872712, 2419.9663223154557, 

parameters:
-0.4194385675482174, -4.655104036615128, 0.08723331364467979, 
objectives:
-4.566408638312907, 1.285812259169321, 22.75868899001268, 

parameters:
2.716886706239854, -23.414097370938528, 5.066637795781153, 
objectives:
-21.09926179217684, -17.83353302557395, 551.5347912745522, 

parameters:
3.435858493841822, -61.47119148898276, 6.845319628593126, 
objectives:
-56.51138752787089, -52.56418224605193, 3784.6671870362984, 

parameters:
4.072490227486927, -15.34562032916414, 15.679312197091297, 
objectives:
-14.439755873278912, 4.628907610955972, 237.39392774274094, 

parameters:
2.1360946822622893, -40.691088652986615, 16.955954636163103, 
objectives:
-53.08414279756049, -23.716612254283437, 1644.371641620642, 

parameters:
0.5394573831196272, -62.83962216782679, 2.415666279613131, 
objectives:
-64.96427417923765, -58.29077115248989, 3947.6934621838172, 

parameters:
0.402805168012609, -28.137658796683205, 17.07915011855063, 
objectives:
-45.05455691185617, -8.507477346805345, 775.8109444433908, 

parameters:
3.425521004215838, -56.84845394772046, 0, 
objectives:
-45.11425979739657, -54.81634381425992, 3244.4809103964176, 

parameters:
2.5071639644201484, -34.91119127830718, 15.387139461585436, 
objectives:
-44.01245959540566, -19.26683652991538, 1210.6900081534525, 

parameters:
2.88351138852556, -1.502490148083119, 3.8398554563678426, 
objectives:
2.9722923233056417, 3.117957681939087, 7.732259116475593, 

parameters:
1.3332888722282568, -61.970661221459714, 9.655399592049971, 
objectives:
-69.84840159670199, -51.87075790151508, 3833.4851118496886, 

parameters:
2.7663646670403605, -18.725523268793886, 0.07838432226046005, 
objectives:
-11.15113412000502, -18.059824143645542, 359.2196108389301, 

parameters:
-1.6624910813637845, -84.47442362348947, 7.575290580928635, 
objectives:
-89.28583760880399, -63.48529212149157, 7132.116832535442, 

parameters:
2.5470935461112627, -5.753979112542034, 9.927438896049575, 
objectives:
-9.193732475949961, 4.472771131704137, 30.668522264162085, 

parameters:
0.4402599567452983, -62.29289683294408, 7.0627511539361905, 
objectives:
-69.16181915736689, -52.79735667647571, 3874.5360735153918, 

