Generation 2796 at Fri May 24 19:48:24 2019
parameters:
0.051044676920685594, -100.0, 20, 
objectives:
-119.99739444095806, -76.2015731486408, 9981.002605559042, 

parameters:
5.2823937123182105, -13.602346317906685, 0.0705752995543256, 
objectives:
14.230761714477953, -2.757662535686235, 213.85693338465418, 

parameters:
-2.4889104244536515, -9.976436335118539, 19.885368146152476, 
objectives:
-23.667129380316958, 30.059248609802598, 86.838588903475, 

parameters:
-0.09310337269809921, -0.38187417318528993, 20, 
objectives:
-20.37320593517753, 23.999207555614866, -18.84550387784629, 

parameters:
1.9973066371654076, -100, 0, 
objectives:
-96.01076619713501, -99.99999274579665, 10004.989233802866, 

parameters:
-1.7135925946443344, -57.43290887976381, 18.790487551819147, 
objectives:
-73.28699685116305, -24.851651368947422, 3283.684934419853, 

parameters:
0.5713781178432188, -39.78636028888764, 3.148119199395386, 
objectives:
-42.60800653473297, -34.59728060731507, 1581.1328187913305, 

parameters:
-0.3607713138352332, -88.37502714109448, 19.352924215102423, 
objectives:
-107.5977954153105, -63.44886172976473, 7791.9226539149695, 

parameters:
-0.0869066814662427, -67.4681557416263, 17.755226830905645, 
objectives:
-85.21582980124847, -45.35774941357222, 4535.2043651167205, 

parameters:
1.8922521645534602, -97.36095843849846, 4.732107569790532, 
objectives:
-98.51244775403173, -92.61724127266451, 9479.00473874749, 

parameters:
3.6072129266902437, -75.01300881179115, 4.628343970919233, 
objectives:
-66.6293676842292, -67.8015314491517, 5636.335132125419, 

parameters:
-0.4194385675482174, -4.655104036615128, 0.08723331364467979, 
objectives:
-4.566408638312907, 1.285812259169321, 22.75868899001268, 

parameters:
3.3681376133854277, 0.5847697542439239, 6.682672718559477, 
objectives:
5.246448018386133, 9.139243001963376, 6.003633929620708, 

parameters:
1.49672654441494, -79.67456010621189, 5.25907518988046, 
objectives:
-82.69344494733606, -74.1622007452349, 6346.016643277246, 

parameters:
1.5260942566300455, -70.87582586312024, 7.220320095728958, 
objectives:
-75.76718227872999, -63.43091911379225, 5019.491335363734, 

parameters:
-0.07766747750321741, -94.72085588006945, 20.0, 
objectives:
-114.71482364300773, -70.40415373299487, 8953.046570889948, 

parameters:
0.5394573831196272, -62.83962216782679, 2.415666279613131, 
objectives:
-64.96427417923765, -58.29077115248989, 3947.6934621838172, 

parameters:
1.4433186609841617, -52.52146915709276, 11.415486242076824, 
objectives:
-61.853786642024474, -40.79608880180747, 2750.172404934514, 

parameters:
-2.2339002516159177, -18.67453547220247, 17.96679657080208, 
objectives:
-31.651021708834893, 17.21817243923294, 336.7617888659159, 

parameters:
2.2612378165759552, -84.78270003060018, 0.8580594032838095, 
objectives:
-80.52756297077079, -83.856395430507, 7193.361361538561, 

parameters:
0.46429960800541403, -93.3622654898468, 9.212064996552256, 
objectives:
-102.35875636040508, -81.79182479932223, 8708.516126526081, 

parameters:
0.41038439797457804, -91.43019449359048, 0, 
objectives:
-91.26177913948952, -88.90331673138783, 8360.648880489884, 

parameters:
-0.4534950859239615, -34.46868941826929, 19.164900619427367, 
objectives:
-53.42793224473948, -9.284150662188896, 1170.1313073866395, 

parameters:
1.9784802640528791, -45.174261492996465, 3.7922766704042092, 
objectives:
-45.05215400815392, -41.38152172355702, 2041.836008922466, 

parameters:
0.08633749700994214, -66.24189360605588, 4.110327343309126, 
objectives:
-70.34476678597507, -58.469462087396586, 4384.885595336108, 

parameters:
1.7268299431995207, -83.8364448402197, 7.628023257986228, 
objectives:
-88.48252644547547, -76.13379970230109, 7024.903401841944, 

parameters:
1.8373415836745801, -61.17370798565397, 2.7273253007724776, 
objectives:
-60.52520919132663, -58.41992492448, 3743.8710475083913, 

parameters:
3.220676475582955, -27.969251985079037, 12.77771415854335, 
objectives:
-30.374209183248944, -13.70148676849406, 780.8740994066776, 

parameters:
2.716886706239854, -23.414097370938528, 5.066637795781153, 
objectives:
-21.09926179217684, -17.83353302557395, 551.5347912745522, 

parameters:
-0.23212251503344783, -34.94489445925935, 13.650702772929172, 
objectives:
-48.54171637020307, -16.311820764210935, 1208.548826857831, 

parameters:
1.8481298301551816, -43.19911312755025, 7.3560436122271895, 
objectives:
-47.13957287066802, -35.82000496683437, 1863.2229152637665, 

parameters:
1.0569879765218375, -15.284673555734996, 16.117733158975152, 
objectives:
-30.28518313219842, 1.7223312796645356, 219.62073612892127, 

parameters:
3.2444295539318215, -3.8050159518562596, 0.13822556209683853, 
objectives:
6.58308161647314, -2.1181854750604687, 25.866243962209996, 

parameters:
-1.980778002484064, -92.1335723192177, 4.237075153474068, 
objectives:
-92.44716597756701, -72.04990366068263, 8489.28155464217, 

parameters:
1.5229928082483133, -16.7521867198348, 7.281123263915757, 
objectives:
-21.713802889774474, -9.243527594936214, 276.6741437262698, 

parameters:
-1.2207725455586442, -7.757304212173262, 16.730777748755308, 
objectives:
-22.99779635293884, 19.346849326806357, 45.93527649943545, 

