Generation 2798 at Fri May 24 19:48:24 2019
parameters:
5.2823937123182105, -13.602346317906685, 0.0705752995543256, 
objectives:
14.230761714477953, -2.757662535686235, 213.85693338465418, 

parameters:
0.051044676920685594, -100.0, 20, 
objectives:
-119.99739444095806, -76.2015731486408, 9981.002605559042, 

parameters:
-2.4889104244536515, -9.976436335118539, 19.885368146152476, 
objectives:
-23.667129380316958, 30.059248609802598, 86.838588903475, 

parameters:
-0.09310337269809921, -0.38187417318528993, 20, 
objectives:
-20.37320593517753, 23.999207555614866, -18.84550387784629, 

parameters:
1.9973066371654076, -100, 0, 
objectives:
-96.01076619713501, -99.99999274579665, 10004.989233802866, 

parameters:
3.9623389743767166, -37.32868729098459, 19.102983642202954, 
objectives:
-40.731540785322814, -14.37492939842377, 1391.0280413737762, 

parameters:
3.6072129266902437, -75.01300881179115, 4.628343970919233, 
objectives:
-66.6293676842292, -67.8015314491517, 5636.335132125419, 

parameters:
-1.7135925946443344, -57.43290887976381, 18.790487551819147, 
objectives:
-73.28699685116305, -24.851651368947422, 3283.684934419853, 

parameters:
0.5713781178432188, -39.78636028888764, 3.148119199395386, 
objectives:
-42.60800653473297, -34.59728060731507, 1581.1328187913305, 

parameters:
-0.07766747750321741, -94.72085588006945, 20.0, 
objectives:
-114.71482364300773, -70.40415373299487, 8953.046570889948, 

parameters:
-0.4534950859239615, -34.46868941826929, 19.164900619427367, 
objectives:
-53.42793224473948, -9.284150662188896, 1170.1313073866395, 

parameters:
1.49672654441494, -79.67456010621189, 5.25907518988046, 
objectives:
-82.69344494733606, -74.1622007452349, 6346.016643277246, 

parameters:
3.3681376133854277, 0.5847697542439239, 6.682672718559477, 
objectives:
5.246448018386133, 9.139243001963376, 6.003633929620708, 

parameters:
-0.4194385675482174, -4.655104036615128, 0.08723331364467979, 
objectives:
-4.566408638312907, 1.285812259169321, 22.75868899001268, 

parameters:
1.9784802640528791, -45.174261492996465, 3.7922766704042092, 
objectives:
-45.05215400815392, -41.38152172355702, 2041.836008922466, 

parameters:
0.41038439797457804, -91.43019449359048, 0, 
objectives:
-91.26177913948952, -88.90331673138783, 8360.648880489884, 

parameters:
2.716886706239854, -23.414097370938528, 5.066637795781153, 
objectives:
-21.09926179217684, -17.83353302557395, 551.5347912745522, 

parameters:
1.5260942566300455, -70.87582586312024, 7.220320095728958, 
objectives:
-75.76718227872999, -63.43091911379225, 5019.491335363734, 

parameters:
1.8922521645534602, -97.36095843849846, 4.732107569790532, 
objectives:
-98.51244775403173, -92.61724127266451, 9479.00473874749, 

parameters:
-0.3607713138352332, -88.37502714109448, 19.352924215102423, 
objectives:
-107.5977954153105, -63.44886172976473, 7791.9226539149695, 

parameters:
3.531663096428027, -7.957856921645153, 19.580117292080946, 
objectives:
-15.065329987054499, 13.968252211395285, 57.22001371996633, 

parameters:
1.5969796138283827, -51.94956567710163, 1.174937457074934, 
objectives:
-50.574159247193116, -50.61220278835678, 2701.132780469404, 

parameters:
0.08633749700994214, -66.24189360605588, 4.110327343309126, 
objectives:
-70.34476678597507, -58.469462087396586, 4384.885595336108, 

parameters:
1.7268299431995207, -83.8364448402197, 7.628023257986228, 
objectives:
-88.48252644547547, -76.13379970230109, 7024.903401841944, 

parameters:
1.4433186609841617, -52.52146915709276, 11.415486242076824, 
objectives:
-61.853786642024474, -40.79608880180747, 2750.172404934514, 

parameters:
0.5394573831196272, -62.83962216782679, 2.415666279613131, 
objectives:
-64.96427417923765, -58.29077115248989, 3947.6934621838172, 

parameters:
2.2612378165759552, -84.78270003060018, 0.8580594032838095, 
objectives:
-80.52756297077079, -83.856395430507, 7193.361361538561, 

parameters:
1.515238197579752, -87.76265518113348, 8.34642183080028, 
objectives:
-93.81313021652903, -79.18123934524748, 7697.233169407141, 

parameters:
0.46429960800541403, -93.3622654898468, 9.212064996552256, 
objectives:
-102.35875636040508, -81.79182479932223, 8708.516126526081, 

parameters:
-0.0869066814662427, -67.4681557416263, 17.755226830905645, 
objectives:
-85.21582980124847, -45.35774941357222, 4535.2043651167205, 

parameters:
1.1604699211803569, -67.75367106495173, 14.054550567342968, 
objectives:
-80.46153119433036, -52.99430974436585, 4578.8520826483, 

parameters:
-1.5673867802007975, -8.508814978602624, 12.911869746495002, 
objectives:
-18.963983406349403, 17.12930320744379, 62.94476391234559, 

parameters:
2.4693885419794253, -57.64535715200038, 5.025901626401678, 
objectives:
-56.57337900714278, -52.39912992225713, 3325.059179326539, 

parameters:
1.2765863642922943, -100, 5.195682637129306, 
objectives:
-103.56600989163229, -94.28099007454286, 9997.433990108368, 

parameters:
-0.55356692639008, -12.876273660142449, 10.827588533873438, 
objectives:
-23.397425852022927, 4.472018921284271, 156.27727117899772, 

parameters:
1.8373415836745801, -61.17370798565397, 2.7273253007724776, 
objectives:
-60.52520919132663, -58.41992492448, 3743.8710475083913, 

parameters:
-0.11612615287767647, -57.53014952404402, 2.823690907652113, 
objectives:
-60.34035514831397, -50.228468721499034, 3307.907898634592, 

