Generation 2804 at Fri May 24 19:48:24 2019
parameters:
5.2823937123182105, -13.602346317906685, 0.0705752995543256, 
objectives:
14.230761714477953, -2.757662535686235, 213.85693338465418, 

parameters:
0.051044676920685594, -100.0, 20, 
objectives:
-119.99739444095806, -76.2015731486408, 9981.002605559042, 

parameters:
-0.09310337269809921, -0.38187417318528993, 20, 
objectives:
-20.37320593517753, 23.999207555614866, -18.84550387784629, 

parameters:
1.9973066371654076, -100, 0, 
objectives:
-96.01076619713501, -99.99999274579665, 10004.989233802866, 

parameters:
0.5394573831196272, -62.83962216782679, 2.415666279613131, 
objectives:
-64.96427417923765, -58.29077115248989, 3947.6934621838172, 

parameters:
1.8922521645534602, -97.36095843849846, 4.732107569790532, 
objectives:
-98.51244775403173, -92.61724127266451, 9479.00473874749, 

parameters:
1.5969796138283827, -51.94956567710163, 1.174937457074934, 
objectives:
-50.574159247193116, -50.61220278835678, 2701.132780469404, 

parameters:
3.3681376133854277, 0.5847697542439239, 6.682672718559477, 
objectives:
5.246448018386133, 9.139243001963376, 6.003633929620708, 

parameters:
-0.0869066814662427, -67.4681557416263, 17.755226830905645, 
objectives:
-85.21582980124847, -45.35774941357222, 4535.2043651167205, 

parameters:
-0.07766747750321741, -94.72085588006945, 20.0, 
objectives:
-114.71482364300773, -70.40415373299487, 8953.046570889948, 

parameters:
2.716886706239854, -23.414097370938528, 5.066637795781153, 
objectives:
-21.09926179217684, -17.83353302557395, 551.5347912745522, 

parameters:
2.2754187976403277, -29.83093353239775, 5.72322710879787, 
objectives:
-30.376629936540667, -24.03185090950624, 890.3388990101896, 

parameters:
0.41038439797457804, -91.43019449359048, 0, 
objectives:
-91.26177913948952, -88.90331673138783, 8360.648880489884, 

parameters:
1.49672654441494, -79.67456010621189, 5.25907518988046, 
objectives:
-82.69344494733606, -74.1622007452349, 6346.016643277246, 

parameters:
-0.4534950859239615, -34.46868941826929, 19.164900619427367, 
objectives:
-53.42793224473948, -9.284150662188896, 1170.1313073866395, 

parameters:
-0.4194385675482174, -4.655104036615128, 0.08723331364467979, 
objectives:
-4.566408638312907, 1.285812259169321, 22.75868899001268, 

parameters:
0.1290121256515962, -9.298110239516689, 20.0, 
objectives:
-29.281466110951545, 14.20248538644207, 67.47149815477025, 

parameters:
1.4066608594304197, -34.85485211922169, 7.287008623516732, 
objectives:
-40.1631659692849, -27.215792159973105, 1210.5524024027493, 

parameters:
0.46429960800541403, -93.3622654898468, 9.212064996552256, 
objectives:
-102.35875636040508, -81.79182479932223, 8708.516126526081, 

parameters:
0.11426007910312741, -59.197303327727035, 8.607193852198627, 
objectives:
-67.79144181424901, -47.03409442626427, 3496.7265827884003, 

parameters:
0.7430303836912147, -75.69451578649574, 6.673313289580422, 
objectives:
-81.81573492498785, -67.44122988059186, 5724.5385010135615, 

parameters:
0.8053622216841625, -71.48481254725759, 0.9981238023169111, 
objectives:
-71.83432804145845, -69.05952932356128, 5110.728909422356, 

parameters:
1.9784802640528791, -45.174261492996465, 3.7922766704042092, 
objectives:
-45.05215400815392, -41.38152172355702, 2041.836008922466, 

parameters:
2.2612378165759552, -84.78270003060018, 0.8580594032838095, 
objectives:
-80.52756297077079, -83.856395430507, 7193.361361538561, 

parameters:
-0.12595994072305666, -57.291423068924914, 19.292772702666763, 
objectives:
-76.56832986492472, -33.478944696698974, 3264.030250466542, 

parameters:
-2.224305762459958, -11.4151473921884, 4.4290144873121635, 
objectives:
-10.896625754587989, 10.858626269876169, 131.82411162298604, 

parameters:
0.5713781178432188, -39.78636028888764, 3.148119199395386, 
objectives:
-42.60800653473297, -34.59728060731507, 1581.1328187913305, 

parameters:
-0.6738651094826826, -41.74384126774395, 20, 
objectives:
-61.28974708196584, -14.594286644035115, 1724.0023779723813, 

parameters:
1.5260942566300455, -70.87582586312024, 7.220320095728958, 
objectives:
-75.76718227872999, -63.43091911379225, 5019.491335363734, 

parameters:
-0.3607713138352332, -88.37502714109448, 19.352924215102423, 
objectives:
-107.5977954153105, -63.44886172976473, 7791.9226539149695, 

parameters:
3.3283243024544733, -88.41703511504518, 0, 
objectives:
-77.33929245273612, -86.65258966255402, 7829.649841197442, 

parameters:
1.515238197579752, -87.76265518113348, 8.34642183080028, 
objectives:
-93.81313021652903, -79.18123934524748, 7697.233169407141, 

parameters:
1.4433186609841617, -52.52146915709276, 11.415486242076824, 
objectives:
-61.853786642024474, -40.79608880180747, 2750.172404934514, 

parameters:
2.426230698986746, -32.71881487149777, 18.368456567007705, 
objectives:
-45.20067603379976, -14.168685695731334, 1059.0389854330415, 

parameters:
4.472978776362681, -82.89762375479988, 0, 
objectives:
-62.890084621008896, -76.78199972645962, 6893.023563326153, 

parameters:
3.001865102009856, -9.308588442032129, 8.04513026392467, 
objectives:
-8.342524615292154, -0.2597244954822404, 88.61588260987412, 

parameters:
-0.5330397826103731, -83.09894732583113, 9.79673213360251, 
objectives:
-92.61154804958832, -66.88592465194182, 6896.9224459375, 

parameters:
1.157757289523221, -34.83879115951016, 7.630241728299678, 
objectives:
-41.12863094636568, -26.49917664785921, 1208.4515296691075, 

