Generation 2809 at Fri May 24 19:48:24 2019
parameters:
3.3681376133854277, 0.5847697542439239, 6.682672718559477, 
objectives:
5.246448018386133, 9.139243001963376, 6.003633929620708, 

parameters:
0.051044676920685594, -100.0, 20, 
objectives:
-119.99739444095806, -76.2015731486408, 9981.002605559042, 

parameters:
-0.09310337269809921, -0.38187417318528993, 20, 
objectives:
-20.37320593517753, 23.999207555614866, -18.84550387784629, 

parameters:
1.9973066371654076, -100, 0, 
objectives:
-96.01076619713501, -99.99999274579665, 10004.989233802866, 

parameters:
0.41038439797457804, -91.43019449359048, 0, 
objectives:
-91.26177913948952, -88.90331673138783, 8360.648880489884, 

parameters:
3.925792609561068, -17.276827358794378, 6.6034286396404465, 
objectives:
-8.468408385150527, -6.964721544113905, 308.2971825592297, 

parameters:
-0.07766747750321741, -94.72085588006945, 20.0, 
objectives:
-114.71482364300773, -70.40415373299487, 8953.046570889948, 

parameters:
1.8922521645534602, -97.36095843849846, 4.732107569790532, 
objectives:
-98.51244775403173, -92.61724127266451, 9479.00473874749, 

parameters:
-0.3607713138352332, -88.37502714109448, 19.352924215102423, 
objectives:
-107.5977954153105, -63.44886172976473, 7791.9226539149695, 

parameters:
1.4066608594304197, -34.85485211922169, 7.287008623516732, 
objectives:
-40.1631659692849, -27.215792159973105, 1210.5524024027493, 

parameters:
-0.6738651094826826, -41.74384126774395, 20, 
objectives:
-61.28974708196584, -14.594286644035115, 1724.0023779723813, 

parameters:
-1.0507560472609718, -5.188830910839651, 12.977276402541232, 
objectives:
-17.06201904252538, 17.09555795160097, 16.050778089599312, 

parameters:
1.49672654441494, -79.67456010621189, 5.25907518988046, 
objectives:
-82.69344494733606, -74.1622007452349, 6346.016643277246, 

parameters:
1.9784802640528791, -45.174261492996465, 3.7922766704042092, 
objectives:
-45.05215400815392, -41.38152172355702, 2041.836008922466, 

parameters:
0.5394573831196272, -62.83962216782679, 2.415666279613131, 
objectives:
-64.96427417923765, -58.29077115248989, 3947.6934621838172, 

parameters:
-0.0869066814662427, -67.4681557416263, 17.755226830905645, 
objectives:
-85.21582980124847, -45.35774941357222, 4535.2043651167205, 

parameters:
2.2612378165759552, -84.78270003060018, 0.8580594032838095, 
objectives:
-80.52756297077079, -83.856395430507, 7193.361361538561, 

parameters:
0.46429960800541403, -93.3622654898468, 9.212064996552256, 
objectives:
-102.35875636040508, -81.79182479932223, 8708.516126526081, 

parameters:
-2.224305762459958, -11.4151473921884, 4.4290144873121635, 
objectives:
-10.896625754587989, 10.858626269876169, 131.82411162298604, 

parameters:
1.414861974995795, -59.33869274977331, 18.73706987243359, 
objectives:
-76.0739282139179, -40.2592363690339, 3505.345221787855, 

parameters:
3.7789634124012244, -14.300275913983496, 3.4990141843260436, 
objectives:
-3.518725626042434, -7.636550906995245, 216.27944150399756, 

parameters:
0.7430303836912147, -75.69451578649574, 6.673313289580422, 
objectives:
-81.81573492498785, -67.44122988059186, 5724.5385010135615, 

parameters:
-0.5347114118581611, -84.00652192442942, 1.2617910342114778, 
objectives:
-84.98239666466955, -76.31996894881395, 7057.119851099401, 

parameters:
0.8053622216841625, -71.48481254725759, 0.9981238023169111, 
objectives:
-71.83432804145845, -69.05952932356128, 5110.728909422356, 

parameters:
2.2754187976403277, -29.83093353239775, 5.72322710879787, 
objectives:
-30.376629936540667, -24.03185090950624, 890.3388990101896, 

parameters:
1.5969796138283827, -51.94956567710163, 1.174937457074934, 
objectives:
-50.574159247193116, -50.61220278835678, 2701.132780469404, 

parameters:
-2.208892414810042, -47.91325684008441, 20, 
objectives:
-63.03405113987907, -10.1984814806389, 2281.5593867241005, 

parameters:
2.7731573979514335, -32.45326339912603, 12.840359426982829, 
objectives:
-37.60322087229609, -19.01513161013617, 1049.0643477798833, 

parameters:
-2.0896091818288, -54.82090277688153, 4.670870378564977, 
objectives:
-55.12530662266328, -33.425129138218125, 3006.0269774265157, 

parameters:
1.6526227422937942, -56.877539767954126, 2.625501492213831, 
objectives:
-56.771879331821296, -54.13136731656881, 3236.160190491336, 

parameters:
0.7409932246627582, -24.68963716748081, 4.110239707706628, 
objectives:
-28.25080591619133, -18.994299399429103, 607.0170147131394, 

parameters:
1.9500789643478809, -72.76282042747113, 0, 
objectives:
-68.96001246027902, -72.76032831767054, 5299.230844527601, 

parameters:
-0.284365841895009, -88.3219231125, 15.468369798221335, 
objectives:
-103.70942897868467, -67.63522601466198, 7786.374596424178, 

parameters:
2.716886706239854, -23.414097370938528, 5.066637795781153, 
objectives:
-21.09926179217684, -17.83353302557395, 551.5347912745522, 

parameters:
2.2736720824505605, -68.53583120502034, 3.169729433509418, 
objectives:
-66.53597590001469, -65.2912053627981, 4700.160014268046, 

parameters:
-2.7517081926765448, -84.23399825167795, 11.568639897655988, 
objectives:
-88.23074017169071, -50.08662760567256, 7092.369719543671, 

parameters:
0.07107388639618595, -22.15754798017432, 9.681340420305089, 
objectives:
-31.833836903151955, -8.755451608126519, 482.28064357074953, 

parameters:
-0.007475396724826666, -61.773182502244396, 5.787057316608224, 
objectives:
-67.56018393729643, -51.95616771718067, 3811.1390750205414, 

parameters:
2.463052987928263, -54.94564713662176, 19.92330110276464, 
objectives:
-68.80231821804406, -34.80792796422783, 3006.167468180729, 

parameters:
2.2575069826159084, -100, 2.981418316327191, 
objectives:
-97.88508053976761, -96.95227183757686, 10003.114919460233, 

parameters:
-0.12595994072305666, -57.291423068924914, 19.292772702666763, 
objectives:
-76.56832986492472, -33.478944696698974, 3264.030250466542, 

parameters:
-0.5203919733699607, -33.82039302730581, 17.35152593984565, 
objectives:
-50.90111116120358, -10.116491388032436, 1127.7382663875378, 

