Generation 2812 at Fri May 24 19:48:24 2019
parameters:
3.1986769891422764, -0.25473945096776873, 6.931270222816319, 
objectives:
3.0455248070842105, 8.113357296147743, 4.36515644593134, 

parameters:
0.051044676920685594, -100.0, 20, 
objectives:
-119.99739444095806, -76.2015731486408, 9981.002605559042, 

parameters:
-0.09310337269809921, -0.38187417318528993, 20, 
objectives:
-20.37320593517753, 23.999207555614866, -18.84550387784629, 

parameters:
1.9973066371654076, -100, 0, 
objectives:
-96.01076619713501, -99.99999274579665, 10004.989233802866, 

parameters:
-0.0869066814662427, -67.4681557416263, 17.755226830905645, 
objectives:
-85.21582980124847, -45.35774941357222, 4535.2043651167205, 

parameters:
-0.3607713138352332, -88.37502714109448, 19.352924215102423, 
objectives:
-107.5977954153105, -63.44886172976473, 7791.9226539149695, 

parameters:
0.41038439797457804, -91.43019449359048, 0, 
objectives:
-91.26177913948952, -88.90331673138783, 8360.648880489884, 

parameters:
0.7430303836912147, -75.69451578649574, 6.673313289580422, 
objectives:
-81.81573492498785, -67.44122988059186, 5724.5385010135615, 

parameters:
0.5394573831196272, -62.83962216782679, 2.415666279613131, 
objectives:
-64.96427417923765, -58.29077115248989, 3947.6934621838172, 

parameters:
-0.07766747750321741, -94.72085588006945, 20.0, 
objectives:
-114.71482364300773, -70.40415373299487, 8953.046570889948, 

parameters:
2.2754187976403277, -29.83093353239775, 5.72322710879787, 
objectives:
-30.376629936540667, -24.03185090950624, 890.3388990101896, 

parameters:
1.414861974995795, -59.33869274977331, 18.73706987243359, 
objectives:
-76.0739282139179, -40.2592363690339, 3505.345221787855, 

parameters:
-1.0507560472609718, -5.188830910839651, 12.977276402541232, 
objectives:
-17.06201904252538, 17.09555795160097, 16.050778089599312, 

parameters:
0.46429960800541403, -93.3622654898468, 9.212064996552256, 
objectives:
-102.35875636040508, -81.79182479932223, 8708.516126526081, 

parameters:
2.2612378165759552, -84.78270003060018, 0.8580594032838095, 
objectives:
-80.52756297077079, -83.856395430507, 7193.361361538561, 

parameters:
3.8536609827803474, -78.22060232440565, 5.262769867300019, 
objectives:
-68.63266922150207, -69.52177341802341, 6129.050561095717, 

parameters:
0.5192768168795809, -20.98238591826538, 1.9182651811091613, 
objectives:
-22.63100268682595, -16.871579592125954, 439.6119020544607, 

parameters:
-2.224305762459958, -11.4151473921884, 4.4290144873121635, 
objectives:
-10.896625754587989, 10.858626269876169, 131.82411162298604, 

parameters:
1.49672654441494, -79.67456010621189, 5.25907518988046, 
objectives:
-82.69344494733606, -74.1622007452349, 6346.016643277246, 

parameters:
1.5969796138283827, -51.94956567710163, 1.174937457074934, 
objectives:
-50.574159247193116, -50.61220278835678, 2701.132780469404, 

parameters:
1.6526227422937942, -56.877539767954126, 2.625501492213831, 
objectives:
-56.771879331821296, -54.13136731656881, 3236.160190491336, 

parameters:
-2.0896091818288, -54.82090277688153, 4.670870378564977, 
objectives:
-55.12530662266328, -33.425129138218125, 3006.0269774265157, 

parameters:
1.8922521645534602, -97.36095843849846, 4.732107569790532, 
objectives:
-98.51244775403173, -92.61724127266451, 9479.00473874749, 

parameters:
-2.2480882462629275, -38.45915093992748, 20.0, 
objectives:
-53.405250176941955, -0.41289719189024865, 1465.1601917831103, 

parameters:
-0.5347114118581611, -84.00652192442942, 1.2617910342114778, 
objectives:
-84.98239666466955, -76.31996894881395, 7057.119851099401, 

parameters:
-0.6738651094826826, -41.74384126774395, 20, 
objectives:
-61.28974708196584, -14.594286644035115, 1724.0023779723813, 

parameters:
3.925792609561068, -17.276827358794378, 6.6034286396404465, 
objectives:
-8.468408385150527, -6.964721544113905, 308.2971825592297, 

parameters:
-2.208892414810042, -47.91325684008441, 20, 
objectives:
-63.03405113987907, -10.1984814806389, 2281.5593867241005, 

parameters:
3.7924569130889196, -50.8707568615468, 10.509817044365775, 
objectives:
-46.99784446827664, -37.14803803190077, 2592.7068160598815, 

parameters:
1.4066608594304197, -34.85485211922169, 7.287008623516732, 
objectives:
-40.1631659692849, -27.215792159973105, 1210.5524024027493, 

parameters:
1.6727490285293296, -98.73308336724497, 4.045418653953359, 
objectives:
-99.98041270875252, -94.58057151496311, 9747.974421861838, 

parameters:
-1.4042255088212672, -31.51341412241038, 4.949448983419163, 
objectives:
-34.4910138262052, -14.975213824081802, 991.1176699467393, 

parameters:
-1.3024537135075152, -23.65926805790488, 18.65082456085273, 
objectives:
-40.61370694292809, 5.897757032807425, 543.8065261507751, 

parameters:
1.9784802640528791, -45.174261492996465, 3.7922766704042092, 
objectives:
-45.05215400815392, -41.38152172355702, 2041.836008922466, 

parameters:
4.606851554684658, -19.122806489284812, 4.986697936900953, 
objectives:
-2.886423179285316, -7.340433524222041, 382.9181113366328, 

parameters:
3.888709458184003, -7.7305026738118885, 6.309116229106126, 
objectives:
1.0824423472517095, 2.145836972727948, 69.57361661087636, 

parameters:
0.9799375772276419, -35.93236411402689, 9.205022965574106, 
objectives:
-44.17710942433821, -25.68681380210057, 1283.8900455126961, 

