Generation 2814 at Fri May 24 19:48:24 2019
parameters:
3.1986769891422764, -0.25473945096776873, 6.931270222816319, 
objectives:
3.0455248070842105, 8.113357296147743, 4.36515644593134, 

parameters:
0.051044676920685594, -100.0, 20, 
objectives:
-119.99739444095806, -76.2015731486408, 9981.002605559042, 

parameters:
-0.09310337269809921, -0.38187417318528993, 20, 
objectives:
-20.37320593517753, 23.999207555614866, -18.84550387784629, 

parameters:
1.9973066371654076, -100, 0, 
objectives:
-96.01076619713501, -99.99999274579665, 10004.989233802866, 

parameters:
0.7430303836912147, -75.69451578649574, 6.673313289580422, 
objectives:
-81.81573492498785, -67.44122988059186, 5724.5385010135615, 

parameters:
-0.07766747750321741, -94.72085588006945, 20.0, 
objectives:
-114.71482364300773, -70.40415373299487, 8953.046570889948, 

parameters:
3.925792609561068, -17.276827358794378, 6.6034286396404465, 
objectives:
-8.468408385150527, -6.964721544113905, 308.2971825592297, 

parameters:
-0.3607713138352332, -88.37502714109448, 19.352924215102423, 
objectives:
-107.5977954153105, -63.44886172976473, 7791.9226539149695, 

parameters:
1.414861974995795, -59.33869274977331, 18.73706987243359, 
objectives:
-76.0739282139179, -40.2592363690339, 3505.345221787855, 

parameters:
0.43763264715533945, -26.071850617562006, 0, 
objectives:
-25.880328283705815, -23.630858872327174, 680.9329169583245, 

parameters:
-1.0507560472609718, -5.188830910839651, 12.977276402541232, 
objectives:
-17.06201904252538, 17.09555795160097, 16.050778089599312, 

parameters:
1.49672654441494, -79.67456010621189, 5.25907518988046, 
objectives:
-82.69344494733606, -74.1622007452349, 6346.016643277246, 

parameters:
0.46429960800541403, -93.3622654898468, 9.212064996552256, 
objectives:
-102.35875636040508, -81.79182479932223, 8708.516126526081, 

parameters:
0.41038439797457804, -91.43019449359048, 0, 
objectives:
-91.26177913948952, -88.90331673138783, 8360.648880489884, 

parameters:
-1.7515194875658526, -66.07934342615594, 5.976215487305829, 
objectives:
-68.98773839813882, -46.02922947326376, 4364.571232659875, 

parameters:
-2.2480882462629275, -38.45915093992748, 20.0, 
objectives:
-53.405250176941955, -0.41289719189024865, 1465.1601917831103, 

parameters:
3.7924569130889196, -50.8707568615468, 10.509817044365775, 
objectives:
-46.99784446827664, -37.14803803190077, 2592.7068160598815, 

parameters:
0.5394573831196272, -62.83962216782679, 2.415666279613131, 
objectives:
-64.96427417923765, -58.29077115248989, 3947.6934621838172, 

parameters:
-2.224305762459958, -11.4151473921884, 4.4290144873121635, 
objectives:
-10.896625754587989, 10.858626269876169, 131.82411162298604, 

parameters:
1.8922521645534602, -97.36095843849846, 4.732107569790532, 
objectives:
-98.51244775403173, -92.61724127266451, 9479.00473874749, 

parameters:
-2.0896091818288, -54.82090277688153, 4.670870378564977, 
objectives:
-55.12530662266328, -33.425129138218125, 3006.0269774265157, 

parameters:
1.6999675945637207, -69.03176212338629, 18.2146004874635, 
objectives:
-84.35647278828303, -50.72714219161091, 4751.0594711948925, 

parameters:
-0.6738651094826826, -41.74384126774395, 20, 
objectives:
-61.28974708196584, -14.594286644035115, 1724.0023779723813, 

parameters:
-2.208892414810042, -47.91325684008441, 20, 
objectives:
-63.03405113987907, -10.1984814806389, 2281.5593867241005, 

parameters:
0.5192768168795809, -20.98238591826538, 1.9182651811091613, 
objectives:
-22.63100268682595, -16.871579592125954, 439.6119020544607, 

parameters:
-1.9261503884504676, -89.40130091236755, 2.894516960596226, 
objectives:
-88.58576255403588, -71.09212707904156, 7994.408143182022, 

parameters:
-0.5347114118581611, -84.00652192442942, 1.2617910342114778, 
objectives:
-84.98239666466955, -76.31996894881395, 7057.119851099401, 

parameters:
1.6526227422937942, -56.877539767954126, 2.625501492213831, 
objectives:
-56.771879331821296, -54.13136731656881, 3236.160190491336, 

parameters:
1.5969796138283827, -51.94956567710163, 1.174937457074934, 
objectives:
-50.574159247193116, -50.61220278835678, 2701.132780469404, 

parameters:
3.8161967775629426, -33.399084858124155, 14.60637661524849, 
objectives:
-33.44210362829085, -15.49413750804565, 1116.4558505900113, 

parameters:
1.4066608594304197, -34.85485211922169, 7.287008623516732, 
objectives:
-40.1631659692849, -27.215792159973105, 1210.5524024027493, 

parameters:
-1.0940650721846905, -27.346854774480963, 14.820857389228882, 
objectives:
-40.97073378153535, -2.9527587143388256, 735.2265870494979, 

parameters:
1.3399949652933563, -63.53596017008373, 18.21053733460471, 
objectives:
-79.9509109976769, -44.889816189640904, 4021.403283906873, 

parameters:
2.2612378165759552, -84.78270003060018, 0.8580594032838095, 
objectives:
-80.52756297077079, -83.856395430507, 7193.361361538561, 

parameters:
3.672195099629854, -97.9318463029014, 0, 
objectives:
-84.44682945315589, -95.13560985167531, 9605.131537144849, 

parameters:
-0.5514018209370865, -100, 8.400291977180744, 
objectives:
-108.09624800904801, -85.09005677093818, 9992.903751990953, 

parameters:
-1.0839606968559088, -28.799045562493603, 7.8105006562548915, 
objectives:
-35.434575426420146, -11.47773132648673, 823.7494954466559, 

parameters:
-0.0869066814662427, -67.4681557416263, 17.755226830905645, 
objectives:
-85.21582980124847, -45.35774941357222, 4535.2043651167205, 

parameters:
2.382456059165582, -34.12553592243252, 7.232555719279695, 
objectives:
-35.68199476785742, -26.746707565960357, 1163.9957431478074, 

parameters:
1.596615450459715, -58.97860746072789, 5.224979369790759, 
objectives:
-61.65440593387197, -53.590908996129315, 3476.800339533484, 

