Generation 2816 at Fri May 24 19:48:24 2019
parameters:
0.051044676920685594, -100.0, 20, 
objectives:
-119.99739444095806, -76.2015731486408, 9981.002605559042, 

parameters:
3.1986769891422764, -0.25473945096776873, 6.931270222816319, 
objectives:
3.0455248070842105, 8.113357296147743, 4.36515644593134, 

parameters:
-0.09310337269809921, -0.38187417318528993, 20, 
objectives:
-20.37320593517753, 23.999207555614866, -18.84550387784629, 

parameters:
1.9973066371654076, -100, 0, 
objectives:
-96.01076619713501, -99.99999274579665, 10004.989233802866, 

parameters:
-0.16002295990120552, -80.05865403268912, 0.9110136589364671, 
objectives:
-80.94406034393005, -74.48194118645229, 6409.502679214569, 

parameters:
-0.3607713138352332, -88.37502714109448, 19.352924215102423, 
objectives:
-107.5977954153105, -63.44886172976473, 7791.9226539149695, 

parameters:
0.7430303836912147, -75.69451578649574, 6.673313289580422, 
objectives:
-81.81573492498785, -67.44122988059186, 5724.5385010135615, 

parameters:
1.414861974995795, -59.33869274977331, 18.73706987243359, 
objectives:
-76.0739282139179, -40.2592363690339, 3505.345221787855, 

parameters:
3.7924569130889196, -50.8707568615468, 10.509817044365775, 
objectives:
-46.99784446827664, -37.14803803190077, 2592.7068160598815, 

parameters:
-0.07766747750321741, -94.72085588006945, 20.0, 
objectives:
-114.71482364300773, -70.40415373299487, 8953.046570889948, 

parameters:
0.5394573831196272, -62.83962216782679, 2.415666279613131, 
objectives:
-64.96427417923765, -58.29077115248989, 3947.6934621838172, 

parameters:
-0.4703698750766323, -36.316052210315455, 3.88119109781102, 
objectives:
-39.97599548874687, -26.3321337928183, 1316.1957048639265, 

parameters:
3.925792609561068, -17.276827358794378, 6.6034286396404465, 
objectives:
-8.468408385150527, -6.964721544113905, 308.2971825592297, 

parameters:
-1.0507560472609718, -5.188830910839651, 12.977276402541232, 
objectives:
-17.06201904252538, 17.09555795160097, 16.050778089599312, 

parameters:
1.8922521645534602, -97.36095843849846, 4.732107569790532, 
objectives:
-98.51244775403173, -92.61724127266451, 9479.00473874749, 

parameters:
2.6338575764303154, -69.5924060310969, 5.988936623418948, 
objectives:
-68.64413692159647, -63.20169398047983, 4845.0512463065525, 

parameters:
2.419827877994279, -32.445287573722645, 7.779458231415461, 
objectives:
-34.36917884601981, -24.489573895166004, 1051.772794469264, 

parameters:
-2.208892414810042, -47.91325684008441, 20, 
objectives:
-63.03405113987907, -10.1984814806389, 2281.5593867241005, 

parameters:
1.6999675945637207, -69.03176212338629, 18.2146004874635, 
objectives:
-84.35647278828303, -50.72714219161091, 4751.0594711948925, 

parameters:
4.193605769323137, -9.044294765599197, 6.125487998388704, 
objectives:
2.4165465845123952, 1.8930995039972567, 94.26010915715663, 

parameters:
0.757496568589616, -42.40718471062124, 10.314766139520714, 
objectives:
-52.14814979871691, -30.548603794033944, 1789.628349992652, 

parameters:
0.43763264715533945, -26.071850617562006, 0, 
objectives:
-25.880328283705815, -23.630858872327174, 680.9329169583245, 

parameters:
1.6526227422937942, -56.877539767954126, 2.625501492213831, 
objectives:
-56.771879331821296, -54.13136731656881, 3236.160190491336, 

parameters:
0.5192768168795809, -20.98238591826538, 1.9182651811091613, 
objectives:
-22.63100268682595, -16.871579592125954, 439.6119020544607, 

parameters:
-1.688369622946615, -65.81136532338341, 6.413768004100631, 
objectives:
-69.37454134379514, -45.79352684380743, 4328.572629707422, 

parameters:
-2.0896091818288, -54.82090277688153, 4.670870378564977, 
objectives:
-55.12530662266328, -33.425129138218125, 3006.0269774265157, 

parameters:
0.46429960800541403, -93.3622654898468, 9.212064996552256, 
objectives:
-102.35875636040508, -81.79182479932223, 8708.516126526081, 

parameters:
-0.6738651094826826, -41.74384126774395, 20, 
objectives:
-61.28974708196584, -14.594286644035115, 1724.0023779723813, 

parameters:
-2.2480882462629275, -38.45915093992748, 20.0, 
objectives:
-53.405250176941955, -0.41289719189024865, 1465.1601917831103, 

parameters:
0.5492750905810699, -92.28856574006866, 3.77990657684903, 
objectives:
-95.76676919178485, -86.40405640041106, 8514.70116290726, 

parameters:
-2.29333342860582, -14.77281535207291, 20, 
objectives:
-29.513437137311985, 23.659896577111294, 204.495451641202, 

parameters:
0.41038439797457804, -91.43019449359048, 0, 
objectives:
-91.26177913948952, -88.90331673138783, 8360.648880489884, 

parameters:
-1.9261503884504676, -89.40130091236755, 2.894516960596226, 
objectives:
-88.58576255403588, -71.09212707904156, 7994.408143182022, 

parameters:
1.2056720552824765, -89.99161794754265, 11.054823577607637, 
objectives:
-99.59279642026121, -78.30583748617585, 8089.8901223437615, 

parameters:
-2.224305762459958, -11.4151473921884, 4.4290144873121635, 
objectives:
-10.896625754587989, 10.858626269876169, 131.82411162298604, 

parameters:
0.6766943688553406, -100, 3.6856005078474756, 
objectives:
-103.22768523900696, -94.56326169873336, 9997.772314760992, 

parameters:
-1.7515194875658526, -66.07934342615594, 5.976215487305829, 
objectives:
-68.98773839813882, -46.02922947326376, 4364.571232659875, 

parameters:
1.290143908704093, -9.298921459161365, 20, 
objectives:
-27.63445015399509, 11.204974211188539, 69.134411608818, 

parameters:
-0.08304443109919024, -100, 6.07543357919132, 
objectives:
-106.06853720165473, -89.58549231887532, 9994.931462798346, 

parameters:
3.54717252442824, -9.626096394681252, 0, 
objectives:
2.956336523377363, -7.2323535743355984, 106.244164717754, 

