Generation 2818 at Fri May 24 19:48:24 2019
parameters:
0.051044676920685594, -100.0, 20, 
objectives:
-119.99739444095806, -76.2015731486408, 9981.002605559042, 

parameters:
3.513927989299815, -1.0833526413993617, 6.259422203481845, 
objectives:
5.0049150691034345, 7.4680475188678646, 8.261920656129771, 

parameters:
-0.09310337269809921, -0.38187417318528993, 20, 
objectives:
-20.37320593517753, 23.999207555614866, -18.84550387784629, 

parameters:
1.9973066371654076, -100, 0, 
objectives:
-96.01076619713501, -99.99999274579665, 10004.989233802866, 

parameters:
-0.16002295990120552, -80.05865403268912, 0.9110136589364671, 
objectives:
-80.94406034393005, -74.48194118645229, 6409.502679214569, 

parameters:
3.7924569130889196, -50.8707568615468, 10.509817044365775, 
objectives:
-46.99784446827664, -37.14803803190077, 2592.7068160598815, 

parameters:
-3.3346235411568723, -87.71751006807509, 9.481057039014907, 
objectives:
-86.07885294585239, -49.778244703195085, 7697.000229665077, 

parameters:
-0.07766747750321741, -94.72085588006945, 20.0, 
objectives:
-114.71482364300773, -70.40415373299487, 8953.046570889948, 

parameters:
-1.0507560472609718, -5.188830910839651, 12.977276402541232, 
objectives:
-17.06201904252538, 17.09555795160097, 16.050778089599312, 

parameters:
-0.4703698750766323, -36.316052210315455, 3.88119109781102, 
objectives:
-39.97599548874687, -26.3321337928183, 1316.1957048639265, 

parameters:
-2.2480882462629275, -38.45915093992748, 20.0, 
objectives:
-53.405250176941955, -0.41289719189024865, 1465.1601917831103, 

parameters:
0.7430303836912147, -75.69451578649574, 6.673313289580422, 
objectives:
-81.81573492498785, -67.44122988059186, 5724.5385010135615, 

parameters:
3.925792609561068, -17.276827358794378, 6.6034286396404465, 
objectives:
-8.468408385150527, -6.964721544113905, 308.2971825592297, 

parameters:
2.6270501212052193, -90.98534396006845, 6.41420549257545, 
objectives:
-90.49815711331954, -84.17794661298952, 8279.820002378712, 

parameters:
4.193605769323137, -9.044294765599197, 6.125487998388704, 
objectives:
2.4165465845123952, 1.8930995039972567, 94.26010915715663, 

parameters:
1.8922521645534602, -97.36095843849846, 4.732107569790532, 
objectives:
-98.51244775403173, -92.61724127266451, 9479.00473874749, 

parameters:
1.414861974995795, -59.33869274977331, 18.73706987243359, 
objectives:
-76.0739282139179, -40.2592363690339, 3505.345221787855, 

parameters:
0.43763264715533945, -26.071850617562006, 0, 
objectives:
-25.880328283705815, -23.630858872327174, 680.9329169583245, 

parameters:
1.6526227422937942, -56.877539767954126, 2.625501492213831, 
objectives:
-56.771879331821296, -54.13136731656881, 3236.160190491336, 

parameters:
-0.4689303709552055, -71.61212087800772, 6.008184337527656, 
objectives:
-77.40040952273118, -59.50831936385505, 5123.507568001665, 

parameters:
-2.208892414810042, -47.91325684008441, 20, 
objectives:
-63.03405113987907, -10.1984814806389, 2281.5593867241005, 

parameters:
0.46429960800541403, -93.3622654898468, 9.212064996552256, 
objectives:
-102.35875636040508, -81.79182479932223, 8708.516126526081, 

parameters:
-0.3607713138352332, -88.37502714109448, 19.352924215102423, 
objectives:
-107.5977954153105, -63.44886172976473, 7791.9226539149695, 

parameters:
-0.6635996489597417, -44.59851432527765, 15.731733516394499, 
objectives:
-59.889883347572656, -21.77201771894469, 1974.7361109997005, 

parameters:
-1.688369622946615, -65.81136532338341, 6.413768004100631, 
objectives:
-69.37454134379514, -45.79352684380743, 4328.572629707422, 

parameters:
2.419827877994279, -32.445287573722645, 7.779458231415461, 
objectives:
-34.36917884601981, -24.489573895166004, 1051.772794469264, 

parameters:
0.2660707275961163, -99.81212291698341, 6.413120520723623, 
objectives:
-106.15444980562351, -90.39249167456073, 9957.117554306365, 

parameters:
2.6338575764303154, -69.5924060310969, 5.988936623418948, 
objectives:
-68.64413692159647, -63.20169398047983, 4845.0512463065525, 

parameters:
4.371110967167311, -53.08130402905813, 3.2926827266210914, 
objectives:
-37.26737566838888, -44.166454083815935, 2834.4387657859725, 

parameters:
0.5492750905810699, -92.28856574006866, 3.77990657684903, 
objectives:
-95.76676919178485, -86.40405640041106, 8514.70116290726, 

parameters:
0.5394573831196272, -62.83962216782679, 2.415666279613131, 
objectives:
-64.96427417923765, -58.29077115248989, 3947.6934621838172, 

parameters:
0.5192768168795809, -20.98238591826538, 1.9182651811091613, 
objectives:
-22.63100268682595, -16.871579592125954, 439.6119020544607, 

parameters:
-1.1226158118455607, -66.26413776089808, 0, 
objectives:
-65.00387149989241, -56.513408252510175, 4393.196219456285, 

parameters:
-2.2366203288728004, -32.791889085705854, 8.477946912904056, 
objectives:
-36.267365503082836, -6.364990361783523, 1072.8325133918577, 

parameters:
3.1986769891422764, -0.25473945096776873, 6.931270222816319, 
objectives:
3.0455248070842105, 8.113357296147743, 4.36515644593134, 

parameters:
-0.16567618405305917, -100, 0, 
objectives:
-99.97255140203762, -95.30984666582538, 10001.027448597963, 

parameters:
-3.2743146184772054, -58.705448809734094, 12.274735615110131, 
objectives:
-60.259048204070695, -18.61231849994161, 3445.776120557973, 

parameters:
3.234227612816001, -21.55867207578602, 12.440065925221187, 
objectives:
-23.53850974950572, -7.595288350327348, 463.7965039975562, 

parameters:
1.6798124722197543, -66.21832441662752, 0, 
objectives:
-63.396554474802485, -66.1158043636815, 4388.688258487554, 

