Generation 2821 at Fri May 24 19:48:24 2019
parameters:
0.051044676920685594, -100.0, 20, 
objectives:
-119.99739444095806, -76.2015731486408, 9981.002605559042, 

parameters:
3.513927989299815, -1.0833526413993617, 6.259422203481845, 
objectives:
5.0049150691034345, 7.4680475188678646, 8.261920656129771, 

parameters:
-0.09310337269809921, -0.38187417318528993, 20, 
objectives:
-20.37320593517753, 23.999207555614866, -18.84550387784629, 

parameters:
1.9973066371654076, -100, 0, 
objectives:
-96.01076619713501, -99.99999274579665, 10004.989233802866, 

parameters:
1.8922521645534602, -97.36095843849846, 4.732107569790532, 
objectives:
-98.51244775403173, -92.61724127266451, 9479.00473874749, 

parameters:
-1.688369622946615, -65.81136532338341, 6.413768004100631, 
objectives:
-69.37454134379514, -45.79352684380743, 4328.572629707422, 

parameters:
2.6270501212052193, -90.98534396006845, 6.41420549257545, 
objectives:
-90.49815711331954, -84.17794661298952, 8279.820002378712, 

parameters:
-0.3607713138352332, -88.37502714109448, 19.352924215102423, 
objectives:
-107.5977954153105, -63.44886172976473, 7791.9226539149695, 

parameters:
-0.07766747750321741, -94.72085588006945, 20.0, 
objectives:
-114.71482364300773, -70.40415373299487, 8953.046570889948, 

parameters:
0.46429960800541403, -93.3622654898468, 9.212064996552256, 
objectives:
-102.35875636040508, -81.79182479932223, 8708.516126526081, 

parameters:
-0.6635996489597417, -44.59851432527765, 15.731733516394499, 
objectives:
-59.889883347572656, -21.77201771894469, 1974.7361109997005, 

parameters:
-2.483983794708781, -40.64993528577127, 8.030055438668978, 
objectives:
-42.50981523206441, -12.513769175891337, 1651.557358791099, 

parameters:
3.7924569130889196, -50.8707568615468, 10.509817044365775, 
objectives:
-46.99784446827664, -37.14803803190077, 2592.7068160598815, 

parameters:
3.925792609561068, -17.276827358794378, 6.6034286396404465, 
objectives:
-8.468408385150527, -6.964721544113905, 308.2971825592297, 

parameters:
1.6526227422937942, -56.877539767954126, 2.625501492213831, 
objectives:
-56.771879331821296, -54.13136731656881, 3236.160190491336, 

parameters:
2.419827877994279, -32.445287573722645, 7.779458231415461, 
objectives:
-34.36917884601981, -24.489573895166004, 1051.772794469264, 

parameters:
-0.1441899940197584, -54.36767304039086, 20, 
objectives:
-74.34688228601544, -29.77012230993641, 2936.864662581219, 

parameters:
-1.6119437226725277, -84.81315672733433, 11.758992887807343, 
objectives:
-93.9737870500783, -60.008026383773505, 7185.110923732633, 

parameters:
0.7430303836912147, -75.69451578649574, 6.673313289580422, 
objectives:
-81.81573492498785, -67.44122988059186, 5724.5385010135615, 

parameters:
0.43763264715533945, -26.071850617562006, 0, 
objectives:
-25.880328283705815, -23.630858872327174, 680.9329169583245, 

parameters:
4.193605769323137, -9.044294765599197, 6.125487998388704, 
objectives:
2.4165465845123952, 1.8930995039972567, 94.26010915715663, 

parameters:
-0.16002295990120552, -80.05865403268912, 0.9110136589364671, 
objectives:
-80.94406034393005, -74.48194118645229, 6409.502679214569, 

parameters:
-2.2480882462629275, -38.45915093992748, 20.0, 
objectives:
-53.405250176941955, -0.41289719189024865, 1465.1601917831103, 

parameters:
1.0736373119332887, -62.103896669911826, 4.447555665926949, 
objectives:
-65.39875525826344, -56.798193174142696, 3854.599122998734, 

parameters:
-1.0507560472609718, -5.188830910839651, 12.977276402541232, 
objectives:
-17.06201904252538, 17.09555795160097, 16.050778089599312, 

parameters:
-2.782385198242855, -33.5428076111221, 20, 
objectives:
-45.80114021972117, 9.32840057325025, 1113.8616098281516, 

parameters:
-2.208892414810042, -47.91325684008441, 20, 
objectives:
-63.03405113987907, -10.1984814806389, 2281.5593867241005, 

parameters:
-0.4689303709552055, -71.61212087800772, 6.008184337527656, 
objectives:
-77.40040952273118, -59.50831936385505, 5123.507568001665, 

parameters:
2.6338575764303154, -69.5924060310969, 5.988936623418948, 
objectives:
-68.64413692159647, -63.20169398047983, 4845.0512463065525, 

parameters:
1.8587573949403637, 1.7285961673366526, 14.951956110360207, 
objectives:
-9.768380889778067, 16.70050175118089, -7.508932347383755, 

parameters:
3.3908822838542645, -53.48975662155141, 10.878431067827533, 
objectives:
-52.87010502642223, -40.67677202618422, 2862.7737150279318, 

parameters:
-0.00018750271493517268, -18.743522650268126, 20, 
objectives:
-38.74352261511086, 5.257227395748881, 332.31964137627153, 

parameters:
0.1341565340050439, -81.06066046719519, 9.971466573584017, 
objectives:
-91.01412906516296, -67.60782205401512, 6561.877206779934, 

parameters:
1.414861974995795, -59.33869274977331, 18.73706987243359, 
objectives:
-76.0739282139179, -40.2592363690339, 3505.345221787855, 

parameters:
1.4817887547955388, -76.3377807083306, 18.53923200546582, 
objectives:
-92.6813147999579, -57.530005808208415, 5812.1132293815435, 

parameters:
0.9427412775660238, -11.606846759837268, 15.074915627302602, 
objectives:
-25.79300127071305, 4.585864873628058, 121.53273719546911, 

