Generation 2823 at Fri May 24 19:48:24 2019
parameters:
0.051044676920685594, -100.0, 20, 
objectives:
-119.99739444095806, -76.2015731486408, 9981.002605559042, 

parameters:
3.513927989299815, -1.0833526413993617, 6.259422203481845, 
objectives:
5.0049150691034345, 7.4680475188678646, 8.261920656129771, 

parameters:
-0.09310337269809921, -0.38187417318528993, 20, 
objectives:
-20.37320593517753, 23.999207555614866, -18.84550387784629, 

parameters:
1.9973066371654076, -100, 0, 
objectives:
-96.01076619713501, -99.99999274579665, 10004.989233802866, 

parameters:
-1.688369622946615, -65.81136532338341, 6.413768004100631, 
objectives:
-69.37454134379514, -45.79352684380743, 4328.572629707422, 

parameters:
-2.483983794708781, -40.64993528577127, 8.030055438668978, 
objectives:
-42.50981523206441, -12.513769175891337, 1651.557358791099, 

parameters:
3.925792609561068, -17.276827358794378, 6.6034286396404465, 
objectives:
-8.468408385150527, -6.964721544113905, 308.2971825592297, 

parameters:
-0.6635996489597417, -44.59851432527765, 15.731733516394499, 
objectives:
-59.889883347572656, -21.77201771894469, 1974.7361109997005, 

parameters:
-0.1441899940197584, -54.36767304039086, 20, 
objectives:
-74.34688228601544, -29.77012230993641, 2936.864662581219, 

parameters:
2.419827877994279, -32.445287573722645, 7.779458231415461, 
objectives:
-34.36917884601981, -24.489573895166004, 1051.772794469264, 

parameters:
-0.07766747750321741, -94.72085588006945, 20.0, 
objectives:
-114.71482364300773, -70.40415373299487, 8953.046570889948, 

parameters:
0.43763264715533945, -26.071850617562006, 0, 
objectives:
-25.880328283705815, -23.630858872327174, 680.9329169583245, 

parameters:
3.7924569130889196, -50.8707568615468, 10.509817044365775, 
objectives:
-46.99784446827664, -37.14803803190077, 2592.7068160598815, 

parameters:
4.193605769323137, -9.044294765599197, 6.125487998388704, 
objectives:
2.4165465845123952, 1.8930995039972567, 94.26010915715663, 

parameters:
1.6526227422937942, -56.877539767954126, 2.625501492213831, 
objectives:
-56.771879331821296, -54.13136731656881, 3236.160190491336, 

parameters:
0.46429960800541403, -93.3622654898468, 9.212064996552256, 
objectives:
-102.35875636040508, -81.79182479932223, 8708.516126526081, 

parameters:
0.7430303836912147, -75.69451578649574, 6.673313289580422, 
objectives:
-81.81573492498785, -67.44122988059186, 5724.5385010135615, 

parameters:
-0.3607713138352332, -88.37502714109448, 19.352924215102423, 
objectives:
-107.5977954153105, -63.44886172976473, 7791.9226539149695, 

parameters:
-2.2480882462629275, -38.45915093992748, 20.0, 
objectives:
-53.405250176941955, -0.41289719189024865, 1465.1601917831103, 

parameters:
2.6270501212052193, -90.98534396006845, 6.41420549257545, 
objectives:
-90.49815711331954, -84.17794661298952, 8279.820002378712, 

parameters:
1.8922521645534602, -97.36095843849846, 4.732107569790532, 
objectives:
-98.51244775403173, -92.61724127266451, 9479.00473874749, 

parameters:
1.0736373119332887, -62.103896669911826, 4.447555665926949, 
objectives:
-65.39875525826344, -56.798193174142696, 3854.599122998734, 

parameters:
-1.6119437226725277, -84.81315672733433, 11.758992887807343, 
objectives:
-93.9737870500783, -60.008026383773505, 7185.110923732633, 

parameters:
-1.0507560472609718, -5.188830910839651, 12.977276402541232, 
objectives:
-17.06201904252538, 17.09555795160097, 16.050778089599312, 

parameters:
-2.782385198242855, -33.5428076111221, 20, 
objectives:
-45.80114021972117, 9.32840057325025, 1113.8616098281516, 

parameters:
-0.6645607345539495, -97.91103740784109, 1.7637608099394604, 
objectives:
-99.23315724786967, -89.04739268977495, 9586.24912643963, 

parameters:
-0.36486492628508826, -60.649172922922595, 17.05652601897473, 
objectives:
-77.5725725274643, -38.00006078437449, 3662.3987766300256, 

parameters:
1.8587573949403637, 1.7285961673366526, 14.951956110360207, 
objectives:
-9.768380889778067, 16.70050175118089, -7.508932347383755, 

parameters:
-0.4689303709552055, -71.61212087800772, 6.008184337527656, 
objectives:
-77.40040952273118, -59.50831936385505, 5123.507568001665, 

parameters:
-0.16002295990120552, -80.05865403268912, 0.9110136589364671, 
objectives:
-80.94406034393005, -74.48194118645229, 6409.502679214569, 

parameters:
2.6338575764303154, -69.5924060310969, 5.988936623418948, 
objectives:
-68.64413692159647, -63.20169398047983, 4845.0512463065525, 

parameters:
2.516981260559046, -80.86510800236331, 6.567785575198274, 
objectives:
-81.09769891155618, -74.03005280339582, 6539.93310132469, 

parameters:
2.7495605378388017, -58.35403396055416, 0, 
objectives:
-50.79395080931376, -57.79219296066897, 3413.7533626207487, 

parameters:
3.78388937621159, -86.61600803806894, 15.159946567655219, 
objectives:
-87.45813579431723, -68.27380016385314, 7502.490720694575, 

parameters:
4.591117322522634, -86.50515136584261, 17.43776934096469, 
objectives:
-82.8645624376399, -62.353493045801045, 7487.781801755544, 

parameters:
-2.1837015515853726, -91.61358892250131, 10.572266392329775, 
objectives:
-97.41730284843473, -63.53796385743369, 8388.24596133512, 

