Generation 2825 at Fri May 24 19:48:24 2019
parameters:
0.051044676920685594, -100.0, 20, 
objectives:
-119.99739444095806, -76.2015731486408, 9981.002605559042, 

parameters:
3.513927989299815, -1.0833526413993617, 6.259422203481845, 
objectives:
5.0049150691034345, 7.4680475188678646, 8.261920656129771, 

parameters:
-4.028459081133363, -23.442447852159024, 16.01868292522377, 
objectives:
-23.232648209016936, 28.918553965964055, 550.7581609443373, 

parameters:
-0.09310337269809921, -0.38187417318528993, 20, 
objectives:
-20.37320593517753, 23.999207555614866, -18.84550387784629, 

parameters:
1.9973066371654076, -100, 0, 
objectives:
-96.01076619713501, -99.99999274579665, 10004.989233802866, 

parameters:
1.8922521645534602, -97.36095843849846, 4.732107569790532, 
objectives:
-98.51244775403173, -92.61724127266451, 9479.00473874749, 

parameters:
-0.3607713138352332, -88.37502714109448, 19.352924215102423, 
objectives:
-107.5977954153105, -63.44886172976473, 7791.9226539149695, 

parameters:
3.925792609561068, -17.276827358794378, 6.6034286396404465, 
objectives:
-8.468408385150527, -6.964721544113905, 308.2971825592297, 

parameters:
0.7430303836912147, -75.69451578649574, 6.673313289580422, 
objectives:
-81.81573492498785, -67.44122988059186, 5724.5385010135615, 

parameters:
-1.688369622946615, -65.81136532338341, 6.413768004100631, 
objectives:
-69.37454134379514, -45.79352684380743, 4328.572629707422, 

parameters:
2.6270501212052193, -90.98534396006845, 6.41420549257545, 
objectives:
-90.49815711331954, -84.17794661298952, 8279.820002378712, 

parameters:
-0.07766747750321741, -94.72085588006945, 20.0, 
objectives:
-114.71482364300773, -70.40415373299487, 8953.046570889948, 

parameters:
3.437436293622426, -7.489854009852511, 20, 
objectives:
-15.67388573713983, 14.576369088370466, 48.91388136161642, 

parameters:
0.46429960800541403, -93.3622654898468, 9.212064996552256, 
objectives:
-102.35875636040508, -81.79182479932223, 8708.516126526081, 

parameters:
-2.2480882462629275, -38.45915093992748, 20.0, 
objectives:
-53.405250176941955, -0.41289719189024865, 1465.1601917831103, 

parameters:
-0.8609123879912359, -48.93926152162382, 0, 
objectives:
-48.19809138182705, -40.7544418298621, 2396.792488421687, 

parameters:
-2.483983794708781, -40.64993528577127, 8.030055438668978, 
objectives:
-42.50981523206441, -12.513769175891337, 1651.557358791099, 

parameters:
-1.384544050314867, -69.34487012696641, 4.154768558514517, 
objectives:
-71.58267645821863, -53.73496313993013, 4807.473206594586, 

parameters:
-0.16002295990120552, -80.05865403268912, 0.9110136589364671, 
objectives:
-80.94406034393005, -74.48194118645229, 6409.502679214569, 

parameters:
-1.6119437226725277, -84.81315672733433, 11.758992887807343, 
objectives:
-93.9737870500783, -60.008026383773505, 7185.110923732633, 

parameters:
-0.1441899940197584, -54.36767304039086, 20, 
objectives:
-74.34688228601544, -29.77012230993641, 2936.864662581219, 

parameters:
2.419827877994279, -32.445287573722645, 7.779458231415461, 
objectives:
-34.36917884601981, -24.489573895166004, 1051.772794469264, 

parameters:
-0.527736323049228, -82.2636797033604, 6.622871662346228, 
objectives:
-88.6080457390411, -69.25135712215173, 6761.968632301388, 

parameters:
1.0736373119332887, -62.103896669911826, 4.447555665926949, 
objectives:
-65.39875525826344, -56.798193174142696, 3854.599122998734, 

parameters:
-2.2155684373881828, -0.003698837466577176, 5.82614775007618, 
objectives:
-0.9211030867920424, 23.593466162913046, 0.08260943207313876, 

parameters:
-0.6635996489597417, -44.59851432527765, 15.731733516394499, 
objectives:
-59.889883347572656, -21.77201771894469, 1974.7361109997005, 

parameters:
0.8580737148687783, -26.0358882187611, 10.530298901772523, 
objectives:
-35.82989662038492, -14.201593676314987, 669.0734669381993, 

parameters:
0.43763264715533945, -26.071850617562006, 0, 
objectives:
-25.880328283705815, -23.630858872327174, 680.9329169583245, 

parameters:
1.6526227422937942, -56.877539767954126, 2.625501492213831, 
objectives:
-56.771879331821296, -54.13136731656881, 3236.160190491336, 

parameters:
-0.4689303709552055, -71.61212087800772, 6.008184337527656, 
objectives:
-77.40040952273118, -59.50831936385505, 5123.507568001665, 

parameters:
-2.782385198242855, -33.5428076111221, 20, 
objectives:
-45.80114021972117, 9.32840057325025, 1113.8616098281516, 

parameters:
0.4302933897905319, -53.814677811851446, 8.367660799975937, 
objectives:
-61.997186210529954, -42.98303816974021, 2888.8370395946977, 

parameters:
4.193605769323137, -9.044294765599197, 6.125487998388704, 
objectives:
2.4165465845123952, 1.8930995039972567, 94.26010915715663, 

parameters:
4.768297461971788, -44.550790701776634, 0, 
objectives:
-21.814130015930036, -36.88731986381719, 2008.509612839354, 

parameters:
-0.36486492628508826, -60.649172922922595, 17.05652601897473, 
objectives:
-77.5725725274643, -38.00006078437449, 3662.3987766300256, 

