Generation 2828 at Fri May 24 19:48:24 2019
parameters:
0.051044676920685594, -100.0, 20, 
objectives:
-119.99739444095806, -76.2015731486408, 9981.002605559042, 

parameters:
3.513927989299815, -1.0833526413993617, 6.259422203481845, 
objectives:
5.0049150691034345, 7.4680475188678646, 8.261920656129771, 

parameters:
-0.09310337269809921, -0.38187417318528993, 20, 
objectives:
-20.37320593517753, 23.999207555614866, -18.84550387784629, 

parameters:
1.9973066371654076, -100, 0, 
objectives:
-96.01076619713501, -99.99999274579665, 10004.989233802866, 

parameters:
3.925792609561068, -17.276827358794378, 6.6034286396404465, 
objectives:
-8.468408385150527, -6.964721544113905, 308.2971825592297, 

parameters:
0.8580737148687783, -26.0358882187611, 10.530298901772523, 
objectives:
-35.82989662038492, -14.201593676314987, 669.0734669381993, 

parameters:
-0.3607713138352332, -88.37502714109448, 19.352924215102423, 
objectives:
-107.5977954153105, -63.44886172976473, 7791.9226539149695, 

parameters:
3.437436293622426, -7.489854009852511, 20, 
objectives:
-15.67388573713983, 14.576369088370466, 48.91388136161642, 

parameters:
-0.8609123879912359, -48.93926152162382, 0, 
objectives:
-48.19809138182705, -40.7544418298621, 2396.792488421687, 

parameters:
1.0736373119332887, -62.103896669911826, 4.447555665926949, 
objectives:
-65.39875525826344, -56.798193174142696, 3854.599122998734, 

parameters:
-0.16002295990120552, -80.05865403268912, 0.9110136589364671, 
objectives:
-80.94406034393005, -74.48194118645229, 6409.502679214569, 

parameters:
-0.07766747750321741, -94.72085588006945, 20.0, 
objectives:
-114.71482364300773, -70.40415373299487, 8953.046570889948, 

parameters:
2.419827877994279, -32.445287573722645, 7.779458231415461, 
objectives:
-34.36917884601981, -24.489573895166004, 1051.772794469264, 

parameters:
-1.6119437226725277, -84.81315672733433, 11.758992887807343, 
objectives:
-93.9737870500783, -60.008026383773505, 7185.110923732633, 

parameters:
0.7430303836912147, -75.69451578649574, 6.673313289580422, 
objectives:
-81.81573492498785, -67.44122988059186, 5724.5385010135615, 

parameters:
0.46429960800541403, -93.3622654898468, 9.212064996552256, 
objectives:
-102.35875636040508, -81.79182479932223, 8708.516126526081, 

parameters:
-1.688369622946615, -65.81136532338341, 6.413768004100631, 
objectives:
-69.37454134379514, -45.79352684380743, 4328.572629707422, 

parameters:
-0.6635996489597417, -44.59851432527765, 15.731733516394499, 
objectives:
-59.889883347572656, -21.77201771894469, 1974.7361109997005, 

parameters:
1.8922521645534602, -97.36095843849846, 4.732107569790532, 
objectives:
-98.51244775403173, -92.61724127266451, 9479.00473874749, 

parameters:
-0.1441899940197584, -54.36767304039086, 20, 
objectives:
-74.34688228601544, -29.77012230993641, 2936.864662581219, 

parameters:
4.396783016823769, -22.82470526497974, 17.691362024229417, 
objectives:
-21.184366392179232, 0.6112255889845244, 523.6075093059944, 

parameters:
-1.0457103833035626, -50.72076356105829, 5.319038474257348, 
objectives:
-54.94629182956675, -36.12537334783781, 2569.3703279482697, 

parameters:
1.6526227422937942, -56.877539767954126, 2.625501492213831, 
objectives:
-56.771879331821296, -54.13136731656881, 3236.160190491336, 

parameters:
1.2512369855862508, -38.4823920384317, 16.22168833927883, 
objectives:
-53.138486383611564, -21.700057647398904, 1467.2384026543714, 

parameters:
-0.4689303709552055, -71.61212087800772, 6.008184337527656, 
objectives:
-77.40040952273118, -59.50831936385505, 5123.507568001665, 

parameters:
2.6270501212052193, -90.98534396006845, 6.41420549257545, 
objectives:
-90.49815711331954, -84.17794661298952, 8279.820002378712, 

parameters:
-0.8556099888910941, -66.33182705034132, 18.718696224098938, 
objectives:
-84.31845482135003, -39.45862241758779, 4382.924652065384, 

parameters:
0.5096317750433529, -70.70786466265733, 17.061198843375784, 
objectives:
-87.50933895989928, -51.42546837332112, 4983.800650855424, 

parameters:
-1.384544050314867, -69.34487012696641, 4.154768558514517, 
objectives:
-71.58267645821863, -53.73496313993013, 4807.473206594586, 

parameters:
-0.4423149272931568, -97.05824796720626, 3.1444918554414367, 
objectives:
-100.00709732774133, -87.94885390768584, 9418.354649103163, 

parameters:
3.590283683363201, -16.912508677041636, 16.053654408090008, 
objectives:
-20.07602615810761, 1.6701479246196023, 283.8694322699427, 

parameters:
-2.2480882462629275, -38.45915093992748, 20.0, 
objectives:
-53.405250176941955, -0.41289719189024865, 1465.1601917831103, 

parameters:
2.273530604739353, -91.03122936155302, 2.293786603455728, 
objectives:
-88.15607455432226, -88.66262376636821, 8290.559873882903, 

parameters:
3.600205177739568, -32.42830240349882, 0.9047996589973335, 
objectives:
-20.37162474067336, -28.962846133636962, 1064.6514744355927, 

