Generation 2830 at Fri May 24 19:48:24 2019
parameters:
1.5303576282137525, 1.2356280098468961, 3.417038045990257, 
objectives:
0.16058443408866063, 4.873230013214165, 1.451733002959966, 

parameters:
0.051044676920685594, -100.0, 20, 
objectives:
-119.99739444095806, -76.2015731486408, 9981.002605559042, 

parameters:
-0.09310337269809921, -0.38187417318528993, 20, 
objectives:
-20.37320593517753, 23.999207555614866, -18.84550387784629, 

parameters:
1.9973066371654076, -100, 0, 
objectives:
-96.01076619713501, -99.99999274579665, 10004.989233802866, 

parameters:
-0.1441899940197584, -54.36767304039086, 20, 
objectives:
-74.34688228601544, -29.77012230993641, 2936.864662581219, 

parameters:
1.0736373119332887, -62.103896669911826, 4.447555665926949, 
objectives:
-65.39875525826344, -56.798193174142696, 3854.599122998734, 

parameters:
0.8580737148687783, -26.0358882187611, 10.530298901772523, 
objectives:
-35.82989662038492, -14.201593676314987, 669.0734669381993, 

parameters:
1.3752805906220813, -10.734861950453944, 19.920039945912052, 
objectives:
-28.763505193424173, 9.575452335911605, 98.20861785233362, 

parameters:
-0.8609123879912359, -48.93926152162382, 0, 
objectives:
-48.19809138182705, -40.7544418298621, 2396.792488421687, 

parameters:
3.437436293622426, -7.489854009852511, 20, 
objectives:
-15.67388573713983, 14.576369088370466, 48.91388136161642, 

parameters:
0.7430303836912147, -75.69451578649574, 6.673313289580422, 
objectives:
-81.81573492498785, -67.44122988059186, 5724.5385010135615, 

parameters:
-0.6635996489597417, -44.59851432527765, 15.731733516394499, 
objectives:
-59.889883347572656, -21.77201771894469, 1974.7361109997005, 

parameters:
0.5096317750433529, -70.70786466265733, 17.061198843375784, 
objectives:
-87.50933895989928, -51.42546837332112, 4983.800650855424, 

parameters:
-0.16002295990120552, -80.05865403268912, 0.9110136589364671, 
objectives:
-80.94406034393005, -74.48194118645229, 6409.502679214569, 

parameters:
-1.6119437226725277, -84.81315672733433, 11.758992887807343, 
objectives:
-93.9737870500783, -60.008026383773505, 7185.110923732633, 

parameters:
-1.0457103833035626, -50.72076356105829, 5.319038474257348, 
objectives:
-54.94629182956675, -36.12537334783781, 2569.3703279482697, 

parameters:
1.2512369855862508, -38.4823920384317, 16.22168833927883, 
objectives:
-53.138486383611564, -21.700057647398904, 1467.2384026543714, 

parameters:
3.925792609561068, -17.276827358794378, 6.6034286396404465, 
objectives:
-8.468408385150527, -6.964721544113905, 308.2971825592297, 

parameters:
-0.07766747750321741, -94.72085588006945, 20.0, 
objectives:
-114.71482364300773, -70.40415373299487, 8953.046570889948, 

parameters:
-0.3607713138352332, -88.37502714109448, 19.352924215102423, 
objectives:
-107.5977954153105, -63.44886172976473, 7791.9226539149695, 

parameters:
2.419827877994279, -32.445287573722645, 7.779458231415461, 
objectives:
-34.36917884601981, -24.489573895166004, 1051.772794469264, 

parameters:
-1.688369622946615, -65.81136532338341, 6.413768004100631, 
objectives:
-69.37454134379514, -45.79352684380743, 4328.572629707422, 

parameters:
-0.4689303709552055, -71.61212087800772, 6.008184337527656, 
objectives:
-77.40040952273118, -59.50831936385505, 5123.507568001665, 

parameters:
0.9162078803821209, -21.998968976435947, 14.422894680649925, 
objectives:
-35.58242677701158, -6.401468937240207, 471.3711782256156, 

parameters:
0.8296988389922315, -33.29563553450928, 16.171183889188057, 
objectives:
-48.77841926027228, -15.754846837865092, 1094.116561921114, 

parameters:
-1.3534313282646733, -98.29862546756296, 12.806215494076092, 
objectives:
-109.27306460131078, -74.2469083000999, 9652.64532967847, 

parameters:
0.46429960800541403, -93.3622654898468, 9.212064996552256, 
objectives:
-102.35875636040508, -81.79182479932223, 8708.516126526081, 

parameters:
1.8922521645534602, -97.36095843849846, 4.732107569790532, 
objectives:
-98.51244775403173, -92.61724127266451, 9479.00473874749, 

parameters:
0.49885028424716316, -67.51297363435465, 2.9799475581618733, 
objectives:
-70.24406958642304, -62.279575607087956, 4556.270513000998, 

parameters:
2.6270501212052193, -90.98534396006845, 6.41420549257545, 
objectives:
-90.49815711331954, -84.17794661298952, 8279.820002378712, 

parameters:
-0.8556099888910941, -66.33182705034132, 18.718696224098938, 
objectives:
-84.31845482135003, -39.45862241758779, 4382.924652065384, 

parameters:
-0.4423149272931568, -97.05824796720626, 3.1444918554414367, 
objectives:
-100.00709732774133, -87.94885390768584, 9418.354649103163, 

parameters:
-0.5055893092201438, -5.800781554393639, 4.430264212797054, 
objectives:
-9.975425217592992, 4.907460444881692, 30.474422978594127, 

parameters:
-0.13941553096345125, -90.22853076564508, 4.143703277077362, 
objectives:
-94.35279735244862, -81.50772867444009, 8138.063497540157, 

parameters:
0.3506631299460726, -67.42508902791529, 0, 
objectives:
-67.30212439721171, -64.70477691699601, 4547.265595053007, 

parameters:
-0.26116635670145355, -95.60112156301275, 0, 
objectives:
-95.53291369714005, -90.48824827033422, 9140.642651971813, 

parameters:
2.5913942447823946, -95.41612414373425, 9.58816014577036, 
objectives:
-98.28896015761329, -85.47821684520216, 9102.36391059863, 

parameters:
3.3488632022278715, -91.70052933829317, 14.193131265068224, 
objectives:
-94.67877585612547, -75.6879661349005, 8407.008834405333, 

