Generation 2839 at Fri May 24 19:48:24 2019
parameters:
0.051044676920685594, -100.0, 20, 
objectives:
-119.99739444095806, -76.2015731486408, 9981.002605559042, 

parameters:
1.5303576282137525, 1.2356280098468961, 3.417038045990257, 
objectives:
0.16058443408866063, 4.873230013214165, 1.451733002959966, 

parameters:
-0.09310337269809921, -0.38187417318528993, 20, 
objectives:
-20.37320593517753, 23.999207555614866, -18.84550387784629, 

parameters:
1.9973066371654076, -100, 0, 
objectives:
-96.01076619713501, -99.99999274579665, 10004.989233802866, 

parameters:
1.8922521645534602, -97.36095843849846, 4.732107569790532, 
objectives:
-98.51244775403173, -92.61724127266451, 9479.00473874749, 

parameters:
0.7430303836912147, -75.69451578649574, 6.673313289580422, 
objectives:
-81.81573492498785, -67.44122988059186, 5724.5385010135615, 

parameters:
-0.3607713138352332, -88.37502714109448, 19.352924215102423, 
objectives:
-107.5977954153105, -63.44886172976473, 7791.9226539149695, 

parameters:
-1.688369622946615, -65.81136532338341, 6.413768004100631, 
objectives:
-69.37454134379514, -45.79352684380743, 4328.572629707422, 

parameters:
1.2512369855862508, -38.4823920384317, 16.22168833927883, 
objectives:
-53.138486383611564, -21.700057647398904, 1467.2384026543714, 

parameters:
0.5096317750433529, -70.70786466265733, 17.061198843375784, 
objectives:
-87.50933895989928, -51.42546837332112, 4983.800650855424, 

parameters:
0.8580737148687783, -26.0358882187611, 10.530298901772523, 
objectives:
-35.82989662038492, -14.201593676314987, 669.0734669381993, 

parameters:
-0.16002295990120552, -80.05865403268912, 0.9110136589364671, 
objectives:
-80.94406034393005, -74.48194118645229, 6409.502679214569, 

parameters:
-0.1441899940197584, -54.36767304039086, 20, 
objectives:
-74.34688228601544, -29.77012230993641, 2936.864662581219, 

parameters:
-0.8609123879912359, -48.93926152162382, 0, 
objectives:
-48.19809138182705, -40.7544418298621, 2396.792488421687, 

parameters:
1.0736373119332887, -62.103896669911826, 4.447555665926949, 
objectives:
-65.39875525826344, -56.798193174142696, 3854.599122998734, 

parameters:
-0.07766747750321741, -94.72085588006945, 20.0, 
objectives:
-114.71482364300773, -70.40415373299487, 8953.046570889948, 

parameters:
1.6722090307970758, -84.62595139651134, 4.475516238733214, 
objectives:
-86.30518459256527, -80.04298823828712, 7160.872416568646, 

parameters:
-0.8081327925161397, -60.57248439414623, 18.339068411475857, 
objectives:
-78.25847419528216, -34.34780620226588, 3652.3398758779526, 

parameters:
-1.642739853300681, -56.88577649260876, 3.7372016237543413, 
objectives:
-57.924383890740756, -39.87902123002935, 3235.952959768908, 

parameters:
-1.6119437226725277, -84.81315672733433, 11.758992887807343, 
objectives:
-93.9737870500783, -60.008026383773505, 7185.110923732633, 

parameters:
1.3752805906220813, -10.734861950453944, 19.920039945912052, 
objectives:
-28.763505193424173, 9.575452335911605, 98.20861785233362, 

parameters:
-2.2091170231278037, -45.09660786571834, 1.4705076216940334, 
objectives:
-41.686917465539324, -25.909434129640044, 2038.1137313945483, 

parameters:
2.6270501212052193, -90.98534396006845, 6.41420549257545, 
objectives:
-90.49815711331954, -84.17794661298952, 8279.820002378712, 

parameters:
3.925792609561068, -17.276827358794378, 6.6034286396404465, 
objectives:
-8.468408385150527, -6.964721544113905, 308.2971825592297, 

parameters:
-0.20751190021365584, -29.86501050723308, 19.68951725655543, 
objectives:
-49.51146657505823, -5.302384461092746, 873.2723965293171, 

parameters:
4.251786338225516, -30.370154413333495, 0.8322205413653259, 
objectives:
-13.124687888777677, -24.46739215894909, 940.5917456142757, 

parameters:
0.4022138823400152, -18.29887397768215, 18.390516523427976, 
objectives:
-36.5276144939631, 2.6445630235327933, 317.62004833481194, 

parameters:
0.7703402755661467, -24.615305666796743, 15.863820647265236, 
objectives:
-39.88570217390265, -7.239421981636767, 591.64287656273, 

parameters:
2.5425482882402752, -59.343164813327306, 9.046850656526265, 
objectives:
-61.92546367182002, -50.00195551172859, 3520.028911203235, 

parameters:
0.46429960800541403, -93.3622654898468, 9.212064996552256, 
objectives:
-102.35875636040508, -81.79182479932223, 8708.516126526081, 

parameters:
4.785654081741941, -94.32865060015023, 0, 
objectives:
-71.42616561005693, -86.56878193702468, 8921.796809035313, 

parameters:
0.4667191951460288, -8.673655708492293, 19.41034998880788, 
objectives:
-27.866178890182418, 13.08764430684923, 57.039780167770815, 

parameters:
-0.6635996489597417, -44.59851432527765, 15.731733516394499, 
objectives:
-59.889883347572656, -21.77201771894469, 1974.7361109997005, 

parameters:
3.437436293622426, -7.489854009852511, 20, 
objectives:
-15.67388573713983, 14.576369088370466, 48.91388136161642, 

parameters:
2.530639606291701, -1.2106820803768557, 20, 
objectives:
-14.80654526344464, 19.070896311388555, -11.130112083322153, 

parameters:
0.714222126027432, -94.13508332538859, 17.045983779320267, 
objectives:
-110.67095385940172, -75.4358748048709, 8845.87804214384, 

parameters:
-0.48758007338107845, -91.71469881818064, 10.617284893751346, 
objectives:
-102.09424938397369, -74.90935930294668, 8402.206428743792, 

