Generation 2845 at Fri May 24 19:48:24 2019
parameters:
0.051044676920685594, -100.0, 20, 
objectives:
-119.99739444095806, -76.2015731486408, 9981.002605559042, 

parameters:
1.5303576282137525, 1.2356280098468961, 3.417038045990257, 
objectives:
0.16058443408866063, 4.873230013214165, 1.451733002959966, 

parameters:
-0.09310337269809921, -0.38187417318528993, 20, 
objectives:
-20.37320593517753, 23.999207555614866, -18.84550387784629, 

parameters:
1.9973066371654076, -100, 0, 
objectives:
-96.01076619713501, -99.99999274579665, 10004.989233802866, 

parameters:
1.8922521645534602, -97.36095843849846, 4.732107569790532, 
objectives:
-98.51244775403173, -92.61724127266451, 9479.00473874749, 

parameters:
2.6270501212052193, -90.98534396006845, 6.41420549257545, 
objectives:
-90.49815711331954, -84.17794661298952, 8279.820002378712, 

parameters:
-0.07766747750321741, -94.72085588006945, 20.0, 
objectives:
-114.71482364300773, -70.40415373299487, 8953.046570889948, 

parameters:
-0.1441899940197584, -54.36767304039086, 20, 
objectives:
-74.34688228601544, -29.77012230993641, 2936.864662581219, 

parameters:
-0.8609123879912359, -48.93926152162382, 0, 
objectives:
-48.19809138182705, -40.7544418298621, 2396.792488421687, 

parameters:
4.251786338225516, -30.370154413333495, 0.8322205413653259, 
objectives:
-13.124687888777677, -24.46739215894909, 940.5917456142757, 

parameters:
0.7185444080465682, -80.05966668209297, 2.8679132664691704, 
objectives:
-82.41127388222715, -75.54962498147508, 6408.198622047693, 

parameters:
0.8342706845083625, -44.35675162183346, 16.92168994166954, 
objectives:
-60.58243398847295, -26.07613684316732, 1952.295732074386, 

parameters:
1.2512369855862508, -38.4823920384317, 16.22168833927883, 
objectives:
-53.138486383611564, -21.700057647398904, 1467.2384026543714, 

parameters:
0.5096317750433529, -70.70786466265733, 17.061198843375784, 
objectives:
-87.50933895989928, -51.42546837332112, 4983.800650855424, 

parameters:
-1.662232597656212, -68.31506128791291, 19.59209264120917, 
objectives:
-85.14413672041115, -35.31102104736797, 4651.1185233388, 

parameters:
-1.688369622946615, -65.81136532338341, 6.413768004100631, 
objectives:
-69.37454134379514, -45.79352684380743, 4328.572629707422, 

parameters:
1.0736373119332887, -62.103896669911826, 4.447555665926949, 
objectives:
-65.39875525826344, -56.798193174142696, 3854.599122998734, 

parameters:
2.5790693964269282, -25.811072746273027, 6.452043109137895, 
objectives:
-25.611516903824963, -19.023708271256886, 667.4110321558462, 

parameters:
1.071033907145964, -86.77987315560523, 17.282272881871062, 
objectives:
-102.91503240721995, -68.63462227206168, 7515.611225651319, 

parameters:
-2.801869219813106, -35.11988202410794, 16.344635910609224, 
objectives:
-43.61404680978106, 4.282701890689818, 1225.9119486015868, 

parameters:
1.3727141924624804, -76.13425852732162, 17.555631635788316, 
objectives:
-91.80554590892201, -58.18513940719531, 5781.754034123445, 

parameters:
1.4022121879523497, -56.77019429247902, 12.75114016404288, 
objectives:
-67.55513543647979, -43.661703860203424, 3213.0700188618166, 

parameters:
1.1421527362122956, -11.50832178385545, 7.296454671892439, 
objectives:
-17.500263582910655, -3.47596518397496, 127.4495284817067, 

parameters:
0.8580737148687783, -26.0358882187611, 10.530298901772523, 
objectives:
-35.82989662038492, -14.201593676314987, 669.0734669381993, 

parameters:
-0.0922290738333782, -74.81192198671403, 8.467582648847701, 
objectives:
-83.27099843350156, -61.96691684047264, 5589.364594899398, 

parameters:
2.0473880533800197, -15.039902869949934, 5.766784597047836, 
objectives:
-16.614889625874547, -9.27087264529895, 225.62369158160365, 

parameters:
-0.3607713138352332, -88.37502714109448, 19.352924215102423, 
objectives:
-107.5977954153105, -63.44886172976473, 7791.9226539149695, 

parameters:
-0.6942042184767421, -88.73248127983143, 17.12923701032064, 
objectives:
-105.37979879320116, -64.34450789865292, 7857.805916562265, 

parameters:
4.243514100731891, -55.201744183471206, 0.2236314523370337, 
objectives:
-37.417963712697855, -49.94475721095135, 3066.0163413681703, 

parameters:
1.810685549785907, -3.670133847504148, 16.714667865946954, 
objectives:
-17.10621955324761, 13.08037397950267, 1.0337967528521368, 

parameters:
1.6628335430009789, -47.913469213231664, 20, 
objectives:
-65.14845382150247, -27.799787993506392, 2279.465547439028, 

parameters:
0.4757668694013106, -83.42216227667865, 7.361071471109023, 
objectives:
-90.55687963376775, -73.73780416915494, 6953.122441559417, 

parameters:
1.3752805906220813, -10.734861950453944, 19.920039945912052, 
objectives:
-28.763505193424173, 9.575452335911605, 98.20861785233362, 

parameters:
1.4104956445933983, -27.563534751189597, 16.8999311312948, 
objectives:
-42.47396791906745, -10.316088234851446, 745.8380148121587, 

parameters:
-0.01933650734987946, -27.87746674908106, 1.0420176536586074, 
objectives:
-28.919110502223173, -22.75772916550644, 777.1115085929779, 

parameters:
-0.654339414820881, -84.12088269673275, 7.136210671519422, 
objectives:
-90.82893329846404, -69.93915429614167, 7070.61485507574, 

