Generation 2847 at Fri May 24 19:48:24 2019
parameters:
1.5303576282137525, 1.2356280098468961, 3.417038045990257, 
objectives:
0.16058443408866063, 4.873230013214165, 1.451733002959966, 

parameters:
0.051044676920685594, -100.0, 20, 
objectives:
-119.99739444095806, -76.2015731486408, 9981.002605559042, 

parameters:
-0.09310337269809921, -0.38187417318528993, 20, 
objectives:
-20.37320593517753, 23.999207555614866, -18.84550387784629, 

parameters:
1.9973066371654076, -100, 0, 
objectives:
-96.01076619713501, -99.99999274579665, 10004.989233802866, 

parameters:
-0.07766747750321741, -94.72085588006945, 20.0, 
objectives:
-114.71482364300773, -70.40415373299487, 8953.046570889948, 

parameters:
1.8922521645534602, -97.36095843849846, 4.732107569790532, 
objectives:
-98.51244775403173, -92.61724127266451, 9479.00473874749, 

parameters:
0.7185444080465682, -80.05966668209297, 2.8679132664691704, 
objectives:
-82.41127388222715, -75.54962498147508, 6408.198622047693, 

parameters:
-0.8609123879912359, -48.93926152162382, 0, 
objectives:
-48.19809138182705, -40.7544418298621, 2396.792488421687, 

parameters:
1.071033907145964, -86.77987315560523, 17.282272881871062, 
objectives:
-102.91503240721995, -68.63462227206168, 7515.611225651319, 

parameters:
4.251786338225516, -30.370154413333495, 0.8322205413653259, 
objectives:
-13.124687888777677, -24.46739215894909, 940.5917456142757, 

parameters:
2.0473880533800197, -15.039902869949934, 5.766784597047836, 
objectives:
-16.614889625874547, -9.27087264529895, 225.62369158160365, 

parameters:
2.6270501212052193, -90.98534396006845, 6.41420549257545, 
objectives:
-90.49815711331954, -84.17794661298952, 8279.820002378712, 

parameters:
0.5066114095143023, -39.40781963759224, 17.020864561010665, 
objectives:
-56.172029078352836, -20.156745594388713, 1537.21203914824, 

parameters:
0.5117079983468221, -64.22656895064479, 16.066371116823674, 
objectives:
-80.03109499189635, -45.94518475163629, 4110.247633130678, 

parameters:
-2.801869219813106, -35.11988202410794, 16.344635910609224, 
objectives:
-43.61404680978106, 4.282701890689818, 1225.9119486015868, 

parameters:
2.5790693964269282, -25.811072746273027, 6.452043109137895, 
objectives:
-25.611516903824963, -19.023708271256886, 667.4110321558462, 

parameters:
1.0736373119332887, -62.103896669911826, 4.447555665926949, 
objectives:
-65.39875525826344, -56.798193174142696, 3854.599122998734, 

parameters:
1.3727141924624804, -76.13425852732162, 17.555631635788316, 
objectives:
-91.80554590892201, -58.18513940719531, 5781.754034123445, 

parameters:
1.810685549785907, -3.670133847504148, 16.714667865946954, 
objectives:
-17.10621955324761, 13.08037397950267, 1.0337967528521368, 

parameters:
0.8342706845083625, -44.35675162183346, 16.92168994166954, 
objectives:
-60.58243398847295, -26.07613684316732, 1952.295732074386, 

parameters:
1.1421527362122956, -11.50832178385545, 7.296454671892439, 
objectives:
-17.500263582910655, -3.47596518397496, 127.4495284817067, 

parameters:
-0.1441899940197584, -54.36767304039086, 20, 
objectives:
-74.34688228601544, -29.77012230993641, 2936.864662581219, 

parameters:
-1.662232597656212, -68.31506128791291, 19.59209264120917, 
objectives:
-85.14413672041115, -35.31102104736797, 4651.1185233388, 

parameters:
3.35277339675757, -31.40286631546107, 11.039902791454567, 
objectives:
-31.201679656910343, -18.532967661031485, 987.3411994852702, 

parameters:
1.4022121879523497, -56.77019429247902, 12.75114016404288, 
objectives:
-67.55513543647979, -43.661703860203424, 3213.0700188618166, 

parameters:
0.5096317750433529, -70.70786466265733, 17.061198843375784, 
objectives:
-87.50933895989928, -51.42546837332112, 4983.800650855424, 

parameters:
4.243514100731891, -55.201744183471206, 0.2236314523370337, 
objectives:
-37.417963712697855, -49.94475721095135, 3066.0163413681703, 

parameters:
-0.0922290738333782, -74.81192198671403, 8.467582648847701, 
objectives:
-83.27099843350156, -61.96691684047264, 5589.364594899398, 

parameters:
-0.3607713138352332, -88.37502714109448, 19.352924215102423, 
objectives:
-107.5977954153105, -63.44886172976473, 7791.9226539149695, 

parameters:
4.713162148890685, -89.37475930938126, 3.980114926642325, 
objectives:
-71.14097679428772, -78.0333955365658, 8007.0813841249255, 

parameters:
2.5120305701309174, -96.60752075710735, 13.431595096306186, 
objectives:
-103.72881826814127, -82.91375035605257, 9326.891769323895, 

parameters:
2.9859512295389687, -42.88338121043727, 10.100209355238814, 
objectives:
-44.06768582049081, -31.811072028169054, 1838.8000794296308, 

parameters:
-1.230215935417656, -69.12506878194966, 3.8582017795963695, 
objectives:
-71.4698393137905, -54.83257201292713, 4776.930363577431, 

parameters:
1.2891355787950447, -51.790480806363746, 17.344493324786217, 
objectives:
-67.47310359063472, -33.94065925624247, 2667.571279370061, 

parameters:
-0.6942042184767421, -88.73248127983143, 17.12923701032064, 
objectives:
-105.37979879320116, -64.34450789865292, 7857.805916562265, 

parameters:
1.8132120140407664, -31.738274661606084, 5.712610916544111, 
objectives:
-34.16314777028842, -25.990773993363266, 1005.8932053868645, 

parameters:
2.6981867672388353, -70.53358816391842, 20, 
objectives:
-83.25337633301567, -50.046123401971, 4963.267271108156, 

