Generation 285 at Sat May 25 04:36:27 2019
parameters:
0, 0.0, 20.0, 
objectives:
-20.0, 24.0, -19.0, 

parameters:
0, 0.0, 20.0, 
objectives:
-20.0, 24.0, -19.0, 

parameters:
1.9971487895634539, 0.0, 20.0, 
objectives:
-16.01139671234523, 20.000008129400953, -15.011396712345231, 

parameters:
1.4597866634119527, 0.0, 20.0, 
objectives:
-17.869022897324598, 20.29183044902759, -16.869022897324598, 

parameters:
1.5850462419170237, 0.0, 20.0, 
objectives:
-17.48762841098472, 20.172186621347187, -16.48762841098472, 

parameters:
0.7223787152211216, 0.0, 20.0, 
objectives:
-19.47816899179548, 21.632316147320033, -18.47816899179548, 

parameters:
1.8918010986363387, 0.0, 20.0, 
objectives:
-16.421088603198342, 20.011707002256305, -15.421088603198342, 

parameters:
1.824899139794247, 0.0, 20.0, 
objectives:
-16.66974312957822, 20.030660311244795, -15.669743129578219, 

parameters:
0.2750110569983705, 0.0, 20.0, 
objectives:
-19.92436891852864, 22.97558685347788, -18.92436891852864, 

parameters:
1.3964124310044426, 0.0, 20.0, 
objectives:
-18.050032322536264, 20.364317953445966, -17.050032322536264, 

parameters:
0.4739102053687425, 0.0, 20.0, 
objectives:
-19.775409117247357, 22.328950061277673, -18.775409117247357, 

parameters:
0.6340844004751682, 0.0, 20.0, 
objectives:
-19.597936973074045, 21.865725425025282, -18.597936973074045, 

parameters:
1.9635454708216187, 0.0, 20.0, 
objectives:
-16.144489184015907, 20.001328932697618, -15.144489184015908, 

parameters:
0.9334826882822892, 0.0, 20.0, 
objectives:
-19.128610070677272, 21.137459176193573, -18.12861007067727, 

parameters:
0.5629338357124491, 0.0, 20.0, 
objectives:
-19.683105496610068, 22.065159160540134, -18.683105496610068, 

parameters:
1.6960111201306476, 0.0, 20.0, 
objectives:
-17.123546280393185, 20.092409239084223, -16.123546280393185, 

parameters:
1.6267201215167564, 0.0, 20.0, 
objectives:
-17.35378164625251, 20.139337867680464, -16.35378164625251, 

parameters:
1.0385688289082513, 0.0, 20.0, 
objectives:
-18.921374787620145, 20.92434989674685, -17.921374787620145, 

parameters:
0.1688240984587914, 0.0, 20.0, 
objectives:
-19.971498423779575, 23.35320518238526, -18.971498423779575, 

parameters:
0.832225688143332, 0.0, 20.0, 
objectives:
-19.307400403994357, 21.363696843432315, -18.307400403994357, 

parameters:
1.7643412611128337, 0.0, 20.0, 
objectives:
-16.887099914334776, 20.05553504121389, -15.887099914334776, 

parameters:
1.2586338829599308, 0.0, 20.0, 
objectives:
-18.415840748665207, 20.54962371949507, -17.415840748665207, 

parameters:
1.3233517753940844, 0.0, 20.0, 
objectives:
-18.248740078561326, 20.45785281986234, -17.248740078561326, 

parameters:
1.7365809496497102, 0.0, 20.0, 
objectives:
-16.98428660531371, 20.069389596087447, -15.984286605313711, 

parameters:
0.37760259066831736, 0.0, 20.0, 
objectives:
-19.857416283520575, 22.632173353806156, -18.857416283520575, 

parameters:
0.900348304502719, 0.0, 20.0, 
objectives:
-19.18937293057908, 21.209233851410044, -18.18937293057908, 

parameters:
0.38181634784106144, 0.0, 20.0, 
objectives:
-19.854216276521313, 22.61851833211444, -18.854216276521313, 

parameters:
1.089316972658875, 0.0, 20.0, 
objectives:
-18.813388533077305, 20.829343576287197, -17.813388533077305, 

parameters:
1.2191637140424905, 0.0, 20.0, 
objectives:
-18.51363983836212, 20.60970530546792, -17.51363983836212, 

parameters:
1.3136384758032513, 0.0, 20.0, 
objectives:
-18.27435395488931, 20.471092141897685, -17.27435395488931, 

parameters:
0.11088501961137674, 0.0, 20.0, 
objectives:
-19.987704512425786, 23.56875540912871, -18.987704512425786, 

parameters:
1.1915868981496855, 0.0, 20.0, 
objectives:
-18.58012066415801, 20.653531743243246, -17.58012066415801, 

parameters:
1.137664021469898, 0.0, 20.0, 
objectives:
-18.70572057425294, 20.74362333986747, -17.70572057425294, 

parameters:
0.851127130815409, 0.0, 20.0, 
objectives:
-19.27558260718993, 21.319908869548435, -18.27558260718993, 

parameters:
1.1538848460931599, 0.0, 20.0, 
objectives:
-18.668549761956566, 20.715910853670795, -17.668549761956566, 

parameters:
1.0638439994365143, 0.0, 20.0, 
objectives:
-18.86823594486292, 20.876388057391022, -17.86823594486292, 

parameters:
0.04882342538897624, 0.0, 20.0, 
objectives:
-19.997616273133286, 23.807090025310806, -18.997616273133286, 

parameters:
0.06869101962131348, 0.0, 20.0, 
objectives:
-19.995281543823385, 23.72995437769136, -18.995281543823385, 

