Generation 2850 at Fri May 24 19:48:24 2019
parameters:
0.051044676920685594, -100.0, 20, 
objectives:
-119.99739444095806, -76.2015731486408, 9981.002605559042, 

parameters:
1.5303576282137525, 1.2356280098468961, 3.417038045990257, 
objectives:
0.16058443408866063, 4.873230013214165, 1.451733002959966, 

parameters:
-0.09310337269809921, -0.38187417318528993, 20, 
objectives:
-20.37320593517753, 23.999207555614866, -18.84550387784629, 

parameters:
1.9973066371654076, -100, 0, 
objectives:
-96.01076619713501, -99.99999274579665, 10004.989233802866, 

parameters:
-0.07766747750321741, -94.72085588006945, 20.0, 
objectives:
-114.71482364300773, -70.40415373299487, 8953.046570889948, 

parameters:
0.5096317750433529, -70.70786466265733, 17.061198843375784, 
objectives:
-87.50933895989928, -51.42546837332112, 4983.800650855424, 

parameters:
0.7185444080465682, -80.05966668209297, 2.8679132664691704, 
objectives:
-82.41127388222715, -75.54962498147508, 6408.198622047693, 

parameters:
1.936898211386995, -3.614585727078344, 10.60075828410535, 
objectives:
-10.463769329909553, 6.9901543927531655, 7.21604637556727, 

parameters:
-0.3607713138352332, -88.37502714109448, 19.352924215102423, 
objectives:
-107.5977954153105, -63.44886172976473, 7791.9226539149695, 

parameters:
-0.5299531597893408, -8.265451051044927, 18.57017661590258, 
objectives:
-26.5547773153768, 16.70538855558572, 51.02835481288781, 

parameters:
0.8342706845083625, -44.35675162183346, 16.92168994166954, 
objectives:
-60.58243398847295, -26.07613684316732, 1952.295732074386, 

parameters:
1.3727141924624804, -76.13425852732162, 17.555631635788316, 
objectives:
-91.80554590892201, -58.18513940719531, 5781.754034123445, 

parameters:
-0.1441899940197584, -54.36767304039086, 20, 
objectives:
-74.34688228601544, -29.77012230993641, 2936.864662581219, 

parameters:
-2.498905790488563, -85.79276790569243, 13.64548309588234, 
objectives:
-93.1937208518375, -51.90713149811856, 7353.998071973864, 

parameters:
1.1421527362122956, -11.50832178385545, 7.296454671892439, 
objectives:
-17.500263582910655, -3.47596518397496, 127.4495284817067, 

parameters:
0.5066114095143023, -39.40781963759224, 17.020864561010665, 
objectives:
-56.172029078352836, -20.156745594388713, 1537.21203914824, 

parameters:
-2.801869219813106, -35.11988202410794, 16.344635910609224, 
objectives:
-43.61404680978106, 4.282701890689818, 1225.9119486015868, 

parameters:
1.4022121879523497, -56.77019429247902, 12.75114016404288, 
objectives:
-67.55513543647979, -43.661703860203424, 3213.0700188618166, 

parameters:
1.7083572450146258, -28.856924330920656, 16.54320079227685, 
objectives:
-42.48164064660354, -12.228668042108346, 820.0973655247977, 

parameters:
1.8922521645534602, -97.36095843849846, 4.732107569790532, 
objectives:
-98.51244775403173, -92.61724127266451, 9479.00473874749, 

parameters:
3.7860137242176597, -28.2318436189006, 19.375861344996395, 
objectives:
-33.273805043932526, -5.6661372508103724, 792.9950326970265, 

parameters:
3.35277339675757, -31.40286631546107, 11.039902791454567, 
objectives:
-31.201679656910343, -18.532967661031485, 987.3411994852702, 

parameters:
1.0736373119332887, -62.103896669911826, 4.447555665926949, 
objectives:
-65.39875525826344, -56.798193174142696, 3854.599122998734, 

parameters:
1.2776454008768439, -17.643949567423277, 6.329626364358654, 
objectives:
-22.34119816140018, -10.79252703619025, 307.6117077437992, 

parameters:
1.071033907145964, -86.77987315560523, 17.282272881871062, 
objectives:
-102.91503240721995, -68.63462227206168, 7515.611225651319, 

parameters:
3.442506732179444, -64.22642809242964, 14.288523048455977, 
objectives:
-66.66409853978482, -47.85707937159064, 4123.59639506468, 

parameters:
3.564277453714597, -91.36295983451595, 2.5575390977658747, 
objectives:
-81.2164251652236, -86.35845678455026, 8358.336964392665, 

parameters:
-0.8609123879912359, -48.93926152162382, 0, 
objectives:
-48.19809138182705, -40.7544418298621, 2396.792488421687, 

parameters:
3.3724373233473104, -50.22255766799705, 10.17575342605848, 
objectives:
-49.02497759414956, -38.163220035421844, 2524.502878789137, 

parameters:
4.713162148890685, -89.37475930938126, 3.980114926642325, 
objectives:
-71.14097679428772, -78.0333955365658, 8007.0813841249255, 

parameters:
-2.971155142103789, -51.838104418078395, 20, 
objectives:
-63.010341539628605, -7.125720971213447, 2677.0168325380487, 

parameters:
-2.180502450601623, -39.34637250428018, 17.013162377592458, 
objectives:
-51.60494394479296, -4.856609387201555, 1536.878457805063, 

parameters:
3.006583756866634, -90.06358114844424, 8.531334245531244, 
objectives:
-89.55536950692121, -80.51903604332526, 8112.956860923924, 

parameters:
-0.91582166451159, -97.44631317363509, 4.045024367795143, 
objectives:
-100.65260822024146, -84.8992728266048, 9493.577656087562, 

parameters:
1.4012535374801323, -63.3652387757461, 17.248329125203217, 
objectives:
-78.65005642464874, -45.75841232416283, 4000.868667458414, 

parameters:
-0.03255529893125653, -100, 0, 
objectives:
-99.9989401525115, -95.86871895678647, 10001.00105984749, 

parameters:
2.6270501212052193, -90.98534396006845, 6.41420549257545, 
objectives:
-90.49815711331954, -84.17794661298952, 8279.820002378712, 

parameters:
0.5117079983468221, -64.22656895064479, 16.066371116823674, 
objectives:
-80.03109499189635, -45.94518475163629, 4110.247633130678, 

