Generation 2851 at Fri May 24 19:48:24 2019
parameters:
0.051044676920685594, -100.0, 20, 
objectives:
-119.99739444095806, -76.2015731486408, 9981.002605559042, 

parameters:
1.5303576282137525, 1.2356280098468961, 3.417038045990257, 
objectives:
0.16058443408866063, 4.873230013214165, 1.451733002959966, 

parameters:
-0.09310337269809921, -0.38187417318528993, 20, 
objectives:
-20.37320593517753, 23.999207555614866, -18.84550387784629, 

parameters:
1.9973066371654076, -100, 0, 
objectives:
-96.01076619713501, -99.99999274579665, 10004.989233802866, 

parameters:
-0.07766747750321741, -94.72085588006945, 20.0, 
objectives:
-114.71482364300773, -70.40415373299487, 8953.046570889948, 

parameters:
0.8342706845083625, -44.35675162183346, 16.92168994166954, 
objectives:
-60.58243398847295, -26.07613684316732, 1952.295732074386, 

parameters:
1.3727141924624804, -76.13425852732162, 17.555631635788316, 
objectives:
-91.80554590892201, -58.18513940719531, 5781.754034123445, 

parameters:
3.564277453714597, -91.36295983451595, 2.5575390977658747, 
objectives:
-81.2164251652236, -86.35845678455026, 8358.336964392665, 

parameters:
1.8922521645534602, -97.36095843849846, 4.732107569790532, 
objectives:
-98.51244775403173, -92.61724127266451, 9479.00473874749, 

parameters:
0.5096317750433529, -70.70786466265733, 17.061198843375784, 
objectives:
-87.50933895989928, -51.42546837332112, 4983.800650855424, 

parameters:
0.7185444080465682, -80.05966668209297, 2.8679132664691704, 
objectives:
-82.41127388222715, -75.54962498147508, 6408.198622047693, 

parameters:
1.936898211386995, -3.614585727078344, 10.60075828410535, 
objectives:
-10.463769329909553, 6.9901543927531655, 7.21604637556727, 

parameters:
3.442506732179444, -64.22642809242964, 14.288523048455977, 
objectives:
-66.66409853978482, -47.85707937159064, 4123.59639506468, 

parameters:
4.713162148890685, -89.37475930938126, 3.980114926642325, 
objectives:
-71.14097679428772, -78.0333955365658, 8007.0813841249255, 

parameters:
-0.08575443710534336, -61.449635225774955, 19.3885964341024, 
objectives:
-80.8308778363941, -37.71066721976793, 3757.676426770183, 

parameters:
0.5066114095143023, -39.40781963759224, 17.020864561010665, 
objectives:
-56.172029078352836, -20.156745594388713, 1537.21203914824, 

parameters:
0.24520780686833898, -70.18164834816949, 3.809858018208738, 
objectives:
-73.93137949782906, -63.29249468888492, 4922.714033716462, 

parameters:
-0.5299531597893408, -8.265451051044927, 18.57017661590258, 
objectives:
-26.5547773153768, 16.70538855558572, 51.02835481288781, 

parameters:
2.675923703966851, -81.96729322434895, 17.654703330656165, 
objectives:
-92.46142888555345, -63.855717040108516, 6709.143022865197, 

parameters:
-0.3607713138352332, -88.37502714109448, 19.352924215102423, 
objectives:
-107.5977954153105, -63.44886172976473, 7791.9226539149695, 

parameters:
0.2576841954682533, -54.90712768491678, 20, 
objectives:
-74.84072654032266, -31.871463322195673, 2995.859071752349, 

parameters:
1.1421527362122956, -11.50832178385545, 7.296454671892439, 
objectives:
-17.500263582910655, -3.47596518397496, 127.4495284817067, 

parameters:
-0.5903866098949826, -19.0849148189333, 16.56766976127824, 
objectives:
-35.304028231068244, 4.192857731068161, 349.0148602338049, 

parameters:
1.4022121879523497, -56.77019429247902, 12.75114016404288, 
objectives:
-67.55513543647979, -43.661703860203424, 3213.0700188618166, 

parameters:
1.7083572450146258, -28.856924330920656, 16.54320079227685, 
objectives:
-42.48164064660354, -12.228668042108346, 820.0973655247977, 

parameters:
-2.5975136126468943, -25.320485436775478, 4.391529856885285, 
objectives:
-22.964938325774842, 0.2081758385833048, 644.4825298649597, 

parameters:
-3.1765036960219417, -37.561389699755125, 19.304339945614455, 
objectives:
-46.77555391452853, 8.539140760788154, 1402.643831962097, 

parameters:
1.0736373119332887, -62.103896669911826, 4.447555665926949, 
objectives:
-65.39875525826344, -56.798193174142696, 3854.599122998734, 

parameters:
-2.498905790488563, -85.79276790569243, 13.64548309588234, 
objectives:
-93.1937208518375, -51.90713149811856, 7353.998071973864, 

parameters:
-0.8609123879912359, -48.93926152162382, 0, 
objectives:
-48.19809138182705, -40.7544418298621, 2396.792488421687, 

parameters:
2.9281672882157492, -38.34321599656014, 20, 
objectives:
-49.76905232878337, -17.48172148164636, 1459.776376626642, 

parameters:
1.071033907145964, -86.77987315560523, 17.282272881871062, 
objectives:
-102.91503240721995, -68.63462227206168, 7515.611225651319, 

parameters:
3.7860137242176597, -28.2318436189006, 19.375861344996395, 
objectives:
-33.273805043932526, -5.6661372508103724, 792.9950326970265, 

parameters:
-0.1441899940197584, -54.36767304039086, 20, 
objectives:
-74.34688228601544, -29.77012230993641, 2936.864662581219, 

parameters:
4.31336141505614, -61.58536897272655, 11.861443248337949, 
objectives:
-54.84172552416939, -44.37228468771805, 3800.501314955427, 

parameters:
3.35277339675757, -31.40286631546107, 11.039902791454567, 
objectives:
-31.201679656910343, -18.532967661031485, 987.3411994852702, 

parameters:
2.0485209853055792, -100, 7.465875852625105, 
objectives:
-103.26943762538777, -92.53176986135988, 9997.730562374612, 

parameters:
3.3724373233473104, -50.22255766799705, 10.17575342605848, 
objectives:
-49.02497759414956, -38.163220035421844, 2524.502878789137, 

parameters:
1.2776454008768439, -17.643949567423277, 6.329626364358654, 
objectives:
-22.34119816140018, -10.79252703619025, 307.6117077437992, 

parameters:
-2.223940959075113, -14.365983509249485, 17.737743274676525, 
objectives:
-27.157813394474076, 21.213436991179428, 194.58965230280356, 

parameters:
-2.801869219813106, -35.11988202410794, 16.344635910609224, 
objectives:
-43.61404680978106, 4.282701890689818, 1225.9119486015868, 

parameters:
0.8032683483178664, -86.84278081309438, 7.40940623183753, 
objectives:
-93.6069470055226, -78.001207935119, 7535.904413158725, 

parameters:
2.9702375590186714, -28.354669996396968, 8.53744913787097, 
objectives:
-28.06980797726274, -18.875859937595486, 805.2721726237086, 

