Generation 2857 at Fri May 24 19:48:24 2019
parameters:
0.051044676920685594, -100.0, 20, 
objectives:
-119.99739444095806, -76.2015731486408, 9981.002605559042, 

parameters:
1.5303576282137525, 1.2356280098468961, 3.417038045990257, 
objectives:
0.16058443408866063, 4.873230013214165, 1.451733002959966, 

parameters:
-0.09310337269809921, -0.38187417318528993, 20, 
objectives:
-20.37320593517753, 23.999207555614866, -18.84550387784629, 

parameters:
1.9973066371654076, -100, 0, 
objectives:
-96.01076619713501, -99.99999274579665, 10004.989233802866, 

parameters:
0.8342706845083625, -44.35675162183346, 16.92168994166954, 
objectives:
-60.58243398847295, -26.07613684316732, 1952.295732074386, 

parameters:
5.894635808113398, -38.96568708306915, 3.08235497042562, 
objectives:
-7.30131074320208, -20.715144034804432, 1550.9891461955292, 

parameters:
-0.5299531597893408, -8.265451051044927, 18.57017661590258, 
objectives:
-26.5547773153768, 16.70538855558572, 51.02835481288781, 

parameters:
-1.4733586372471186, -67.83304282610894, 10.144371411992694, 
objectives:
-75.80662856415094, -45.62445119117709, 4594.348113310687, 

parameters:
2.7764556457785954, -80.15985394620495, 19.87037676117685, 
objectives:
-92.32152475440597, -59.68659381516664, 6414.440513868708, 

parameters:
-0.8609123879912359, -48.93926152162382, 0, 
objectives:
-48.19809138182705, -40.7544418298621, 2396.792488421687, 

parameters:
1.0736373119332887, -62.103896669911826, 4.447555665926949, 
objectives:
-65.39875525826344, -56.798193174142696, 3854.599122998734, 

parameters:
0.35995486382291964, -33.22768947076209, 19.487535467990607, 
objectives:
-52.58565743476292, -11.05040595407338, 1085.7213796013928, 

parameters:
4.013035875298092, -84.35562569596023, 15.455571336177707, 
objectives:
-83.70674009570841, -64.84774092454536, 7117.520472157197, 

parameters:
0.6994357206588047, -88.56996794593276, 20.0, 
objectives:
-108.08075761859926, -66.87850050123448, 7826.12843227089, 

parameters:
-1.8069149465833676, -69.36236537408399, 18.078381320057854, 
objectives:
-84.17580506995547, -36.791382643506296, 4797.324290592055, 

parameters:
3.564277453714597, -91.36295983451595, 2.5575390977658747, 
objectives:
-81.2164251652236, -86.35845678455026, 8358.336964392665, 

parameters:
2.8028321092487145, -21.713428627624296, 20.0, 
objectives:
-33.8575607949887, -1.0688892319835546, 460.32885059956993, 

parameters:
1.4022121879523497, -56.77019429247902, 12.75114016404288, 
objectives:
-67.55513543647979, -43.661703860203424, 3213.0700188618166, 

parameters:
2.349152495428573, -89.9741215819303, 17.318908676301454, 
objectives:
-101.77451281145346, -72.53330544056485, 8084.5421632104535, 

parameters:
0.5096317750433529, -70.70786466265733, 17.061198843375784, 
objectives:
-87.50933895989928, -51.42546837332112, 4983.800650855424, 

parameters:
0.5385986227684179, -28.193744501955667, 10.62721736468039, 
objectives:
-38.53087339018802, -15.430833151900913, 785.5501001533231, 

parameters:
1.3727141924624804, -76.13425852732162, 17.555631635788316, 
objectives:
-91.80554590892201, -58.18513940719531, 5781.754034123445, 

parameters:
-0.07766747750321741, -94.72085588006945, 20.0, 
objectives:
-114.71482364300773, -70.40415373299487, 8953.046570889948, 

parameters:
4.188615302923543, -86.9278748154097, 2.111789182145372, 
objectives:
-71.49516584166979, -80.0260486890732, 7572.888128897279, 

parameters:
1.844866990845233, -98.5810014057932, 17.573894002078497, 
objectives:
-112.75136119396134, -80.9830411531853, 9705.043478380834, 

parameters:
-0.5688666219141756, -16.4150989476396, 18.265988263716498, 
objectives:
-34.357477977828054, 8.449965037261645, 252.51309443061018, 

parameters:
2.46588541039535, -54.236068797846656, 1.8265075530400776, 
objectives:
-49.981985493686096, -52.192512029187334, 2946.805241948916, 

parameters:
1.8922521645534602, -97.36095843849846, 4.732107569790532, 
objectives:
-98.51244775403173, -92.61724127266451, 9479.00473874749, 

parameters:
1.7083572450146258, -28.856924330920656, 16.54320079227685, 
objectives:
-42.48164064660354, -12.228668042108346, 820.0973655247977, 

parameters:
2.5265194212799087, -73.53688017983181, 16.863639101744525, 
objectives:
-84.01721889547177, -56.39601837710235, 5398.192407867301, 

parameters:
0.8945260123505624, -6.933810550496185, 10.069338635771574, 
objectives:
-16.202972399495962, 4.3576008226449385, 39.80856690117243, 

parameters:
1.936898211386995, -3.614585727078344, 10.60075828410535, 
objectives:
-10.463769329909553, 6.9901543927531655, 7.21604637556727, 

parameters:
1.0360103366115365, -93.04062439115127, 3.724577578399403, 
objectives:
-95.69188455198473, -88.38677074163206, 8654.90652693446, 

parameters:
-0.9265200370975579, -31.980397015518804, 18.45337373280984, 
objectives:
-49.575331369185385, -4.962503755175472, 1006.1508589165375, 

parameters:
2.1756044121956344, -96.2484977154975, 4.220195692704135, 
objectives:
-95.73543884983653, -91.9974651132108, 9265.28637135579, 

parameters:
1.1421527362122956, -11.50832178385545, 7.296454671892439, 
objectives:
-17.500263582910655, -3.47596518397496, 127.4495284817067, 

parameters:
-1.0307552267410451, -93.1876444875197, 5.326566266499967, 
objectives:
-97.45175441656569, -78.67560097660157, 8680.672975203315, 

