Generation 2859 at Fri May 24 19:48:24 2019
parameters:
1.5303576282137525, 1.2356280098468961, 3.417038045990257, 
objectives:
0.16058443408866063, 4.873230013214165, 1.451733002959966, 

parameters:
0.051044676920685594, -100.0, 20, 
objectives:
-119.99739444095806, -76.2015731486408, 9981.002605559042, 

parameters:
-0.09310337269809921, -0.38187417318528993, 20, 
objectives:
-20.37320593517753, 23.999207555614866, -18.84550387784629, 

parameters:
1.9973066371654076, -100, 0, 
objectives:
-96.01076619713501, -99.99999274579665, 10004.989233802866, 

parameters:
2.7764556457785954, -80.15985394620495, 19.87037676117685, 
objectives:
-92.32152475440597, -59.68659381516664, 6414.440513868708, 

parameters:
0.5096317750433529, -70.70786466265733, 17.061198843375784, 
objectives:
-87.50933895989928, -51.42546837332112, 4983.800650855424, 

parameters:
1.8922521645534602, -97.36095843849846, 4.732107569790532, 
objectives:
-98.51244775403173, -92.61724127266451, 9479.00473874749, 

parameters:
-1.4733586372471186, -67.83304282610894, 10.144371411992694, 
objectives:
-75.80662856415094, -45.62445119117709, 4594.348113310687, 

parameters:
1.0736373119332887, -62.103896669911826, 4.447555665926949, 
objectives:
-65.39875525826344, -56.798193174142696, 3854.599122998734, 

parameters:
2.8028321092487145, -21.713428627624296, 20.0, 
objectives:
-33.8575607949887, -1.0688892319835546, 460.32885059956993, 

parameters:
1.7083572450146258, -28.856924330920656, 16.54320079227685, 
objectives:
-42.48164064660354, -12.228668042108346, 820.0973655247977, 

parameters:
-0.5299531597893408, -8.265451051044927, 18.57017661590258, 
objectives:
-26.5547773153768, 16.70538855558572, 51.02835481288781, 

parameters:
5.894635808113398, -38.96568708306915, 3.08235497042562, 
objectives:
-7.30131074320208, -20.715144034804432, 1550.9891461955292, 

parameters:
4.013035875298092, -84.35562569596023, 15.455571336177707, 
objectives:
-83.70674009570841, -64.84774092454536, 7117.520472157197, 

parameters:
1.9199106958518637, -3.0274211448997903, 11.025895465441524, 
objectives:
-10.367259530294927, 8.004888617180667, 2.8254404031912213, 

parameters:
0.38390998569560914, -36.78588625926235, 17.922607954630646, 
objectives:
-54.56110733677619, -16.25153137029734, 1336.4262068018727, 

parameters:
-0.8609123879912359, -48.93926152162382, 0, 
objectives:
-48.19809138182705, -40.7544418298621, 2396.792488421687, 

parameters:
-1.381741813437813, -51.98126727562497, 14.307487726080744, 
objectives:
-64.3795445627033, -26.237601856790562, 2690.6538702928815, 

parameters:
3.564277453714597, -91.36295983451595, 2.5575390977658747, 
objectives:
-81.2164251652236, -86.35845678455026, 8358.336964392665, 

parameters:
-1.8069149465833676, -69.36236537408399, 18.078381320057854, 
objectives:
-84.17580506995547, -36.791382643506296, 4797.324290592055, 

parameters:
2.349152495428573, -89.9741215819303, 17.318908676301454, 
objectives:
-101.77451281145346, -72.53330544056485, 8084.5421632104535, 

parameters:
4.188615302923543, -86.9278748154097, 2.111789182145372, 
objectives:
-71.49516584166979, -80.0260486890732, 7572.888128897279, 

parameters:
1.4022121879523497, -56.77019429247902, 12.75114016404288, 
objectives:
-67.55513543647979, -43.661703860203424, 3213.0700188618166, 

parameters:
-0.33018896188680635, -12.086279312935448, 20, 
objectives:
-31.97725456238356, 13.343501285163665, 127.18717238084324, 

parameters:
-0.07766747750321741, -94.72085588006945, 20.0, 
objectives:
-114.71482364300773, -70.40415373299487, 8953.046570889948, 

parameters:
0.35995486382291964, -33.22768947076209, 19.487535467990607, 
objectives:
-52.58565743476292, -11.05040595407338, 1085.7213796013928, 

parameters:
0.6994357206588047, -88.56996794593276, 20.0, 
objectives:
-108.08075761859926, -66.87850050123448, 7826.12843227089, 

parameters:
3.8413218079398614, -27.394421076430234, 20, 
objectives:
-32.63866784427587, -4.003955076035314, 746.2100593449194, 

parameters:
1.844866990845233, -98.5810014057932, 17.573894002078497, 
objectives:
-112.75136119396134, -80.9830411531853, 9705.043478380834, 

parameters:
2.46588541039535, -54.236068797846656, 1.8265075530400776, 
objectives:
-49.981985493686096, -52.192512029187334, 2946.805241948916, 

parameters:
0.8342706845083625, -44.35675162183346, 16.92168994166954, 
objectives:
-60.58243398847295, -26.07613684316732, 1952.295732074386, 

parameters:
-0.7767469298967755, -93.00313172770078, 17.339995224477892, 
objectives:
-109.7397911590746, -67.95281299053171, 8633.845851728689, 

parameters:
0.29986457622802254, -45.61146996678792, 18.901884148831368, 
objectives:
-64.42343535154288, -23.81912535879223, 2062.594227146442, 

parameters:
-1.0249345994768324, -70.3710715827324, 0, 
objectives:
-69.32058064952766, -61.22084225162033, 4954.138206635252, 

parameters:
1.5509153098678958, -94.15270647554505, 19.40170041568518, 
objectives:
-111.1490685928476, -74.54932900094882, 8848.735774552839, 

parameters:
2.7204645891251484, -42.39647514951106, 16.08988064280775, 
objectives:
-51.08542821163495, -25.787525282520043, 1789.7721520409852, 

parameters:
-2.7877392370397844, -68.85901121910929, 19.799006399204558, 
objectives:
-80.88652756458269, -26.137557818014436, 4730.535909727946, 

