Generation 286 at Fri May 24 19:55:17 2019
parameters:
0, 0.0, 20.0, 
objectives:
-20.0, 24.0, -19.0, 

parameters:
0, 0.0, 20.0, 
objectives:
-20.0, 24.0, -19.0, 

parameters:
1.9979647189482492, 0.0, 20.0, 
objectives:
-16.008136981838042, 20.000004142368958, -15.008136981838044, 

parameters:
1.8458728390924775, 0.0, 20.0, 
objectives:
-16.592753461900678, 20.023755181729413, -15.592753461900678, 

parameters:
0.8874254623987332, 0.0, 20.0, 
objectives:
-19.212476048686394, 21.237822101718674, -18.212476048686394, 

parameters:
0.24827507071939406, 0.0, 20.0, 
objectives:
-19.93835948925928, 23.068540227863142, -18.93835948925928, 

parameters:
1.1351657176616992, 0.0, 20.0, 
objectives:
-18.7113987934456, 20.747938335907605, -17.7113987934456, 

parameters:
1.7335298760299789, 0.0, 20.0, 
objectives:
-16.994874168911487, 20.071006326968597, -15.994874168911487, 

parameters:
0.6271371051363335, 0.0, 20.0, 
objectives:
-19.60669905136122, 21.884752528093447, -18.60669905136122, 

parameters:
1.9146414136717338, 0.0, 20.0, 
objectives:
-16.334148257053105, 20.00728608825996, -15.334148257053105, 

parameters:
0.9955280035627918, 0.0, 20.0, 
objectives:
-19.00892399412228, 21.00896399162655, -18.00892399412228, 

parameters:
0.7102086472689358, 0.0, 20.0, 
objectives:
-19.495603677344427, 21.66356173357983, -18.495603677344427, 

parameters:
1.0380195355553128, 0.0, 20.0, 
objectives:
-18.922515443805533, 20.925406413973217, -17.922515443805533, 

parameters:
0.38719158868275844, 0.0, 20.0, 
objectives:
-19.850082673653322, 22.601150971615645, -18.850082673653322, 

parameters:
0.16137182587267446, 0.0, 20.0, 
objectives:
-19.973959133814517, 23.380553562694782, -18.973959133814517, 

parameters:
1.675803072506905, 0.0, 20.0, 
objectives:
-17.191684062176417, 20.105103647795964, -16.191684062176417, 

parameters:
1.3163972666694657, 0.0, 20.0, 
objectives:
-18.26709823630516, 20.46731269701698, -17.26709823630516, 

parameters:
0.08154099839433461, 0.0, 20.0, 
objectives:
-19.993351065580857, 23.680484940841808, -18.993351065580853, 

parameters:
1.6155009016117814, 0.0, 20.0, 
objectives:
-17.39015683689152, 20.147839556661353, -16.39015683689152, 

parameters:
1.9612816023792814, 0.0, 20.0, 
objectives:
-16.15337447616856, 20.001499114314317, -15.153374476168558, 

parameters:
0.5247612857899809, 0.0, 20.0, 
objectives:
-19.724625592936047, 22.17632926390403, -18.724625592936047, 

parameters:
1.5153721483535358, 0.0, 20.0, 
objectives:
-17.70364725199439, 20.234864154591467, -16.70364725199439, 

parameters:
0.4124892028516902, 0.0, 20.0, 
objectives:
-19.829852657530775, 22.52019053106246, -18.82985265753078, 

parameters:
0.7914143351468819, 0.0, 20.0, 
objectives:
-19.37366335012402, 21.460679309288455, -18.37366335012402, 

parameters:
1.2018676255843157, 0.0, 20.0, 
objectives:
-18.55551421057232, 20.637015287090417, -17.55551421057232, 

parameters:
0.5067027026150086, 0.0, 20.0, 
objectives:
-19.743252371162647, 22.22993681837732, -18.743252371162647, 

parameters:
1.4539209216294096, 0.0, 20.0, 
objectives:
-17.886113953648287, 20.29820235983407, -16.886113953648287, 

parameters:
1.3844025503846022, 0.0, 20.0, 
objectives:
-18.08342957848861, 20.37896021997298, -17.08342957848861, 

parameters:
1.5519085915634245, 0.0, 20.0, 
objectives:
-17.59157972343163, 20.200785910314675, -16.59157972343163, 

parameters:
1.58481761929956, 0.0, 20.0, 
objectives:
-17.488353113557675, 20.172376409244084, -16.488353113557675, 

parameters:
1.3801865383051204, 0.0, 20.0, 
objectives:
-18.09508511948133, 20.38416872729819, -17.09508511948133, 

parameters:
0.7868601918556134, 0.0, 20.0, 
objectives:
-19.380851038472947, 21.4717081941046, -18.380851038472947, 

parameters:
1.4644310268126541, 0.0, 20.0, 
objectives:
-17.855441767708434, 20.286834125040947, -16.855441767708434, 

parameters:
1.2748801617707322, 0.0, 20.0, 
objectives:
-18.37468057312343, 20.52579877979364, -17.37468057312343, 

parameters:
1.7130300720654552, 0.0, 20.0, 
objectives:
-17.065527972199423, 20.08235173953876, -16.065527972199423, 

parameters:
1.2511954490454464, 0.0, 20.0, 
objectives:
-18.434509948287964, 20.56070825553025, -17.434509948287964, 

parameters:
1.2244287743822326, 0.0, 20.0, 
objectives:
-18.500774176464823, 20.601510726006246, -17.500774176464823, 

parameters:
0, 0.0, 20.0, 
objectives:
-20.0, 24.0, -19.0, 

