Generation 2864 at Fri May 24 19:48:24 2019
parameters:
0.051044676920685594, -100.0, 20, 
objectives:
-119.99739444095806, -76.2015731486408, 9981.002605559042, 

parameters:
1.5303576282137525, 1.2356280098468961, 3.417038045990257, 
objectives:
0.16058443408866063, 4.873230013214165, 1.451733002959966, 

parameters:
-0.09310337269809921, -0.38187417318528993, 20, 
objectives:
-20.37320593517753, 23.999207555614866, -18.84550387784629, 

parameters:
1.9973066371654076, -100, 0, 
objectives:
-96.01076619713501, -99.99999274579665, 10004.989233802866, 

parameters:
0.5096317750433529, -70.70786466265733, 17.061198843375784, 
objectives:
-87.50933895989928, -51.42546837332112, 4983.800650855424, 

parameters:
2.7764556457785954, -80.15985394620495, 19.87037676117685, 
objectives:
-92.32152475440597, -59.68659381516664, 6414.440513868708, 

parameters:
1.8922521645534602, -97.36095843849846, 4.732107569790532, 
objectives:
-98.51244775403173, -92.61724127266451, 9479.00473874749, 

parameters:
5.084073495221306, -24.225603581922158, 8.698713288058048, 
objectives:
-7.076513565168423, -6.015380969937548, 605.0289589251935, 

parameters:
1.4568727203653267, -64.36580775926886, 16.003799611878396, 
objectives:
-78.24712924780259, -48.06702090550711, 4130.075887014623, 

parameters:
4.013035875298092, -84.35562569596023, 15.455571336177707, 
objectives:
-83.70674009570841, -64.84774092454536, 7117.520472157197, 

parameters:
4.290349487141594, -76.55279197761202, 5.384640859742857, 
objectives:
-63.530334115538736, -65.92245034461939, 5874.352417429613, 

parameters:
-0.07766747750321741, -94.72085588006945, 20.0, 
objectives:
-114.71482364300773, -70.40415373299487, 8953.046570889948, 

parameters:
1.4022121879523497, -56.77019429247902, 12.75114016404288, 
objectives:
-67.55513543647979, -43.661703860203424, 3213.0700188618166, 

parameters:
4.188615302923543, -86.9278748154097, 2.111789182145372, 
objectives:
-71.49516584166979, -80.0260486890732, 7572.888128897279, 

parameters:
3.564277453714597, -91.36295983451595, 2.5575390977658747, 
objectives:
-81.2164251652236, -86.35845678455026, 8358.336964392665, 

parameters:
0.6994357206588047, -88.56996794593276, 20.0, 
objectives:
-108.08075761859926, -66.87850050123448, 7826.12843227089, 

parameters:
-0.5299531597893408, -8.265451051044927, 18.57017661590258, 
objectives:
-26.5547773153768, 16.70538855558572, 51.02835481288781, 

parameters:
4.088827801060488, -13.372495348623364, 18.82248137751284, 
objectives:
-15.476463939411055, 9.813187611372673, 177.7196632581658, 

parameters:
2.349152495428573, -89.9741215819303, 17.318908676301454, 
objectives:
-101.77451281145346, -72.53330544056485, 8084.5421632104535, 

parameters:
-1.9803304167994478, -46.11040599410819, 15.340059012948345, 
objectives:
-57.52875644735546, -14.927316754260982, 2115.7511904882417, 

parameters:
-1.4068147080409037, -61.47604287321618, 14.31501773765052, 
objectives:
-73.81193298810649, -35.55463868064183, 3767.9679572346236, 

parameters:
2.8028321092487145, -21.713428627624296, 20.0, 
objectives:
-33.8575607949887, -1.0688892319835546, 460.32885059956993, 

parameters:
0.4019154333912316, -27.2481585587761, 14.046657456290106, 
objectives:
-41.133279999468144, -10.64762682045286, 729.5770234035112, 

parameters:
-0.8609123879912359, -48.93926152162382, 0, 
objectives:
-48.19809138182705, -40.7544418298621, 2396.792488421687, 

parameters:
-0.09334289918570693, -93.94179713607471, 0, 
objectives:
-93.93308423924631, -89.55971264250348, 8826.069962052243, 

parameters:
3.9182311088633037, -60.35210837050121, 6.2002326367639675, 
objectives:
-51.19980598480103, -50.4722651467263, 3652.529287150423, 

parameters:
0.25549562815048943, -31.589202133670717, 2.7074674605562032, 
objectives:
-34.23139157822291, -25.83843916971246, 996.2355019973543, 

parameters:
3.032946272387761, -35.71838535145861, 4.224568012381833, 
objectives:
-30.744190272649625, -30.426839337437006, 1281.7772471941018, 

parameters:
1.0736373119332887, -62.103896669911826, 4.447555665926949, 
objectives:
-65.39875525826344, -56.798193174142696, 3854.599122998734, 

parameters:
2.625275817582583, -40.287046357696404, 11.686692764934026, 
objectives:
-45.08166600424653, -28.209383744708813, 1619.251484580629, 

parameters:
-1.381741813437813, -51.98126727562497, 14.307487726080744, 
objectives:
-64.3795445627033, -26.237601856790562, 2690.6538702928815, 

parameters:
2.889795700742531, -42.87183400013229, 20, 
objectives:
-54.520914808102276, -22.080097611072397, 1827.3450697269288, 

parameters:
0.38390998569560914, -36.78588625926235, 17.922607954630646, 
objectives:
-54.56110733677619, -16.25153137029734, 1336.4262068018727, 

parameters:
0.37792558365505646, -10.891767461310575, 18.081564815310287, 
objectives:
-28.83050452983985, 9.8209227661605, 101.69186136273454, 

parameters:
2.06242070885914, -30.480782815394722, 20, 
objectives:
-46.22720363506369, -10.476886470500244, 914.3317002195932, 

parameters:
1.5331452579993607, -36.04739472312501, 14.774019095734383, 
objectives:
-48.47087943673346, -21.055422277262146, 1287.9911816111724, 

