Generation 2867 at Fri May 24 19:48:24 2019
parameters:
0.051044676920685594, -100.0, 20, 
objectives:
-119.99739444095806, -76.2015731486408, 9981.002605559042, 

parameters:
1.5303576282137525, 1.2356280098468961, 3.417038045990257, 
objectives:
0.16058443408866063, 4.873230013214165, 1.451733002959966, 

parameters:
-0.09310337269809921, -0.38187417318528993, 20, 
objectives:
-20.37320593517753, 23.999207555614866, -18.84550387784629, 

parameters:
1.9973066371654076, -100, 0, 
objectives:
-96.01076619713501, -99.99999274579665, 10004.989233802866, 

parameters:
1.8922521645534602, -97.36095843849846, 4.732107569790532, 
objectives:
-98.51244775403173, -92.61724127266451, 9479.00473874749, 

parameters:
2.7764556457785954, -80.15985394620495, 19.87037676117685, 
objectives:
-92.32152475440597, -59.68659381516664, 6414.440513868708, 

parameters:
-0.07766747750321741, -94.72085588006945, 20.0, 
objectives:
-114.71482364300773, -70.40415373299487, 8953.046570889948, 

parameters:
4.188615302923543, -86.9278748154097, 2.111789182145372, 
objectives:
-71.49516584166979, -80.0260486890732, 7572.888128897279, 

parameters:
4.013035875298092, -84.35562569596023, 15.455571336177707, 
objectives:
-83.70674009570841, -64.84774092454536, 7117.520472157197, 

parameters:
3.564277453714597, -91.36295983451595, 2.5575390977658747, 
objectives:
-81.2164251652236, -86.35845678455026, 8358.336964392665, 

parameters:
-0.8609123879912359, -48.93926152162382, 0, 
objectives:
-48.19809138182705, -40.7544418298621, 2396.792488421687, 

parameters:
0.5096317750433529, -70.70786466265733, 17.061198843375784, 
objectives:
-87.50933895989928, -51.42546837332112, 4983.800650855424, 

parameters:
2.1566784433556183, -55.29665937197342, 3.2633809507077265, 
objectives:
-53.908778414646335, -52.00873028665335, 3060.108418657383, 

parameters:
4.346814001811893, -26.77113526600307, 1.787878806127266, 
objectives:
-9.664222105782413, -19.475720500775452, 734.800596590854, 

parameters:
4.088827801060488, -13.372495348623364, 18.82248137751284, 
objectives:
-15.476463939411055, 9.813187611372673, 177.7196632581658, 

parameters:
0.6994357206588047, -88.56996794593276, 20.0, 
objectives:
-108.08075761859926, -66.87850050123448, 7826.12843227089, 

parameters:
1.4568727203653267, -64.36580775926886, 16.003799611878396, 
objectives:
-78.24712924780259, -48.06702090550711, 4130.075887014623, 

parameters:
-1.9803304167994478, -46.11040599410819, 15.340059012948345, 
objectives:
-57.52875644735546, -14.927316754260982, 2115.7511904882417, 

parameters:
0.6128591625377084, -22.786686181370882, 15.86573984705542, 
objectives:
-38.27682967531988, -4.996786631359875, 504.74292363432977, 

parameters:
0.25549562815048943, -31.589202133670717, 2.7074674605562032, 
objectives:
-34.23139157822291, -25.83843916971246, 996.2355019973543, 

parameters:
-0.5299531597893408, -8.265451051044927, 18.57017661590258, 
objectives:
-26.5547773153768, 16.70538855558572, 51.02835481288781, 

parameters:
-2.2347700978933096, -66.65741754879232, 17.186956797163177, 
objectives:
-78.85017695551743, -31.537182969617838, 4432.018554867322, 

parameters:
4.290349487141594, -76.55279197761202, 5.384640859742857, 
objectives:
-63.530334115538736, -65.92245034461939, 5874.352417429613, 

parameters:
1.0736373119332887, -62.103896669911826, 4.447555665926949, 
objectives:
-65.39875525826344, -56.798193174142696, 3854.599122998734, 

parameters:
-1.5842440959175992, 0.41232123323439396, 2.840824099706106, 
objectives:
0.08132648897805916, 16.09995107206067, 0.8390140551195966, 

parameters:
3.8340424970069713, -58.640806665797086, 16.154403368066014, 
objectives:
-60.09532816500765, -39.12269141690351, 3438.289684916181, 

parameters:
4.180116703983167, -74.66559014897048, 1.7966668759087197, 
objectives:
-58.988881365960104, -68.11601443007534, 5591.627061077048, 

parameters:
-0.09334289918570693, -93.94179713607471, 0, 
objectives:
-93.93308423924631, -89.55971264250348, 8826.069962052243, 

parameters:
0.6116152452075947, -40.907640747632215, 3.7026524849400375, 
objectives:
-44.23622002440191, -35.277376035352205, 1671.10649226057, 

parameters:
0.4019154333912316, -27.2481585587761, 14.046657456290106, 
objectives:
-41.133279999468144, -10.64762682045286, 729.5770234035112, 

parameters:
0.18037965111837462, -27.20097738875933, 3.3229797241732433, 
objectives:
-30.491420294394988, -20.566979450522, 737.6027279981606, 

parameters:
-1.4068147080409037, -61.47604287321618, 14.31501773765052, 
objectives:
-73.81193298810649, -35.55463868064183, 3767.9679572346236, 

parameters:
1.8405424854079884, -7.476362456462262, 17.651405468665654, 
objectives:
-21.740171284536103, 10.200469711163255, 42.632186752324586, 

parameters:
-0.0706910254395009, -100, 5.453490097064343, 
objectives:
-105.44849287598666, -90.25874858009996, 9995.551507124013, 

parameters:
1.3212272541698868, -33.91624447455082, 19.692758640097114, 
objectives:
-51.863361657486635, -13.762753393971959, 1133.3645220745634, 

parameters:
1.5784594726726078, -21.800229436559228, 15.646233142126867, 
objectives:
-34.95492827181621, -5.976299878252906, 463.0953046513665, 

parameters:
4.223771343082024, -60.236309489458584, 0, 
objectives:
-42.39606513081766, -55.29115050314576, 3647.253225268479, 

parameters:
0.47779668760965, -39.98725624049685, 6.911503599399921, 
objectives:
-46.67047016520601, -30.758649716844772, 1593.2974477184448, 

parameters:
1.664959848295514, -34.359597419750756, 4.159552609286454, 
objectives:
-35.74705873260099, -30.08779290721014, 1180.1944735344925, 

parameters:
3.032946272387761, -35.71838535145861, 4.224568012381833, 
objectives:
-30.744190272649625, -30.426839337437006, 1281.7772471941018, 

parameters:
-1.0485820309000655, -59.46466058576863, 0.5690407248479759, 
objectives:
-58.934177035090094, -49.60176746179389, 3537.5763421313436, 

