Generation 2868 at Fri May 24 19:48:24 2019
parameters:
1.5303576282137525, 1.2356280098468961, 3.417038045990257, 
objectives:
0.16058443408866063, 4.873230013214165, 1.451733002959966, 

parameters:
0.051044676920685594, -100.0, 20, 
objectives:
-119.99739444095806, -76.2015731486408, 9981.002605559042, 

parameters:
-0.09310337269809921, -0.38187417318528993, 20, 
objectives:
-20.37320593517753, 23.999207555614866, -18.84550387784629, 

parameters:
1.9973066371654076, -100, 0, 
objectives:
-96.01076619713501, -99.99999274579665, 10004.989233802866, 

parameters:
0.25549562815048943, -31.589202133670717, 2.7074674605562032, 
objectives:
-34.23139157822291, -25.83843916971246, 996.2355019973543, 

parameters:
4.346814001811893, -26.77113526600307, 1.787878806127266, 
objectives:
-9.664222105782413, -19.475720500775452, 734.800596590854, 

parameters:
4.188615302923543, -86.9278748154097, 2.111789182145372, 
objectives:
-71.49516584166979, -80.0260486890732, 7572.888128897279, 

parameters:
2.7764556457785954, -80.15985394620495, 19.87037676117685, 
objectives:
-92.32152475440597, -59.68659381516664, 6414.440513868708, 

parameters:
2.1566784433556183, -55.29665937197342, 3.2633809507077265, 
objectives:
-53.908778414646335, -52.00873028665335, 3060.108418657383, 

parameters:
0.6116152452075947, -40.907640747632215, 3.7026524849400375, 
objectives:
-44.23622002440191, -35.277376035352205, 1671.10649226057, 

parameters:
1.4568727203653267, -64.36580775926886, 16.003799611878396, 
objectives:
-78.24712924780259, -48.06702090550711, 4130.075887014623, 

parameters:
1.6218962169791946, -11.346303184491177, 11.514798162149734, 
objectives:
-20.23055400798949, 0.31145744839320244, 120.85434513089629, 

parameters:
2.430990274304672, -90.08658050769543, 18.418703767750035, 
objectives:
-102.59557056168155, -71.48212412340018, 8104.082997515504, 

parameters:
1.0736373119332887, -62.103896669911826, 4.447555665926949, 
objectives:
-65.39875525826344, -56.798193174142696, 3854.599122998734, 

parameters:
-1.5842440959175992, 0.41232123323439396, 2.840824099706106, 
objectives:
0.08132648897805916, 16.09995107206067, 0.8390140551195966, 

parameters:
-1.9803304167994478, -46.11040599410819, 15.340059012948345, 
objectives:
-57.52875644735546, -14.927316754260982, 2115.7511904882417, 

parameters:
-0.07766747750321741, -94.72085588006945, 20.0, 
objectives:
-114.71482364300773, -70.40415373299487, 8953.046570889948, 

parameters:
3.564277453714597, -91.36295983451595, 2.5575390977658747, 
objectives:
-81.2164251652236, -86.35845678455026, 8358.336964392665, 

parameters:
-0.5299531597893408, -8.265451051044927, 18.57017661590258, 
objectives:
-26.5547773153768, 16.70538855558572, 51.02835481288781, 

parameters:
0.5096317750433529, -70.70786466265733, 17.061198843375784, 
objectives:
-87.50933895989928, -51.42546837332112, 4983.800650855424, 

parameters:
0.4019154333912316, -27.2481585587761, 14.046657456290106, 
objectives:
-41.133279999468144, -10.64762682045286, 729.5770234035112, 

parameters:
-0.8609123879912359, -48.93926152162382, 0, 
objectives:
-48.19809138182705, -40.7544418298621, 2396.792488421687, 

parameters:
4.013035875298092, -84.35562569596023, 15.455571336177707, 
objectives:
-83.70674009570841, -64.84774092454536, 7117.520472157197, 

parameters:
-0.5658464855803582, -60.29039273365673, 20, 
objectives:
-79.97021048841309, -33.70682454609165, 3616.2516382238123, 

parameters:
4.180116703983167, -74.66559014897048, 1.7966668759087197, 
objectives:
-58.988881365960104, -68.11601443007534, 5591.627061077048, 

parameters:
1.8922521645534602, -97.36095843849846, 4.732107569790532, 
objectives:
-98.51244775403173, -92.61724127266451, 9479.00473874749, 

parameters:
0.6128591625377084, -22.786686181370882, 15.86573984705542, 
objectives:
-38.27682967531988, -4.996786631359875, 504.74292363432977, 

parameters:
-0.09334289918570693, -93.94179713607471, 0, 
objectives:
-93.93308423924631, -89.55971264250348, 8826.069962052243, 

parameters:
2.9134971487666044, -97.88195868453793, 19.86349735415945, 
objectives:
-109.25699040282625, -77.18398428957377, 9570.502804203305, 

parameters:
4.290349487141594, -76.55279197761202, 5.384640859742857, 
objectives:
-63.530334115538736, -65.92245034461939, 5874.352417429613, 

parameters:
-0.3309314083989565, -67.08775019559604, 19.913292975477386, 
objectives:
-86.89152757400852, -41.74121598945791, 4481.962448928284, 

parameters:
0.6994357206588047, -88.56996794593276, 20.0, 
objectives:
-108.08075761859926, -66.87850050123448, 7826.12843227089, 

parameters:
3.8340424970069713, -58.640806665797086, 16.154403368066014, 
objectives:
-60.09532816500765, -39.12269141690351, 3438.289684916181, 

parameters:
-0.3574157193028389, -51.10499426009885, 10.534935485533829, 
objectives:
-61.512183749227916, -35.012649900948894, 2602.3132488356073, 

parameters:
0.2898706253850055, -21.539456029833328, 16.92467361129051, 
objectives:
-38.38010466166274, -1.6902399406217476, 448.1075174292939, 

parameters:
-0.42245819279930497, -27.061714129077835, 2.843032603210096, 
objectives:
-29.726275807624674, -18.35037783000726, 730.6718099253841, 

parameters:
3.1230794034839473, -94.25402585372848, 0, 
objectives:
-84.50040089326284, -92.99271850719862, 8894.575014595783, 

parameters:
-0.10638314756689082, -67.6355481573519, 14.826757383887298, 
objectives:
-82.45098816715297, -48.371940809110804, 4560.751934535668, 

parameters:
0.03379778303814934, -84.9882693695441, 4.278332836030837, 
objectives:
-89.26545991543665, -76.84398537552757, 7219.728739884295, 

parameters:
1.8120222086306876, -100, 0, 
objectives:
-96.71657551542917, -99.96466434995192, 10004.28342448457, 

