Generation 287 at Fri May 24 19:55:17 2019
parameters:
0, 0.0, 20.0, 
objectives:
-20.0, 24.0, -19.0, 

parameters:
0, 0.0, 20.0, 
objectives:
-20.0, 24.0, -19.0, 

parameters:
1.9979647189482492, 0.0, 20.0, 
objectives:
-16.008136981838042, 20.000004142368958, -15.008136981838044, 

parameters:
1.8458728390924775, 0.0, 20.0, 
objectives:
-16.592753461900678, 20.023755181729413, -15.592753461900678, 

parameters:
1.3163972666694657, 0.0, 20.0, 
objectives:
-18.26709823630516, 20.46731269701698, -17.26709823630516, 

parameters:
1.2018676255843157, 0.0, 20.0, 
objectives:
-18.55551421057232, 20.637015287090417, -17.55551421057232, 

parameters:
0.8874254623987332, 0.0, 20.0, 
objectives:
-19.212476048686394, 21.237822101718674, -18.212476048686394, 

parameters:
0.24827507071939406, 0.0, 20.0, 
objectives:
-19.93835948925928, 23.068540227863142, -18.93835948925928, 

parameters:
1.1351657176616992, 0.0, 20.0, 
objectives:
-18.7113987934456, 20.747938335907605, -17.7113987934456, 

parameters:
0.7914143351468819, 0.0, 20.0, 
objectives:
-19.37366335012402, 21.460679309288455, -18.37366335012402, 

parameters:
0.6271371051363335, 0.0, 20.0, 
objectives:
-19.60669905136122, 21.884752528093447, -18.60669905136122, 

parameters:
1.3844025503846022, 0.0, 20.0, 
objectives:
-18.08342957848861, 20.37896021997298, -17.08342957848861, 

parameters:
1.4539209216294096, 0.0, 20.0, 
objectives:
-17.886113953648287, 20.29820235983407, -16.886113953648287, 

parameters:
0.7102086472689358, 0.0, 20.0, 
objectives:
-19.495603677344427, 21.66356173357983, -18.495603677344427, 

parameters:
1.675803072506905, 0.0, 20.0, 
objectives:
-17.191684062176417, 20.105103647795964, -16.191684062176417, 

parameters:
1.7335298760299789, 0.0, 20.0, 
objectives:
-16.994874168911487, 20.071006326968597, -15.994874168911487, 

parameters:
1.0380195355553128, 0.0, 20.0, 
objectives:
-18.922515443805533, 20.925406413973217, -17.922515443805533, 

parameters:
0.38719158868275844, 0.0, 20.0, 
objectives:
-19.850082673653322, 22.601150971615645, -18.850082673653322, 

parameters:
0.16137182587267446, 0.0, 20.0, 
objectives:
-19.973959133814517, 23.380553562694782, -18.973959133814517, 

parameters:
1.5153721483535358, 0.0, 20.0, 
objectives:
-17.70364725199439, 20.234864154591467, -16.70364725199439, 

parameters:
0.08154099839433461, 0.0, 20.0, 
objectives:
-19.993351065580857, 23.680484940841808, -18.993351065580853, 

parameters:
1.6155009016117814, 0.0, 20.0, 
objectives:
-17.39015683689152, 20.147839556661353, -16.39015683689152, 

parameters:
1.9612816023792814, 0.0, 20.0, 
objectives:
-16.15337447616856, 20.001499114314317, -15.153374476168558, 

parameters:
0.9784733110650246, 0.0, 20.0, 
objectives:
-19.042589979533446, 21.043516776206452, -18.042589979533446, 

parameters:
0.5247612857899809, 0.0, 20.0, 
objectives:
-19.724625592936047, 22.17632926390403, -18.724625592936047, 

parameters:
1.9028055079660224, 0.0, 20.0, 
objectives:
-16.379331198854167, 20.009446769281745, -15.379331198854167, 

parameters:
0.4124892028516902, 0.0, 20.0, 
objectives:
-19.829852657530775, 22.52019053106246, -18.82985265753078, 

parameters:
1.5519085915634245, 0.0, 20.0, 
objectives:
-17.59157972343163, 20.200785910314675, -16.59157972343163, 

parameters:
1.9146414136717338, 0.0, 20.0, 
objectives:
-16.334148257053105, 20.00728608825996, -15.334148257053105, 

parameters:
1.58481761929956, 0.0, 20.0, 
objectives:
-17.488353113557675, 20.172376409244084, -16.488353113557675, 

parameters:
0.49576413472349284, 0.0, 20.0, 
objectives:
-19.754217922721867, 22.262725538384164, -18.754217922721867, 

parameters:
1.732998406515254, 0.0, 20.0, 
objectives:
-16.99671652301559, 20.071289850923392, -15.996716523015591, 

parameters:
0.9977040761963909, 0.0, 20.0, 
objectives:
-19.004586576341108, 21.00459711887333, -18.004586576341104, 

parameters:
0.9955280035627918, 0.0, 20.0, 
objectives:
-19.00892399412228, 21.00896399162655, -18.00892399412228, 

parameters:
0.5067027026150086, 0.0, 20.0, 
objectives:
-19.743252371162647, 22.22993681837732, -18.743252371162647, 

parameters:
0.5043332785214174, 0.0, 20.0, 
objectives:
-19.74564794417584, 22.23701894173849, -18.74564794417584, 

parameters:
0, 0.0, 20.0, 
objectives:
-20.0, 24.0, -19.0, 

