Generation 2874 at Fri May 24 19:48:24 2019
parameters:
1.5303576282137525, 1.2356280098468961, 3.417038045990257, 
objectives:
0.16058443408866063, 4.873230013214165, 1.451733002959966, 

parameters:
0.051044676920685594, -100.0, 20, 
objectives:
-119.99739444095806, -76.2015731486408, 9981.002605559042, 

parameters:
-0.09310337269809921, -0.38187417318528993, 20, 
objectives:
-20.37320593517753, 23.999207555614866, -18.84550387784629, 

parameters:
1.9973066371654076, -100, 0, 
objectives:
-96.01076619713501, -99.99999274579665, 10004.989233802866, 

parameters:
-0.8609123879912359, -48.93926152162382, 0, 
objectives:
-48.19809138182705, -40.7544418298621, 2396.792488421687, 

parameters:
-1.2210327617241274, -57.82354058396679, 17.56268943305623, 
objectives:
-73.89530901181936, -29.8857990988104, 3328.490077237802, 

parameters:
0.6116152452075947, -40.907640747632215, 3.7026524849400375, 
objectives:
-44.23622002440191, -35.277376035352205, 1671.10649226057, 

parameters:
0.5096317750433529, -70.70786466265733, 17.061198843375784, 
objectives:
-87.50933895989928, -51.42546837332112, 4983.800650855424, 

parameters:
2.9134971487666044, -97.88195868453793, 19.86349735415945, 
objectives:
-109.25699040282625, -77.18398428957377, 9570.502804203305, 

parameters:
3.564277453714597, -91.36295983451595, 2.5575390977658747, 
objectives:
-81.2164251652236, -86.35845678455026, 8358.336964392665, 

parameters:
4.188615302923543, -86.9278748154097, 2.111789182145372, 
objectives:
-71.49516584166979, -80.0260486890732, 7572.888128897279, 

parameters:
-0.5313894201662612, -96.79651116427438, 3.8278468912489947, 
objectives:
-100.34198333965874, -86.56073187649571, 9367.019101400112, 

parameters:
4.290349487141594, -76.55279197761202, 5.384640859742857, 
objectives:
-63.530334115538736, -65.92245034461939, 5874.352417429613, 

parameters:
-1.5191798260517093, -53.12103075883856, 17.734742625314087, 
objectives:
-68.54786604027014, -23.001661485435132, 2807.4170736000406, 

parameters:
0.7854232782695838, -33.846131159797025, 20.0, 
objectives:
-53.22924143374929, -12.37093454682762, 1127.1774842122309, 

parameters:
-0.5299531597893408, -8.265451051044927, 18.57017661590258, 
objectives:
-26.5547773153768, 16.70538855558572, 51.02835481288781, 

parameters:
2.430990274304672, -90.08658050769543, 18.418703767750035, 
objectives:
-102.59557056168155, -71.48212412340018, 8104.082997515504, 

parameters:
2.7764556457785954, -80.15985394620495, 19.87037676117685, 
objectives:
-92.32152475440597, -59.68659381516664, 6414.440513868708, 

parameters:
0.6128591625377084, -22.786686181370882, 15.86573984705542, 
objectives:
-38.27682967531988, -4.996786631359875, 504.74292363432977, 

parameters:
-3.0858142723798494, -49.628362771836635, 19.782259592313856, 
objectives:
-59.888372640527315, -3.980596366380201, 2453.7143815443296, 

parameters:
1.8922521645534602, -97.36095843849846, 4.732107569790532, 
objectives:
-98.51244775403173, -92.61724127266451, 9479.00473874749, 

parameters:
2.3103682324700636, -73.64231716909589, 16.922008825063475, 
objectives:
-85.22652462455251, -56.62397990430583, 5412.606670578259, 

parameters:
4.669263319781735, -64.18502619831135, 0, 
objectives:
-42.3830062488522, -57.060059527979135, 4142.519608027374, 

parameters:
0.2819997434226331, -10.375113460198396, 20, 
objectives:
-30.295589604907967, 12.576411421401502, 88.72250316728037, 

parameters:
4.201513598528023, -25.9740102534949, 7.704898329069747, 
objectives:
-16.02619206394875, -13.422449799921349, 685.5970268382043, 

parameters:
4.346814001811893, -26.77113526600307, 1.787878806127266, 
objectives:
-9.664222105782413, -19.475720500775452, 734.800596590854, 

parameters:
2.910727007977255, -68.99107471710474, 0, 
objectives:
-60.51874300213652, -68.16165103404553, 4769.240722336097, 

parameters:
-1.2801988830691031, -33.12623225464377, 1.9120417375656, 
objectives:
-33.39936481199799, -20.454485804590377, 1098.0741308312467, 

parameters:
3.727427409206466, -84.93286381976905, 8.961622725947226, 
objectives:
-80.00077145481265, -72.98723563974407, 7219.5234489923905, 

parameters:
1.0736373119332887, -62.103896669911826, 4.447555665926949, 
objectives:
-65.39875525826344, -56.798193174142696, 3854.599122998734, 

parameters:
0.5079827108994304, -11.150932972844558, 0.10515062590094577, 
objectives:
-10.99803716417277, -8.8196667559686, 125.49620197354376, 

parameters:
4.311872895888108, -52.08562676586376, 15.53799588761559, 
objectives:
-49.03137478318486, -31.2028745915061, 2716.9667675755422, 

parameters:
4.716436186872404, -82.1661479469423, 0, 
objectives:
-59.921377642102804, -74.78712238959241, 6774.52063874365, 

parameters:
3.2711924438680935, -85.12150867107363, 14.92471292592655, 
objectives:
-89.34552159218046, -68.58086551579973, 7242.447225518556, 

parameters:
0.420669986646393, -79.18373322795107, 4.597765372013068, 
objectives:
-83.60453536229906, -72.0916845648585, 6266.642805780974, 

parameters:
1.8322887518565554, -28.001816004737147, 19.445578065347455, 
objectives:
-44.09011199990455, -8.52811087663586, 769.0134035679861, 

