Generation 2877 at Fri May 24 19:48:24 2019
parameters:
1.5303576282137525, 1.2356280098468961, 3.417038045990257, 
objectives:
0.16058443408866063, 4.873230013214165, 1.451733002959966, 

parameters:
0.051044676920685594, -100.0, 20, 
objectives:
-119.99739444095806, -76.2015731486408, 9981.002605559042, 

parameters:
-0.09310337269809921, -0.38187417318528993, 20, 
objectives:
-20.37320593517753, 23.999207555614866, -18.84550387784629, 

parameters:
1.9973066371654076, -100, 0, 
objectives:
-96.01076619713501, -99.99999274579665, 10004.989233802866, 

parameters:
0.7854232782695838, -33.846131159797025, 20.0, 
objectives:
-53.22924143374929, -12.37093454682762, 1127.1774842122309, 

parameters:
0.6128591625377084, -22.786686181370882, 15.86573984705542, 
objectives:
-38.27682967531988, -4.996786631359875, 504.74292363432977, 

parameters:
-1.2210327617241274, -57.82354058396679, 17.56268943305623, 
objectives:
-73.89530901181936, -29.8857990988104, 3328.490077237802, 

parameters:
1.5442870517416227, -93.60016614513198, 18.89735155522636, 
objectives:
-110.11269520218151, -74.49514029869528, 8745.478573339262, 

parameters:
-1.5191798260517093, -53.12103075883856, 17.734742625314087, 
objectives:
-68.54786604027014, -23.001661485435132, 2807.4170736000406, 

parameters:
0.2819997434226331, -10.375113460198396, 20, 
objectives:
-30.295589604907967, 12.576411421401502, 88.72250316728037, 

parameters:
4.290349487141594, -76.55279197761202, 5.384640859742857, 
objectives:
-63.530334115538736, -65.92245034461939, 5874.352417429613, 

parameters:
-1.4598576584991712, -10.12628403824577, 1.2956972612144224, 
objectives:
-9.29079691638151, 3.1400282400440203, 104.37711554509531, 

parameters:
-0.5299531597893408, -8.265451051044927, 18.57017661590258, 
objectives:
-26.5547773153768, 16.70538855558572, 51.02835481288781, 

parameters:
2.7764556457785954, -80.15985394620495, 19.87037676117685, 
objectives:
-92.32152475440597, -59.68659381516664, 6414.440513868708, 

parameters:
0.5096317750433529, -70.70786466265733, 17.061198843375784, 
objectives:
-87.50933895989928, -51.42546837332112, 4983.800650855424, 

parameters:
4.346814001811893, -26.77113526600307, 1.787878806127266, 
objectives:
-9.664222105782413, -19.475720500775452, 734.800596590854, 

parameters:
2.430990274304672, -90.08658050769543, 18.418703767750035, 
objectives:
-102.59557056168155, -71.48212412340018, 8104.082997515504, 

parameters:
-2.381537292556565, -65.4279727455782, 18.27694758113331, 
objectives:
-78.03320045087386, -27.953156118380978, 4269.214389890828, 

parameters:
2.3583532160122216, -67.78119613052975, 20, 
objectives:
-82.21936623905457, -47.65277910310344, 4580.852378776816, 

parameters:
1.8922521645534602, -97.36095843849846, 4.732107569790532, 
objectives:
-98.51244775403173, -92.61724127266451, 9479.00473874749, 

parameters:
4.201513598528023, -25.9740102534949, 7.704898329069747, 
objectives:
-16.02619206394875, -13.422449799921349, 685.5970268382043, 

parameters:
2.3103682324700636, -73.64231716909589, 16.922008825063475, 
objectives:
-85.22652462455251, -56.62397990430583, 5412.606670578259, 

parameters:
1.0736373119332887, -62.103896669911826, 4.447555665926949, 
objectives:
-65.39875525826344, -56.798193174142696, 3854.599122998734, 

parameters:
4.188615302923543, -86.9278748154097, 2.111789182145372, 
objectives:
-71.49516584166979, -80.0260486890732, 7572.888128897279, 

parameters:
-0.5313894201662612, -96.79651116427438, 3.8278468912489947, 
objectives:
-100.34198333965874, -86.56073187649571, 9367.019101400112, 

parameters:
-0.8609123879912359, -48.93926152162382, 0, 
objectives:
-48.19809138182705, -40.7544418298621, 2396.792488421687, 

parameters:
0.6116152452075947, -40.907640747632215, 3.7026524849400375, 
objectives:
-44.23622002440191, -35.277376035352205, 1671.10649226057, 

parameters:
3.585279224899852, -81.83274722717388, 10.62825348207982, 
objectives:
-79.60677358875523, -68.69138352419498, 6699.824492384953, 

parameters:
-3.0858142723798494, -49.628362771836635, 19.782259592313856, 
objectives:
-59.888372640527315, -3.980596366380201, 2453.7143815443296, 

parameters:
2.9134971487666044, -97.88195868453793, 19.86349735415945, 
objectives:
-109.25699040282625, -77.18398428957377, 9570.502804203305, 

parameters:
3.564277453714597, -91.36295983451595, 2.5575390977658747, 
objectives:
-81.2164251652236, -86.35845678455026, 8358.336964392665, 

parameters:
3.1777699760228764, -84.53795625762281, 9.34780592535025, 
objectives:
-83.78754016246063, -73.80300821585163, 7148.41646431091, 

parameters:
0.8883702336893345, -24.142153242032606, 20.0, 
objectives:
-43.35295156992736, -2.9064325046847017, 564.6327648338907, 

parameters:
1.457190980902934, -45.077211412224784, 6.2743947953771855, 
objectives:
-49.22820065277711, -38.50817498563448, 2028.803999461856, 

parameters:
-1.361032135443585, -78.45189067620902, 16.926266440932686, 
objectives:
-93.52574864343157, -50.22908721979187, 6140.625292704629, 

parameters:
-0.8952616974305236, -87.97786967015607, 0, 
objectives:
-87.17637616326988, -79.5953293735478, 7741.907045205853, 

parameters:
-0.1780032985293148, -44.311393399623846, 4.521772541179901, 
objectives:
-48.80148076651643, -35.04592249003937, 1960.0094976493351, 

