Generation 2879 at Fri May 24 19:48:24 2019
parameters:
0.051044676920685594, -100.0, 20, 
objectives:
-119.99739444095806, -76.2015731486408, 9981.002605559042, 

parameters:
4.144142501200875, -3.6779653740591987, 3.4892679611646034, 
objectives:
10.006683735035644, 4.408649652561349, 28.212078401873264, 

parameters:
-0.09310337269809921, -0.38187417318528993, 20, 
objectives:
-20.37320593517753, 23.999207555614866, -18.84550387784629, 

parameters:
1.9973066371654076, -100, 0, 
objectives:
-96.01076619713501, -99.99999274579665, 10004.989233802866, 

parameters:
4.188615302923543, -86.9278748154097, 2.111789182145372, 
objectives:
-71.49516584166979, -80.0260486890732, 7572.888128897279, 

parameters:
-1.5191798260517093, -53.12103075883856, 17.734742625314087, 
objectives:
-68.54786604027014, -23.001661485435132, 2807.4170736000406, 

parameters:
2.430990274304672, -90.08658050769543, 18.418703767750035, 
objectives:
-102.59557056168155, -71.48212412340018, 8104.082997515504, 

parameters:
0.6128591625377084, -22.786686181370882, 15.86573984705542, 
objectives:
-38.27682967531988, -4.996786631359875, 504.74292363432977, 

parameters:
5.304230083732763, -34.407602611926265, 8.085503939930152, 
objectives:
-14.35824977068074, -15.404162225751488, 1204.9324703414807, 

parameters:
0.2819997434226331, -10.375113460198396, 20, 
objectives:
-30.295589604907967, 12.576411421401502, 88.72250316728037, 

parameters:
-0.8609123879912359, -48.93926152162382, 0, 
objectives:
-48.19809138182705, -40.7544418298621, 2396.792488421687, 

parameters:
3.6362255829527497, -73.65348881183719, 3.6059058690600923, 
objectives:
-64.03725819077722, -67.37034878446804, 5435.4526447764865, 

parameters:
3.1302657864223447, -79.35576080600013, 13.531740468264749, 
objectives:
-83.08893738061857, -64.54651958977847, 6294.603596524488, 

parameters:
0.5096317750433529, -70.70786466265733, 17.061198843375784, 
objectives:
-87.50933895989928, -51.42546837332112, 4983.800650855424, 

parameters:
1.5303576282137525, 1.2356280098468961, 3.417038045990257, 
objectives:
0.16058443408866063, 4.873230013214165, 1.451733002959966, 

parameters:
1.5442870517416227, -93.60016614513198, 18.89735155522636, 
objectives:
-110.11269520218151, -74.49514029869528, 8745.478573339262, 

parameters:
0.7854232782695838, -33.846131159797025, 20.0, 
objectives:
-53.22924143374929, -12.37093454682762, 1127.1774842122309, 

parameters:
3.585279224899852, -81.83274722717388, 10.62825348207982, 
objectives:
-79.60677358875523, -68.69138352419498, 6699.824492384953, 

parameters:
2.3583532160122216, -67.78119613052975, 20, 
objectives:
-82.21936623905457, -47.65277910310344, 4580.852378776816, 

parameters:
4.542750632024427, -10.856207616969048, 3.2135132563542235, 
objectives:
6.5668624314350605, -1.1771135839541995, 136.2803138711409, 

parameters:
-0.5313894201662612, -96.79651116427438, 3.8278468912489947, 
objectives:
-100.34198333965874, -86.56073187649571, 9367.019101400112, 

parameters:
-1.4598576584991712, -10.12628403824577, 1.2956972612144224, 
objectives:
-9.29079691638151, 3.1400282400440203, 104.37711554509531, 

parameters:
1.0736373119332887, -62.103896669911826, 4.447555665926949, 
objectives:
-65.39875525826344, -56.798193174142696, 3854.599122998734, 

parameters:
-1.2210327617241274, -57.82354058396679, 17.56268943305623, 
objectives:
-73.89530901181936, -29.8857990988104, 3328.490077237802, 

parameters:
2.7764556457785954, -80.15985394620495, 19.87037676117685, 
objectives:
-92.32152475440597, -59.68659381516664, 6414.440513868708, 

parameters:
1.8922521645534602, -97.36095843849846, 4.732107569790532, 
objectives:
-98.51244775403173, -92.61724127266451, 9479.00473874749, 

parameters:
1.6144879065084992, -4.296100586208004, 18.682185758774178, 
objectives:
-20.371715144719985, 14.534704746794374, 3.380865688304773, 

parameters:
0.6116152452075947, -40.907640747632215, 3.7026524849400375, 
objectives:
-44.23622002440191, -35.277376035352205, 1671.10649226057, 

parameters:
2.9134971487666044, -97.88195868453793, 19.86349735415945, 
objectives:
-109.25699040282625, -77.18398428957377, 9570.502804203305, 

parameters:
-2.381537292556565, -65.4279727455782, 18.27694758113331, 
objectives:
-78.03320045087386, -27.953156118380978, 4269.214389890828, 

parameters:
4.181249371268564, -93.67654408437896, 0, 
objectives:
-76.1936977796452, -88.91869526471946, 8793.77775789733, 

parameters:
0.05705601377100647, -41.02546655720101, 8.462118502431093, 
objectives:
-49.484329670924666, -28.788316721146504, 1675.6300431222944, 

parameters:
1.10177350721942, -59.45221914097684, 1.2976383105635623, 
objectives:
-59.53595259032982, -57.34776999808037, 3535.48262733738, 

parameters:
-1.4397876373399523, -30.566509673962706, 13.78756369259439, 
objectives:
-42.28108492592013, -4.946806991371545, 923.5969383964983, 

parameters:
-3.0858142723798494, -49.628362771836635, 19.782259592313856, 
objectives:
-59.888372640527315, -3.980596366380201, 2453.7143815443296, 

parameters:
-0.20563625311721623, -58.5930536850174, 18.05866395402668, 
objectives:
-76.609431370448, -35.66955844992577, 3416.1295624499007, 

parameters:
0.2194898413463564, -69.94017472364996, 7.230633154897196, 
objectives:
-77.1226320880929, -59.53932514368393, 4885.445583010242, 

