Generation 288 at Sat May 25 04:36:27 2019
parameters:
0, 0.0, 20.0, 
objectives:
-20.0, 24.0, -19.0, 

parameters:
0, 0.0, 20.0, 
objectives:
-20.0, 24.0, -19.0, 

parameters:
1.9971487895634539, 0.0, 20.0, 
objectives:
-16.01139671234523, 20.000008129400953, -15.011396712345231, 

parameters:
0.1688240984587914, 0.0, 20.0, 
objectives:
-19.971498423779575, 23.35320518238526, -18.971498423779575, 

parameters:
1.8918010986363387, 0.0, 20.0, 
objectives:
-16.421088603198342, 20.011707002256305, -15.421088603198342, 

parameters:
1.1013838596672787, 0.0, 20.0, 
objectives:
-18.786953593664407, 20.807510967666477, -17.786953593664407, 

parameters:
1.569307494136438, 0.0, 20.0, 
objectives:
-17.537273988847215, 20.185496034607034, -16.537273988847215, 

parameters:
1.6960111201306476, 0.0, 20.0, 
objectives:
-17.123546280393185, 20.092409239084223, -16.123546280393185, 

parameters:
1.0281320632277757, 0.0, 20.0, 
objectives:
-18.942944460562998, 20.9445272865259, -17.942944460562998, 

parameters:
0.2750110569983705, 0.0, 20.0, 
objectives:
-19.92436891852864, 22.97558685347788, -18.92436891852864, 

parameters:
1.6267201215167564, 0.0, 20.0, 
objectives:
-17.35378164625251, 20.139337867680464, -16.35378164625251, 

parameters:
1.824899139794247, 0.0, 20.0, 
objectives:
-16.66974312957822, 20.030660311244795, -15.669743129578219, 

parameters:
0.4739102053687425, 0.0, 20.0, 
objectives:
-19.775409117247357, 22.328950061277673, -18.775409117247357, 

parameters:
0.6340844004751682, 0.0, 20.0, 
objectives:
-19.597936973074045, 21.865725425025282, -18.597936973074045, 

parameters:
1.9635454708216187, 0.0, 20.0, 
objectives:
-16.144489184015907, 20.001328932697618, -15.144489184015908, 

parameters:
0.5629338357124491, 0.0, 20.0, 
objectives:
-19.683105496610068, 22.065159160540134, -18.683105496610068, 

parameters:
1.4795079542435288, 0.0, 20.0, 
objectives:
-17.81105621333013, 20.270911969695756, -16.81105621333013, 

parameters:
1.199105855505885, 0.0, 20.0, 
objectives:
-18.5621451472915, 20.64143143068496, -17.5621451472915, 

parameters:
0.7223787152211216, 0.0, 20.0, 
objectives:
-19.47816899179548, 21.632316147320033, -18.47816899179548, 

parameters:
0.832225688143332, 0.0, 20.0, 
objectives:
-19.307400403994357, 21.363696843432315, -18.307400403994357, 

parameters:
0.7611723759894338, 0.0, 20.0, 
objectives:
-19.4206166140306, 21.534693882011666, -18.4206166140306, 

parameters:
1.2959644010525122, 0.0, 20.0, 
objectives:
-18.320476271204605, 20.495666124585348, -17.320476271204605, 

parameters:
0.870410977891511, 0.0, 20.0, 
objectives:
-19.242384729565945, 21.275971358868013, -18.242384729565945, 

parameters:
1.7643412611128337, 0.0, 20.0, 
objectives:
-16.887099914334776, 20.05553504121389, -15.887099914334776, 

parameters:
0.940431704060778, 0.0, 20.0, 
objectives:
-19.11558820999734, 21.122684973759547, -18.11558820999734, 

parameters:
0.37760259066831736, 0.0, 20.0, 
objectives:
-19.857416283520575, 22.632173353806156, -18.857416283520575, 

parameters:
0.38181634784106144, 0.0, 20.0, 
objectives:
-19.854216276521313, 22.61851833211444, -18.854216276521313, 

parameters:
1.7736616834881547, 0.0, 20.0, 
objectives:
-16.854124232525965, 20.051229033521416, -15.854124232525965, 

parameters:
1.4442156719816168, 0.0, 20.0, 
objectives:
-17.914241092802687, 20.308896219270846, -16.914241092802687, 

parameters:
1.348443196345452, 0.0, 20.0, 
objectives:
-18.18170094622966, 20.424526268388533, -17.18170094622966, 

parameters:
0.9349546544983505, 0.0, 20.0, 
objectives:
-19.12585979403187, 21.13432158797473, -18.12585979403187, 

parameters:
1.3964124310044426, 0.0, 20.0, 
objectives:
-18.050032322536264, 20.364317953445966, -17.050032322536264, 

parameters:
1.3578368220313348, 0.0, 20.0, 
objectives:
-18.156279164735846, 20.412373547138817, -17.156279164735846, 

parameters:
1.2586338829599308, 0.0, 20.0, 
objectives:
-18.415840748665207, 20.54962371949507, -17.415840748665207, 

parameters:
1.3951340521747442, 0.0, 20.0, 
objectives:
-18.053600976462477, 20.365862814838547, -17.053600976462477, 

parameters:
1.2539666208573164, 0.0, 20.0, 
objectives:
-18.427567713775684, 20.556565802795053, -17.427567713775684, 

parameters:
1.4597866634119527, 0.0, 20.0, 
objectives:
-17.869022897324598, 20.29183044902759, -16.869022897324598, 

parameters:
1.2191637140424905, 0.0, 20.0, 
objectives:
-18.51363983836212, 20.60970530546792, -17.51363983836212, 

parameters:
1.2184637605054343, 0.0, 20.0, 
objectives:
-18.515346064334956, 20.610798893643306, -17.515346064334956, 

