Generation 2881 at Fri May 24 19:48:24 2019
parameters:
4.542750632024427, -10.856207616969048, 3.2135132563542235, 
objectives:
6.5668624314350605, -1.1771135839541995, 136.2803138711409, 

parameters:
0.051044676920685594, -100.0, 20, 
objectives:
-119.99739444095806, -76.2015731486408, 9981.002605559042, 

parameters:
-0.09310337269809921, -0.38187417318528993, 20, 
objectives:
-20.37320593517753, 23.999207555614866, -18.84550387784629, 

parameters:
1.9973066371654076, -100, 0, 
objectives:
-96.01076619713501, -99.99999274579665, 10004.989233802866, 

parameters:
-0.8609123879912359, -48.93926152162382, 0, 
objectives:
-48.19809138182705, -40.7544418298621, 2396.792488421687, 

parameters:
-1.5191798260517093, -53.12103075883856, 17.734742625314087, 
objectives:
-68.54786604027014, -23.001661485435132, 2807.4170736000406, 

parameters:
0.6116152452075947, -40.907640747632215, 3.7026524849400375, 
objectives:
-44.23622002440191, -35.277376035352205, 1671.10649226057, 

parameters:
2.430990274304672, -90.08658050769543, 18.418703767750035, 
objectives:
-102.59557056168155, -71.48212412340018, 8104.082997515504, 

parameters:
0.9539124746570282, -23.15776793057433, 12.511298357883991, 
objectives:
-34.75911727915202, -9.552170462012157, 525.6808661777592, 

parameters:
-0.8513256152261635, -37.30416173508578, 20.0, 
objectives:
-56.57940643194557, -9.174103971040918, 1373.3252380605782, 

parameters:
1.5442870517416227, -93.60016614513198, 18.89735155522636, 
objectives:
-110.11269520218151, -74.49514029869528, 8745.478573339262, 

parameters:
1.0736373119332887, -62.103896669911826, 4.447555665926949, 
objectives:
-65.39875525826344, -56.798193174142696, 3854.599122998734, 

parameters:
-0.5313894201662612, -96.79651116427438, 3.8278468912489947, 
objectives:
-100.34198333965874, -86.56073187649571, 9367.019101400112, 

parameters:
2.3583532160122216, -67.78119613052975, 20, 
objectives:
-82.21936623905457, -47.65277910310344, 4580.852378776816, 

parameters:
1.5303576282137525, 1.2356280098468961, 3.417038045990257, 
objectives:
0.16058443408866063, 4.873230013214165, 1.451733002959966, 

parameters:
0.5880184883293407, -55.45879734511792, 19.95953081877464, 
objectives:
-75.07256242127544, -33.505574737043524, 3057.0644378907014, 

parameters:
0.5096317750433529, -70.70786466265733, 17.061198843375784, 
objectives:
-87.50933895989928, -51.42546837332112, 4983.800650855424, 

parameters:
-0.8665345487990688, -8.452619270605659, 2.610594455910257, 
objectives:
-10.312331602253511, 2.3749955047632794, 70.58706020216628, 

parameters:
2.7764556457785954, -80.15985394620495, 19.87037676117685, 
objectives:
-92.32152475440597, -59.68659381516664, 6414.440513868708, 

parameters:
1.8922521645534602, -97.36095843849846, 4.732107569790532, 
objectives:
-98.51244775403173, -92.61724127266451, 9479.00473874749, 

parameters:
3.585279224899852, -81.83274722717388, 10.62825348207982, 
objectives:
-79.60677358875523, -68.69138352419498, 6699.824492384953, 

parameters:
2.9971268621695577, -31.551357099136837, 0.20900226038675634, 
objectives:
-22.777589931585258, -30.34809285948997, 1005.261901964804, 

parameters:
3.6362255829527497, -73.65348881183719, 3.6059058690600923, 
objectives:
-64.03725819077722, -67.37034878446804, 5435.4526447764865, 

parameters:
2.7149033505122033, -6.570087420498684, 16.063249942265763, 
objectives:
-15.26263716014206, 10.004249322340653, 35.473498973351674, 

parameters:
0.6128591625377084, -22.786686181370882, 15.86573984705542, 
objectives:
-38.27682967531988, -4.996786631359875, 504.74292363432977, 

parameters:
-1.297552683454104, -74.72872111722488, 0, 
objectives:
-73.04507815088593, -63.854867417069514, 5587.06540278231, 

parameters:
2.9134971487666044, -97.88195868453793, 19.86349735415945, 
objectives:
-109.25699040282625, -77.18398428957377, 9570.502804203305, 

parameters:
4.188615302923543, -86.9278748154097, 2.111789182145372, 
objectives:
-71.49516584166979, -80.0260486890732, 7572.888128897279, 

parameters:
1.6144879065084992, -4.296100586208004, 18.682185758774178, 
objectives:
-20.371715144719985, 14.534704746794374, 3.380865688304773, 

parameters:
1.6989979472022414, -100, 17.836908999191817, 
objectives:
-114.95031497459439, -82.07248876501971, 9986.049685025406, 

parameters:
-2.381537292556565, -65.4279727455782, 18.27694758113331, 
objectives:
-78.03320045087386, -27.953156118380978, 4269.214389890828, 

parameters:
3.1302657864223447, -79.35576080600013, 13.531740468264749, 
objectives:
-83.08893738061857, -64.54651958977847, 6294.603596524488, 

parameters:
0.2819997434226331, -10.375113460198396, 20, 
objectives:
-30.295589604907967, 12.576411421401502, 88.72250316728037, 

parameters:
3.7670953955664936, -86.14762209089388, 7.425099914784143, 
objectives:
-79.38171428637975, -75.59989603907744, 7429.17869971998, 

parameters:
3.2312119992793065, -16.790676794768007, 19.29623959190506, 
objectives:
-25.646185402386493, 4.021445784306399, 274.07131861874234, 

parameters:
3.1032673433159212, -74.04910964222074, 19.85068104863136, 
objectives:
-84.26952248676105, -52.98122976276201, 5474.0502259610885, 

parameters:
0.8440964814864744, -16.137214316072424, 8.389625457589746, 
objectives:
-23.814340903604325, -6.41147591437073, 253.7325592953209, 

parameters:
2.2803330520391922, -64.82447908589405, 12.935049695752543, 
objectives:
-72.55960995342421, -51.81084277007591, 4195.477957889986, 

