Generation 2886 at Fri May 24 19:48:24 2019
parameters:
0.051044676920685594, -100.0, 20, 
objectives:
-119.99739444095806, -76.2015731486408, 9981.002605559042, 

parameters:
4.542750632024427, -10.856207616969048, 3.2135132563542235, 
objectives:
6.5668624314350605, -1.1771135839541995, 136.2803138711409, 

parameters:
-0.09310337269809921, -0.38187417318528993, 20, 
objectives:
-20.37320593517753, 23.999207555614866, -18.84550387784629, 

parameters:
1.9973066371654076, -100, 0, 
objectives:
-96.01076619713501, -99.99999274579665, 10004.989233802866, 

parameters:
1.5442870517416227, -93.60016614513198, 18.89735155522636, 
objectives:
-110.11269520218151, -74.49514029869528, 8745.478573339262, 

parameters:
0.6116152452075947, -40.907640747632215, 3.7026524849400375, 
objectives:
-44.23622002440191, -35.277376035352205, 1671.10649226057, 

parameters:
2.7149033505122033, -6.570087420498684, 16.063249942265763, 
objectives:
-15.26263716014206, 10.004249322340653, 35.473498973351674, 

parameters:
2.3583532160122216, -67.78119613052975, 20, 
objectives:
-82.21936623905457, -47.65277910310344, 4580.852378776816, 

parameters:
-0.9889289593370676, -78.45394680605219, 14.555081098801335, 
objectives:
-92.03104741823803, -54.965169383287076, 6142.444668834681, 

parameters:
-1.5191798260517093, -53.12103075883856, 17.734742625314087, 
objectives:
-68.54786604027014, -23.001661485435132, 2807.4170736000406, 

parameters:
-0.09375266716585728, -97.62494285378999, 5.958294448339753, 
objectives:
-103.57444773952903, -87.28284817418609, 9525.679962320022, 

parameters:
-0.8513256152261635, -37.30416173508578, 20.0, 
objectives:
-56.57940643194557, -9.174103971040918, 1373.3252380605782, 

parameters:
4.233031262608825, -12.392733642399657, 6.003735849762682, 
objectives:
-0.47791582193867654, -1.4025691728486116, 166.49466495192527, 

parameters:
3.585279224899852, -81.83274722717388, 10.62825348207982, 
objectives:
-79.60677358875523, -68.69138352419498, 6699.824492384953, 

parameters:
4.188615302923543, -86.9278748154097, 2.111789182145372, 
objectives:
-71.49516584166979, -80.0260486890732, 7572.888128897279, 

parameters:
0.5096317750433529, -70.70786466265733, 17.061198843375784, 
objectives:
-87.50933895989928, -51.42546837332112, 4983.800650855424, 

parameters:
-0.8609123879912359, -48.93926152162382, 0, 
objectives:
-48.19809138182705, -40.7544418298621, 2396.792488421687, 

parameters:
2.3482854527502774, -31.195241578245074, 11.032337305299393, 
objectives:
-36.713134315945894, -20.041601516348216, 968.6252043873694, 

parameters:
4.387096661405424, -48.56170103629654, 1.8513846885482397, 
objectives:
-31.16646860833016, -41.01208587685538, 2376.634039966611, 

parameters:
-1.297552683454104, -74.72872111722488, 0, 
objectives:
-73.04507815088593, -63.854867417069514, 5587.06540278231, 

parameters:
2.430990274304672, -90.08658050769543, 18.418703767750035, 
objectives:
-102.59557056168155, -71.48212412340018, 8104.082997515504, 

parameters:
0.9539124746570282, -23.15776793057433, 12.511298357883991, 
objectives:
-34.75911727915202, -9.552170462012157, 525.6808661777592, 

parameters:
-0.6863404526037669, -56.67301398837822, 5.436389544318763, 
objectives:
-61.63834031581664, -44.02019941676405, 3207.865188199475, 

parameters:
2.9971268621695577, -31.551357099136837, 0.20900226038675634, 
objectives:
-22.777589931585258, -30.34809285948997, 1005.261901964804, 

parameters:
-0.8665345487990688, -8.452619270605659, 2.610594455910257, 
objectives:
-10.312331602253511, 2.3749955047632794, 70.58706020216628, 

parameters:
4.16471697863571, -21.483652445479684, 20, 
objectives:
-24.138784933343132, 3.2023471521140294, 459.8921899103018, 

parameters:
3.666625778723316, -87.45934539681717, 0.6597725881836856, 
objectives:
-74.6749733838025, -84.02193132232838, 7662.921469252779, 

parameters:
1.0736373119332887, -62.103896669911826, 4.447555665926949, 
objectives:
-65.39875525826344, -56.798193174142696, 3854.599122998734, 

parameters:
2.436049871467195, -99.9566672142167, 2.3900296179602813, 
objectives:
-96.41235785590163, -97.37649810584986, 9995.879629931978, 

parameters:
-0.5313894201662612, -96.79651116427438, 3.8278468912489947, 
objectives:
-100.34198333965874, -86.56073187649571, 9367.019101400112, 

parameters:
3.3339964593303506, -71.72321207364529, 3.590140938481477, 
objectives:
-64.19782062129946, -66.3535245816579, 5152.744541613442, 

parameters:
0.6128591625377084, -22.786686181370882, 15.86573984705542, 
objectives:
-38.27682967531988, -4.996786631359875, 504.74292363432977, 

parameters:
2.002554701688821, -61.15028019200062, 3.534655493938729, 
objectives:
-60.67471035268335, -57.615618171561174, 3740.832337399501, 

parameters:
0.13097365496520164, -81.5476216359288, 18.845388926711994, 
objectives:
-100.37585646434586, -59.208973230782675, 6632.186359648186, 

