Generation 2890 at Fri May 24 19:48:24 2019
parameters:
4.247870361098587, -1.3364646876714659, 8.387448258101013, 
objectives:
8.320489658927364, 12.10390473073504, 12.443092207991619, 

parameters:
0.051044676920685594, -100.0, 20, 
objectives:
-119.99739444095806, -76.2015731486408, 9981.002605559042, 

parameters:
-1.978424594685861, -10.263632802550685, 20, 
objectives:
-26.349468925692772, 25.56422945305067, 90.25632218245234, 

parameters:
-0.09310337269809921, -0.38187417318528993, 20, 
objectives:
-20.37320593517753, 23.999207555614866, -18.84550387784629, 

parameters:
1.9973066371654076, -100, 0, 
objectives:
-96.01076619713501, -99.99999274579665, 10004.989233802866, 

parameters:
0.6116152452075947, -40.907640747632215, 3.7026524849400375, 
objectives:
-44.23622002440191, -35.277376035352205, 1671.10649226057, 

parameters:
1.5442870517416227, -93.60016614513198, 18.89735155522636, 
objectives:
-110.11269520218151, -74.49514029869528, 8745.478573339262, 

parameters:
3.585279224899852, -81.83274722717388, 10.62825348207982, 
objectives:
-79.60677358875523, -68.69138352419498, 6699.824492384953, 

parameters:
-3.657833019665219, -66.34726584142143, 17.381140122609434, 
objectives:
-70.3486635642777, -16.955051240397946, 4398.958286909391, 

parameters:
-1.5191798260517093, -53.12103075883856, 17.734742625314087, 
objectives:
-68.54786604027014, -23.001661485435132, 2807.4170736000406, 

parameters:
4.387096661405424, -48.56170103629654, 1.8513846885482397, 
objectives:
-31.16646860833016, -41.01208587685538, 2376.634039966611, 

parameters:
-1.1448103342489464, -26.52372633699872, 12.724262150713805, 
objectives:
-37.93739778630934, -3.9096321478859437, 693.0943873506889, 

parameters:
-0.6863404526037669, -56.67301398837822, 5.436389544318763, 
objectives:
-61.63834031581664, -44.02019941676405, 3207.865188199475, 

parameters:
3.666625778723316, -87.45934539681717, 0.6597725881836856, 
objectives:
-74.6749733838025, -84.02193132232838, 7662.921469252779, 

parameters:
-0.8513256152261635, -37.30416173508578, 20.0, 
objectives:
-56.57940643194557, -9.174103971040918, 1373.3252380605782, 

parameters:
2.9971268621695577, -31.551357099136837, 0.20900226038675634, 
objectives:
-22.777589931585258, -30.34809285948997, 1005.261901964804, 

parameters:
0.7425287012698496, -76.05118760190922, 10.900305145028774, 
objectives:
-86.40014387472851, -63.56964838975035, 5774.434179387971, 

parameters:
-2.0767554425240564, 0.5361474379404711, 6.287980437959561, 
objectives:
-1.4389198319658005, 23.444062814049552, -0.6876131946961399, 

parameters:
-0.09375266716585728, -97.62494285378999, 5.958294448339753, 
objectives:
-103.57444773952903, -87.28284817418609, 9525.679962320022, 

parameters:
-1.694126252298417, -44.23613409672679, 17.65611512931234, 
objectives:
-59.022185467312454, -12.933450199494104, 1943.0495084530091, 

parameters:
0.5096317750433529, -70.70786466265733, 17.061198843375784, 
objectives:
-87.50933895989928, -51.42546837332112, 4983.800650855424, 

parameters:
1.6940229913358058, -72.1642619585134, 15.519231763232762, 
objectives:
-84.81377982657186, -56.55140826544956, 5196.031186148887, 

parameters:
2.430990274304672, -90.08658050769543, 18.418703767750035, 
objectives:
-102.59557056168155, -71.48212412340018, 8104.082997515504, 

parameters:
0.5582811646219814, -70.08979588524528, 9.39781840510727, 
objectives:
-79.17593643158088, -58.61342427985426, 4904.493346689011, 

parameters:
-0.9889289593370676, -78.45394680605219, 14.555081098801335, 
objectives:
-92.03104741823803, -54.965169383287076, 6142.444668834681, 

parameters:
2.501632365217234, -9.683695930323236, 11.92981036584916, 
objectives:
-15.355341805470022, 2.4977494653593624, 89.102320995812, 

parameters:
4.233031262608825, -12.392733642399657, 6.003735849762682, 
objectives:
-0.47791582193867654, -1.4025691728486116, 166.49466495192527, 

parameters:
-0.8665345487990688, -8.452619270605659, 2.610594455910257, 
objectives:
-10.312331602253511, 2.3749955047632794, 70.58706020216628, 

parameters:
-0.24238444074552845, -13.082074737618242, 16.05724274404065, 
objectives:
-29.08056726454337, 8.003455986520045, 156.14218691370428, 

parameters:
1.7653507164775386, -96.0008335812923, 0.04653100881259005, 
objectives:
-92.93090143793714, -95.8992422862221, 9220.229980446335, 

parameters:
1.7895629105351536, -62.20324762489828, 1.647791976568905, 
objectives:
-60.64850419070414, -60.51117187970694, 3871.798758518608, 

parameters:
1.10080626876367, -18.569487560655226, 9.297192706267674, 
objectives:
-26.654905825573508, -8.463745488092838, 337.74045000041093, 

parameters:
0.33461631740023395, -89.28814707465395, 3.4669508177407873, 
objectives:
-92.64312981252424, -83.0476934466436, 7970.018225287164, 

parameters:
1.0736373119332887, -62.103896669911826, 4.447555665926949, 
objectives:
-65.39875525826344, -56.798193174142696, 3854.599122998734, 

parameters:
-0.5313894201662612, -96.79651116427438, 3.8278468912489947, 
objectives:
-100.34198333965874, -86.56073187649571, 9367.019101400112, 

parameters:
3.7409481642891373, -78.80145894724646, 0.505849438007238, 
objectives:
-65.31261521735543, -75.26470899849751, 6224.158775944459, 

parameters:
1.8191283822297386, -100, 4.853202354329886, 
objectives:
-101.5439742832961, -95.11408310355529, 9999.456025716703, 

parameters:
2.5112036698891997, -98.68219177854849, 2.854629357291195, 
objectives:
-95.23067726417469, -95.5662332291491, 9742.626488732596, 

parameters:
2.0465132062317233, -14.05359183627558, 15.885579443237933, 
objectives:
-25.750954976232663, 1.834151085316309, 186.80608036067454, 

