Generation 2893 at Fri May 24 19:48:24 2019
parameters:
0.051044676920685594, -100.0, 20, 
objectives:
-119.99739444095806, -76.2015731486408, 9981.002605559042, 

parameters:
4.247870361098587, -1.3364646876714659, 8.387448258101013, 
objectives:
8.320489658927364, 12.10390473073504, 12.443092207991619, 

parameters:
-1.978424594685861, -10.263632802550685, 20, 
objectives:
-26.349468925692772, 25.56422945305067, 90.25632218245234, 

parameters:
-0.09310337269809921, -0.38187417318528993, 20, 
objectives:
-20.37320593517753, 23.999207555614866, -18.84550387784629, 

parameters:
1.9973066371654076, -100, 0, 
objectives:
-96.01076619713501, -99.99999274579665, 10004.989233802866, 

parameters:
3.666625778723316, -87.45934539681717, 0.6597725881836856, 
objectives:
-74.6749733838025, -84.02193132232838, 7662.921469252779, 

parameters:
1.5442870517416227, -93.60016614513198, 18.89735155522636, 
objectives:
-110.11269520218151, -74.49514029869528, 8745.478573339262, 

parameters:
3.585279224899852, -81.83274722717388, 10.62825348207982, 
objectives:
-79.60677358875523, -68.69138352419498, 6699.824492384953, 

parameters:
0.5096317750433529, -70.70786466265733, 17.061198843375784, 
objectives:
-87.50933895989928, -51.42546837332112, 4983.800650855424, 

parameters:
-0.09375266716585728, -97.62494285378999, 5.958294448339753, 
objectives:
-103.57444773952903, -87.28284817418609, 9525.679962320022, 

parameters:
-2.4104964255687973, -65.25697663241483, 17.227467764896627, 
objectives:
-76.67395137963152, -28.577030147563068, 4248.0560244563185, 

parameters:
4.233031262608825, -12.392733642399657, 6.003735849762682, 
objectives:
-0.47791582193867654, -1.4025691728486116, 166.49466495192527, 

parameters:
-0.9889289593370676, -78.45394680605219, 14.555081098801335, 
objectives:
-92.03104741823803, -54.965169383287076, 6142.444668834681, 

parameters:
2.430990274304672, -90.08658050769543, 18.418703767750035, 
objectives:
-102.59557056168155, -71.48212412340018, 8104.082997515504, 

parameters:
0.6116152452075947, -40.907640747632215, 3.7026524849400375, 
objectives:
-44.23622002440191, -35.277376035352205, 1671.10649226057, 

parameters:
2.8081521705870136, -39.370253392512396, 18.8380281396755, 
objectives:
-50.32256291901534, -19.879115322012396, 1540.0645426641308, 

parameters:
1.7653507164775386, -96.0008335812923, 0.04653100881259005, 
objectives:
-92.93090143793714, -95.8992422862221, 9220.229980446335, 

parameters:
-0.8513256152261635, -37.30416173508578, 20.0, 
objectives:
-56.57940643194557, -9.174103971040918, 1373.3252380605782, 

parameters:
-0.8665345487990688, -8.452619270605659, 2.610594455910257, 
objectives:
-10.312331602253511, 2.3749955047632794, 70.58706020216628, 

parameters:
-1.1448103342489464, -26.52372633699872, 12.724262150713805, 
objectives:
-37.93739778630934, -3.9096321478859437, 693.0943873506889, 

parameters:
1.5757167772481855, -73.26391614407596, 11.889704613632725, 
objectives:
-82.67073739560729, -61.19419527733458, 5359.194587514663, 

parameters:
4.387096661405424, -48.56170103629654, 1.8513846885482397, 
objectives:
-31.16646860833016, -41.01208587685538, 2376.634039966611, 

parameters:
-0.6863404526037669, -56.67301398837822, 5.436389544318763, 
objectives:
-61.63834031581664, -44.02019941676405, 3207.865188199475, 

parameters:
-1.5191798260517093, -53.12103075883856, 17.734742625314087, 
objectives:
-68.54786604027014, -23.001661485435132, 2807.4170736000406, 

parameters:
1.8463154147706717, -18.893958992990548, 6.499151493191627, 
objectives:
-21.984229875362377, -12.371188548061811, 354.8914155464366, 

parameters:
-2.934595553357127, -26.332299878858606, 10.77336926600596, 
objectives:
-28.493818083081145, 8.791302662359284, 692.2284987059145, 

parameters:
0.037846021867205426, -44.98112783370256, 17.684255967945397, 
objectives:
-62.66395148027678, -23.446823631854812, 2006.6190375453168, 

parameters:
2.9971268621695577, -31.551357099136837, 0.20900226038675634, 
objectives:
-22.777589931585258, -30.34809285948997, 1005.261901964804, 

parameters:
1.508159056975159, -59.970770214630235, 18.054937837440132, 
objectives:
-75.75116431093417, -41.67392486395454, 3581.712886039677, 

parameters:
2.542768404196913, -55.84441924462725, 16.483406972284456, 
objectives:
-65.86215505952958, -39.066414731748324, 3109.581424954792, 

parameters:
1.962330937443138, -2.1313867714887547, 17.6382176634997, 
objectives:
-15.918861726941989, 15.508249850284857, -8.244665385775978, 

parameters:
1.6940229913358058, -72.1642619585134, 15.519231763232762, 
objectives:
-84.81377982657186, -56.55140826544956, 5196.031186148887, 

parameters:
-1.2444720049187195, -6.790407616537124, 19.757187149161467, 
objectives:
-24.998884194672172, 23.49337812332564, 28.901159020590335, 

parameters:
0.6150634170970313, -72.20775714846228, 9.86217002985999, 
objectives:
-81.6916241712712, -60.427537779939335, 5205.476325388496, 

parameters:
1.7755947484314363, -3.244279770605071, 15.458746986162012, 
objectives:
-15.550290046109787, 12.26482493248849, -0.7806590455474236, 

