Generation 2899 at Fri May 24 19:48:24 2019
parameters:
0.051044676920685594, -100.0, 20, 
objectives:
-119.99739444095806, -76.2015731486408, 9981.002605559042, 

parameters:
5.355111694311859, -24.083657862101195, 11.099129671220329, 
objectives:
-6.505566274765897, -1.727753709572676, 598.6006676060839, 

parameters:
-1.978424594685861, -10.263632802550685, 20, 
objectives:
-26.349468925692772, 25.56422945305067, 90.25632218245234, 

parameters:
-0.09310337269809921, -0.38187417318528993, 20, 
objectives:
-20.37320593517753, 23.999207555614866, -18.84550387784629, 

parameters:
1.9973066371654076, -100, 0, 
objectives:
-96.01076619713501, -99.99999274579665, 10004.989233802866, 

parameters:
1.5442870517416227, -93.60016614513198, 18.89735155522636, 
objectives:
-110.11269520218151, -74.49514029869528, 8745.478573339262, 

parameters:
-0.09375266716585728, -97.62494285378999, 5.958294448339753, 
objectives:
-103.57444773952903, -87.28284817418609, 9525.679962320022, 

parameters:
4.750147161570746, -17.187263523938412, 20, 
objectives:
-14.623365467359797, 10.37604588635722, 298.9659254978825, 

parameters:
1.7653507164775386, -96.0008335812923, 0.04653100881259005, 
objectives:
-92.93090143793714, -95.8992422862221, 9220.229980446335, 

parameters:
-1.6933503956707936, -46.0122366632544, 9.13774755463518, 
objectives:
-52.282548655371144, -23.23365196341761, 2111.8556107632157, 

parameters:
2.430990274304672, -90.08658050769543, 18.418703767750035, 
objectives:
-102.59557056168155, -71.48212412340018, 8104.082997515504, 

parameters:
0.7871727004794267, -62.277859433211695, 0.001732858626919478, 
objectives:
-61.659951431458545, -60.80517651612241, 3880.1496835846283, 

parameters:
2.542768404196913, -55.84441924462725, 16.483406972284456, 
objectives:
-65.86215505952958, -39.066414731748324, 3109.581424954792, 

parameters:
3.666625778723316, -87.45934539681717, 0.6597725881836856, 
objectives:
-74.6749733838025, -84.02193132232838, 7662.921469252779, 

parameters:
-0.9889289593370676, -78.45394680605219, 14.555081098801335, 
objectives:
-92.03104741823803, -54.965169383287076, 6142.444668834681, 

parameters:
-2.319775270228786, -35.47869544957021, 1.9400625280219927, 
objectives:
-32.03740067322717, -14.878174536268038, 1263.179125579697, 

parameters:
-2.4343946921771087, -15.522653055997694, 17.756196453275788, 
objectives:
-27.352571991973402, 21.897399683286608, 230.12283896089886, 

parameters:
-1.8151840840055735, -82.60346238469688, 18.439309924820353, 
objectives:
-97.74787905069007, -49.60852286502708, 6809.18758127404, 

parameters:
0.40199700437725505, -19.240045973879575, 20, 
objectives:
-39.07844438235129, 3.3135676001396916, 351.3409706685279, 

parameters:
0.5096317750433529, -70.70786466265733, 17.061198843375784, 
objectives:
-87.50933895989928, -51.42546837332112, 4983.800650855424, 

parameters:
-0.8513256152261635, -37.30416173508578, 20.0, 
objectives:
-56.57940643194557, -9.174103971040918, 1373.3252380605782, 

parameters:
2.9971268621695577, -31.551357099136837, 0.20900226038675634, 
objectives:
-22.777589931585258, -30.34809285948997, 1005.261901964804, 

parameters:
4.712314705162251, -74.2383425462453, 0, 
objectives:
-52.032432665756915, -66.88169148640591, 5534.537413894144, 

parameters:
3.585279224899852, -81.83274722717388, 10.62825348207982, 
objectives:
-79.60677358875523, -68.69138352419498, 6699.824492384953, 

parameters:
3.6712748354715066, -93.0218882805263, 6.909906188350193, 
objectives:
-86.45353555131015, -83.3188225164958, 8660.640052003933, 

parameters:
0.6116152452075947, -40.907640747632215, 3.7026524849400375, 
objectives:
-44.23622002440191, -35.277376035352205, 1671.10649226057, 

parameters:
2.8081521705870136, -39.370253392512396, 18.8380281396755, 
objectives:
-50.32256291901534, -19.879115322012396, 1540.0645426641308, 

parameters:
-1.1448103342489464, -26.52372633699872, 12.724262150713805, 
objectives:
-37.93739778630934, -3.9096321478859437, 693.0943873506889, 

parameters:
0.2838095334900843, -65.98263313187373, 15.716847314960775, 
objectives:
-81.61893259553464, -47.32047609957343, 4339.07157555178, 

parameters:
2.1724929485320965, -59.46671610583947, 14.015903666334578, 
objectives:
-68.76289416075237, -45.42105862221159, 3527.994146357594, 

parameters:
-2.9950052411929287, -78.04574623938777, 18.53503045048711, 
objectives:
-87.61072029510177, -34.56063842935583, 6082.573532007196, 

parameters:
-0.39911400607716363, -3.164029659856384, 6.755176754029251, 
objectives:
-9.759914424038673, 9.346895108328484, 4.415198924268615, 

parameters:
-1.82856780985437, -87.59598215505315, 10.341554576111454, 
objectives:
-94.593876495929, -62.59649610428861, 7667.058195367514, 

parameters:
3.0173707826519287, -51.88088963808462, 8.519133143649434, 
objectives:
-51.29549634173254, -42.326713185041385, 2693.2121029354676, 

parameters:
1.104345166999776, -29.342536042467263, 17.211517987303985, 
objectives:
-45.334475781895485, -11.32882047528662, 845.9924816640622, 

parameters:
2.501933637245003, -63.55067558969209, 14.80757868447795, 
objectives:
-72.09858234899203, -48.491159529016144, 4031.140461146986, 

parameters:
0.629964971148615, -64.84847448981918, 19.87975222011098, 
objectives:
-84.33137084505589, -43.09172628942839, 4186.841747301492, 

parameters:
-1.5191798260517093, -53.12103075883856, 17.734742625314087, 
objectives:
-68.54786604027014, -23.001661485435132, 2807.4170736000406, 

parameters:
0.9663106243267758, -33.28121739809051, 19.900347581729832, 
objectives:
-52.24780875713354, -12.312356090980977, 1089.6728401399193, 

