Generation 2904 at Fri May 24 19:48:24 2019
parameters:
0.051044676920685594, -100.0, 20, 
objectives:
-119.99739444095806, -76.2015731486408, 9981.002605559042, 

parameters:
0.16529314995509958, -3.698433564815506, 10.645968308521134, 
objectives:
-14.317080047914562, 10.31368396930731, 4.059764350254877, 

parameters:
-0.09310337269809921, -0.38187417318528993, 20, 
objectives:
-20.37320593517753, 23.999207555614866, -18.84550387784629, 

parameters:
1.9973066371654076, -100, 0, 
objectives:
-96.01076619713501, -99.99999274579665, 10004.989233802866, 

parameters:
-0.9889289593370676, -78.45394680605219, 14.555081098801335, 
objectives:
-92.03104741823803, -54.965169383287076, 6142.444668834681, 

parameters:
3.666625778723316, -87.45934539681717, 0.6597725881836856, 
objectives:
-74.6749733838025, -84.02193132232838, 7662.921469252779, 

parameters:
3.686453193745051, -35.08817280678241, 16.231348346183076, 
objectives:
-37.7295840032924, -16.012700085906452, 1229.5384597221146, 

parameters:
0.2838095334900843, -65.98263313187373, 15.716847314960775, 
objectives:
-81.61893259553464, -47.32047609957343, 4339.07157555178, 

parameters:
3.328822702476815, -50.230563811907125, 14.499368444672212, 
objectives:
-53.64887167205429, -33.96542559261712, 2520.6912330019263, 

parameters:
1.5442870517416227, -93.60016614513198, 18.89735155522636, 
objectives:
-110.11269520218151, -74.49514029869528, 8745.478573339262, 

parameters:
0.7871727004794267, -62.277859433211695, 0.001732858626919478, 
objectives:
-61.659951431458545, -60.80517651612241, 3880.1496835846283, 

parameters:
0.6116152452075947, -40.907640747632215, 3.7026524849400375, 
objectives:
-44.23622002440191, -35.277376035352205, 1671.10649226057, 

parameters:
-1.8151840840055735, -82.60346238469688, 18.439309924820353, 
objectives:
-97.74787905069007, -49.60852286502708, 6809.18758127404, 

parameters:
1.7653507164775386, -96.0008335812923, 0.04653100881259005, 
objectives:
-92.93090143793714, -95.8992422862221, 9220.229980446335, 

parameters:
2.1420537203210577, -38.78877616001425, 16.426139599927577, 
objectives:
-50.626521619200545, -22.342457300629622, 1493.7314105325036, 

parameters:
-0.8513256152261635, -37.30416173508578, 20.0, 
objectives:
-56.57940643194557, -9.174103971040918, 1373.3252380605782, 

parameters:
2.468912087005357, -92.38603147917019, 13.689524212062294, 
objectives:
-99.98002879787133, -78.47662872176817, 8528.584815151524, 

parameters:
-1.1448103342489464, -26.52372633699872, 12.724262150713805, 
objectives:
-37.93739778630934, -3.9096321478859437, 693.0943873506889, 

parameters:
2.542768404196913, -55.84441924462725, 16.483406972284456, 
objectives:
-65.86215505952958, -39.066414731748324, 3109.581424954792, 

parameters:
2.430990274304672, -90.08658050769543, 18.418703767750035, 
objectives:
-102.59557056168155, -71.48212412340018, 8104.082997515504, 

parameters:
0.42133592285358373, -8.204127538973438, 19.75391684269368, 
objectives:
-27.78052042178024, 14.041969572192787, 48.73131579293556, 

parameters:
0.2501390540516306, -70.69531696869569, 0.5687730478255405, 
objectives:
-71.2015204701594, -67.06453059071482, 4998.32163780289, 

parameters:
-0.09375266716585728, -97.62494285378999, 5.958294448339753, 
objectives:
-103.57444773952903, -87.28284817418609, 9525.679962320022, 

parameters:
2.1724929485320965, -59.46671610583947, 14.015903666334578, 
objectives:
-68.76289416075237, -45.42105862221159, 3527.994146357594, 

parameters:
2.9971268621695577, -31.551357099136837, 0.20900226038675634, 
objectives:
-22.777589931585258, -30.34809285948997, 1005.261901964804, 

parameters:
1.652004886624292, -14.35713950792474, 14.340492220702531, 
objectives:
-25.96851158319673, 0.10445331171116301, 195.51608277474145, 

parameters:
2.323314750216033, -72.24637025885687, 4.029524328703598, 
objectives:
-70.87810315898908, -68.11231350244601, 5221.906282679706, 

parameters:
0.4928213827247996, -28.482382417491934, 20, 
objectives:
-48.23950950222115, -6.210795033120348, 792.4889810915245, 

parameters:
0.7896633395971664, -11.87449832472509, 13.410092221531634, 
objectives:
-24.661022356352973, 3.0005087283216287, 129.2171864322711, 

parameters:
-0.129914226853878, -71.9117462955866, 15.055269962755435, 
objectives:
-86.95013855200298, -52.31994171907661, 5157.260863024397, 

parameters:
0.49226595613851853, -80.45401555814428, 14.66872049466166, 
objectives:
-94.88041028123297, -63.512033116463726, 6459.422224707032, 

parameters:
1.162391399870526, -61.20626512826745, 16.317765527396098, 
objectives:
-76.17287688917058, -44.186911433860494, 3732.2402791908644, 

parameters:
5.315649517014214, -54.211124397173855, 0, 
objectives:
-25.954994609440405, -43.217592677497265, 2968.1021381935916, 

parameters:
0.00534811189253126, -100, 6.1348160982784865, 
objectives:
-106.13478749597768, -89.88654774699081, 9994.865212504023, 

parameters:
2.760563838515519, -80.94852984072088, 12.48703437273176, 
objectives:
-85.8148515069331, -67.88303811553166, 6548.798161707867, 

parameters:
1.1794393423018437, -4.530494690837385, 19.55835064262917, 
objectives:
-22.69776817129715, 15.701175744753815, 3.358108663245968, 

parameters:
1.4882884065596815, -39.21292418518903, 8.234465454305079, 
objectives:
-45.232387258394155, -30.716609976022724, 1532.6339600801778, 

parameters:
2.8154421317681613, -72.03088749072936, 2.2078542223002158, 
objectives:
-66.31202731569432, -69.15808739816654, 5195.167612877147, 

parameters:
2.837696359107383, -9.910531725477602, 20, 
objectives:
-21.858011098986303, 10.791203464584164, 87.27115970818936, 

parameters:
0.18172685214982176, -99.97718242709152, 8.133838475036216, 
objectives:
-108.07799625333546, -88.5372267118623, 9988.336192233694, 

