Generation 291 at Fri May 24 19:55:17 2019
parameters:
0, 0.0, 20.0, 
objectives:
-20.0, 24.0, -19.0, 

parameters:
0, 0.0, 20.0, 
objectives:
-20.0, 24.0, -19.0, 

parameters:
1.9979647189482492, 0.0, 20.0, 
objectives:
-16.008136981838042, 20.000004142368958, -15.008136981838044, 

parameters:
1.2018676255843157, 0.0, 20.0, 
objectives:
-18.55551421057232, 20.637015287090417, -17.55551421057232, 

parameters:
1.0380195355553128, 0.0, 20.0, 
objectives:
-18.922515443805533, 20.925406413973217, -17.922515443805533, 

parameters:
1.8458728390924775, 0.0, 20.0, 
objectives:
-16.592753461900678, 20.023755181729413, -15.592753461900678, 

parameters:
1.675803072506905, 0.0, 20.0, 
objectives:
-17.191684062176417, 20.105103647795964, -16.191684062176417, 

parameters:
0.5247612857899809, 0.0, 20.0, 
objectives:
-19.724625592936047, 22.17632926390403, -18.724625592936047, 

parameters:
1.7767444735156113, 0.0, 20.0, 
objectives:
-16.843179075831735, 20.049843030105823, -15.843179075831733, 

parameters:
0.6271371051363335, 0.0, 20.0, 
objectives:
-19.60669905136122, 21.884752528093447, -18.60669905136122, 

parameters:
0.16586913474719656, 0.0, 20.0, 
objectives:
-19.972487430138216, 23.364036030873, -18.972487430138216, 

parameters:
1.3163972666694657, 0.0, 20.0, 
objectives:
-18.26709823630516, 20.46731269701698, -17.26709823630516, 

parameters:
1.7335298760299789, 0.0, 20.0, 
objectives:
-16.994874168911487, 20.071006326968597, -15.994874168911487, 

parameters:
0.009730782984569133, 0.0, 20.0, 
objectives:
-19.999905311862506, 23.961171556199215, -18.999905311862506, 

parameters:
0.458266299161473, 0.0, 20.0, 
objectives:
-19.789991999052848, 22.37694280430126, -18.789991999052848, 

parameters:
1.9612816023792814, 0.0, 20.0, 
objectives:
-16.15337447616856, 20.001499114314317, -15.153374476168558, 

parameters:
1.4539209216294096, 0.0, 20.0, 
objectives:
-17.886113953648287, 20.29820235983407, -16.886113953648287, 

parameters:
0.3379898920783342, 0.0, 20.0, 
objectives:
-19.885762832852876, 22.762277598833787, -18.885762832852876, 

parameters:
1.3844025503846022, 0.0, 20.0, 
objectives:
-18.08342957848861, 20.37896021997298, -17.08342957848861, 

parameters:
0.24827507071939406, 0.0, 20.0, 
objectives:
-19.93835948925928, 23.068540227863142, -18.93835948925928, 

parameters:
1.6155009016117814, 0.0, 20.0, 
objectives:
-17.39015683689152, 20.147839556661353, -16.39015683689152, 

parameters:
0.38719158868275844, 0.0, 20.0, 
objectives:
-19.850082673653322, 22.601150971615645, -18.850082673653322, 

parameters:
0.7996025961190713, 0.0, 20.0, 
objectives:
-19.36063568827964, 21.440953927244074, -18.360635688279643, 

parameters:
1.9028055079660224, 0.0, 20.0, 
objectives:
-16.379331198854167, 20.009446769281745, -15.379331198854167, 

parameters:
0.8874254623987332, 0.0, 20.0, 
objectives:
-19.212476048686394, 21.237822101718674, -18.212476048686394, 

parameters:
0.9264419296132768, 0.0, 20.0, 
objectives:
-19.14170535105443, 21.152526930492463, -18.14170535105443, 

parameters:
1.5519085915634245, 0.0, 20.0, 
objectives:
-17.59157972343163, 20.200785910314675, -16.59157972343163, 

parameters:
1.412901619807438, 0.0, 20.0, 
objectives:
-18.003709012745517, 20.34468450802473, -17.003709012745517, 

parameters:
1.9146414136717338, 0.0, 20.0, 
objectives:
-16.334148257053105, 20.00728608825996, -15.334148257053105, 

parameters:
1.3186968458440538, 0.0, 20.0, 
objectives:
-18.261038628760943, 20.464173987862843, -17.261038628760943, 

parameters:
0.744142037037107, 0.0, 20.0, 
objectives:
-19.446252628714266, 21.577179223137307, -18.446252628714266, 

parameters:
0.6801356234801358, 0.0, 20.0, 
objectives:
-19.537415533673286, 21.74204197240617, -18.537415533673286, 

parameters:
1.506843937740669, 0.0, 20.0, 
objectives:
-17.729421347294195, 20.24320290174313, -16.729421347294195, 

parameters:
0.9784733110650246, 0.0, 20.0, 
objectives:
-19.042589979533446, 21.043516776206452, -18.042589979533446, 

parameters:
0.19849541463396062, 0.0, 20.0, 
objectives:
-19.960599570369293, 23.245418771094865, -18.960599570369293, 

parameters:
0.7102086472689358, 0.0, 20.0, 
objectives:
-19.495603677344427, 21.66356173357983, -18.495603677344427, 

parameters:
1.5153721483535358, 0.0, 20.0, 
objectives:
-17.70364725199439, 20.234864154591467, -16.70364725199439, 

parameters:
0.7914143351468819, 0.0, 20.0, 
objectives:
-19.37366335012402, 21.460679309288455, -18.37366335012402, 

parameters:
0.9762460267706552, 0.0, 20.0, 
objectives:
-19.04694369521451, 21.04807219770287, -18.04694369521451, 

parameters:
1.58481761929956, 0.0, 20.0, 
objectives:
-17.488353113557675, 20.172376409244084, -16.488353113557675, 

parameters:
0.8915574964882801, 0.0, 20.0, 
objectives:
-19.20512523045555, 21.228644783591328, -18.20512523045555, 

parameters:
1.5893238731449333, 0.0, 20.0, 
objectives:
-17.47404962625159, 20.168654881168678, -16.47404962625159, 

