Generation 2912 at Fri May 24 19:48:24 2019
parameters:
3.0694440040070363, -10.296378946036814, 11.757537056246141, 
objectives:
-12.632429508548208, 2.604868587915929, 104.67936883787878, 

parameters:
0.051044676920685594, -100.0, 20, 
objectives:
-119.99739444095806, -76.2015731486408, 9981.002605559042, 

parameters:
-0.09310337269809921, -0.38187417318528993, 20, 
objectives:
-20.37320593517753, 23.999207555614866, -18.84550387784629, 

parameters:
1.9973066371654076, -100, 0, 
objectives:
-96.01076619713501, -99.99999274579665, 10004.989233802866, 

parameters:
1.5442870517416227, -93.60016614513198, 18.89735155522636, 
objectives:
-110.11269520218151, -74.49514029869528, 8745.478573339262, 

parameters:
3.666625778723316, -87.45934539681717, 0.6597725881836856, 
objectives:
-74.6749733838025, -84.02193132232838, 7662.921469252779, 

parameters:
-0.09375266716585728, -97.62494285378999, 5.958294448339753, 
objectives:
-103.57444773952903, -87.28284817418609, 9525.679962320022, 

parameters:
0.2838095334900843, -65.98263313187373, 15.716847314960775, 
objectives:
-81.61893259553464, -47.32047609957343, 4339.07157555178, 

parameters:
2.0335514682169196, -75.41813930746616, 5.105233377852683, 
objectives:
-76.38804111143166, -70.31178022859396, 5687.925834796407, 

parameters:
-0.129914226853878, -71.9117462955866, 15.055269962755435, 
objectives:
-86.95013855200298, -52.31994171907661, 5157.260863024397, 

parameters:
-0.2789150958365716, -32.246589647737046, 17.641415639883046, 
objectives:
-49.81021165693457, -9.411719993822189, 1023.2789219003446, 

parameters:
-2.9998398715538084, -54.09270064070797, 15.42436028653162, 
objectives:
-60.51802167227562, -13.669941612997146, 2920.5949415736804, 

parameters:
1.7653507164775386, -96.0008335812923, 0.04653100881259005, 
objectives:
-92.93090143793714, -95.8992422862221, 9220.229980446335, 

parameters:
-0.0010089884748716305, -47.86871077062714, 9.576622602143873, 
objectives:
-57.445332354713265, -34.28805119652604, 2282.836849257869, 

parameters:
1.652004886624292, -14.35713950792474, 14.340492220702531, 
objectives:
-25.96851158319673, 0.10445331171116301, 195.51608277474145, 

parameters:
0.42133592285358373, -8.204127538973438, 19.75391684269368, 
objectives:
-27.78052042178024, 14.041969572192787, 48.73131579293556, 

parameters:
0.3501970041276996, -82.10219818056886, 14.831384117886811, 
objectives:
-96.81094435675566, -64.54896413749283, 6727.062199905218, 

parameters:
-0.16054238924022335, -13.429119387644155, 19.019928665697588, 
objectives:
-32.42327419459878, 10.258752693757287, 162.3470927206455, 

parameters:
0.8062388659487769, -62.685477242394754, 3.9055616711636203, 
objectives:
-65.94101780459201, -57.35484992605988, 3927.2135165445934, 

parameters:
0.6940458645485837, -26.558223149681794, 14.70698335156675, 
objectives:
-40.783506839151556, -10.14572359421239, 692.1139331788241, 

parameters:
-0.9889289593370676, -78.45394680605219, 14.555081098801335, 
objectives:
-92.03104741823803, -54.965169383287076, 6142.444668834681, 

parameters:
0.32503472362983843, -97.35597213870126, 17.658871070505086, 
objectives:
-114.90919563764122, -76.8915923911504, 9461.632087572636, 

parameters:
0.40354476704167697, -84.4796519053193, 1.660262305116448, 
objectives:
-85.97706583142903, -80.27072028936284, 7136.314172117809, 

parameters:
1.260379929605202, -45.444197833772165, 16.383969133638203, 
objectives:
-60.239609400458754, -28.513190851603156, 2051.379705188336, 

parameters:
0.6116152452075947, -40.907640747632215, 3.7026524849400375, 
objectives:
-44.23622002440191, -35.277376035352205, 1671.10649226057, 

parameters:
4.3789502042807396, -58.70424712516199, 15.121155211131951, 
objectives:
-54.65019744472361, -37.92368783958267, 3451.2426802125287, 

parameters:
1.0234628466244957, -4.709808992114686, 12.616439853492786, 
objectives:
-16.278772647186756, 8.860255673300832, 11.613337087132287, 

parameters:
2.1724929485320965, -59.46671610583947, 14.015903666334578, 
objectives:
-68.76289416075237, -45.42105862221159, 3527.994146357594, 

parameters:
2.870135247620931, -29.413566542988157, 2.2208339883554613, 
objectives:
-23.396724191707555, -26.435597205480356, 872.1747391300729, 

parameters:
2.1420537203210577, -38.78877616001425, 16.426139599927577, 
objectives:
-50.626521619200545, -22.342457300629622, 1493.7314105325036, 

parameters:
0.5820618173544817, -59.7974787333741, 16.3990449334616, 
objectives:
-75.85772770761369, -41.38788511010843, 3560.678213894088, 

parameters:
-0.12999462694136, -30.456657090652335, 10.845100534063883, 
objectives:
-41.28485902168259, -15.074679445789387, 917.7797592065529, 

parameters:
-0.6281620655495833, -84.83703888819238, 11.232266372437907, 
objectives:
-95.67471768003477, -66.69753667296062, 7187.485488524824, 

parameters:
-0.8396876837629077, -80.6368215469402, 7.320857282690767, 
objectives:
-87.25260342336784, -65.25213812293468, 6496.681207316651, 

parameters:
0.058320580669214334, -39.00494113721838, 14.072303080024241, 
objectives:
-53.07384292711303, -21.1625190897414, 1508.316531327976, 

parameters:
3.5152782862082743, -63.943577602421364, 1.6420168947342983, 
objectives:
-53.22841306766828, -60.005492423032784, 4100.496281131636, 

parameters:
2.160734083494306, -79.58498653230608, 19.56278903962762, 
objectives:
-94.47900379235972, -59.9963620470817, 6319.876064087286, 

parameters:
-1.6040550914455554, -40.69094475708442, 15.993052680140442, 
objectives:
-54.11100470083245, -11.708678974769343, 1643.3329252803478, 

