Generation 2916 at Fri May 24 19:48:24 2019
parameters:
3.0694440040070363, -10.296378946036814, 11.757537056246141, 
objectives:
-12.632429508548208, 2.604868587915929, 104.67936883787878, 

parameters:
0.051044676920685594, -100.0, 20, 
objectives:
-119.99739444095806, -76.2015731486408, 9981.002605559042, 

parameters:
-0.09310337269809921, -0.38187417318528993, 20, 
objectives:
-20.37320593517753, 23.999207555614866, -18.84550387784629, 

parameters:
1.9973066371654076, -100, 0, 
objectives:
-96.01076619713501, -99.99999274579665, 10004.989233802866, 

parameters:
0.6940458645485837, -26.558223149681794, 14.70698335156675, 
objectives:
-40.783506839151556, -10.14572359421239, 692.1139331788241, 

parameters:
-0.09375266716585728, -97.62494285378999, 5.958294448339753, 
objectives:
-103.57444773952903, -87.28284817418609, 9525.679962320022, 

parameters:
-2.108795208119638, -76.73873778073134, 15.834685029744026, 
objectives:
-88.12640558068702, -44.021854688720424, 5878.446208379889, 

parameters:
2.1420537203210577, -38.78877616001425, 16.426139599927577, 
objectives:
-50.626521619200545, -22.342457300629622, 1493.7314105325036, 

parameters:
1.5442870517416227, -93.60016614513198, 18.89735155522636, 
objectives:
-110.11269520218151, -74.49514029869528, 8745.478573339262, 

parameters:
-0.129914226853878, -71.9117462955866, 15.055269962755435, 
objectives:
-86.95013855200298, -52.31994171907661, 5157.260863024397, 

parameters:
1.7653507164775386, -96.0008335812923, 0.04653100881259005, 
objectives:
-92.93090143793714, -95.8992422862221, 9220.229980446335, 

parameters:
0.598715923004578, -57.438216829106985, 19.389674961835397, 
objectives:
-76.46943103448316, -36.08494480283068, 3281.117538302133, 

parameters:
0.3501970041276996, -82.10219818056886, 14.831384117886811, 
objectives:
-96.81094435675566, -64.54896413749283, 6727.062199905218, 

parameters:
0.8062388659487769, -62.685477242394754, 3.9055616711636203, 
objectives:
-65.94101780459201, -57.35484992605988, 3927.2135165445934, 

parameters:
5.036281697284211, -51.50586124470809, 3.7574462108509894, 
objectives:
-29.899174121159152, -38.52940848859402, 2675.460429682672, 

parameters:
2.0335514682169196, -75.41813930746616, 5.105233377852683, 
objectives:
-76.38804111143166, -70.31178022859396, 5687.925834796407, 

parameters:
0.2838095334900843, -65.98263313187373, 15.716847314960775, 
objectives:
-81.61893259553464, -47.32047609957343, 4339.07157555178, 

parameters:
1.9672333241278974, -35.00532041025946, 2.4863817641098063, 
objectives:
-33.62169522280997, -32.517864991101945, 1227.756082212377, 

parameters:
-1.064943469697214, -84.78268578833233, 16.77430671355702, 
objectives:
-100.42288790823861, -58.61450060233571, 7173.463607363183, 

parameters:
1.613700431215446, -65.71393448412162, 9.253644629165455, 
objectives:
-72.36355003158216, -56.31106249811304, 4312.6715698359685, 

parameters:
3.666625778723316, -87.45934539681717, 0.6597725881836856, 
objectives:
-74.6749733838025, -84.02193132232838, 7662.921469252779, 

parameters:
-0.7972090012593964, -33.40100967387599, 19.181266291669292, 
objectives:
-51.94673377385628, -6.395365185480106, 1098.0817231343772, 

parameters:
0.32503472362983843, -97.35597213870126, 17.658871070505086, 
objectives:
-114.90919563764122, -76.8915923911504, 9461.632087572636, 

parameters:
0.6116152452075947, -40.907640747632215, 3.7026524849400375, 
objectives:
-44.23622002440191, -35.277376035352205, 1671.10649226057, 

parameters:
3.0427421034382065, -89.1122941670121, 12.80088538513797, 
objectives:
-92.65490004411451, -75.22409768759138, 7938.458365830995, 

parameters:
-0.6258034054934082, -92.23506376410546, 6.017260902461533, 
objectives:
-97.86069476423984, -79.32295933734315, 8502.681356568466, 

parameters:
1.260379929605202, -45.444197833772165, 16.383969133638203, 
objectives:
-60.239609400458754, -28.513190851603156, 2051.379705188336, 

parameters:
-1.9955290705490443, -20.985665219852983, 14.772313970785241, 
objectives:
-31.77584291923189, 9.750901304534768, 430.6079670203682, 

parameters:
0.40354476704167697, -84.4796519053193, 1.660262305116448, 
objectives:
-85.97706583142903, -80.27072028936284, 7136.314172117809, 

parameters:
-0.0010089884748716305, -47.86871077062714, 9.576622602143873, 
objectives:
-57.445332354713265, -34.28805119652604, 2282.836849257869, 

parameters:
2.870135247620931, -29.413566542988157, 2.2208339883554613, 
objectives:
-23.396724191707555, -26.435597205480356, 872.1747391300729, 

parameters:
-0.08521855251566297, -9.439865110217173, 19.970711288534154, 
objectives:
-29.403314197058464, 14.878982590072496, 70.14760421225421, 

parameters:
-0.9729660469974482, -48.83287472389331, 16.430538206988654, 
objectives:
-64.31675000227213, -23.563809400305022, 2370.1657785210796, 

parameters:
1.6118497160447387, -67.3728295336123, 10.342328265185934, 
objectives:
-75.11709829168473, -56.879840625491816, 4532.35389060711, 

parameters:
3.035682624344724, -43.69661096818611, 19.18790010117568, 
objectives:
-53.669142073613315, -23.436072368640858, 1900.4212789995752, 

parameters:
0.42133592285358373, -8.204127538973438, 19.75391684269368, 
objectives:
-27.78052042178024, 14.041969572192787, 48.73131579293556, 

parameters:
-0.16054238924022335, -13.429119387644155, 19.019928665697588, 
objectives:
-32.42327419459878, 10.258752693757287, 162.3470927206455, 

parameters:
2.048811059870413, -66.34614549897557, 2.3241437628406345, 
objectives:
-64.47266250276888, -64.01961921656927, 4404.684505567444, 

parameters:
3.296835562177738, -32.44768203347748, 3.0974106562754162, 
objectives:
-24.67596796571309, -27.66848890187321, 1061.6237834134215, 

