Generation 2917 at Fri May 24 19:48:24 2019
parameters:
3.0694440040070363, -10.296378946036814, 11.757537056246141, 
objectives:
-12.632429508548208, 2.604868587915929, 104.67936883787878, 

parameters:
0.051044676920685594, -100.0, 20, 
objectives:
-119.99739444095806, -76.2015731486408, 9981.002605559042, 

parameters:
-0.09310337269809921, -0.38187417318528993, 20, 
objectives:
-20.37320593517753, 23.999207555614866, -18.84550387784629, 

parameters:
1.9973066371654076, -100, 0, 
objectives:
-96.01076619713501, -99.99999274579665, 10004.989233802866, 

parameters:
0.6940458645485837, -26.558223149681794, 14.70698335156675, 
objectives:
-40.783506839151556, -10.14572359421239, 692.1139331788241, 

parameters:
2.1420537203210577, -38.78877616001425, 16.426139599927577, 
objectives:
-50.626521619200545, -22.342457300629622, 1493.7314105325036, 

parameters:
5.036281697284211, -51.50586124470809, 3.7574462108509894, 
objectives:
-29.899174121159152, -38.52940848859402, 2675.460429682672, 

parameters:
-0.129914226853878, -71.9117462955866, 15.055269962755435, 
objectives:
-86.95013855200298, -52.31994171907661, 5157.260863024397, 

parameters:
-1.9955290705490443, -20.985665219852983, 14.772313970785241, 
objectives:
-31.77584291923189, 9.750901304534768, 430.6079670203682, 

parameters:
-0.4124608105223695, -6.005152260518548, 18.078978740630763, 
objectives:
-23.914007080932542, 17.893793642418462, 19.15299885159703, 

parameters:
0.2838095334900843, -65.98263313187373, 15.716847314960775, 
objectives:
-81.61893259553464, -47.32047609957343, 4339.07157555178, 

parameters:
0.598715923004578, -57.438216829106985, 19.389674961835397, 
objectives:
-76.46943103448316, -36.08494480283068, 3281.117538302133, 

parameters:
0.3501970041276996, -82.10219818056886, 14.831384117886811, 
objectives:
-96.81094435675566, -64.54896413749283, 6727.062199905218, 

parameters:
1.7653507164775386, -96.0008335812923, 0.04653100881259005, 
objectives:
-92.93090143793714, -95.8992422862221, 9220.229980446335, 

parameters:
-0.09375266716585728, -97.62494285378999, 5.958294448339753, 
objectives:
-103.57444773952903, -87.28284817418609, 9525.679962320022, 

parameters:
1.5442870517416227, -93.60016614513198, 18.89735155522636, 
objectives:
-110.11269520218151, -74.49514029869528, 8745.478573339262, 

parameters:
-2.108795208119638, -76.73873778073134, 15.834685029744026, 
objectives:
-88.12640558068702, -44.021854688720424, 5878.446208379889, 

parameters:
1.9672333241278974, -35.00532041025946, 2.4863817641098063, 
objectives:
-33.62169522280997, -32.517864991101945, 1227.756082212377, 

parameters:
-1.064943469697214, -84.78268578833233, 16.77430671355702, 
objectives:
-100.42288790823861, -58.61450060233571, 7173.463607363183, 

parameters:
3.666625778723316, -87.45934539681717, 0.6597725881836856, 
objectives:
-74.6749733838025, -84.02193132232838, 7662.921469252779, 

parameters:
-0.0010089884748716305, -47.86871077062714, 9.576622602143873, 
objectives:
-57.445332354713265, -34.28805119652604, 2282.836849257869, 

parameters:
2.0335514682169196, -75.41813930746616, 5.105233377852683, 
objectives:
-76.38804111143166, -70.31178022859396, 5687.925834796407, 

parameters:
-0.7972090012593964, -33.40100967387599, 19.181266291669292, 
objectives:
-51.94673377385628, -6.395365185480106, 1098.0817231343772, 

parameters:
-0.43459525371620744, -27.63557970536977, 16.705323454205505, 
objectives:
-44.15203012502262, -5.0030022017467815, 748.2088152321927, 

parameters:
3.0427421034382065, -89.1122941670121, 12.80088538513797, 
objectives:
-92.65490004411451, -75.22409768759138, 7938.458365830995, 

parameters:
3.2423751529127425, -65.37010585742159, 16.40748518730613, 
objectives:
-71.2645944125018, -47.4191246495405, 4268.356251255424, 

parameters:
0.32503472362983843, -97.35597213870126, 17.658871070505086, 
objectives:
-114.90919563764122, -76.8915923911504, 9461.632087572636, 

parameters:
2.211655291059458, -62.56944368854547, 7.145644604987828, 
objectives:
-64.823669167062, -55.37900112132417, 3913.6810580155457, 

parameters:
1.260379929605202, -45.444197833772165, 16.383969133638203, 
objectives:
-60.239609400458754, -28.513190851603156, 2051.379705188336, 

parameters:
0.6116152452075947, -40.907640747632215, 3.7026524849400375, 
objectives:
-44.23622002440191, -35.277376035352205, 1671.10649226057, 

parameters:
2.292323254612208, -94.2411152305025, 15.489490855578751, 
objectives:
-104.47586018244535, -78.66617148973668, 8872.153054936909, 

parameters:
-0.6258034054934082, -92.23506376410546, 6.017260902461533, 
objectives:
-97.86069476423984, -79.32295933734315, 8502.681356568466, 

parameters:
1.9989650889290926, -45.624455607237266, 20, 
objectives:
-61.62859418047997, -25.62445453619634, 2066.586810883521, 

parameters:
0.8062388659487769, -62.685477242394754, 3.9055616711636203, 
objectives:
-65.94101780459201, -57.35484992605988, 3927.2135165445934, 

parameters:
0.40354476704167697, -84.4796519053193, 1.660262305116448, 
objectives:
-85.97706583142903, -80.27072028936284, 7136.314172117809, 

parameters:
3.5619563594067176, -78.44875724237957, 0, 
objectives:
-65.76122413606161, -76.00904957368849, 6167.89504598012, 

parameters:
3.5383589869669327, -83.6758680079787, 4.488631783475755, 
objectives:
-75.6445154708048, -76.82068785172103, 7010.682239425849, 

parameters:
1.613700431215446, -65.71393448412162, 9.253644629165455, 
objectives:
-72.36355003158216, -56.31106249811304, 4312.6715698359685, 

