Generation 2920 at Fri May 24 19:48:25 2019
parameters:
4.4517344978105715, -10.071769382058447, 0.0, 
objectives:
9.746170656938295, -4.060767334303992, 122.25847852436672, 

parameters:
0.051044676920685594, -100.0, 20, 
objectives:
-119.99739444095806, -76.2015731486408, 9981.002605559042, 

parameters:
-0.09310337269809921, -0.38187417318528993, 20, 
objectives:
-20.37320593517753, 23.999207555614866, -18.84550387784629, 

parameters:
1.9973066371654076, -100, 0, 
objectives:
-96.01076619713501, -99.99999274579665, 10004.989233802866, 

parameters:
-0.29953076994331385, 0.3134151900358759, 9.316851252873795, 
objectives:
-8.913717380695084, 14.91810820482576, -8.128903489385737, 

parameters:
0.3501970041276996, -82.10219818056886, 14.831384117886811, 
objectives:
-96.81094435675566, -64.54896413749283, 6727.062199905218, 

parameters:
0.2838095334900843, -65.98263313187373, 15.716847314960775, 
objectives:
-81.61893259553464, -47.32047609957343, 4339.07157555178, 

parameters:
3.666625778723316, -87.45934539681717, 0.6597725881836856, 
objectives:
-74.6749733838025, -84.02193132232838, 7662.921469252779, 

parameters:
3.0694440040070363, -10.296378946036814, 11.757537056246141, 
objectives:
-12.632429508548208, 2.604868587915929, 104.67936883787878, 

parameters:
-1.064943469697214, -84.78268578833233, 16.77430671355702, 
objectives:
-100.42288790823861, -58.61450060233571, 7173.463607363183, 

parameters:
2.211655291059458, -62.56944368854547, 7.145644604987828, 
objectives:
-64.823669167062, -55.37900112132417, 3913.6810580155457, 

parameters:
-2.108795208119638, -76.73873778073134, 15.834685029744026, 
objectives:
-88.12640558068702, -44.021854688720424, 5878.446208379889, 

parameters:
-2.4893359244636732, -71.5461673802078, 0.9589923645460211, 
objectives:
-66.30836639992842, -50.43303797298168, 5125.0918677769905, 

parameters:
1.8036483817424565, -33.41496624686162, 20, 
objectives:
-50.16181876189944, -13.376412288869261, 1100.8131167638635, 

parameters:
1.5442870517416227, -93.60016614513198, 18.89735155522636, 
objectives:
-110.11269520218151, -74.49514029869528, 8745.478573339262, 

parameters:
0.598715923004578, -57.438216829106985, 19.389674961835397, 
objectives:
-76.46943103448316, -36.08494480283068, 3281.117538302133, 

parameters:
1.7653507164775386, -96.0008335812923, 0.04653100881259005, 
objectives:
-92.93090143793714, -95.8992422862221, 9220.229980446335, 

parameters:
0.32503472362983843, -97.35597213870126, 17.658871070505086, 
objectives:
-114.90919563764122, -76.8915923911504, 9461.632087572636, 

parameters:
4.519912071361366, -51.760371641036315, 7.520045269995115, 
objectives:
-38.85081177819323, -37.89036952364847, 2693.0456322810396, 

parameters:
3.416434316708975, -94.39450776149792, 3.754068051944415, 
objectives:
-86.47655237305561, -88.63415353600269, 8919.241050923933, 

parameters:
5.036281697284211, -51.50586124470809, 3.7574462108509894, 
objectives:
-29.899174121159152, -38.52940848859402, 2675.460429682672, 

parameters:
-0.7972090012593964, -33.40100967387599, 19.181266291669292, 
objectives:
-51.94673377385628, -6.395365185480106, 1098.0817231343772, 

parameters:
-0.4124608105223695, -6.005152260518548, 18.078978740630763, 
objectives:
-23.914007080932542, 17.893793642418462, 19.15299885159703, 

parameters:
-1.6200658170609514, -92.92162451531904, 17.06690407952015, 
objectives:
-107.36391534322982, -62.74984391594571, 8620.98601173803, 

parameters:
4.3120188485210775, -26.93427895914982, 18.961044166508103, 
objectives:
-27.301816575656886, -2.627803636724991, 726.0878454327938, 

parameters:
-0.129914226853878, -71.9117462955866, 15.055269962755435, 
objectives:
-86.95013855200298, -52.31994171907661, 5157.260863024397, 

parameters:
2.1420537203210577, -38.78877616001425, 16.426139599927577, 
objectives:
-50.626521619200545, -22.342457300629622, 1493.7314105325036, 

parameters:
-0.9301089927667174, -42.63541259759836, 17.097291368354163, 
objectives:
-58.867601227527004, -16.952582519751807, 1802.5462187375203, 

parameters:
-0.8106436402046528, -77.37653264490484, 20, 
objectives:
-96.71938953350059, -49.47681497268198, 5968.784947259429, 

parameters:
-0.0010089884748716305, -47.86871077062714, 9.576622602143873, 
objectives:
-57.445332354713265, -34.28805119652604, 2282.836849257869, 

parameters:
2.7680026879040605, -51.16991723328328, 18.3387443605442, 
objectives:
-61.84682271358338, -32.24134474411122, 2608.6835241807607, 

parameters:
-0.09375266716585728, -97.62494285378999, 5.958294448339753, 
objectives:
-103.57444773952903, -87.28284817418609, 9525.679962320022, 

parameters:
3.4870890138195314, -41.1476042474466, 13.901925712493263, 
objectives:
-42.889740169639, -25.034244799930594, 1692.3831993822932, 

parameters:
0.9965334371817789, -20.888851366967316, 20.0, 
objectives:
-39.89577247554598, 0.11809377572689783, 418.3371903226736, 

parameters:
0.08798167541539786, -23.572594564454988, 20, 
objectives:
-43.56485378924609, 0.08321950909232001, 536.6749552753816, 

parameters:
3.5894561363997717, -90.96916611656557, 13.186745069853348, 
objectives:
-91.27171583128094, -75.25605023717334, 8276.086634228586, 

parameters:
1.260379929605202, -45.444197833772165, 16.383969133638203, 
objectives:
-60.239609400458754, -28.513190851603156, 2051.379705188336, 

parameters:
3.5736883453840793, -90.44687042960938, 0, 
objectives:
-77.67562203967537, -87.9703754212117, 8194.40761890048, 

parameters:
-2.428394095184573, -39.98224507540349, 20, 
objectives:
-54.08514719387619, -0.37157081313789675, 1585.477019151154, 

parameters:
3.0427421034382065, -89.1122941670121, 12.80088538513797, 
objectives:
-92.65490004411451, -75.22409768759138, 7938.458365830995, 

parameters:
1.8995901162275814, -46.26066400153178, 16.88084221458321, 
objectives:
-59.533063606445474, -29.36973964218938, 2127.7766342577047, 

parameters:
-0.9270888717404953, -100, 5.973778213208832, 
objectives:
-105.11428443710376, -85.45837252372412, 9995.885715562896, 

