Generation 2923 at Fri May 24 19:48:25 2019
parameters:
4.4517344978105715, -10.071769382058447, 0.0, 
objectives:
9.746170656938295, -4.060767334303992, 122.25847852436672, 

parameters:
0.051044676920685594, -100.0, 20, 
objectives:
-119.99739444095806, -76.2015731486408, 9981.002605559042, 

parameters:
-0.09310337269809921, -0.38187417318528993, 20, 
objectives:
-20.37320593517753, 23.999207555614866, -18.84550387784629, 

parameters:
1.9973066371654076, -100, 0, 
objectives:
-96.01076619713501, -99.99999274579665, 10004.989233802866, 

parameters:
-1.6200658170609514, -92.92162451531904, 17.06690407952015, 
objectives:
-107.36391534322982, -62.74984391594571, 8620.98601173803, 

parameters:
-0.23061260237130798, -27.0591669919232, 14.597444937799839, 
objectives:
-41.60342975735057, -7.486089472265661, 718.6542555313586, 

parameters:
3.666625778723316, -87.45934539681717, 0.6597725881836856, 
objectives:
-74.6749733838025, -84.02193132232838, 7662.921469252779, 

parameters:
1.7653507164775386, -96.0008335812923, 0.04653100881259005, 
objectives:
-92.93090143793714, -95.8992422862221, 9220.229980446335, 

parameters:
-2.108795208119638, -76.73873778073134, 15.834685029744026, 
objectives:
-88.12640558068702, -44.021854688720424, 5878.446208379889, 

parameters:
-0.29953076994331385, 0.3134151900358759, 9.316851252873795, 
objectives:
-8.913717380695084, 14.91810820482576, -8.128903489385737, 

parameters:
0.33314161513668084, -85.4624907390484, 15.561837028466924, 
objectives:
-100.91334443177945, -67.12223683539233, 7289.386469629204, 

parameters:
2.1420537203210577, -38.78877616001425, 16.426139599927577, 
objectives:
-50.626521619200545, -22.342457300629622, 1493.7314105325036, 

parameters:
2.211655291059458, -62.56944368854547, 7.145644604987828, 
objectives:
-64.823669167062, -55.37900112132417, 3913.6810580155457, 

parameters:
-0.0010089884748716305, -47.86871077062714, 9.576622602143873, 
objectives:
-57.445332354713265, -34.28805119652604, 2282.836849257869, 

parameters:
0.32503472362983843, -97.35597213870126, 17.658871070505086, 
objectives:
-114.90919563764122, -76.8915923911504, 9461.632087572636, 

parameters:
1.8036483817424565, -33.41496624686162, 20, 
objectives:
-50.16181876189944, -13.376412288869261, 1100.8131167638635, 

parameters:
5.036281697284211, -51.50586124470809, 3.7574462108509894, 
objectives:
-29.899174121159152, -38.52940848859402, 2675.460429682672, 

parameters:
0.2838095334900843, -65.98263313187373, 15.716847314960775, 
objectives:
-81.61893259553464, -47.32047609957343, 4339.07157555178, 

parameters:
-1.9368939115794679, -64.88256747364329, 19.371137692035887, 
objectives:
-80.50214714096558, -30.012296110575917, 4195.1279823045525, 

parameters:
0.3501970041276996, -82.10219818056886, 14.831384117886811, 
objectives:
-96.81094435675566, -64.54896413749283, 6727.062199905218, 

parameters:
-2.4893359244636732, -71.5461673802078, 0.9589923645460211, 
objectives:
-66.30836639992842, -50.43303797298168, 5125.0918677769905, 

parameters:
-0.9301089927667174, -42.63541259759836, 17.097291368354163, 
objectives:
-58.867601227527004, -16.952582519751807, 1802.5462187375203, 

parameters:
-0.2948109168192062, -83.20834870608942, 2.6433904519648688, 
objectives:
-85.76482568137851, -75.29880111017195, 6922.072817418884, 

parameters:
0.2868777466791155, -51.920111284088534, 8.514194940292171, 
objectives:
-60.352007382841016, -40.471128488973136, 2688.266059653385, 

parameters:
-0.2482377962797102, -57.715457011489065, 13.887740773873132, 
objectives:
-71.54157578186039, -38.77314304899528, 3318.2478592746706, 

parameters:
0.598715923004578, -57.438216829106985, 19.389674961835397, 
objectives:
-76.46943103448316, -36.08494480283068, 3281.117538302133, 

parameters:
3.0694440040070363, -10.296378946036814, 11.757537056246141, 
objectives:
-12.632429508548208, 2.604868587915929, 104.67936883787878, 

parameters:
-0.129914226853878, -71.9117462955866, 15.055269962755435, 
objectives:
-86.95013855200298, -52.31994171907661, 5157.260863024397, 

parameters:
-1.7842375491682783, -97.77799860537989, 0, 
objectives:
-94.59449497351787, -83.45754477684476, 9564.720514905535, 

parameters:
0.5083416389996398, -6.5522808312542224, 13.086829165531562, 
objectives:
-19.380698774844944, 8.75959300021962, 31.1039661480308, 

parameters:
-0.4124608105223695, -6.005152260518548, 18.078978740630763, 
objectives:
-23.914007080932542, 17.893793642418462, 19.15299885159703, 

parameters:
2.8035570295410057, -14.22343618704743, 15.467492768850192, 
objectives:
-21.830996938008834, 1.889760481527528, 195.69857621604893, 

parameters:
0.7261278032654088, -15.987391716880733, 10.040779707788058, 
objectives:
-25.500909837993742, -4.323861635479261, 247.08317578787367, 

parameters:
-0.5345299761886777, -18.475062058854668, 0, 
objectives:
-18.1893397634104, -12.05121985865569, 342.61364037397556, 

parameters:
2.4787573974834145, -18.580251759971084, 8.22235134099686, 
objectives:
-20.658364865389196, -10.128691773329132, 344.1476423584905, 

