Generation 2925 at Fri May 24 19:48:25 2019
parameters:
4.4517344978105715, -10.071769382058447, 0.0, 
objectives:
9.746170656938295, -4.060767334303992, 122.25847852436672, 

parameters:
0.051044676920685594, -100.0, 20, 
objectives:
-119.99739444095806, -76.2015731486408, 9981.002605559042, 

parameters:
-0.09310337269809921, -0.38187417318528993, 20, 
objectives:
-20.37320593517753, 23.999207555614866, -18.84550387784629, 

parameters:
1.9973066371654076, -100, 0, 
objectives:
-96.01076619713501, -99.99999274579665, 10004.989233802866, 

parameters:
1.7653507164775386, -96.0008335812923, 0.04653100881259005, 
objectives:
-92.93090143793714, -95.8992422862221, 9220.229980446335, 

parameters:
-0.29953076994331385, 0.3134151900358759, 9.316851252873795, 
objectives:
-8.913717380695084, 14.91810820482576, -8.128903489385737, 

parameters:
3.666625778723316, -87.45934539681717, 0.6597725881836856, 
objectives:
-74.6749733838025, -84.02193132232838, 7662.921469252779, 

parameters:
2.1420537203210577, -38.78877616001425, 16.426139599927577, 
objectives:
-50.626521619200545, -22.342457300629622, 1493.7314105325036, 

parameters:
-1.6200658170609514, -92.92162451531904, 17.06690407952015, 
objectives:
-107.36391534322982, -62.74984391594571, 8620.98601173803, 

parameters:
3.3620989993214265, -31.427049458069888, 17.664551495454027, 
objectives:
-37.787891272285776, -11.90718427866343, 982.298595825755, 

parameters:
0.33314161513668084, -85.4624907390484, 15.561837028466924, 
objectives:
-100.91334443177945, -67.12223683539233, 7289.386469629204, 

parameters:
-0.2482377962797102, -57.715457011489065, 13.887740773873132, 
objectives:
-71.54157578186039, -38.77314304899528, 3318.2478592746706, 

parameters:
1.6851527323582471, -72.7665793280941, 12.425303360879594, 
objectives:
-82.35214295759923, -60.242147165273025, 5286.389503482306, 

parameters:
-0.9301089927667174, -42.63541259759836, 17.097291368354163, 
objectives:
-58.867601227527004, -16.952582519751807, 1802.5462187375203, 

parameters:
0.32503472362983843, -97.35597213870126, 17.658871070505086, 
objectives:
-114.90919563764122, -76.8915923911504, 9461.632087572636, 

parameters:
2.211655291059458, -62.56944368854547, 7.145644604987828, 
objectives:
-64.823669167062, -55.37900112132417, 3913.6810580155457, 

parameters:
3.0694440040070363, -10.296378946036814, 11.757537056246141, 
objectives:
-12.632429508548208, 2.604868587915929, 104.67936883787878, 

parameters:
1.879331421152776, -90.90952162962441, 11.718124769498335, 
objectives:
-99.09575980859063, -79.17683595420507, 8257.354884748182, 

parameters:
2.6539599209523432, -67.28258855897985, 15.35320390877462, 
objectives:
-75.59228920573311, -51.501721071993245, 4519.637022550213, 

parameters:
-2.108795208119638, -76.73873778073134, 15.834685029744026, 
objectives:
-88.12640558068702, -44.021854688720424, 5878.446208379889, 

parameters:
0.2868777466791155, -51.920111284088534, 8.514194940292171, 
objectives:
-60.352007382841016, -40.471128488973136, 2688.266059653385, 

parameters:
1.9495505920304603, -48.0291840029565, 19.643175078693787, 
objectives:
-63.87161157076397, -28.383463781498236, 2291.960088422045, 

parameters:
-0.772872097366097, -59.470647502941404, 18.65944617225999, 
objectives:
-77.53276239631433, -33.12238166232996, 3519.6957995257376, 

parameters:
1.3441078024568078, -77.64062541814798, 2.6077986013323575, 
objectives:
-78.44179823485507, -74.60263224201758, 6028.265542504458, 

parameters:
0.2531860152011811, -45.42199245999222, 0.5561427726159621, 
objectives:
-45.914032074314726, -41.81449058988753, 2063.6653594212676, 

parameters:
0.5083416389996398, -6.5522808312542224, 13.086829165531562, 
objectives:
-19.380698774844944, 8.75959300021962, 31.1039661480308, 

parameters:
1.8036483817424565, -33.41496624686162, 20, 
objectives:
-50.16181876189944, -13.376412288869261, 1100.8131167638635, 

parameters:
-0.23061260237130798, -27.0591669919232, 14.597444937799839, 
objectives:
-41.60342975735057, -7.486089472265661, 718.6542555313586, 

parameters:
-1.497029513251181, -80.60316141616694, 5.301393880550103, 
objectives:
-83.66345793317198, -63.07255211906705, 6494.809333763658, 

parameters:
0.2838095334900843, -65.98263313187373, 15.716847314960775, 
objectives:
-81.61893259553464, -47.32047609957343, 4339.07157555178, 

parameters:
-1.9368939115794679, -64.88256747364329, 19.371137692035887, 
objectives:
-80.50214714096558, -30.012296110575917, 4195.1279823045525, 

parameters:
1.6333327224473078, -26.626472883309507, 16.69918746635817, 
objectives:
-40.65788456745054, -9.792840524523434, 695.9376465214756, 

parameters:
-0.2948109168192062, -83.20834870608942, 2.6433904519648688, 
objectives:
-85.76482568137851, -75.29880111017195, 6922.072817418884, 

parameters:
0.3501970041276996, -82.10219818056886, 14.831384117886811, 
objectives:
-96.81094435675566, -64.54896413749283, 6727.062199905218, 

parameters:
-0.16717221642863628, -2.590194825773736, 7.088353182969561, 
objectives:
-9.650601458797635, 9.194793772856032, 0.6487026024411353, 

parameters:
1.5691033347898014, -17.84040923123128, 4.5908042927126305, 
objectives:
-19.969128248695434, -13.06393300242938, 317.1514825203381, 

