Generation 2929 at Fri May 24 19:48:25 2019
parameters:
0.051044676920685594, -100.0, 20, 
objectives:
-119.99739444095806, -76.2015731486408, 9981.002605559042, 

parameters:
5.058619726844919, -5.4825792525531245, 0.4785288918333761, 
objectives:
19.628525396438057, 4.351104272725136, 56.16977990951716, 

parameters:
-0.09310337269809921, -0.38187417318528993, 20, 
objectives:
-20.37320593517753, 23.999207555614866, -18.84550387784629, 

parameters:
1.9973066371654076, -100, 0, 
objectives:
-96.01076619713501, -99.99999274579665, 10004.989233802866, 

parameters:
3.937219771427729, -10.016487159410456, 1.6153874252295095, 
objectives:
3.8698249438814534, -4.648279291370444, 115.21632711792647, 

parameters:
0.33314161513668084, -85.4624907390484, 15.561837028466924, 
objectives:
-100.91334443177945, -67.12223683539233, 7289.386469629204, 

parameters:
-0.9301089927667174, -42.63541259759836, 17.097291368354163, 
objectives:
-58.867601227527004, -16.952582519751807, 1802.5462187375203, 

parameters:
0.2838095334900843, -65.98263313187373, 15.716847314960775, 
objectives:
-81.61893259553464, -47.32047609957343, 4339.07157555178, 

parameters:
4.886586172613951, -30.315180320831672, 0, 
objectives:
-6.436455898449811, -21.98280058890561, 943.8888823069218, 

parameters:
3.849501363272988, -21.983657887151203, 9.98815972051953, 
objectives:
-17.15315686183014, -8.574842873883032, 489.11171512462636, 

parameters:
-1.0550490000844466, -17.928610759832367, 12.929254244383824, 
objectives:
-29.744736611637, 4.333967877468433, 310.6189579257723, 

parameters:
-2.108795208119638, -76.73873778073134, 15.834685029744026, 
objectives:
-88.12640558068702, -44.021854688720424, 5878.446208379889, 

parameters:
2.738879996633807, -40.21156793230621, 14.677085311164245, 
objectives:
-47.387189607509654, -24.98853897171639, 1610.7945738992737, 

parameters:
-1.6200658170609514, -92.92162451531904, 17.06690407952015, 
objectives:
-107.36391534322982, -62.74984391594571, 8620.98601173803, 

parameters:
2.211655291059458, -62.56944368854547, 7.145644604987828, 
objectives:
-64.823669167062, -55.37900112132417, 3913.6810580155457, 

parameters:
3.666625778723316, -87.45934539681717, 0.6597725881836856, 
objectives:
-74.6749733838025, -84.02193132232838, 7662.921469252779, 

parameters:
1.879331421152776, -90.90952162962441, 11.718124769498335, 
objectives:
-99.09575980859063, -79.17683595420507, 8257.354884748182, 

parameters:
1.7653507164775386, -96.0008335812923, 0.04653100881259005, 
objectives:
-92.93090143793714, -95.8992422862221, 9220.229980446335, 

parameters:
1.8115134862988134, -72.41023572987525, 14.677498057654603, 
objectives:
-83.80615267648737, -57.69721050637342, 5232.846321509491, 

parameters:
1.3441078024568078, -77.64062541814798, 2.6077986013323575, 
objectives:
-78.44179823485507, -74.60263224201758, 6028.265542504458, 

parameters:
-0.29953076994331385, 0.3134151900358759, 9.316851252873795, 
objectives:
-8.913717380695084, 14.91810820482576, -8.128903489385737, 

parameters:
0.32503472362983843, -97.35597213870126, 17.658871070505086, 
objectives:
-114.90919563764122, -76.8915923911504, 9461.632087572636, 

parameters:
-1.5925049453961284, -25.26704481493708, 17.82495034772842, 
objectives:
-40.555923161554375, 5.463997315486981, 624.1346753334216, 

parameters:
0.2081996725881643, 1.6374698862740225, 1.7834757606063545, 
objectives:
-0.10265877066651319, 6.631494060193539, 1.9411789715137244, 

parameters:
-1.5272701796202532, -52.22240813152614, 16.48072397725614, 
objectives:
-66.370577907225, -23.3000492342317, 2714.031741279988, 

parameters:
0.8358129709028799, -7.20888496094398, 19.860342570768857, 
objectives:
-26.37064420938334, 14.006789048542856, 33.80626313168492, 

parameters:
-0.772872097366097, -59.470647502941404, 18.65944617225999, 
objectives:
-77.53276239631433, -33.12238166232996, 3519.6957995257376, 

parameters:
1.9495505920304603, -48.0291840029565, 19.643175078693787, 
objectives:
-63.87161157076397, -28.383463781498236, 2291.960088422045, 

parameters:
2.062590779020767, -100, 15.233352350450186, 
objectives:
-110.9790716287487, -84.76273004393138, 9990.020928371252, 

parameters:
3.5084013798931055, -47.271734013052665, 6.473180864516624, 
objectives:
-41.43603463513344, -38.52327842567262, 2241.4525359787194, 

parameters:
-0.2482377962797102, -57.715457011489065, 13.887740773873132, 
objectives:
-71.54157578186039, -38.77314304899528, 3318.2478592746706, 

parameters:
0.07277934377232637, -81.40102413702273, 0, 
objectives:
-81.3957273041428, -77.68684467923211, 6627.132027389037, 

parameters:
1.6851527323582471, -72.7665793280941, 12.425303360879594, 
objectives:
-82.35214295759923, -60.242147165273025, 5286.389503482306, 

parameters:
-1.497029513251181, -80.60316141616694, 5.301393880550103, 
objectives:
-83.66345793317198, -63.07255211906705, 6494.809333763658, 

parameters:
4.480725056071826, -56.72212610474437, 15.35446163380496, 
objectives:
-51.99969071043946, -35.213667667116844, 3223.1220252368275, 

parameters:
-0.6097625508886672, -100, 0, 
objectives:
-99.62818963153374, -93.18913942797907, 10001.371810368466, 

parameters:
1.3156834137548747, -41.73432171579614, 13.270603444321885, 
objectives:
-53.273902314888346, -27.995429081264078, 1731.2140284784812, 

parameters:
0.45679264393814756, -55.200621298649565, 18.559059449170523, 
objectives:
-73.55102122826409, -34.26007290567563, 3029.7581918273095, 

parameters:
2.6006549219514, -100, 3.2929311655169604, 
objectives:
-96.52952514244691, -96.3462824992186, 10004.470474857553, 

