Generation 2934 at Fri May 24 19:48:25 2019
parameters:
5.058619726844919, -5.4825792525531245, 0.4785288918333761, 
objectives:
19.628525396438057, 4.351104272725136, 56.16977990951716, 

parameters:
0.051044676920685594, -100.0, 20, 
objectives:
-119.99739444095806, -76.2015731486408, 9981.002605559042, 

parameters:
-0.09310337269809921, -0.38187417318528993, 20, 
objectives:
-20.37320593517753, 23.999207555614866, -18.84550387784629, 

parameters:
1.9973066371654076, -100, 0, 
objectives:
-96.01076619713501, -99.99999274579665, 10004.989233802866, 

parameters:
0.33314161513668084, -85.4624907390484, 15.561837028466924, 
objectives:
-100.91334443177945, -67.12223683539233, 7289.386469629204, 

parameters:
0.18478927599951592, -92.92190752375254, 19.364935240194296, 
objectives:
-112.25269568742242, -70.26198231103187, 8616.15010968915, 

parameters:
2.738879996633807, -40.21156793230621, 14.677085311164245, 
objectives:
-47.387189607509654, -24.98853897171639, 1610.7945738992737, 

parameters:
-1.4395787377445357, -34.27734240359936, 1.5753070525744641, 
objectives:
-33.78026251400768, -20.871333457880606, 1176.4332821431824, 

parameters:
3.0958934237916234, -3.859832893993735, 20, 
objectives:
-14.275276802517515, 17.341149502315993, 5.482866061032269, 

parameters:
0.2081996725881643, 1.6374698862740225, 1.7834757606063545, 
objectives:
-0.10265877066651319, 6.631494060193539, 1.9411789715137244, 

parameters:
3.4876549312748004, -24.546711508378557, 18.304915390357163, 
objectives:
-30.687889979090286, -4.028678923475162, 597.3998674048527, 

parameters:
6.9420470975545605, -29.841720919754266, 0.3216382953714943, 
objectives:
18.028658689539938, -5.096253109935317, 939.3986870617936, 

parameters:
3.937219771427729, -10.016487159410456, 1.6153874252295095, 
objectives:
3.8698249438814534, -4.648279291370444, 115.21632711792647, 

parameters:
2.2905399426336137, -73.65314860174222, 11.236428994963777, 
objectives:
-79.64300436790599, -62.3323061485129, 5419.796443184158, 

parameters:
-2.491682531735174, -81.26269715712313, 19.95198059998695, 
objectives:
-95.00619591815588, -41.13550459124127, 6590.882450489275, 

parameters:
2.211655291059458, -62.56944368854547, 7.145644604987828, 
objectives:
-64.823669167062, -55.37900112132417, 3913.6810580155457, 

parameters:
0.8992588902034635, -56.07005825655513, 17.58473808132067, 
objectives:
-72.84612978626583, -37.27368918443835, 3128.0753613637753, 

parameters:
2.9179914054455356, -46.64452314355661, 16.82092282558545, 
objectives:
-54.95077212688805, -28.980892097499293, 2168.405290306457, 

parameters:
0.8358129709028799, -7.20888496094398, 19.860342570768857, 
objectives:
-26.37064420938334, 14.006789048542856, 33.80626313168492, 

parameters:
2.587388643031286, -91.02782312472523, 1.2259124551662604, 
objectives:
-85.55915558980422, -89.45688525159683, 8292.533250361184, 

parameters:
-0.13887146323501165, -71.18331156749, 20, 
objectives:
-91.16402628418896, -46.60854043124891, 5048.083130997656, 

parameters:
-1.7037122230256332, -42.34033444918034, 20.0, 
objectives:
-59.437699110293394, -8.622850218190862, 1776.6065566073344, 

parameters:
2.11915049222903, -87.06461928796836, 3.3159264321574495, 
objectives:
-85.88974691141127, -83.73449601601249, 7582.422804135428, 

parameters:
0.2134910800454639, -49.18776302945902, 20, 
objectives:
-69.14218458820004, -25.996148908381898, 2400.4816102834743, 

parameters:
0.32503472362983843, -97.35597213870126, 17.658871070505086, 
objectives:
-114.90919563764122, -76.8915923911504, 9461.632087572636, 

parameters:
3.096558237679001, -67.63996015791446, 15.592787243443492, 
objectives:
-73.64407448202027, -50.84473294584929, 4570.1600958401505, 

parameters:
-0.9301089927667174, -42.63541259759836, 17.097291368354163, 
objectives:
-58.867601227527004, -16.952582519751807, 1802.5462187375203, 

parameters:
2.5891145269060654, -89.42254014078623, 6.780592583551758, 
objectives:
-89.49961869090197, -82.2948916314227, 7997.313606680407, 

parameters:
1.3441078024568078, -77.64062541814798, 2.6077986013323575, 
objectives:
-78.44179823485507, -74.60263224201758, 6028.265542504458, 

parameters:
-0.772872097366097, -59.470647502941404, 18.65944617225999, 
objectives:
-77.53276239631433, -33.12238166232996, 3519.6957995257376, 

parameters:
1.7653507164775386, -96.0008335812923, 0.04653100881259005, 
objectives:
-92.93090143793714, -95.8992422862221, 9220.229980446335, 

parameters:
-0.31965937092255686, -79.12079912277018, 14.451828919739633, 
objectives:
-93.4704459290912, -59.28815060592171, 6246.751207019429, 

parameters:
1.0972648433671432, -96.93189430926115, 3.36133967595759, 
objectives:
-99.08924384872923, -92.7556238702826, 9394.634784842307, 

parameters:
-0.6740215391258861, -61.93570579266594, 15.336122200502485, 
objectives:
-76.8175229579628, -39.44919240045428, 3822.149834870377, 

parameters:
3.207209279507552, -65.13758734754863, 15.003099013574992, 
objectives:
-69.85449499856428, -48.67713408944449, 4239.188377808512, 

parameters:
3.2776307562289646, -99.44185770749488, 0.8265069925045442, 
objectives:
-89.52550132582137, -96.98301036572813, 9899.599420699333, 

parameters:
0.2838095334900843, -65.98263313187373, 15.716847314960775, 
objectives:
-81.61893259553464, -47.32047609957343, 4339.07157555178, 

parameters:
1.6161447954120283, -47.54111460973126, 12.428047716250912, 
objectives:
-57.35723832624478, -34.96572207539107, 2251.3414546190893, 

