Generation 2938 at Fri May 24 19:48:25 2019
parameters:
5.058619726844919, -5.4825792525531245, 0.4785288918333761, 
objectives:
19.628525396438057, 4.351104272725136, 56.16977990951716, 

parameters:
0.051044676920685594, -100.0, 20, 
objectives:
-119.99739444095806, -76.2015731486408, 9981.002605559042, 

parameters:
-0.09310337269809921, -0.38187417318528993, 20, 
objectives:
-20.37320593517753, 23.999207555614866, -18.84550387784629, 

parameters:
1.9973066371654076, -100, 0, 
objectives:
-96.01076619713501, -99.99999274579665, 10004.989233802866, 

parameters:
0.38882356409397634, 1.8765733844716266, 16.191965158690817, 
objectives:
-14.164208010224447, 20.664428050781282, -11.51925372738878, 

parameters:
0.8992588902034635, -56.07005825655513, 17.58473808132067, 
objectives:
-72.84612978626583, -37.27368918443835, 3128.0753613637753, 

parameters:
-2.491682531735174, -81.26269715712313, 19.95198059998695, 
objectives:
-95.00619591815588, -41.13550459124127, 6590.882450489275, 

parameters:
2.2905399426336137, -73.65314860174222, 11.236428994963777, 
objectives:
-79.64300436790599, -62.3323061485129, 5419.796443184158, 

parameters:
3.937219771427729, -10.016487159410456, 1.6153874252295095, 
objectives:
3.8698249438814534, -4.648279291370444, 115.21632711792647, 

parameters:
2.211655291059458, -62.56944368854547, 7.145644604987828, 
objectives:
-64.823669167062, -55.37900112132417, 3913.6810580155457, 

parameters:
-0.13887146323501165, -71.18331156749, 20, 
objectives:
-91.16402628418896, -46.60854043124891, 5048.083130997656, 

parameters:
0.18478927599951592, -92.92190752375254, 19.364935240194296, 
objectives:
-112.25269568742242, -70.26198231103187, 8616.15010968915, 

parameters:
3.8542799589033803, -39.733676572712476, 16.509847678934605, 
objectives:
-41.38805025004284, -19.785474727787147, 1578.11068030759, 

parameters:
1.3441078024568078, -77.64062541814798, 2.6077986013323575, 
objectives:
-78.44179823485507, -74.60263224201758, 6028.265542504458, 

parameters:
-0.772872097366097, -59.470647502941404, 18.65944617225999, 
objectives:
-77.53276239631433, -33.12238166232996, 3519.6957995257376, 

parameters:
-0.295373499710919, -11.165577372454447, 14.337547188476657, 
objectives:
-25.41587905659963, 8.440709319197364, 111.41981637612156, 

parameters:
3.096558237679001, -67.63996015791446, 15.592787243443492, 
objectives:
-73.64407448202027, -50.84473294584929, 4570.1600958401505, 

parameters:
0.33314161513668084, -85.4624907390484, 15.561837028466924, 
objectives:
-100.91334443177945, -67.12223683539233, 7289.386469629204, 

parameters:
1.506281191883724, -15.634249629010142, 19.839679553250637, 
objectives:
-33.20504615323813, 4.44918818572825, 227.85896493797577, 

parameters:
0.2081996725881643, 1.6374698862740225, 1.7834757606063545, 
objectives:
-0.10265877066651319, 6.631494060193539, 1.9411789715137244, 

parameters:
-1.2610148403962838, -30.26485697760214, 18.387576540967647, 
objectives:
-47.062275090870116, -1.2430626473496922, 900.164149761445, 

parameters:
2.5891145269060654, -89.42254014078623, 6.780592583551758, 
objectives:
-89.49961869090197, -82.2948916314227, 7997.313606680407, 

parameters:
-0.08398798338092828, -33.352749491785374, 20, 
objectives:
-53.34569551043298, -9.009743576909266, 1093.4129526431418, 

parameters:
2.11915049222903, -87.06461928796836, 3.3159264321574495, 
objectives:
-85.88974691141127, -83.73449601601249, 7582.422804135428, 

parameters:
-1.3582430304326656, -48.86286210174614, 13.415566914152457, 
objectives:
-60.43360488617969, -24.16949893614411, 2377.0085499898255, 

parameters:
2.695332650175564, -64.15007803773955, 5.250077108878544, 
objectives:
-62.13533705151566, -58.41651343446083, 4118.247253234297, 

parameters:
-0.1545097484199114, -96.71603730362125, 15.163823840406454, 
objectives:
-111.85598788167091, -76.91030120717836, 9339.851921137408, 

parameters:
2.9179914054455356, -46.64452314355661, 16.82092282558545, 
objectives:
-54.95077212688805, -28.980892097499293, 2168.405290306457, 

parameters:
3.5488234200827633, -21.903019324675007, 16.09475833718595, 
objectives:
-25.403629994933038, -3.4094070008921875, 477.2416448668288, 

parameters:
-0.8047239235762585, -99.80334347207764, 0, 
objectives:
-99.15576287890167, -91.93686718459664, 9962.35494879868, 

parameters:
2.587388643031286, -91.02782312472523, 1.2259124551662604, 
objectives:
-85.55915558980422, -89.45688525159683, 8292.533250361184, 

parameters:
1.1558824280969469, -100, 10.117142991660472, 
objectives:
-108.78107880407718, -89.17032253314402, 9992.218921195921, 

parameters:
-2.240142270856926, -84.99450780477095, 17.47138714249165, 
objectives:
-97.44765755358257, -49.54431418517157, 7212.613207226458, 

parameters:
0.10540851188255092, -37.18910309431555, 20, 
objectives:
-57.177992139938254, -13.59962618746846, 1364.0404999140076, 

parameters:
0.32503472362983843, -97.35597213870126, 17.658871070505086, 
objectives:
-114.90919563764122, -76.8915923911504, 9461.632087572636, 

parameters:
2.738879996633807, -40.21156793230621, 14.677085311164245, 
objectives:
-47.387189607509654, -24.98853897171639, 1610.7945738992737, 

parameters:
-0.9301089927667174, -42.63541259759836, 17.097291368354163, 
objectives:
-58.867601227527004, -16.952582519751807, 1802.5462187375203, 

parameters:
0.9735156996042514, -96.9997505670387, 0, 
objectives:
-96.05201774966275, -95.94608054807975, 9410.8993428851, 

parameters:
-1.482324820850363, -43.634344880196146, 19.729877397135652, 
objectives:
-61.16693540282274, -11.77788132514998, 1887.423462601273, 

