Generation 294 at Sat May 25 04:36:27 2019
parameters:
0, 0.0, 20.0, 
objectives:
-20.0, 24.0, -19.0, 

parameters:
0, 0.0, 20.0, 
objectives:
-20.0, 24.0, -19.0, 

parameters:
1.9971487895634539, 0.0, 20.0, 
objectives:
-16.01139671234523, 20.000008129400953, -15.011396712345231, 

parameters:
0.4739102053687425, 0.0, 20.0, 
objectives:
-19.775409117247357, 22.328950061277673, -18.775409117247357, 

parameters:
1.4442156719816168, 0.0, 20.0, 
objectives:
-17.914241092802687, 20.308896219270846, -16.914241092802687, 

parameters:
0.2750110569983705, 0.0, 20.0, 
objectives:
-19.92436891852864, 22.97558685347788, -18.92436891852864, 

parameters:
0.832225688143332, 0.0, 20.0, 
objectives:
-19.307400403994357, 21.363696843432315, -18.307400403994357, 

parameters:
0.5629338357124491, 0.0, 20.0, 
objectives:
-19.683105496610068, 22.065159160540134, -18.683105496610068, 

parameters:
0.6902605809924407, 0.0, 20.0, 
objectives:
-19.52354033032798, 21.71541734570226, -18.52354033032798, 

parameters:
1.348443196345452, 0.0, 20.0, 
objectives:
-18.18170094622966, 20.424526268388533, -17.18170094622966, 

parameters:
1.6492800152492837, 0.0, 20.0, 
objectives:
-17.279875431299324, 20.12300450770354, -16.279875431299324, 

parameters:
1.5270419120594723, 0.0, 20.0, 
objectives:
-17.66814299881375, 20.22368935294836, -16.66814299881375, 

parameters:
1.569307494136438, 0.0, 20.0, 
objectives:
-17.537273988847215, 20.185496034607034, -16.537273988847215, 

parameters:
0.17637909550073347, 0.0, 20.0, 
objectives:
-19.968890414670344, 23.325593203326722, -18.968890414670344, 

parameters:
1.6960111201306476, 0.0, 20.0, 
objectives:
-17.123546280393185, 20.092409239084223, -16.123546280393185, 

parameters:
1.888708405421349, 0.0, 20.0, 
objectives:
-16.432780559290745, 20.01238581902386, -15.432780559290745, 

parameters:
0.9744312517261499, 0.0, 20.0, 
objectives:
-19.05048373565941, 21.05179125743599, -18.05048373565941, 

parameters:
1.0540837199887656, 0.0, 20.0, 
objectives:
-18.888907511254647, 20.894757608790293, -17.888907511254644, 

parameters:
1.824899139794247, 0.0, 20.0, 
objectives:
-16.66974312957822, 20.030660311244795, -15.669743129578219, 

parameters:
0.6623724810641318, 0.0, 20.0, 
objectives:
-19.561262696328946, 21.789247379414526, -18.561262696328946, 

parameters:
1.1013838596672787, 0.0, 20.0, 
objectives:
-18.786953593664407, 20.807510967666477, -17.786953593664407, 

parameters:
1.2129695255061035, 0.0, 20.0, 
objectives:
-18.5287049301935, 20.619416967782087, -17.5287049301935, 

parameters:
1.9287673890567498, 0.0, 20.0, 
objectives:
-16.279856358911207, 20.005074084861793, -15.279856358911209, 

parameters:
1.7592491169491031, 0.0, 20.0, 
objectives:
-16.9050425445138, 20.057960987689786, -15.905042544513801, 

parameters:
1.9635454708216187, 0.0, 20.0, 
objectives:
-16.144489184015907, 20.001328932697618, -15.144489184015908, 

parameters:
1.2660118270969263, 0.0, 20.0, 
objectives:
-18.397214053650703, 20.538738637961593, -17.397214053650703, 

parameters:
0.9215828293178759, 0.0, 20.0, 
objectives:
-19.15068508870646, 21.162983594022037, -18.15068508870646, 

parameters:
1.1591231588765583, 0.0, 20.0, 
objectives:
-18.65643350255603, 20.707073861937737, -17.65643350255603, 

parameters:
1.796572091936152, 0.0, 20.0, 
objectives:
-16.77232871847616, 20.041382913779234, -15.772328718476158, 

parameters:
1.3066555887407143, 0.0, 20.0, 
objectives:
-18.292651172412658, 20.480726472624486, -17.292651172412658, 

parameters:
0.21903819594804683, 0.0, 20.0, 
objectives:
-19.952022268715826, 23.171824947491988, -18.952022268715826, 

parameters:
1.1721774326200838, 0.0, 20.0, 
objectives:
-18.62600006645619, 20.685290203063477, -17.62600006645619, 

parameters:
0.8708950420226412, 0.0, 20.0, 
objectives:
-19.24154182578038, 21.274878006129054, -18.24154182578038, 

parameters:
0.889134696360755, 0.0, 20.0, 
objectives:
-19.20943949172747, 21.23402172282951, -18.20943949172747, 

parameters:
1.7744089612438678, 0.0, 20.0, 
objectives:
-16.851472838257457, 20.05089131676707, -15.851472838257457, 

parameters:
1.2959644010525122, 0.0, 20.0, 
objectives:
-18.320476271204605, 20.495666124585348, -17.320476271204605, 

parameters:
0.19722257886361044, 0.0, 20.0, 
objectives:
-19.961103254386387, 23.25000643015917, -18.961103254386387, 

