Generation 2946 at Fri May 24 19:48:25 2019
parameters:
0.051044676920685594, -100.0, 20, 
objectives:
-119.99739444095806, -76.2015731486408, 9981.002605559042, 

parameters:
3.937219771427729, -10.016487159410456, 1.6153874252295095, 
objectives:
3.8698249438814534, -4.648279291370444, 115.21632711792647, 

parameters:
-0.09310337269809921, -0.38187417318528993, 20, 
objectives:
-20.37320593517753, 23.999207555614866, -18.84550387784629, 

parameters:
1.9973066371654076, -100, 0, 
objectives:
-96.01076619713501, -99.99999274579665, 10004.989233802866, 

parameters:
0.9277151106634722, -44.51163552766593, 18.61105989715549, 
objectives:
-62.26204009826807, -24.750780746610996, 1964.5352927771698, 

parameters:
0.6814569179719072, -29.213077908971112, 13.031316761809336, 
objectives:
-41.78001113972868, -14.443205287997635, 841.8369876848585, 

parameters:
0.18478927599951592, -92.92190752375254, 19.364935240194296, 
objectives:
-112.25269568742242, -70.26198231103187, 8616.15010968915, 

parameters:
2.4215806274246225, -13.270833645699476, 20, 
objectives:
-27.406780910581247, 6.906896579720263, 162.97907838694746, 

parameters:
-1.0650050416807433, -95.9714474103565, 6.4820201315487616, 
objectives:
-101.31923180309987, -80.09517137327936, 9206.17093364608, 

parameters:
2.211655291059458, -62.56944368854547, 7.145644604987828, 
objectives:
-64.823669167062, -55.37900112132417, 3913.6810580155457, 

parameters:
0.8992588902034635, -56.07005825655513, 17.58473808132067, 
objectives:
-72.84612978626583, -37.27368918443835, 3128.0753613637753, 

parameters:
2.11915049222903, -87.06461928796836, 3.3159264321574495, 
objectives:
-85.88974691141127, -83.73449601601249, 7582.422804135428, 

parameters:
-0.8912669242797844, -47.4170429513528, 5.456013006691675, 
objectives:
-52.07869922772933, -33.60160551722684, 2244.7143059740597, 

parameters:
2.0877777065236267, -27.909433975407893, 8.496530585330902, 
objectives:
-32.047148808881744, -19.40519846431444, 775.7987899941786, 

parameters:
2.606015114312882, -80.89158665253353, 3.509732092299916, 
objectives:
-77.61000396880627, -77.01460024145797, 6547.730373848069, 

parameters:
3.249360745947988, -14.613285393443178, 6.930635679023895, 
objectives:
-10.985575815159407, -6.121747440903569, 218.1758195685035, 

parameters:
2.9179914054455356, -46.64452314355661, 16.82092282558545, 
objectives:
-54.95077212688805, -28.980892097499293, 2168.405290306457, 

parameters:
-0.6450516259211145, -23.971715791388455, 13.943689289130962, 
objectives:
-37.49931348041594, -3.0317283984695607, 562.1155602940752, 

parameters:
-1.5280640478172842, -54.86243450185751, 0, 
objectives:
-52.52745476762576, -42.41519857635663, 3013.2216992048366, 

parameters:
-1.498209866769891, -77.42263775770641, 20, 
objectives:
-95.17800495281976, -45.185165485740185, 5977.509470165913, 

parameters:
2.307999444459081, -99.9016637519774, 11.03212052184318, 
objectives:
-105.60692283819715, -88.77467957234711, 9975.637161326935, 

parameters:
-0.13887146323501165, -71.18331156749, 20, 
objectives:
-91.16402628418896, -46.60854043124891, 5048.083130997656, 

parameters:
4.396376832056013, -66.40340968578292, 0, 
objectives:
-47.07528043634406, -60.660787764568106, 4429.7409471473675, 

parameters:
2.5891145269060654, -89.42254014078623, 6.780592583551758, 
objectives:
-89.49961869090197, -82.2948916314227, 7997.313606680407, 

parameters:
1.7967864566070644, -2.6285144414321024, 3.2519269564972735, 
objectives:
-2.651999827282806, 0.6647082592834836, 7.885602782966414, 

parameters:
1.1467829661511881, -64.52271987676782, 4.786410811123238, 
objectives:
-67.99401951643654, -59.00832975879482, 4160.71008065618, 

parameters:
1.0074857206020187, -74.4287733112005, 6.858222240407211, 
objectives:
-80.27196807439074, -66.58546647598439, 5534.799101846881, 

parameters:
3.096558237679001, -67.63996015791446, 15.592787243443492, 
objectives:
-73.64407448202027, -50.84473294584929, 4570.1600958401505, 

parameters:
1.7875135946934915, -99.955609558712, 10.839945660070642, 
objectives:
-107.6003503675686, -89.07051342620127, 9984.479141444821, 

parameters:
-1.540790564195138, -4.6550615939718565, 8.263501542996998, 
objectives:
-10.544527574256083, 16.145637768518466, 16.780132463387574, 

parameters:
1.862247479483669, -84.29810314582588, 20.0, 
objectives:
-100.83013747098259, -64.27912738891727, 7090.638159659142, 

parameters:
-0.5296028087945714, 3.6800933734778276, 10.46963782484824, 
objectives:
-6.509065316287312, 20.54862156858745, 4.353928547750277, 

parameters:
0.9756225136611452, -85.34974816087104, 15.301421492373024, 
objectives:
-99.69933036408158, -68.99897743398012, 7271.2299289208995, 

parameters:
1.8209503815196801, -12.255895566445734, 0, 
objectives:
-8.940035274489064, -12.223836800567785, 154.52283642758087, 

parameters:
2.3009903191603285, -73.10048320720792, 7.511153038244972, 
objectives:
-75.31707979658333, -65.49873499673471, 5342.464048537911, 

parameters:
-1.9610721083160945, -92.33036949197256, 11.318918635436532, 
objectives:
-99.80348431339377, -65.32135860925632, 8518.424015702758, 

