Generation 2949 at Fri May 24 19:48:25 2019
parameters:
3.937219771427729, -10.016487159410456, 1.6153874252295095, 
objectives:
3.8698249438814534, -4.648279291370444, 115.21632711792647, 

parameters:
0.051044676920685594, -100.0, 20, 
objectives:
-119.99739444095806, -76.2015731486408, 9981.002605559042, 

parameters:
-0.09310337269809921, -0.38187417318528993, 20, 
objectives:
-20.37320593517753, 23.999207555614866, -18.84550387784629, 

parameters:
1.9973066371654076, -100, 0, 
objectives:
-96.01076619713501, -99.99999274579665, 10004.989233802866, 

parameters:
0.8992588902034635, -56.07005825655513, 17.58473808132067, 
objectives:
-72.84612978626583, -37.27368918443835, 3128.0753613637753, 

parameters:
0.18478927599951592, -92.92190752375254, 19.364935240194296, 
objectives:
-112.25269568742242, -70.26198231103187, 8616.15010968915, 

parameters:
1.0074857206020187, -74.4287733112005, 6.858222240407211, 
objectives:
-80.27196807439074, -66.58546647598439, 5534.799101846881, 

parameters:
2.211655291059458, -62.56944368854547, 7.145644604987828, 
objectives:
-64.823669167062, -55.37900112132417, 3913.6810580155457, 

parameters:
2.11915049222903, -87.06461928796836, 3.3159264321574495, 
objectives:
-85.88974691141127, -83.73449601601249, 7582.422804135428, 

parameters:
4.396376832056013, -66.40340968578292, 0, 
objectives:
-47.07528043634406, -60.660787764568106, 4429.7409471473675, 

parameters:
-0.8912669242797844, -47.4170429513528, 5.456013006691675, 
objectives:
-52.07869922772933, -33.60160551722684, 2244.7143059740597, 

parameters:
-0.13887146323501165, -71.18331156749, 20, 
objectives:
-91.16402628418896, -46.60854043124891, 5048.083130997656, 

parameters:
2.4215806274246225, -13.270833645699476, 20, 
objectives:
-27.406780910581247, 6.906896579720263, 162.97907838694746, 

parameters:
-0.3267777214751303, -32.62570436346157, 13.587030513553753, 
objectives:
-46.10595119776285, -13.624779284754823, 1051.956338377694, 

parameters:
0.9277151106634722, -44.51163552766593, 18.61105989715549, 
objectives:
-62.26204009826807, -24.750780746610996, 1964.5352927771698, 

parameters:
-1.3805954314739577, -78.85496369942902, 13.252730989927333, 
objectives:
-90.20165094394959, -54.1738072381991, 6207.758612793748, 

parameters:
-1.498209866769891, -77.42263775770641, 20, 
objectives:
-95.17800495281976, -45.185165485740185, 5977.509470165913, 

parameters:
2.9179914054455356, -46.64452314355661, 16.82092282558545, 
objectives:
-54.95077212688805, -28.980892097499293, 2168.405290306457, 

parameters:
2.606015114312882, -80.89158665253353, 3.509732092299916, 
objectives:
-77.61000396880627, -77.01460024145797, 6547.730373848069, 

parameters:
3.249360745947988, -14.613285393443178, 6.930635679023895, 
objectives:
-10.985575815159407, -6.121747440903569, 218.1758195685035, 

parameters:
0.580311353858264, -88.07509750645202, 5.232936376599628, 
objectives:
-92.97127261563485, -80.82664527786865, 7753.326625661849, 

parameters:
-1.540790564195138, -4.6550615939718565, 8.263501542996998, 
objectives:
-10.544527574256083, 16.145637768518466, 16.780132463387574, 

parameters:
-1.1209631238875302, -15.71236139900618, 20, 
objectives:
-34.45580307389049, 14.028049421659631, 229.13485905809515, 

parameters:
-0.8843985042847107, -42.665397551697865, 6.97416072419447, 
objectives:
-48.8573975615113, -27.371482095983517, 1815.1441482346127, 

parameters:
-1.6509848997114345, -99.5624281776249, 13.219546184478677, 
objectives:
-110.0562232230284, -73.01319125522531, 9903.183309579312, 

parameters:
-1.0650050416807433, -95.9714474103565, 6.4820201315487616, 
objectives:
-101.31923180309987, -80.09517137327936, 9206.17093364608, 

parameters:
2.0877777065236267, -27.909433975407893, 8.496530585330902, 
objectives:
-32.047148808881744, -19.40519846431444, 775.7987899941786, 

parameters:
1.706378587626229, -83.09407003930961, 11.921491192722957, 
objectives:
-92.10383334772328, -71.08636531278229, 6896.614712389278, 

parameters:
4.724973596656471, -58.969236391670925, 5.594562915946718, 
objectives:
-42.23842381851686, -45.9491923732493, 3495.1016531899204, 

parameters:
-0.6450516259211145, -23.971715791388455, 13.943689289130962, 
objectives:
-37.49931348041594, -3.0317283984695607, 562.1155602940752, 

parameters:
-1.323766508615625, -96.2075548898286, 9.252376198008319, 
objectives:
-103.70757331850452, -75.90775488802538, 9249.393599450706, 

parameters:
1.7967864566070644, -2.6285144414321024, 3.2519269564972735, 
objectives:
-2.651999827282806, 0.6647082592834836, 7.885602782966414, 

parameters:
1.2662668358672822, -100, 4.034459207275653, 
objectives:
-102.43102750765831, -95.42717643657613, 9998.568972492341, 

parameters:
0.6814569179719072, -29.213077908971112, 13.031316761809336, 
objectives:
-41.78001113972868, -14.443205287997635, 841.8369876848585, 

parameters:
1.7875135946934915, -99.955609558712, 10.839945660070642, 
objectives:
-107.6003503675686, -89.07051342620127, 9984.479141444821, 

parameters:
1.9392771347301618, -3.7174723910274707, 2.7356848722625027, 
objectives:
-2.6923614580027473, -0.9781002523983893, 15.844711911076224, 

parameters:
2.307999444459081, -99.9016637519774, 11.03212052184318, 
objectives:
-105.60692283819715, -88.77467957234711, 9975.637161326935, 

parameters:
-0.7630055908965183, -25.78120851723898, 4.261830134205499, 
objectives:
-29.460861119705136, -13.885178487708064, 661.9910600068896, 

parameters:
-1.1378211488620258, -31.76517238258553, 20, 
objectives:
-50.47053541578783, -1.9192508203397267, 991.3208134621722, 

