Generation 295 at Fri May 24 19:55:17 2019
parameters:
0, 0.0, 20.0, 
objectives:
-20.0, 24.0, -19.0, 

parameters:
0, 0.0, 20.0, 
objectives:
-20.0, 24.0, -19.0, 

parameters:
1.9979647189482492, 0.0, 20.0, 
objectives:
-16.008136981838042, 20.000004142368958, -15.008136981838044, 

parameters:
0.458266299161473, 0.0, 20.0, 
objectives:
-19.789991999052848, 22.37694280430126, -18.789991999052848, 

parameters:
1.9028055079660224, 0.0, 20.0, 
objectives:
-16.379331198854167, 20.009446769281745, -15.379331198854167, 

parameters:
1.2018676255843157, 0.0, 20.0, 
objectives:
-18.55551421057232, 20.637015287090417, -17.55551421057232, 

parameters:
1.0961918023957296, 0.0, 20.0, 
objectives:
-18.7983635323604, 20.81686925805668, -17.7983635323604, 

parameters:
1.8458728390924775, 0.0, 20.0, 
objectives:
-16.592753461900678, 20.023755181729413, -15.592753461900678, 

parameters:
1.4539209216294096, 0.0, 20.0, 
objectives:
-17.886113953648287, 20.29820235983407, -16.886113953648287, 

parameters:
1.6768059714340422, 0.0, 20.0, 
objectives:
-17.18832173416314, 20.104454380100695, -16.18832173416314, 

parameters:
1.7767444735156113, 0.0, 20.0, 
objectives:
-16.843179075831735, 20.049843030105823, -15.843179075831733, 

parameters:
0.677432833075641, 0.0, 20.0, 
objectives:
-19.54108475667111, 21.749183911026325, -18.54108475667111, 

parameters:
1.3186968458440538, 0.0, 20.0, 
objectives:
-18.261038628760943, 20.464173987862843, -17.261038628760943, 

parameters:
0.7996025961190713, 0.0, 20.0, 
objectives:
-19.36063568827964, 21.440953927244074, -18.360635688279643, 

parameters:
1.7335298760299789, 0.0, 20.0, 
objectives:
-16.994874168911487, 20.071006326968597, -15.994874168911487, 

parameters:
0.6004651863881372, 0.0, 20.0, 
objectives:
-19.63944155993586, 21.958697694511592, -18.63944155993586, 

parameters:
0.8874254623987332, 0.0, 20.0, 
objectives:
-19.212476048686394, 21.237822101718674, -18.212476048686394, 

parameters:
0.24827507071939406, 0.0, 20.0, 
objectives:
-19.93835948925928, 23.068540227863142, -18.93835948925928, 

parameters:
1.6155009016117814, 0.0, 20.0, 
objectives:
-17.39015683689152, 20.147839556661353, -16.39015683689152, 

parameters:
1.5430622335679582, 0.0, 20.0, 
objectives:
-17.618958943336263, 20.208792122391902, -16.618958943336263, 

parameters:
1.0452649245282921, 0.0, 20.0, 
objectives:
-18.907421237550864, 20.911519064335966, -17.907421237550864, 

parameters:
0.7544164023821193, 0.0, 20.0, 
objectives:
-19.43085589181682, 21.551478498654703, -18.43085589181682, 

parameters:
1.3844025503846022, 0.0, 20.0, 
objectives:
-18.08342957848861, 20.37896021997298, -17.08342957848861, 

parameters:
0.3379898920783342, 0.0, 20.0, 
objectives:
-19.885762832852876, 22.762277598833787, -18.885762832852876, 

parameters:
0.13931726082480833, 0.0, 20.0, 
objectives:
-19.980590700836274, 23.462140255864494, -18.980590700836274, 

parameters:
0.02039241891794063, 0.0, 20.0, 
objectives:
-19.999584149250676, 23.91884617507756, -18.999584149250676, 

parameters:
0.9264419296132768, 0.0, 20.0, 
objectives:
-19.14170535105443, 21.152526930492463, -18.14170535105443, 

parameters:
0.16586913474719656, 0.0, 20.0, 
objectives:
-19.972487430138216, 23.364036030873, -18.972487430138216, 

parameters:
1.412901619807438, 0.0, 20.0, 
objectives:
-18.003709012745517, 20.34468450802473, -17.003709012745517, 

parameters:
1.5813795447117944, 0.0, 20.0, 
objectives:
-17.49923873556712, 20.175243085585706, -16.49923873556712, 

parameters:
1.2650976097165878, 0.0, 20.0, 
objectives:
-18.399528037889375, 20.54008152324427, -17.399528037889375, 

parameters:
0.3271645020503082, 0.0, 20.0, 
objectives:
-19.892963388598172, 22.798378603200593, -18.892963388598172, 

parameters:
0.9851237007404811, 0.0, 20.0, 
objectives:
-19.02953129423938, 21.029973902798698, -18.02953129423938, 

parameters:
0.6022108797467849, 0.0, 20.0, 
objectives:
-19.637342056314605, 21.95381442469826, -18.637342056314605, 

parameters:
1.266977260336157, 0.0, 20.0, 
objectives:
-18.394768621791087, 20.537322336864285, -17.394768621791087, 

parameters:
0.9773693759863371, 0.0, 20.0, 
objectives:
-19.04474910288408, 21.045773393170574, -18.04474910288408, 

parameters:
1.5519085915634245, 0.0, 20.0, 
objectives:
-17.59157972343163, 20.200785910314675, -16.59157972343163, 

parameters:
0, 0.0, 20.0, 
objectives:
-20.0, 24.0, -19.0, 

