Generation 2952 at Fri May 24 19:48:25 2019
parameters:
4.786823251077728, -4.934334768213219, 1.5765478640656339, 
objectives:
16.4027942047795, 4.408596928599855, 46.68478857779053, 

parameters:
0.051044676920685594, -100.0, 20, 
objectives:
-119.99739444095806, -76.2015731486408, 9981.002605559042, 

parameters:
-0.09310337269809921, -0.38187417318528993, 20, 
objectives:
-20.37320593517753, 23.999207555614866, -18.84550387784629, 

parameters:
1.9973066371654076, -100, 0, 
objectives:
-96.01076619713501, -99.99999274579665, 10004.989233802866, 

parameters:
1.0074857206020187, -74.4287733112005, 6.858222240407211, 
objectives:
-80.27196807439074, -66.58546647598439, 5534.799101846881, 

parameters:
3.937219771427729, -10.016487159410456, 1.6153874252295095, 
objectives:
3.8698249438814534, -4.648279291370444, 115.21632711792647, 

parameters:
2.0877777065236267, -27.909433975407893, 8.496530585330902, 
objectives:
-32.047148808881744, -19.40519846431444, 775.7987899941786, 

parameters:
0.8992588902034635, -56.07005825655513, 17.58473808132067, 
objectives:
-72.84612978626583, -37.27368918443835, 3128.0753613637753, 

parameters:
-0.3267777214751303, -32.62570436346157, 13.587030513553753, 
objectives:
-46.10595119776285, -13.624779284754823, 1051.956338377694, 

parameters:
0.18478927599951592, -92.92190752375254, 19.364935240194296, 
objectives:
-112.25269568742242, -70.26198231103187, 8616.15010968915, 

parameters:
-0.8912669242797844, -47.4170429513528, 5.456013006691675, 
objectives:
-52.07869922772933, -33.60160551722684, 2244.7143059740597, 

parameters:
2.11915049222903, -87.06461928796836, 3.3159264321574495, 
objectives:
-85.88974691141127, -83.73449601601249, 7582.422804135428, 

parameters:
4.396376832056013, -66.40340968578292, 0, 
objectives:
-47.07528043634406, -60.660787764568106, 4429.7409471473675, 

parameters:
3.6262710272120895, -11.61113827980683, 10.437419795161865, 
objectives:
-8.898716512170873, 1.4710389693044998, 138.53095392043147, 

parameters:
-0.13887146323501165, -71.18331156749, 20, 
objectives:
-91.16402628418896, -46.60854043124891, 5048.083130997656, 

parameters:
0.6426206843916518, -58.69323913433116, 13.892167542447206, 
objectives:
-72.17244533277037, -42.958592985442564, 3432.4171138813435, 

parameters:
2.211655291059458, -62.56944368854547, 7.145644604987828, 
objectives:
-64.823669167062, -55.37900112132417, 3913.6810580155457, 

parameters:
0.6504461594310031, -95.73512633865963, 6.011888978016493, 
objectives:
-101.32393511035757, -87.9019417920486, 9160.625606307422, 

parameters:
2.9179914054455356, -46.64452314355661, 16.82092282558545, 
objectives:
-54.95077212688805, -28.980892097499293, 2168.405290306457, 

parameters:
-0.6450516259211145, -23.971715791388455, 13.943689289130962, 
objectives:
-37.49931348041594, -3.0317283984695607, 562.1155602940752, 

parameters:
-1.6509848997114345, -99.5624281776249, 13.219546184478677, 
objectives:
-110.0562232230284, -73.01319125522531, 9903.183309579312, 

parameters:
-1.3805954314739577, -78.85496369942902, 13.252730989927333, 
objectives:
-90.20165094394959, -54.1738072381991, 6207.758612793748, 

parameters:
1.706378587626229, -83.09407003930961, 11.921491192722957, 
objectives:
-92.10383334772328, -71.08636531278229, 6896.614712389278, 

parameters:
0.054365806248031, -40.238262875121094, 1.5357156815359514, 
objectives:
-41.77102291576805, -34.917054777688264, 1618.5850391667016, 

parameters:
3.7768556530480177, -14.387697245091557, 17.80308328253253, 
objectives:
-17.926141903663318, 6.572602049209671, 204.46738735784342, 

parameters:
-1.1209631238875302, -15.71236139900618, 20, 
objectives:
-34.45580307389049, 14.028049421659631, 229.13485905809515, 

parameters:
0.44845480274366856, -60.63519652989129, 0, 
objectives:
-60.43408481978743, -58.2279040307621, 3677.8281699286445, 

parameters:
0.9277151106634722, -44.51163552766593, 18.61105989715549, 
objectives:
-62.26204009826807, -24.750780746610996, 1964.5352927771698, 

parameters:
2.4752577371945397, -89.88410406377659, 10.988640672309382, 
objectives:
-94.74584387054455, -78.66959347470393, 8075.290423541052, 

parameters:
0.6438744753027277, -90.35668259235706, 14.56570860784981, 
objectives:
-104.5078168602605, -73.9518975457718, 8151.1789548280585, 

parameters:
1.5146627591177975, -100, 3.2449298307442946, 
objectives:
-100.95072655688595, -96.51951793186855, 10000.049273443115, 

parameters:
4.010462932511832, -9.293917656498571, 19.222463360668545, 
objectives:
-12.432568084115715, 13.970506907174048, 84.23825497815876, 

parameters:
2.606015114312882, -80.89158665253353, 3.509732092299916, 
objectives:
-77.61000396880627, -77.01460024145797, 6547.730373848069, 

parameters:
-1.9809316274042525, -37.64462298456881, 0, 
objectives:
-33.720532872118355, -21.796806362501343, 1422.0417297627769, 

parameters:
2.985347372431512, -79.17089285433738, 14.530923278934816, 
objectives:
-84.78951719918847, -63.66906013104488, 6263.4116510081185, 

parameters:
0.5557161627194951, -57.67318417079083, 6.667155303527783, 
objectives:
-64.03151902081093, -48.92007306463335, 3320.8378375479388, 

parameters:
3.249360745947988, -14.613285393443178, 6.930635679023895, 
objectives:
-10.985575815159407, -6.121747440903569, 218.1758195685035, 

parameters:
2.552917764713961, -99.56506623761301, 8.7825659226073, 
objectives:
-101.83024304682819, -90.47678226046942, 9911.937238091052, 

parameters:
2.4326828326653804, -90.10864157732709, 2.94452188489463, 
objectives:
-87.13521769787685, -86.97690525874913, 8123.54071079065, 

parameters:
3.4933196137705274, -80.40809782307933, 18.069732695463763, 
objectives:
-86.27454859458922, -60.10836165874381, 6460.595744754385, 

