Generation 2954 at Fri May 24 19:48:25 2019
parameters:
4.786823251077728, -4.934334768213219, 1.5765478640656339, 
objectives:
16.4027942047795, 4.408596928599855, 46.68478857779053, 

parameters:
0.051044676920685594, -100.0, 20, 
objectives:
-119.99739444095806, -76.2015731486408, 9981.002605559042, 

parameters:
-0.09310337269809921, -0.38187417318528993, 20, 
objectives:
-20.37320593517753, 23.999207555614866, -18.84550387784629, 

parameters:
1.9973066371654076, -100, 0, 
objectives:
-96.01076619713501, -99.99999274579665, 10004.989233802866, 

parameters:
0.6504461594310031, -95.73512633865963, 6.011888978016493, 
objectives:
-101.32393511035757, -87.9019417920486, 9160.625606307422, 

parameters:
-0.13887146323501165, -71.18331156749, 20, 
objectives:
-91.16402628418896, -46.60854043124891, 5048.083130997656, 

parameters:
0.8992588902034635, -56.07005825655513, 17.58473808132067, 
objectives:
-72.84612978626583, -37.27368918443835, 3128.0753613637753, 

parameters:
2.0877777065236267, -27.909433975407893, 8.496530585330902, 
objectives:
-32.047148808881744, -19.40519846431444, 775.7987899941786, 

parameters:
0.18478927599951592, -92.92190752375254, 19.364935240194296, 
objectives:
-112.25269568742242, -70.26198231103187, 8616.15010968915, 

parameters:
-0.8912669242797844, -47.4170429513528, 5.456013006691675, 
objectives:
-52.07869922772933, -33.60160551722684, 2244.7143059740597, 

parameters:
2.11915049222903, -87.06461928796836, 3.3159264321574495, 
objectives:
-85.88974691141127, -83.73449601601249, 7582.422804135428, 

parameters:
-1.6509848997114345, -99.5624281776249, 13.219546184478677, 
objectives:
-110.0562232230284, -73.01319125522531, 9903.183309579312, 

parameters:
3.6262710272120895, -11.61113827980683, 10.437419795161865, 
objectives:
-8.898716512170873, 1.4710389693044998, 138.53095392043147, 

parameters:
-0.7444958112006708, -32.872854880513614, 19.85808258322682, 
objectives:
-52.17666345084508, -5.482515039588765, 1062.3207794249763, 

parameters:
-2.4799877230009395, -67.21883741138407, 18.084608466240134, 
objectives:
-79.15310677138882, -29.06393894690479, 4507.437833578082, 

parameters:
0.054365806248031, -40.238262875121094, 1.5357156815359514, 
objectives:
-41.77102291576805, -34.917054777688264, 1618.5850391667016, 

parameters:
-1.1209631238875302, -15.71236139900618, 20, 
objectives:
-34.45580307389049, 14.028049421659631, 229.13485905809515, 

parameters:
0.9277151106634722, -44.51163552766593, 18.61105989715549, 
objectives:
-62.26204009826807, -24.750780746610996, 1964.5352927771698, 

parameters:
2.4752577371945397, -89.88410406377659, 10.988640672309382, 
objectives:
-94.74584387054455, -78.66959347470393, 8075.290423541052, 

parameters:
0.44845480274366856, -60.63519652989129, 0, 
objectives:
-60.43408481978743, -58.2279040307621, 3677.8281699286445, 

parameters:
2.9924072570000924, -6.635387821264347, 15.427639614308944, 
objectives:
-13.108526243826475, 9.777123956791044, 38.555233116021085, 

parameters:
4.396376832056013, -66.40340968578292, 0, 
objectives:
-47.07528043634406, -60.660787764568106, 4429.7409471473675, 

parameters:
0.6426206843916518, -58.69323913433116, 13.892167542447206, 
objectives:
-72.17244533277037, -42.958592985442564, 3432.4171138813435, 

parameters:
0.6669840708634406, -76.21594971044595, 19.66230745847345, 
objectives:
-95.43338941813384, -54.7767107846407, 5790.653550557539, 

parameters:
-0.3267777214751303, -32.62570436346157, 13.587030513553753, 
objectives:
-46.10595119776285, -13.624779284754823, 1051.956338377694, 

parameters:
1.0074857206020187, -74.4287733112005, 6.858222240407211, 
objectives:
-80.27196807439074, -66.58546647598439, 5534.799101846881, 

parameters:
-0.08258242942163796, -78.99630069132989, 18.952769945596675, 
objectives:
-97.94225077927739, -55.70638117039749, 6222.46957282706, 

parameters:
2.960637376255593, -22.139317275064528, 6.127812273011901, 
objectives:
-19.501755874394828, -15.088680833393397, 493.7869308066403, 

parameters:
1.706378587626229, -83.09407003930961, 11.921491192722957, 
objectives:
-92.10383334772328, -71.08636531278229, 6896.614712389278, 

parameters:
-0.6450516259211145, -23.971715791388455, 13.943689289130962, 
objectives:
-37.49931348041594, -3.0317283984695607, 562.1155602940752, 

parameters:
1.7048406563747371, -80.965604253136, 2.521214304112949, 
objectives:
-80.5803368936207, -78.35727091089375, 6556.814339434949, 

parameters:
3.937219771427729, -10.016487159410456, 1.6153874252295095, 
objectives:
3.8698249438814534, -4.648279291370444, 115.21632711792647, 

parameters:
-0.7396130733090128, -86.0852692064809, 11.036481923665505, 
objectives:
-96.5747236319368, -67.54330749136975, 7401.184119926833, 

parameters:
0.6587451339700914, -63.427379106384514, 6.1643621345153745, 
objectives:
-69.15779608937062, -55.464052356220236, 4018.302003322037, 

parameters:
4.608305605555101, -14.278400523687496, 2.6550650312085207, 
objectives:
4.303014999294547, -4.820077360508814, 223.45413703782143, 

parameters:
3.285162425195884, -100, 12.966828497499279, 
objectives:
-102.17453633758038, -85.38152904336536, 9998.825463662419, 

parameters:
2.211655291059458, -62.56944368854547, 7.145644604987828, 
objectives:
-64.823669167062, -55.37900112132417, 3913.6810580155457, 

