Generation 2956 at Fri May 24 19:48:25 2019
parameters:
0.051044676920685594, -100.0, 20, 
objectives:
-119.99739444095806, -76.2015731486408, 9981.002605559042, 

parameters:
4.786823251077728, -4.934334768213219, 1.5765478640656339, 
objectives:
16.4027942047795, 4.408596928599855, 46.68478857779053, 

parameters:
-0.09310337269809921, -0.38187417318528993, 20, 
objectives:
-20.37320593517753, 23.999207555614866, -18.84550387784629, 

parameters:
1.9973066371654076, -100, 0, 
objectives:
-96.01076619713501, -99.99999274579665, 10004.989233802866, 

parameters:
3.6262710272120895, -11.61113827980683, 10.437419795161865, 
objectives:
-8.898716512170873, 1.4710389693044998, 138.53095392043147, 

parameters:
2.11915049222903, -87.06461928796836, 3.3159264321574495, 
objectives:
-85.88974691141127, -83.73449601601249, 7582.422804135428, 

parameters:
0.6504461594310031, -95.73512633865963, 6.011888978016493, 
objectives:
-101.32393511035757, -87.9019417920486, 9160.625606307422, 

parameters:
-0.8912669242797844, -47.4170429513528, 5.456013006691675, 
objectives:
-52.07869922772933, -33.60160551722684, 2244.7143059740597, 

parameters:
0.8992588902034635, -56.07005825655513, 17.58473808132067, 
objectives:
-72.84612978626583, -37.27368918443835, 3128.0753613637753, 

parameters:
4.396376832056013, -66.40340968578292, 0, 
objectives:
-47.07528043634406, -60.660787764568106, 4429.7409471473675, 

parameters:
-1.6509848997114345, -99.5624281776249, 13.219546184478677, 
objectives:
-110.0562232230284, -73.01319125522531, 9903.183309579312, 

parameters:
-0.7444958112006708, -32.872854880513614, 19.85808258322682, 
objectives:
-52.17666345084508, -5.482515039588765, 1062.3207794249763, 

parameters:
0.18478927599951592, -92.92190752375254, 19.364935240194296, 
objectives:
-112.25269568742242, -70.26198231103187, 8616.15010968915, 

parameters:
1.706378587626229, -83.09407003930961, 11.921491192722957, 
objectives:
-92.10383334772328, -71.08636531278229, 6896.614712389278, 

parameters:
2.4752577371945397, -89.88410406377659, 10.988640672309382, 
objectives:
-94.74584387054455, -78.66959347470393, 8075.290423541052, 

parameters:
-1.4503802391557254, -9.264486810884994, 20, 
objectives:
-27.160883972751577, 22.640636983871325, 68.93431870719544, 

parameters:
1.0074857206020187, -74.4287733112005, 6.858222240407211, 
objectives:
-80.27196807439074, -66.58546647598439, 5534.799101846881, 

parameters:
-0.13887146323501165, -71.18331156749, 20, 
objectives:
-91.16402628418896, -46.60854043124891, 5048.083130997656, 

parameters:
0.3527740654720568, -93.9143204342488, 0.04559893682007479, 
objectives:
-93.83546982979918, -91.15536821804727, 8820.97843323121, 

parameters:
-0.08258242942163796, -78.99630069132989, 18.952769945596675, 
objectives:
-97.94225077927739, -55.70638117039749, 6222.46957282706, 

parameters:
-1.0621617242697479, -40.8867442019342, 20, 
objectives:
-59.75855667343052, -11.509909776351524, 1653.8540389629036, 

parameters:
1.9829381829254022, -40.084616681972655, 1.3954160213693023, 
objectives:
-37.54798886603846, -38.688909555001466, 1610.3131223566147, 

parameters:
-1.1209631238875302, -15.71236139900618, 20, 
objectives:
-34.45580307389049, 14.028049421659631, 229.13485905809515, 

parameters:
0.39047397670074124, -58.346691258483446, 4.291794089634873, 
objectives:
-62.48601542163783, -51.46432314917105, 3401.1970566496343, 

parameters:
-2.0778525572660858, -68.58913124588003, 6.027588526007162, 
objectives:
-70.29924852214998, -45.9326612410713, 4703.7588077882865, 

parameters:
-2.4799877230009395, -67.21883741138407, 18.084608466240134, 
objectives:
-79.15310677138882, -29.06393894690479, 4507.437833578082, 

parameters:
0.44845480274366856, -60.63519652989129, 0, 
objectives:
-60.43408481978743, -58.2279040307621, 3677.8281699286445, 

parameters:
1.8793106393333519, -28.316973507690715, 18.169497953767994, 
objectives:
-42.95466298234717, -10.132909632144596, 788.2132991606014, 

parameters:
0.9277151106634722, -44.51163552766593, 18.61105989715549, 
objectives:
-62.26204009826807, -24.750780746610996, 1964.5352927771698, 

parameters:
-1.359858146588405, -23.771076965589046, 10.002485713952181, 
objectives:
-31.924348500698372, -2.4799444864403934, 557.9108285688488, 

parameters:
0.6426206843916518, -58.69323913433116, 13.892167542447206, 
objectives:
-72.17244533277037, -42.958592985442564, 3432.4171138813435, 

parameters:
2.9924072570000924, -6.635387821264347, 15.427639614308944, 
objectives:
-13.108526243826475, 9.777123956791044, 38.555233116021085, 

parameters:
-1.1230009813747972, -76.53439508102093, 6.888861937599225, 
objectives:
-82.1621258144514, -59.892398013753755, 5852.885899684371, 

parameters:
2.0877777065236267, -27.909433975407893, 8.496530585330902, 
objectives:
-32.047148808881744, -19.40519846431444, 775.7987899941786, 

parameters:
2.9114019136630342, -22.44820350893184, 0.7007698751046488, 
objectives:
-14.672712281155711, -20.91678018559855, 512.6973320061959, 

parameters:
-0.13004146044515963, -7.279816638267228, 9.819299201212607, 
objectives:
-17.082205058045126, 7.076559186160727, 44.19334186701446, 

parameters:
0.6669840708634406, -76.21594971044595, 19.66230745847345, 
objectives:
-95.43338941813384, -54.7767107846407, 5790.653550557539, 

parameters:
2.2482377356890724, -17.643764589503313, 20, 
objectives:
-32.58919167332699, 2.4178573839167257, 297.3570018059873, 

