Generation 2958 at Fri May 24 19:48:25 2019
parameters:
4.786823251077728, -4.934334768213219, 1.5765478640656339, 
objectives:
16.4027942047795, 4.408596928599855, 46.68478857779053, 

parameters:
0.051044676920685594, -100.0, 20, 
objectives:
-119.99739444095806, -76.2015731486408, 9981.002605559042, 

parameters:
-0.09310337269809921, -0.38187417318528993, 20, 
objectives:
-20.37320593517753, 23.999207555614866, -18.84550387784629, 

parameters:
1.9973066371654076, -100, 0, 
objectives:
-96.01076619713501, -99.99999274579665, 10004.989233802866, 

parameters:
3.6262710272120895, -11.61113827980683, 10.437419795161865, 
objectives:
-8.898716512170873, 1.4710389693044998, 138.53095392043147, 

parameters:
2.11915049222903, -87.06461928796836, 3.3159264321574495, 
objectives:
-85.88974691141127, -83.73449601601249, 7582.422804135428, 

parameters:
-0.08258242942163796, -78.99630069132989, 18.952769945596675, 
objectives:
-97.94225077927739, -55.70638117039749, 6222.46957282706, 

parameters:
1.0074857206020187, -74.4287733112005, 6.858222240407211, 
objectives:
-80.27196807439074, -66.58546647598439, 5534.799101846881, 

parameters:
4.396376832056013, -66.40340968578292, 0, 
objectives:
-47.07528043634406, -60.660787764568106, 4429.7409471473675, 

parameters:
-0.8912669242797844, -47.4170429513528, 5.456013006691675, 
objectives:
-52.07869922772933, -33.60160551722684, 2244.7143059740597, 

parameters:
0.6504461594310031, -95.73512633865963, 6.011888978016493, 
objectives:
-101.32393511035757, -87.9019417920486, 9160.625606307422, 

parameters:
-0.13887146323501165, -71.18331156749, 20, 
objectives:
-91.16402628418896, -46.60854043124891, 5048.083130997656, 

parameters:
3.7488866569299484, -96.45068438224938, 0.03714263558037992, 
objectives:
-82.43367585132235, -93.35493720788139, 9317.75152633521, 

parameters:
0.9277151106634722, -44.51163552766593, 18.61105989715549, 
objectives:
-62.26204009826807, -24.750780746610996, 1964.5352927771698, 

parameters:
0.8992588902034635, -56.07005825655513, 17.58473808132067, 
objectives:
-72.84612978626583, -37.27368918443835, 3128.0753613637753, 

parameters:
0.18478927599951592, -92.92190752375254, 19.364935240194296, 
objectives:
-112.25269568742242, -70.26198231103187, 8616.15010968915, 

parameters:
2.6269272546074514, -33.22444744394431, 13.056932318890901, 
objectives:
-39.380632961835765, -19.77447734248377, 1098.707722437526, 

parameters:
-1.6509848997114345, -99.5624281776249, 13.219546184478677, 
objectives:
-110.0562232230284, -73.01319125522531, 9903.183309579312, 

parameters:
2.4752577371945397, -89.88410406377659, 10.988640672309382, 
objectives:
-94.74584387054455, -78.66959347470393, 8075.290423541052, 

parameters:
-1.1209631238875302, -15.71236139900618, 20, 
objectives:
-34.45580307389049, 14.028049421659631, 229.13485905809515, 

parameters:
-0.7111183571953419, -56.863675438786025, 7.364768674194075, 
objectives:
-63.7227547950399, -42.148744017870385, 3227.618505051343, 

parameters:
2.579405290178234, -54.3818837695371, 3.795719726689333, 
objectives:
-51.52427184522697, -50.25045355256124, 2961.2468942477526, 

parameters:
-2.1309308671714065, -7.0619173620470415, 9.267405929592838, 
objectives:
-11.788456930975997, 19.2700783968953, 46.14413725945249, 

parameters:
0.031590510605232325, -65.24877813368055, 14.504971736263162, 
objectives:
-79.75275190958341, -46.869170479478015, 4243.899074162365, 

parameters:
-1.4503802391557254, -9.264486810884994, 20, 
objectives:
-27.160883972751577, 22.640636983871325, 68.93431870719544, 

parameters:
0.44845480274366856, -60.63519652989129, 0, 
objectives:
-60.43408481978743, -58.2279040307621, 3677.8281699286445, 

parameters:
5.342033051939482, -82.97676884179427, 0, 
objectives:
-54.439451713780414, -71.80758392153834, 6914.681484552573, 

parameters:
0.3527740654720568, -93.9143204342488, 0.04559893682007479, 
objectives:
-93.83546982979918, -91.15536821804727, 8820.97843323121, 

parameters:
-1.4544225323846445, -31.738231554740466, 7.033046955799382, 
objectives:
-36.655933607831685, -12.772149566694342, 1003.3976401692323, 

parameters:
0.21763530916551208, -22.89644820631868, 10.811429529283865, 
objectives:
-33.66051260780698, -8.908194785901296, 514.4832760631457, 

parameters:
1.8793106393333519, -28.316973507690715, 18.169497953767994, 
objectives:
-42.95466298234717, -10.132909632144596, 788.2132991606014, 

parameters:
1.9829381829254022, -40.084616681972655, 1.3954160213693023, 
objectives:
-37.54798886603846, -38.688909555001466, 1610.3131223566147, 

parameters:
1.706378587626229, -83.09407003930961, 11.921491192722957, 
objectives:
-92.10383334772328, -71.08636531278229, 6896.614712389278, 

parameters:
-1.0621617242697479, -40.8867442019342, 20, 
objectives:
-59.75855667343052, -11.509909776351524, 1653.8540389629036, 

parameters:
0.39047397670074124, -58.346691258483446, 4.291794089634873, 
objectives:
-62.48601542163783, -51.46432314917105, 3401.1970566496343, 

parameters:
-0.7444958112006708, -32.872854880513614, 19.85808258322682, 
objectives:
-52.17666345084508, -5.482515039588765, 1062.3207794249763, 

parameters:
1.5324455551541087, -20.21891716636358, 20, 
objectives:
-37.870527786851994, -0.0003100074684283527, 392.15300075978337, 

parameters:
0.19422228190022084, -25.830174257270507, 12.887119821782079, 
objectives:
-38.67957178426606, -9.682221268302783, 655.3485046339644, 

