Generation 2959 at Fri May 24 19:48:25 2019
parameters:
4.786823251077728, -4.934334768213219, 1.5765478640656339, 
objectives:
16.4027942047795, 4.408596928599855, 46.68478857779053, 

parameters:
0.051044676920685594, -100.0, 20, 
objectives:
-119.99739444095806, -76.2015731486408, 9981.002605559042, 

parameters:
-1.783544724589134, -5.125882599657636, 20, 
objectives:
-21.944850815047907, 29.18932808330863, 10.455704210082658, 

parameters:
-0.09310337269809921, -0.38187417318528993, 20, 
objectives:
-20.37320593517753, 23.999207555614866, -18.84550387784629, 

parameters:
1.9973066371654076, -100, 0, 
objectives:
-96.01076619713501, -99.99999274579665, 10004.989233802866, 

parameters:
3.6262710272120895, -11.61113827980683, 10.437419795161865, 
objectives:
-8.898716512170873, 1.4710389693044998, 138.53095392043147, 

parameters:
5.342033051939482, -82.97676884179427, 0, 
objectives:
-54.439451713780414, -71.80758392153834, 6914.681484552573, 

parameters:
-0.8912669242797844, -47.4170429513528, 5.456013006691675, 
objectives:
-52.07869922772933, -33.60160551722684, 2244.7143059740597, 

parameters:
0.21763530916551208, -22.89644820631868, 10.811429529283865, 
objectives:
-33.66051260780698, -8.908194785901296, 514.4832760631457, 

parameters:
1.0074857206020187, -74.4287733112005, 6.858222240407211, 
objectives:
-80.27196807439074, -66.58546647598439, 5534.799101846881, 

parameters:
3.180287789183634, -36.120555248854714, 17.556757457959552, 
objectives:
-43.563082284783746, -17.170718525599174, 1298.2519844496367, 

parameters:
0.9277151106634722, -44.51163552766593, 18.61105989715549, 
objectives:
-62.26204009826807, -24.750780746610996, 1964.5352927771698, 

parameters:
-0.7111183571953419, -56.863675438786025, 7.364768674194075, 
objectives:
-63.7227547950399, -42.148744017870385, 3227.618505051343, 

parameters:
0.44845480274366856, -60.63519652989129, 0, 
objectives:
-60.43408481978743, -58.2279040307621, 3677.8281699286445, 

parameters:
0.18478927599951592, -92.92190752375254, 19.364935240194296, 
objectives:
-112.25269568742242, -70.26198231103187, 8616.15010968915, 

parameters:
2.579405290178234, -54.3818837695371, 3.795719726689333, 
objectives:
-51.52427184522697, -50.25045355256124, 2961.2468942477526, 

parameters:
3.7488866569299484, -96.45068438224938, 0.03714263558037992, 
objectives:
-82.43367585132235, -93.35493720788139, 9317.75152633521, 

parameters:
2.11915049222903, -87.06461928796836, 3.3159264321574495, 
objectives:
-85.88974691141127, -83.73449601601249, 7582.422804135428, 

parameters:
-1.6509848997114345, -99.5624281776249, 13.219546184478677, 
objectives:
-110.0562232230284, -73.01319125522531, 9903.183309579312, 

parameters:
-0.08258242942163796, -78.99630069132989, 18.952769945596675, 
objectives:
-97.94225077927739, -55.70638117039749, 6222.46957282706, 

parameters:
-1.1209631238875302, -15.71236139900618, 20, 
objectives:
-34.45580307389049, 14.028049421659631, 229.13485905809515, 

parameters:
2.462805551517176, -70.17065569023336, 8.15613002236559, 
objectives:
-72.26137452801512, -61.80033668935266, 4922.830201159498, 

parameters:
2.4752577371945397, -89.88410406377659, 10.988640672309382, 
objectives:
-94.74584387054455, -78.66959347470393, 8075.290423541052, 

parameters:
-2.1309308671714065, -7.0619173620470415, 9.267405929592838, 
objectives:
-11.788456930975997, 19.2700783968953, 46.14413725945249, 

parameters:
4.396376832056013, -66.40340968578292, 0, 
objectives:
-47.07528043634406, -60.660787764568106, 4429.7409471473675, 

parameters:
-0.13887146323501165, -71.18331156749, 20, 
objectives:
-91.16402628418896, -46.60854043124891, 5048.083130997656, 

parameters:
-1.4544225323846445, -31.738231554740466, 7.033046955799382, 
objectives:
-36.655933607831685, -12.772149566694342, 1003.3976401692323, 

parameters:
0.6504461594310031, -95.73512633865963, 6.011888978016493, 
objectives:
-101.32393511035757, -87.9019417920486, 9160.625606307422, 

parameters:
0.031590510605232325, -65.24877813368055, 14.504971736263162, 
objectives:
-79.75275190958341, -46.869170479478015, 4243.899074162365, 

parameters:
1.067880510450693, -25.711784688657936, 1.8231086337857891, 
objectives:
-26.394524537843292, -23.019829312074485, 661.4131320267194, 

parameters:
2.6269272546074514, -33.22444744394431, 13.056932318890901, 
objectives:
-39.380632961835765, -19.77447734248377, 1098.707722437526, 

parameters:
1.477546829891169, -88.11520378578649, 0, 
objectives:
-85.93205915126505, -87.84224647082972, 7767.472282845203, 

parameters:
0.3527740654720568, -93.9143204342488, 0.04559893682007479, 
objectives:
-93.83546982979918, -91.15536821804727, 8820.97843323121, 

parameters:
-1.2800556023024225, -70.68980798344862, 4.541832856102852, 
objectives:
-73.59309849456565, -55.389210373150256, 4995.145662225718, 

parameters:
0.8992588902034635, -56.07005825655513, 17.58473808132067, 
objectives:
-72.84612978626583, -37.27368918443835, 3128.0753613637753, 

parameters:
-1.4503802391557254, -9.264486810884994, 20, 
objectives:
-27.160883972751577, 22.640636983871325, 68.93431870719544, 

parameters:
-1.6182209803985992, -95.17344122563262, 6.0034142392790955, 
objectives:
-98.55821632350951, -76.07850392335692, 9055.59913963107, 

parameters:
-0.2313349484989164, -56.7906513470715, 4.331159177377923, 
objectives:
-61.068294666052424, -47.48063651730092, 3221.900437105653, 

