Generation 296 at Fri May 24 19:55:17 2019
parameters:
0, 0.0, 20.0, 
objectives:
-20.0, 24.0, -19.0, 

parameters:
0, 0.0, 20.0, 
objectives:
-20.0, 24.0, -19.0, 

parameters:
1.9979647189482492, 0.0, 20.0, 
objectives:
-16.008136981838042, 20.000004142368958, -15.008136981838044, 

parameters:
1.2018676255843157, 0.0, 20.0, 
objectives:
-18.55551421057232, 20.637015287090417, -17.55551421057232, 

parameters:
1.3186968458440538, 0.0, 20.0, 
objectives:
-18.261038628760943, 20.464173987862843, -17.261038628760943, 

parameters:
1.9028055079660224, 0.0, 20.0, 
objectives:
-16.379331198854167, 20.009446769281745, -15.379331198854167, 

parameters:
0.6004651863881372, 0.0, 20.0, 
objectives:
-19.63944155993586, 21.958697694511592, -18.63944155993586, 

parameters:
0.458266299161473, 0.0, 20.0, 
objectives:
-19.789991999052848, 22.37694280430126, -18.789991999052848, 

parameters:
1.0452649245282921, 0.0, 20.0, 
objectives:
-18.907421237550864, 20.911519064335966, -17.907421237550864, 

parameters:
1.0961918023957296, 0.0, 20.0, 
objectives:
-18.7983635323604, 20.81686925805668, -17.7983635323604, 

parameters:
1.8458728390924775, 0.0, 20.0, 
objectives:
-16.592753461900678, 20.023755181729413, -15.592753461900678, 

parameters:
0.9264419296132768, 0.0, 20.0, 
objectives:
-19.14170535105443, 21.152526930492463, -18.14170535105443, 

parameters:
1.6768059714340422, 0.0, 20.0, 
objectives:
-17.18832173416314, 20.104454380100695, -16.18832173416314, 

parameters:
0.677432833075641, 0.0, 20.0, 
objectives:
-19.54108475667111, 21.749183911026325, -18.54108475667111, 

parameters:
1.7767444735156113, 0.0, 20.0, 
objectives:
-16.843179075831735, 20.049843030105823, -15.843179075831733, 

parameters:
0.24827507071939406, 0.0, 20.0, 
objectives:
-19.93835948925928, 23.068540227863142, -18.93835948925928, 

parameters:
0.7996025961190713, 0.0, 20.0, 
objectives:
-19.36063568827964, 21.440953927244074, -18.360635688279643, 

parameters:
0.8874254623987332, 0.0, 20.0, 
objectives:
-19.212476048686394, 21.237822101718674, -18.212476048686394, 

parameters:
1.6155009016117814, 0.0, 20.0, 
objectives:
-17.39015683689152, 20.147839556661353, -16.39015683689152, 

parameters:
0.7544164023821193, 0.0, 20.0, 
objectives:
-19.43085589181682, 21.551478498654703, -18.43085589181682, 

parameters:
1.3844025503846022, 0.0, 20.0, 
objectives:
-18.08342957848861, 20.37896021997298, -17.08342957848861, 

parameters:
1.4950845028599908, 0.0, 20.0, 
objectives:
-17.764722329307894, 20.25493965925214, -16.764722329307894, 

parameters:
1.5430622335679582, 0.0, 20.0, 
objectives:
-17.618958943336263, 20.208792122391902, -16.618958943336263, 

parameters:
0.3379898920783342, 0.0, 20.0, 
objectives:
-19.885762832852876, 22.762277598833787, -18.885762832852876, 

parameters:
1.4539209216294096, 0.0, 20.0, 
objectives:
-17.886113953648287, 20.29820235983407, -16.886113953648287, 

parameters:
1.5813795447117944, 0.0, 20.0, 
objectives:
-17.49923873556712, 20.175243085585706, -16.49923873556712, 

parameters:
0.06258889329334096, 0.0, 20.0, 
objectives:
-19.996082630436316, 23.753561796390322, -18.996082630436316, 

parameters:
0.16586913474719656, 0.0, 20.0, 
objectives:
-19.972487430138216, 23.364036030873, -18.972487430138216, 

parameters:
1.412901619807438, 0.0, 20.0, 
objectives:
-18.003709012745517, 20.34468450802473, -17.003709012745517, 

parameters:
0.13931726082480833, 0.0, 20.0, 
objectives:
-19.980590700836274, 23.462140255864494, -18.980590700836274, 

parameters:
1.7335298760299789, 0.0, 20.0, 
objectives:
-16.994874168911487, 20.071006326968597, -15.994874168911487, 

parameters:
0.38907744104548136, 0.0, 20.0, 
objectives:
-19.8486187448695, 22.595071490948573, -18.8486187448695, 

parameters:
1.7392137745337184, 0.0, 20.0, 
objectives:
-16.975135446472176, 20.06800945539295, -15.975135446472176, 

parameters:
0.02039241891794063, 0.0, 20.0, 
objectives:
-19.999584149250676, 23.91884617507756, -18.999584149250676, 

parameters:
0.37382980207607064, 0.0, 20.0, 
objectives:
-19.860251279079765, 22.64442951261595, -18.860251279079765, 

parameters:
0.38188159816504197, 0.0, 20.0, 
objectives:
-19.854166444982912, 22.61830716235692, -18.854166444982912, 

parameters:
1.7337703220664564, 0.0, 20.0, 
objectives:
-16.994040470321575, 20.070878241412597, -15.994040470321575, 

parameters:
0, 0.0, 20.0, 
objectives:
-20.0, 24.0, -19.0, 

