Generation 2962 at Fri May 24 19:48:25 2019
parameters:
0.051044676920685594, -100.0, 20, 
objectives:
-119.99739444095806, -76.2015731486408, 9981.002605559042, 

parameters:
4.786823251077728, -4.934334768213219, 1.5765478640656339, 
objectives:
16.4027942047795, 4.408596928599855, 46.68478857779053, 

parameters:
-1.783544724589134, -5.125882599657636, 20, 
objectives:
-21.944850815047907, 29.18932808330863, 10.455704210082658, 

parameters:
-0.09310337269809921, -0.38187417318528993, 20, 
objectives:
-20.37320593517753, 23.999207555614866, -18.84550387784629, 

parameters:
1.9973066371654076, -100, 0, 
objectives:
-96.01076619713501, -99.99999274579665, 10004.989233802866, 

parameters:
3.6262710272120895, -11.61113827980683, 10.437419795161865, 
objectives:
-8.898716512170873, 1.4710389693044998, 138.53095392043147, 

parameters:
0.21763530916551208, -22.89644820631868, 10.811429529283865, 
objectives:
-33.66051260780698, -8.908194785901296, 514.4832760631457, 

parameters:
5.342033051939482, -82.97676884179427, 0, 
objectives:
-54.439451713780414, -71.80758392153834, 6914.681484552573, 

parameters:
0.18478927599951592, -92.92190752375254, 19.364935240194296, 
objectives:
-112.25269568742242, -70.26198231103187, 8616.15010968915, 

parameters:
-2.1309308671714065, -7.0619173620470415, 9.267405929592838, 
objectives:
-11.788456930975997, 19.2700783968953, 46.14413725945249, 

parameters:
1.0074857206020187, -74.4287733112005, 6.858222240407211, 
objectives:
-80.27196807439074, -66.58546647598439, 5534.799101846881, 

parameters:
-0.2217147503132691, -97.32077318174227, 10.255360829742962, 
objectives:
-107.52697658097875, -82.12939592023974, 9462.12668929289, 

parameters:
0.6504461594310031, -95.73512633865963, 6.011888978016493, 
objectives:
-101.32393511035757, -87.9019417920486, 9160.625606307422, 

parameters:
-0.08258242942163796, -78.99630069132989, 18.952769945596675, 
objectives:
-97.94225077927739, -55.70638117039749, 6222.46957282706, 

parameters:
-0.7111183571953419, -56.863675438786025, 7.364768674194075, 
objectives:
-63.7227547950399, -42.148744017870385, 3227.618505051343, 

parameters:
2.462805551517176, -70.17065569023336, 8.15613002236559, 
objectives:
-72.26137452801512, -61.80033668935266, 4922.830201159498, 

parameters:
-1.9162345779254224, -26.86924674878898, 20, 
objectives:
-43.19729179115196, 8.46764652054973, 706.6283758049443, 

parameters:
0.7151695129481372, -90.32990768769706, 0.4459327103251465, 
objectives:
-90.26437296577174, -88.23318559691398, 8160.557757589798, 

parameters:
0.9277151106634722, -44.51163552766593, 18.61105989715549, 
objectives:
-62.26204009826807, -24.750780746610996, 1964.5352927771698, 

parameters:
3.180287789183634, -36.120555248854714, 17.556757457959552, 
objectives:
-43.563082284783746, -17.170718525599174, 1298.2519844496367, 

parameters:
-2.148189142182748, -41.22691495767523, 3.6937660287199954, 
objectives:
-40.30596439580337, -20.32567576963239, 1701.5794674892572, 

parameters:
-1.2406123592270752, -46.761927640283574, 3.449218846637101, 
objectives:
-48.67202746105371, -32.811140330871204, 2185.7677768143467, 

parameters:
0.44845480274366856, -60.63519652989129, 0, 
objectives:
-60.43408481978743, -58.2279040307621, 3677.8281699286445, 

parameters:
-1.1085671434606352, -66.81336499222895, 19.29035895063439, 
objectives:
-84.87480283130287, -37.85981635619156, 4446.964303745732, 

parameters:
-1.4544225323846445, -31.738231554740466, 7.033046955799382, 
objectives:
-36.655933607831685, -12.772149566694342, 1003.3976401692323, 

parameters:
1.1980785598185348, -61.43062991749423, 10.35763763124799, 
objectives:
-70.35287531324536, -50.429914290023525, 3765.8000466643857, 

parameters:
-1.5829643623788707, -31.674952707935965, 20.0, 
objectives:
-49.16917653537442, 1.1626809141410632, 986.8084052225415, 

parameters:
2.11915049222903, -87.06461928796836, 3.3159264321574495, 
objectives:
-85.88974691141127, -83.73449601601249, 7582.422804135428, 

parameters:
-0.13887146323501165, -71.18331156749, 20, 
objectives:
-91.16402628418896, -46.60854043124891, 5048.083130997656, 

parameters:
-0.547354084157939, -26.100554737947405, 0.0, 
objectives:
-25.80095824450303, -19.611541907871274, 682.5385541220331, 

parameters:
2.579405290178234, -54.3818837695371, 3.795719726689333, 
objectives:
-51.52427184522697, -50.25045355256124, 2961.2468942477526, 

parameters:
2.4752577371945397, -89.88410406377659, 10.988640672309382, 
objectives:
-94.74584387054455, -78.66959347470393, 8075.290423541052, 

parameters:
-1.2476998265452983, -63.586282693945634, 14.55107723531524, 
objectives:
-76.5806050720997, -38.48765129528803, 4031.2210244562157, 

parameters:
-0.16858045519515574, -86.35396386820518, 1.8373998195318575, 
objectives:
-88.16294431786324, -79.8138228580189, 7456.198095301628, 

parameters:
1.4371803812095434, -79.84429819881731, 11.215139334517161, 
objectives:
-88.99395008520086, -68.31239294100472, 6366.962302975277, 

parameters:
2.8821643251925315, -48.652509255559465, 7.477920336704461, 
objectives:
-47.8235583948514, -40.39637502221261, 2368.8956077230077, 

parameters:
0.031590510605232325, -65.24877813368055, 14.504971736263162, 
objectives:
-79.75275190958341, -46.869170479478015, 4243.899074162365, 

parameters:
0.24621718711573903, -51.34839460018515, 10.04036651274198, 
objectives:
-61.32813820969595, -38.23227393267494, 2627.6778844068126, 

