Generation 2967 at Fri May 24 19:48:25 2019
parameters:
0.051044676920685594, -100.0, 20, 
objectives:
-119.99739444095806, -76.2015731486408, 9981.002605559042, 

parameters:
4.786823251077728, -4.934334768213219, 1.5765478640656339, 
objectives:
16.4027942047795, 4.408596928599855, 46.68478857779053, 

parameters:
-1.783544724589134, -5.125882599657636, 20, 
objectives:
-21.944850815047907, 29.18932808330863, 10.455704210082658, 

parameters:
-0.09310337269809921, -0.38187417318528993, 20, 
objectives:
-20.37320593517753, 23.999207555614866, -18.84550387784629, 

parameters:
1.9973066371654076, -100, 0, 
objectives:
-96.01076619713501, -99.99999274579665, 10004.989233802866, 

parameters:
3.6262710272120895, -11.61113827980683, 10.437419795161865, 
objectives:
-8.898716512170873, 1.4710389693044998, 138.53095392043147, 

parameters:
5.342033051939482, -82.97676884179427, 0, 
objectives:
-54.439451713780414, -71.80758392153834, 6914.681484552573, 

parameters:
0.18478927599951592, -92.92190752375254, 19.364935240194296, 
objectives:
-112.25269568742242, -70.26198231103187, 8616.15010968915, 

parameters:
-0.08258242942163796, -78.99630069132989, 18.952769945596675, 
objectives:
-97.94225077927739, -55.70638117039749, 6222.46957282706, 

parameters:
2.11915049222903, -87.06461928796836, 3.3159264321574495, 
objectives:
-85.88974691141127, -83.73449601601249, 7582.422804135428, 

parameters:
-1.2406123592270752, -46.761927640283574, 3.449218846637101, 
objectives:
-48.67202746105371, -32.811140330871204, 2185.7677768143467, 

parameters:
0.7151695129481372, -90.32990768769706, 0.4459327103251465, 
objectives:
-90.26437296577174, -88.23318559691398, 8160.557757589798, 

parameters:
-2.131872275825527, -42.94853073342555, 0, 
objectives:
-38.40365133299204, -25.87616222968993, 1850.1211715604325, 

parameters:
2.1301410913780447, -3.0338882772881677, 15.016417089982577, 
objectives:
-13.512804298093496, 11.999465516359479, -0.27443794173876235, 

parameters:
3.4017813799540924, -57.708245845557485, 13.515857121178664, 
objectives:
-59.65198640973378, -42.22739768719283, 3329.2978980071266, 

parameters:
-0.2217147503132691, -97.32077318174227, 10.255360829742962, 
objectives:
-107.52697658097875, -82.12939592023974, 9462.12668929289, 

parameters:
3.4349464827064478, -28.72401252990869, 10.162997958791177, 
objectives:
-27.08815314964247, -16.501943162885908, 827.7047551986177, 

parameters:
2.462805551517176, -70.17065569023336, 8.15613002236559, 
objectives:
-72.26137452801512, -61.80033668935266, 4922.830201159498, 

parameters:
-1.4544225323846445, -31.738231554740466, 7.033046955799382, 
objectives:
-36.655933607831685, -12.772149566694342, 1003.3976401692323, 

parameters:
1.0074857206020187, -74.4287733112005, 6.858222240407211, 
objectives:
-80.27196807439074, -66.58546647598439, 5534.799101846881, 

parameters:
1.1980785598185348, -61.43062991749423, 10.35763763124799, 
objectives:
-70.35287531324536, -50.429914290023525, 3765.8000466643857, 

parameters:
-1.0617500289133743, -95.36590268987277, 7.96153770124908, 
objectives:
-102.2001272672243, -78.03005174907264, 9088.821171276932, 

parameters:
-1.1085671434606352, -66.81336499222895, 19.29035895063439, 
objectives:
-84.87480283130287, -37.85981635619156, 4446.964303745732, 

parameters:
2.8163641431603774, -22.52699290553439, 0, 
objectives:
-14.595085918654902, -21.86054249129641, 516.3973163528761, 

parameters:
-0.7244125711021647, -55.663222434210056, 13.553721796307359, 
objectives:
-68.69217065734657, -34.68707678032319, 3086.3653835372093, 

parameters:
-1.396439750402606, -76.26461207238873, 19.23915822063158, 
objectives:
-93.55372631651582, -45.48965087364223, 5800.001940307813, 

parameters:
-2.480754238964765, -51.80491100036782, 20, 
objectives:
-65.65076940622617, -11.727752450367102, 2670.902945350172, 

parameters:
1.3030190473402223, -29.55410671478125, 19.283922221007696, 
objectives:
-47.14017029805753, -9.78440204540302, 856.8591601254018, 

parameters:
-1.5110658207287422, -89.79356333965221, 20, 
objectives:
-107.51024342507758, -57.46598014216261, 8046.167337146708, 

parameters:
-1.9162345779254224, -26.86924674878898, 20, 
objectives:
-43.19729179115196, 8.46764652054973, 706.6283758049443, 

parameters:
4.521065512143849, -73.70656248982255, 4.165635682250653, 
objectives:
-57.43216480697667, -63.185155491050764, 5449.931751748962, 

parameters:
-0.02629568277234512, -64.32557437107347, 0.5590280098499999, 
objectives:
-64.883910917991, -59.660672167201625, 4138.221181621586, 

parameters:
2.0320024962944077, -35.785244788249656, 13.376900052314737, 
objectives:
-45.03311069561769, -22.407320576165844, 1272.335878647581, 

parameters:
-0.6898788759333625, -14.49612320523434, 7.744586622970818, 
objectives:
-21.764776964746076, 0.4839117849290071, 203.8689342218218, 

parameters:
-0.13887146323501165, -71.18331156749, 20, 
objectives:
-91.16402628418896, -46.60854043124891, 5048.083130997656, 

parameters:
0.6504461594310031, -95.73512633865963, 6.011888978016493, 
objectives:
-101.32393511035757, -87.9019417920486, 9160.625606307422, 

parameters:
3.009526598114071, -16.02794692579409, 19.439343998566315, 
objectives:
-26.410040579604352, 4.430541025071994, 247.51298900226197, 

parameters:
0.9277151106634722, -44.51163552766593, 18.61105989715549, 
objectives:
-62.26204009826807, -24.750780746610996, 1964.5352927771698, 

parameters:
1.0018939257226465, -66.3786206466846, 15.842897259051965, 
objectives:
-81.21772646733663, -49.53950765212328, 4392.282173135811, 

parameters:
-1.6293617607186794, -35.0520492645801, 11.073779743113848, 
objectives:
-43.47100926040167, -10.806002731299257, 1221.2271976507286, 

