Generation 2971 at Fri May 24 19:48:25 2019
parameters:
0.051044676920685594, -100.0, 20, 
objectives:
-119.99739444095806, -76.2015731486408, 9981.002605559042, 

parameters:
4.786823251077728, -4.934334768213219, 1.5765478640656339, 
objectives:
16.4027942047795, 4.408596928599855, 46.68478857779053, 

parameters:
-1.783544724589134, -5.125882599657636, 20, 
objectives:
-21.944850815047907, 29.18932808330863, 10.455704210082658, 

parameters:
-0.09310337269809921, -0.38187417318528993, 20, 
objectives:
-20.37320593517753, 23.999207555614866, -18.84550387784629, 

parameters:
1.9973066371654076, -100, 0, 
objectives:
-96.01076619713501, -99.99999274579665, 10004.989233802866, 

parameters:
0.7151695129481372, -90.32990768769706, 0.4459327103251465, 
objectives:
-90.26437296577174, -88.23318559691398, 8160.557757589798, 

parameters:
3.6262710272120895, -11.61113827980683, 10.437419795161865, 
objectives:
-8.898716512170873, 1.4710389693044998, 138.53095392043147, 

parameters:
-0.08258242942163796, -78.99630069132989, 18.952769945596675, 
objectives:
-97.94225077927739, -55.70638117039749, 6222.46957282706, 

parameters:
0.18478927599951592, -92.92190752375254, 19.364935240194296, 
objectives:
-112.25269568742242, -70.26198231103187, 8616.15010968915, 

parameters:
1.6452632178994662, 5.095805218974039, 0, 
objectives:
7.802696275146946, 5.221643403549081, 29.674121885895964, 

parameters:
-0.22738541724955275, -42.23259019738945, 12.309648664445968, 
objectives:
-54.490534733857665, -24.961695735967517, 1772.333730244167, 

parameters:
0.8064271774203169, -0.7633261903620137, 15.345426233190505, 
objectives:
-15.45842763107042, 16.006716125629325, -13.112434567815821, 

parameters:
-0.7254681178244048, -84.47117695425388, 9.996850756811288, 
objectives:
-93.94172372108548, -67.04614973616529, 7126.909189270041, 

parameters:
-1.1085671434606352, -66.81336499222895, 19.29035895063439, 
objectives:
-84.87480283130287, -37.85981635619156, 4446.964303745732, 

parameters:
-1.396439750402606, -76.26461207238873, 19.23915822063158, 
objectives:
-93.55372631651582, -45.48965087364223, 5800.001940307813, 

parameters:
-1.9162345779254224, -26.86924674878898, 20, 
objectives:
-43.19729179115196, 8.46764652054973, 706.6283758049443, 

parameters:
2.11915049222903, -87.06461928796836, 3.3159264321574495, 
objectives:
-85.88974691141127, -83.73449601601249, 7582.422804135428, 

parameters:
3.333146468672867, -48.31663554099275, 12.974729208906057, 
objectives:
-50.1814993682724, -33.564626825151755, 2333.632406173844, 

parameters:
-2.480754238964765, -51.80491100036782, 20, 
objectives:
-65.65076940622617, -11.727752450367102, 2670.902945350172, 

parameters:
-1.0617500289133743, -95.36590268987277, 7.96153770124908, 
objectives:
-102.2001272672243, -78.03005174907264, 9088.821171276932, 

parameters:
-1.4544225323846445, -31.738231554740466, 7.033046955799382, 
objectives:
-36.655933607831685, -12.772149566694342, 1003.3976401692323, 

parameters:
3.4017813799540924, -57.708245845557485, 13.515857121178664, 
objectives:
-59.65198640973378, -42.22739768719283, 3329.2978980071266, 

parameters:
2.677048812325853, -22.34357668232986, 13.450173632964272, 
objectives:
-28.627159971718875, -8.435007955093742, 493.95183566976567, 

parameters:
1.1980785598185348, -61.43062991749423, 10.35763763124799, 
objectives:
-70.35287531324536, -50.429914290023525, 3765.8000466643857, 

parameters:
-0.2217147503132691, -97.32077318174227, 10.255360829742962, 
objectives:
-107.52697658097875, -82.12939592023974, 9462.12668929289, 

parameters:
-0.6210824382771728, -68.69516309819528, 12.331050672028397, 
objectives:
-80.64047037508736, -49.49403927792187, 4708.080125810759, 

parameters:
-1.4505419258990642, -56.57156287197261, 14.465161224518711, 
objectives:
-68.93265221770035, -30.200162065066678, 3188.980636431822, 

parameters:
-1.8935613176322683, -39.212220036003046, 19.430847745879916, 
objectives:
-55.05749331824971, -4.621552555960804, 1522.7529268696721, 

parameters:
-0.055711718847408664, -71.25455459687578, 3.0940180260400583, 
objectives:
-74.3454688272989, -63.934585899829145, 5075.120636568728, 

parameters:
4.852734108729197, -37.31626896535613, 11.129271019371146, 
objectives:
-24.89651165470352, -18.048906050878017, 1405.9236868054536, 

parameters:
2.462805551517176, -70.17065569023336, 8.15613002236559, 
objectives:
-72.26137452801512, -61.80033668935266, 4922.830201159498, 

parameters:
-1.499723114103904, -97.12473494876134, 9.124108944722568, 
objectives:
-103.99967447450639, -75.75256412864564, 9427.339199341397, 

parameters:
-1.2025889785174282, -59.406487389988385, 17.054159889189833, 
objectives:
-75.01442702792663, -32.095751335477246, 3514.5228043789107, 

parameters:
3.4349464827064478, -28.72401252990869, 10.162997958791177, 
objectives:
-27.08815314964247, -16.501943162885908, 827.7047551986177, 

parameters:
0.45554130032868884, -33.626259608169526, 13.769860076242376, 
objectives:
-47.188601808106746, -17.471046856936752, 1118.1629930360762, 

parameters:
1.3030190473402223, -29.55410671478125, 19.283922221007696, 
objectives:
-47.14017029805753, -9.78440204540302, 856.8591601254018, 

