Generation 2978 at Fri May 24 19:48:25 2019
parameters:
0.051044676920685594, -100.0, 20, 
objectives:
-119.99739444095806, -76.2015731486408, 9981.002605559042, 

parameters:
4.786823251077728, -4.934334768213219, 1.5765478640656339, 
objectives:
16.4027942047795, 4.408596928599855, 46.68478857779053, 

parameters:
-1.783544724589134, -5.125882599657636, 20, 
objectives:
-21.944850815047907, 29.18932808330863, 10.455704210082658, 

parameters:
-0.09310337269809921, -0.38187417318528993, 20, 
objectives:
-20.37320593517753, 23.999207555614866, -18.84550387784629, 

parameters:
1.9973066371654076, -100, 0, 
objectives:
-96.01076619713501, -99.99999274579665, 10004.989233802866, 

parameters:
-0.4961852945351479, -30.49475572106965, 8.584552771735247, 
objectives:
-38.83310864629197, -15.67926192468088, 922.5917735624879, 

parameters:
-1.4480680220876292, -52.758240964463035, 4.241629858166179, 
objectives:
-54.90296982603643, -36.62743802135356, 2782.2872608027724, 

parameters:
2.11915049222903, -87.06461928796836, 3.3159264321574495, 
objectives:
-85.88974691141127, -83.73449601601249, 7582.422804135428, 

parameters:
1.1123501376684333, -45.552260507225455, 20, 
objectives:
-64.31493767845447, -24.764338229128207, 2057.2457601469027, 

parameters:
0.18478927599951592, -92.92190752375254, 19.364935240194296, 
objectives:
-112.25269568742242, -70.26198231103187, 8616.15010968915, 

parameters:
0.7151695129481372, -90.32990768769706, 0.4459327103251465, 
objectives:
-90.26437296577174, -88.23318559691398, 8160.557757589798, 

parameters:
3.1871636296793455, -81.85701925004507, 18.083582099617026, 
objectives:
-89.78258934731127, -62.3640796667946, 6693.646030404983, 

parameters:
0.6031796403829164, -63.65380449488007, 11.227005904599437, 
objectives:
-74.51698472090703, -50.475691473239834, 4041.9436464463874, 

parameters:
-1.4505419258990642, -56.57156287197261, 14.465161224518711, 
objectives:
-68.93265221770035, -30.200162065066678, 3188.980636431822, 

parameters:
1.779972257928816, -17.065913675935974, 8.558864781415789, 
objectives:
-22.456477218355555, -8.458636687239242, 286.8548460520789, 

parameters:
0.29409354831785306, 8.100319875424635, 1.064174029138045, 
objectives:
7.1226368614487745, 12.074610726453452, 65.63749907022351, 

parameters:
2.100675001161047, -60.21073694275203, 19.08045428509118, 
objectives:
-74.87835576734024, -41.12014720180207, 3611.665224364696, 

parameters:
5.603134539913618, -36.38652017569347, 0, 
objectives:
-4.99140350332048, -23.40394166297495, 1356.373967168521, 

parameters:
0.28092744597995223, -74.26660005517596, 7.365332371001269, 
objectives:
-81.5530121962724, -63.94605723818967, 5509.241471614365, 

parameters:
-0.08258242942163796, -78.99630069132989, 18.952769945596675, 
objectives:
-97.94225077927739, -55.70638117039749, 6222.46957282706, 

parameters:
-0.055711718847408664, -71.25455459687578, 3.0940180260400583, 
objectives:
-74.3454688272989, -63.934585899829145, 5075.120636568728, 

parameters:
3.333146468672867, -48.31663554099275, 12.974729208906057, 
objectives:
-50.1814993682724, -33.564626825151755, 2333.632406173844, 

parameters:
3.4713358536607624, -9.887159981912223, 10.2447258075141, 
objectives:
-8.08171318051563, 2.5223950198695224, 100.56137930932312, 

parameters:
4.852734108729197, -37.31626896535613, 11.129271019371146, 
objectives:
-24.89651165470352, -18.048906050878017, 1405.9236868054536, 

parameters:
-1.396439750402606, -76.26461207238873, 19.23915822063158, 
objectives:
-93.55372631651582, -45.48965087364223, 5800.001940307813, 

parameters:
0.8064271774203169, -0.7633261903620137, 15.345426233190505, 
objectives:
-15.45842763107042, 16.006716125629325, -13.112434567815821, 

parameters:
0.5689723711726924, -98.85871553547976, 0.01232922606092713, 
objectives:
-98.5473152023828, -96.79854623495173, 9774.357037658003, 

parameters:
-1.9162345779254224, -26.86924674878898, 20, 
objectives:
-43.19729179115196, 8.46764652054973, 706.6283758049443, 

parameters:
-1.0617500289133743, -95.36590268987277, 7.96153770124908, 
objectives:
-102.2001272672243, -78.03005174907264, 9088.821171276932, 

parameters:
-0.2217147503132691, -97.32077318174227, 10.255360829742962, 
objectives:
-107.52697658097875, -82.12939592023974, 9462.12668929289, 

parameters:
2.7383965301432838, -38.142411447393, 13.84502966214847, 
objectives:
-44.488625553240695, -23.75215234951689, 1449.497336916369, 

parameters:
-1.098901201101721, -96.7196198500373, 5.729551604102651, 
objectives:
-101.24158760435715, -81.38687959174496, 9351.16289618141, 

parameters:
0.5148340765990167, -100, 14.289741101933862, 
objectives:
-114.0246869755063, -83.50454107803465, 9986.975313024495, 

