Generation 2982 at Fri May 24 19:48:25 2019
parameters:
0.051044676920685594, -100.0, 20, 
objectives:
-119.99739444095806, -76.2015731486408, 9981.002605559042, 

parameters:
2.561003977778106, 0.13230998458540455, 7.82996799255477, 
objectives:
-1.138916633774084, 8.277003440223032, -0.2537206863384984, 

parameters:
-1.783544724589134, -5.125882599657636, 20, 
objectives:
-21.944850815047907, 29.18932808330863, 10.455704210082658, 

parameters:
-0.09310337269809921, -0.38187417318528993, 20, 
objectives:
-20.37320593517753, 23.999207555614866, -18.84550387784629, 

parameters:
1.9973066371654076, -100, 0, 
objectives:
-96.01076619713501, -99.99999274579665, 10004.989233802866, 

parameters:
3.900831847352296, -42.879947743297166, 5.131089894711413, 
objectives:
-32.794548536690655, -34.135696136677005, 1849.775317674502, 

parameters:
-1.4505419258990642, -56.57156287197261, 14.465161224518711, 
objectives:
-68.93265221770035, -30.200162065066678, 3188.980636431822, 

parameters:
0.007899632495871112, -93.09046445622724, 20, 
objectives:
-113.09040205203367, -69.12200058201715, 8646.8346350803, 

parameters:
0.29793335167532975, -17.15349149054169, 19.910641659657728, 
objectives:
-36.975368868158924, 5.654181044455214, 275.4203929384689, 

parameters:
3.2765424178487557, -40.571826289031144, 18.234250160646084, 
objectives:
-48.07034623371506, -20.70801558381791, 1639.5745684826347, 

parameters:
0.31953133025148706, -38.029137971869865, 19.357785565149634, 
objectives:
-57.284823266007216, -15.847377456713893, 1427.959649589377, 

parameters:
0.8064271774203169, -0.7633261903620137, 15.345426233190505, 
objectives:
-15.45842763107042, 16.006716125629325, -13.112434567815821, 

parameters:
0.6748662661478524, -9.361186462912826, 0, 
objectives:
-8.905741985728483, -7.605207050319892, 89.08725647060669, 

parameters:
2.5445030661764863, -65.46223766232549, 5.6583496454919135, 
objectives:
-64.64609145403587, -59.50740442775799, 4287.120705967075, 

parameters:
2.100675001161047, -60.21073694275203, 19.08045428509118, 
objectives:
-74.87835576734024, -41.12014720180207, 3611.665224364696, 

parameters:
0.7151695129481372, -90.32990768769706, 0.4459327103251465, 
objectives:
-90.26437296577174, -88.23318559691398, 8160.557757589798, 

parameters:
-0.055711718847408664, -71.25455459687578, 3.0940180260400583, 
objectives:
-74.3454688272989, -63.934585899829145, 5075.120636568728, 

parameters:
-1.9162345779254224, -26.86924674878898, 20, 
objectives:
-43.19729179115196, 8.46764652054973, 706.6283758049443, 

parameters:
1.6330302146613802, -33.32755851074698, 3.963674632679188, 
objectives:
-34.624445461429175, -29.229217054716322, 1110.4292693365815, 

parameters:
-0.2217147503132691, -97.32077318174227, 10.255360829742962, 
objectives:
-107.52697658097875, -82.12939592023974, 9462.12668929289, 

parameters:
-0.7326406441701058, -86.59118960962049, 7.261239174578653, 
objectives:
-93.31566647070915, -71.86262554487142, 7492.309641148157, 

parameters:
0.28092744597995223, -74.26660005517596, 7.365332371001269, 
objectives:
-81.5530121962724, -63.94605723818967, 5509.241471614365, 

parameters:
-1.0617500289133743, -95.36590268987277, 7.96153770124908, 
objectives:
-102.2001272672243, -78.03005174907264, 9088.821171276932, 

parameters:
2.11915049222903, -87.06461928796836, 3.3159264321574495, 
objectives:
-85.88974691141127, -83.73449601601249, 7582.422804135428, 

parameters:
0.42351530679325466, -16.623753090302927, 7.377178886067157, 
objectives:
-23.821566761281897, -6.761270216320603, 270.1513531363771, 

parameters:
2.2137529081475007, -10.987086542991792, 19.871217620956994, 
objectives:
-25.95760222561727, 8.929821383706717, 106.74555502056585, 

parameters:
2.795963583046514, -78.8864271459616, 13.761348296582062, 
objectives:
-84.83036308482136, -64.4915208238433, 6218.124451916248, 

parameters:
-0.08258242942163796, -78.99630069132989, 18.952769945596675, 
objectives:
-97.94225077927739, -55.70638117039749, 6222.46957282706, 

parameters:
1.943807176878907, -64.88012065948003, 18.39864515052391, 
objectives:
-79.500379469118, -46.478317875585795, 4195.809797979048, 

parameters:
3.4357115577117048, -82.42348349942866, 5.372710336011607, 
objectives:
-75.99207992764647, -74.98950548647008, 6801.06203575237, 

parameters:
3.1871636296793455, -81.85701925004507, 18.083582099617026, 
objectives:
-89.78258934731127, -62.3640796667946, 6693.646030404983, 

parameters:
0.5689723711726924, -98.85871553547976, 0.01232922606092713, 
objectives:
-98.5473152023828, -96.79854623495173, 9774.357037658003, 

parameters:
-0.5743701837367731, -58.08783827209711, 3.7262264275327546, 
objectives:
-61.48416359166404, -47.734230001651454, 3371.8006298057426, 

parameters:
1.6212774102335172, -65.13542373411302, 15.562635534461693, 
objectives:
-78.06951882764122, -49.42935739965189, 4230.689329928925, 

parameters:
0.4497204343839703, -96.61214568606174, 3.3272347500881985, 
objectives:
-99.73713196704743, -90.88154420440692, 9331.781707783832, 

parameters:
1.204605757970421, -39.543778706991965, 19.800460645940905, 
objectives:
-57.89316432079738, -19.110666060797254, 1546.3610488137458, 

parameters:
2.382334080749173, -100, 7.687162683995808, 
objectives:
-102.0116470116968, -92.16665796670188, 9998.988352988303, 

