Generation 2985 at Fri May 24 19:48:25 2019
parameters:
0.051044676920685594, -100.0, 20, 
objectives:
-119.99739444095806, -76.2015731486408, 9981.002605559042, 

parameters:
-3.355293012850119, -15.132909172268207, 20, 
objectives:
-23.87491797018738, 33.54625408121309, 221.26293121820004, 

parameters:
2.561003977778106, 0.13230998458540455, 7.82996799255477, 
objectives:
-1.138916633774084, 8.277003440223032, -0.2537206863384984, 

parameters:
-0.09310337269809921, -0.38187417318528993, 20, 
objectives:
-20.37320593517753, 23.999207555614866, -18.84550387784629, 

parameters:
1.9973066371654076, -100, 0, 
objectives:
-96.01076619713501, -99.99999274579665, 10004.989233802866, 

parameters:
0.6748662661478524, -9.361186462912826, 0, 
objectives:
-8.905741985728483, -7.605207050319892, 89.08725647060669, 

parameters:
1.503627010537078, -55.1043653334308, 18.70217501011528, 
objectives:
-71.5456461567294, -36.15580417864716, 3021.049797976911, 

parameters:
0.007899632495871112, -93.09046445622724, 20, 
objectives:
-113.09040205203367, -69.12200058201715, 8646.8346350803, 

parameters:
-1.9162345779254224, -26.86924674878898, 20, 
objectives:
-43.19729179115196, 8.46764652054973, 706.6283758049443, 

parameters:
-1.7213288419149133, -77.83638872729423, 7.66965698881099, 
objectives:
-82.54307273409708, -56.31844338881545, 6054.796726099654, 

parameters:
0.29793335167532975, -17.15349149054169, 19.910641659657728, 
objectives:
-36.975368868158924, 5.654181044455214, 275.4203929384689, 

parameters:
0.7151695129481372, -90.32990768769706, 0.4459327103251465, 
objectives:
-90.26437296577174, -88.23318559691398, 8160.557757589798, 

parameters:
0.8064271774203169, -0.7633261903620137, 15.345426233190505, 
objectives:
-15.45842763107042, 16.006716125629325, -13.112434567815821, 

parameters:
3.4357115577117048, -82.42348349942866, 5.372710336011607, 
objectives:
-75.99207992764647, -74.98950548647008, 6801.06203575237, 

parameters:
0.28092744597995223, -74.26660005517596, 7.365332371001269, 
objectives:
-81.5530121962724, -63.94605723818967, 5509.241471614365, 

parameters:
-1.1509950821002348, -60.157081454194056, 2.944865562861748, 
objectives:
-61.77715733803688, -47.283445883912435, 3618.2543732026957, 

parameters:
0.31953133025148706, -38.029137971869865, 19.357785565149634, 
objectives:
-57.284823266007216, -15.847377456713893, 1427.959649589377, 

parameters:
-0.055711718847408664, -71.25455459687578, 3.0940180260400583, 
objectives:
-74.3454688272989, -63.934585899829145, 5075.120636568728, 

parameters:
-0.2217147503132691, -97.32077318174227, 10.255360829742962, 
objectives:
-107.52697658097875, -82.12939592023974, 9462.12668929289, 

parameters:
3.900831847352296, -42.879947743297166, 5.131089894711413, 
objectives:
-32.794548536690655, -34.135696136677005, 1849.775317674502, 

parameters:
-1.0617500289133743, -95.36590268987277, 7.96153770124908, 
objectives:
-102.2001272672243, -78.03005174907264, 9088.821171276932, 

parameters:
-4.041388373322197, -83.74014908113018, 20, 
objectives:
-87.40732909710636, -27.241775603817565, 7009.745388113932, 

parameters:
3.527489582751407, -46.187536621775344, 0.8940485471601843, 
objectives:
-34.63840241251583, -42.960263649201096, 2145.837673397098, 

parameters:
3.2765424178487557, -40.571826289031144, 18.234250160646084, 
objectives:
-48.07034623371506, -20.70801558381791, 1639.5745684826347, 

parameters:
2.6948841837752253, -63.489134647168754, 9.003765603997726, 
objectives:
-65.23049948720461, -54.00250501431007, 4030.1288534062883, 

parameters:
1.1331794027493927, -100, 8.772114856190546, 
objectives:
-107.48801929737508, -90.47650719599156, 9993.511980702626, 

parameters:
-1.5398730885332803, -67.35502499016674, 19.870190420359055, 
objectives:
-84.85400628173677, -34.954133086885534, 4520.2004101344155, 

parameters:
1.6330302146613802, -33.32755851074698, 3.963674632679188, 
objectives:
-34.624445461429175, -29.229217054716322, 1110.4292693365815, 

parameters:
1.0276571259697547, -93.95333337241833, 7.6703103775059915, 
objectives:
-100.56756458136789, -85.33757233023493, 8821.614620579827, 

parameters:
2.100675001161047, -60.21073694275203, 19.08045428509118, 
objectives:
-74.87835576734024, -41.12014720180207, 3611.665224364696, 

parameters:
2.4456097966102592, -37.23341778874577, 20, 
objectives:
-51.25241051146969, -17.03484969791073, 1373.308407508566, 

parameters:
4.799871493486583, -86.2254778345179, 2.4056372839205036, 
objectives:
-65.59234876445329, -75.98056017055862, 7456.466156861003, 

parameters:
2.11915049222903, -87.06461928796836, 3.3159264321574495, 
objectives:
-85.88974691141127, -83.73449601601249, 7582.422804135428, 

parameters:
-2.96713563618853, -64.54457773783763, 19.925233481417504, 
objectives:
-75.66591733571522, -19.94690782812609, 4155.881175757887, 

parameters:
4.137998684825373, -16.567914680453818, 19.777654755931945, 
objectives:
-19.222536320769247, 7.78077845179315, 272.8411752184817, 

parameters:
-0.40136264555095114, -45.1948538290519, 5.21229511033223, 
objectives:
-50.24605696614047, -34.21601616327221, 2038.5236094922786, 

