Generation 2989 at Fri May 24 19:48:25 2019
parameters:
2.561003977778106, 0.13230998458540455, 7.82996799255477, 
objectives:
-1.138916633774084, 8.277003440223032, -0.2537206863384984, 

parameters:
0.051044676920685594, -100.0, 20, 
objectives:
-119.99739444095806, -76.2015731486408, 9981.002605559042, 

parameters:
-0.09310337269809921, -0.38187417318528993, 20, 
objectives:
-20.37320593517753, 23.999207555614866, -18.84550387784629, 

parameters:
1.9973066371654076, -100, 0, 
objectives:
-96.01076619713501, -99.99999274579665, 10004.989233802866, 

parameters:
1.503627010537078, -55.1043653334308, 18.70217501011528, 
objectives:
-71.5456461567294, -36.15580417864716, 3021.049797976911, 

parameters:
-0.055711718847408664, -71.25455459687578, 3.0940180260400583, 
objectives:
-74.3454688272989, -63.934585899829145, 5075.120636568728, 

parameters:
0.31953133025148706, -38.029137971869865, 19.357785565149634, 
objectives:
-57.284823266007216, -15.847377456713893, 1427.959649589377, 

parameters:
-1.1509950821002348, -60.157081454194056, 2.944865562861748, 
objectives:
-61.77715733803688, -47.283445883912435, 3618.2543732026957, 

parameters:
-4.041388373322197, -83.74014908113018, 20, 
objectives:
-87.40732909710636, -27.241775603817565, 7009.745388113932, 

parameters:
3.2765424178487557, -40.571826289031144, 18.234250160646084, 
objectives:
-48.07034623371506, -20.70801558381791, 1639.5745684826347, 

parameters:
0.007899632495871112, -93.09046445622724, 20, 
objectives:
-113.09040205203367, -69.12200058201715, 8646.8346350803, 

parameters:
0.7151695129481372, -90.32990768769706, 0.4459327103251465, 
objectives:
-90.26437296577174, -88.23318559691398, 8160.557757589798, 

parameters:
1.001404227149739, -87.2562224024856, 6.821480407947214, 
objectives:
-93.07489238427947, -79.43754847698398, 7608.829677970238, 

parameters:
1.0276571259697547, -93.95333337241833, 7.6703103775059915, 
objectives:
-100.56756458136789, -85.33757233023493, 8821.614620579827, 

parameters:
2.7283948859333216, -24.482028742966673, 20, 
objectives:
-37.03789008937957, -3.9514696331128576, 587.8138700250333, 

parameters:
-0.2217147503132691, -97.32077318174227, 10.255360829742962, 
objectives:
-107.52697658097875, -82.12939592023974, 9462.12668929289, 

parameters:
-0.44607926810953935, -63.800969030787115, 2.620310672798871, 
objectives:
-66.22229299014884, -55.19735457211294, 4069.1423253080948, 

parameters:
2.553785211874252, -45.27818792808681, 3.560857517178128, 
objectives:
-42.31722653687732, -41.41065235001807, 2054.075263442355, 

parameters:
3.527489582751407, -46.187536621775344, 0.8940485471601843, 
objectives:
-34.63840241251583, -42.960263649201096, 2145.837673397098, 

parameters:
-1.7213288419149133, -77.83638872729423, 7.66965698881099, 
objectives:
-82.54307273409708, -56.31844338881545, 6054.796726099654, 

parameters:
0.6748662661478524, -9.361186462912826, 0, 
objectives:
-8.905741985728483, -7.605207050319892, 89.08725647060669, 

parameters:
0.6084897575822517, -100, 6.0278974877052, 
objectives:
-105.6576377026227, -92.0358017575413, 9995.342362297377, 

parameters:
0.28092744597995223, -74.26660005517596, 7.365332371001269, 
objectives:
-81.5530121962724, -63.94605723818967, 5509.241471614365, 

parameters:
1.3625621544370188, -76.8482219384979, 3.807680429626418, 
objectives:
-78.79932674342027, -72.63421450191551, 5904.698110303709, 

parameters:
0.8064271774203169, -0.7633261903620137, 15.345426233190505, 
objectives:
-15.45842763107042, 16.006716125629325, -13.112434567815821, 

parameters:
1.6330302146613802, -33.32755851074698, 3.963674632679188, 
objectives:
-34.624445461429175, -29.229217054716322, 1110.4292693365815, 

parameters:
0.4358207771929634, -79.39451320835052, 0, 
objectives:
-79.20457345851744, -76.94785656728929, 6304.678667340778, 

parameters:
-1.4514323675981253, -19.45076792475804, 3.286542549890229, 
objectives:
-20.63065455693677, -4.25183998676381, 378.1524862306175, 

parameters:
2.6948841837752253, -63.489134647168754, 9.003765603997726, 
objectives:
-65.23049948720461, -54.00250501431007, 4030.1288534062883, 

parameters:
-1.2696225066355542, -9.800653034975538, 20.0, 
objectives:
-28.18871172561999, 20.889778300922224, 78.66474122133076, 

parameters:
-0.5601510274964128, -24.737730416864085, 9.3097487405822, 
objectives:
-33.733709983840996, -8.873608392690947, 603.9593266104656, 

parameters:
3.900831847352296, -42.879947743297166, 5.131089894711413, 
objectives:
-32.794548536690655, -34.135696136677005, 1849.775317674502, 

parameters:
-0.7749961068374186, -11.346852703220996, 20, 
objectives:
-30.74623373760784, 16.353750689741833, 110.3516852342068, 

parameters:
1.2487562306804518, -10.537647202322354, 19.88259789612296, 
objectives:
-28.860852974782063, 9.909317894742047, 93.71880278815242, 

parameters:
2.445757577242113, -100, 16.399699957695695, 
objectives:
-110.41796983105849, -83.40160022463556, 9990.582030168942, 

parameters:
0.33972543511959796, -45.77222780647407, 20.0, 
objectives:
-65.65681443520687, -23.015716175685263, 2076.2122517390253, 

