Generation 2991 at Fri May 24 19:48:25 2019
parameters:
2.561003977778106, 0.13230998458540455, 7.82996799255477, 
objectives:
-1.138916633774084, 8.277003440223032, -0.2537206863384984, 

parameters:
0.051044676920685594, -100.0, 20, 
objectives:
-119.99739444095806, -76.2015731486408, 9981.002605559042, 

parameters:
-0.09310337269809921, -0.38187417318528993, 20, 
objectives:
-20.37320593517753, 23.999207555614866, -18.84550387784629, 

parameters:
1.9973066371654076, -100, 0, 
objectives:
-96.01076619713501, -99.99999274579665, 10004.989233802866, 

parameters:
-0.2217147503132691, -97.32077318174227, 10.255360829742962, 
objectives:
-107.52697658097875, -82.12939592023974, 9462.12668929289, 

parameters:
-0.055711718847408664, -71.25455459687578, 3.0940180260400583, 
objectives:
-74.3454688272989, -63.934585899829145, 5075.120636568728, 

parameters:
0.7151695129481372, -90.32990768769706, 0.4459327103251465, 
objectives:
-90.26437296577174, -88.23318559691398, 8160.557757589798, 

parameters:
2.553785211874252, -45.27818792808681, 3.560857517178128, 
objectives:
-42.31722653687732, -41.41065235001807, 2054.075263442355, 

parameters:
1.503627010537078, -55.1043653334308, 18.70217501011528, 
objectives:
-71.5456461567294, -36.15580417864716, 3021.049797976911, 

parameters:
0.31953133025148706, -38.029137971869865, 19.357785565149634, 
objectives:
-57.284823266007216, -15.847377456713893, 1427.959649589377, 

parameters:
0.007899632495871112, -93.09046445622724, 20, 
objectives:
-113.09040205203367, -69.12200058201715, 8646.8346350803, 

parameters:
1.0276571259697547, -93.95333337241833, 7.6703103775059915, 
objectives:
-100.56756458136789, -85.33757233023493, 8821.614620579827, 

parameters:
-4.041388373322197, -83.74014908113018, 20, 
objectives:
-87.40732909710636, -27.241775603817565, 7009.745388113932, 

parameters:
0.8058560535287596, -37.48145356425552, 14.347632721591916, 
objectives:
-51.17968230683849, -21.707841077769693, 1392.1611325468596, 

parameters:
1.6330302146613802, -33.32755851074698, 3.963674632679188, 
objectives:
-34.624445461429175, -29.229217054716322, 1110.4292693365815, 

parameters:
3.4780890176485624, -50.373834287544085, 0, 
objectives:
-38.27673107285654, -48.18908714345079, 2550.62028404364, 

parameters:
-1.1509950821002348, -60.157081454194056, 2.944865562861748, 
objectives:
-61.77715733803688, -47.283445883912435, 3618.2543732026957, 

parameters:
-0.44607926810953935, -63.800969030787115, 2.620310672798871, 
objectives:
-66.22229299014884, -55.19735457211294, 4069.1423253080948, 

parameters:
3.130029727647429, -27.623650332257718, 5.836694477583823, 
objectives:
-23.663258713884904, -20.509988669306974, 768.0264492972148, 

parameters:
1.001404227149739, -87.2562224024856, 6.821480407947214, 
objectives:
-93.07489238427947, -79.43754847698398, 7608.829677970238, 

parameters:
3.1104347488565565, -9.160310305503632, 10.313265613980345, 
objectives:
-9.798771592589627, 2.386020639944837, 84.27282360603004, 

parameters:
-1.2696225066355542, -9.800653034975538, 20.0, 
objectives:
-28.18871172561999, 20.889778300922224, 78.66474122133076, 

parameters:
0.8064271774203169, -0.7633261903620137, 15.345426233190505, 
objectives:
-15.45842763107042, 16.006716125629325, -13.112434567815821, 

parameters:
3.414942736580355, -56.43408217329669, 10.249611489454342, 
objectives:
-55.021859768628104, -44.182407736040844, 3187.2178531470718, 

parameters:
0.28092744597995223, -74.26660005517596, 7.365332371001269, 
objectives:
-81.5530121962724, -63.94605723818967, 5509.241471614365, 

parameters:
2.6948841837752253, -63.489134647168754, 9.003765603997726, 
objectives:
-65.23049948720461, -54.00250501431007, 4030.1288534062883, 

parameters:
0.6748662661478524, -9.361186462912826, 0, 
objectives:
-8.905741985728483, -7.605207050319892, 89.08725647060669, 

parameters:
0.4358207771929634, -79.39451320835052, 0, 
objectives:
-79.20457345851744, -76.94785656728929, 6304.678667340778, 

parameters:
2.7283948859333216, -24.482028742966673, 20, 
objectives:
-37.03789008937957, -3.9514696331128576, 587.8138700250333, 

parameters:
-1.7213288419149133, -77.83638872729423, 7.66965698881099, 
objectives:
-82.54307273409708, -56.31844338881545, 6054.796726099654, 

parameters:
-1.00601544589389, -85.16266353609436, 0.6338036119510898, 
objectives:
-84.78440007066837, -75.49273106319062, 7254.057524027441, 

parameters:
-2.9934387828705153, -18.102876429968436, 9.787214297075568, 
objectives:
-18.92941498025069, 16.618768745382507, 327.88759648842444, 

parameters:
1.3625621544370188, -76.8482219384979, 3.807680429626418, 
objectives:
-78.79932674342027, -72.63421450191551, 5904.698110303709, 

parameters:
0.09499298264606448, -8.101422987651048, 0, 
objectives:
-8.092399320899053, -4.472371251483311, 66.64207809159284, 

parameters:
3.527489582751407, -46.187536621775344, 0.8940485471601843, 
objectives:
-34.63840241251583, -42.960263649201096, 2145.837673397098, 

parameters:
1.5951548433930762, -76.36657459183084, 5.55622897586726, 
objectives:
-79.3782845932977, -70.6464460151355, 5829.842004888197, 

parameters:
1.859411523932188, -86.36845629053552, 0, 
objectives:
-82.9110450752037, -86.34869117093245, 7463.967653225476, 

parameters:
-1.4514323675981253, -19.45076792475804, 3.286542549890229, 
objectives:
-20.63065455693677, -4.25183998676381, 378.1524862306175, 

