Generation 2993 at Fri May 24 19:48:25 2019
parameters:
2.561003977778106, 0.13230998458540455, 7.82996799255477, 
objectives:
-1.138916633774084, 8.277003440223032, -0.2537206863384984, 

parameters:
0.051044676920685594, -100.0, 20, 
objectives:
-119.99739444095806, -76.2015731486408, 9981.002605559042, 

parameters:
-0.09310337269809921, -0.38187417318528993, 20, 
objectives:
-20.37320593517753, 23.999207555614866, -18.84550387784629, 

parameters:
1.9973066371654076, -100, 0, 
objectives:
-96.01076619713501, -99.99999274579665, 10004.989233802866, 

parameters:
2.553785211874252, -45.27818792808681, 3.560857517178128, 
objectives:
-42.31722653687732, -41.41065235001807, 2054.075263442355, 

parameters:
-0.055711718847408664, -71.25455459687578, 3.0940180260400583, 
objectives:
-74.3454688272989, -63.934585899829145, 5075.120636568728, 

parameters:
0.007899632495871112, -93.09046445622724, 20, 
objectives:
-113.09040205203367, -69.12200058201715, 8646.8346350803, 

parameters:
-0.2217147503132691, -97.32077318174227, 10.255360829742962, 
objectives:
-107.52697658097875, -82.12939592023974, 9462.12668929289, 

parameters:
0.7151695129481372, -90.32990768769706, 0.4459327103251465, 
objectives:
-90.26437296577174, -88.23318559691398, 8160.557757589798, 

parameters:
1.503627010537078, -55.1043653334308, 18.70217501011528, 
objectives:
-71.5456461567294, -36.15580417864716, 3021.049797976911, 

parameters:
0.6748662661478524, -9.361186462912826, 0, 
objectives:
-8.905741985728483, -7.605207050319892, 89.08725647060669, 

parameters:
1.6330302146613802, -33.32755851074698, 3.963674632679188, 
objectives:
-34.624445461429175, -29.229217054716322, 1110.4292693365815, 

parameters:
1.001404227149739, -87.2562224024856, 6.821480407947214, 
objectives:
-93.07489238427947, -79.43754847698398, 7608.829677970238, 

parameters:
0.8058560535287596, -37.48145356425552, 14.347632721591916, 
objectives:
-51.17968230683849, -21.707841077769693, 1392.1611325468596, 

parameters:
0.31953133025148706, -38.029137971869865, 19.357785565149634, 
objectives:
-57.284823266007216, -15.847377456713893, 1427.959649589377, 

parameters:
3.0737262340479377, -82.36613014960507, 19.60515414883513, 
objectives:
-92.52349133656568, -61.60808797508717, 6775.0220346347205, 

parameters:
1.0812944637631938, -94.8480689443472, 4.318374689456438, 
objectives:
-97.9972459164387, -89.68567439257862, 8994.00700549955, 

parameters:
2.7283948859333216, -24.482028742966673, 20, 
objectives:
-37.03789008937957, -3.9514696331128576, 587.8138700250333, 

parameters:
4.869713487847797, -75.28863044922912, 1.6509198874036262, 
objectives:
-53.22544088290599, -65.40245505948992, 5691.441064486912, 

parameters:
-1.1509950821002348, -60.157081454194056, 2.944865562861748, 
objectives:
-61.77715733803688, -47.283445883912435, 3618.2543732026957, 

parameters:
-0.44607926810953935, -63.800969030787115, 2.620310672798871, 
objectives:
-66.22229299014884, -55.19735457211294, 4069.1423253080948, 

parameters:
0.6507206712488728, -79.89255901430207, 4.219463790352186, 
objectives:
-83.68858541266366, -73.85254051695479, 6380.024959455377, 

parameters:
1.3870002823297924, -16.078903064436563, 18.72206849279491, 
objectives:
-32.87720177404855, 3.0189340822221027, 242.73282504593556, 

parameters:
3.4780890176485624, -50.373834287544085, 0, 
objectives:
-38.27673107285654, -48.18908714345079, 2550.62028404364, 

parameters:
-1.306217093772704, -95.35604342543571, 9.12189810443043, 
objectives:
-102.77173843380213, -75.30307384985046, 9086.359322745215, 

parameters:
0.7001192467871835, -12.923224412676822, 12.691707801757122, 
objectives:
-25.12476525471209, 1.4581733616534187, 155.80818837837091, 

parameters:
-1.2696225066355542, -9.800653034975538, 20.0, 
objectives:
-28.18871172561999, 20.889778300922224, 78.66474122133076, 

parameters:
0.4358207771929634, -79.39451320835052, 0, 
objectives:
-79.20457345851744, -76.94785656728929, 6304.678667340778, 

parameters:
-1.7213288419149133, -77.83638872729423, 7.66965698881099, 
objectives:
-82.54307273409708, -56.31844338881545, 6054.796726099654, 

parameters:
-1.5694164087197655, -48.286245809813686, 16.795147595437744, 
objectives:
-62.61832554129258, -18.750364715538037, 2318.2294546742705, 

parameters:
-1.0241839469731262, -50.152999113059025, 7.418510567601408, 
objectives:
-56.52255692342298, -33.58880000032766, 2509.9537622241355, 

parameters:
3.2112822118850466, -5.9723245886298635, 20.0, 
objectives:
-15.659991144260546, 15.494880008199267, 26.980994436322185, 

parameters:
0.6661761963145276, -62.032812229734326, 2.78965990533686, 
objectives:
-64.3786814105351, -57.46406638511948, 3846.7239239486757, 

parameters:
0.8064271774203169, -0.7633261903620137, 15.345426233190505, 
objectives:
-15.45842763107042, 16.006716125629325, -13.112434567815821, 

parameters:
2.6948841837752253, -63.489134647168754, 9.003765603997726, 
objectives:
-65.23049948720461, -54.00250501431007, 4030.1288534062883, 

