Generation 2998 at Fri May 24 19:48:25 2019
parameters:
0.051044676920685594, -100.0, 20, 
objectives:
-119.99739444095806, -76.2015731486408, 9981.002605559042, 

parameters:
2.561003977778106, 0.13230998458540455, 7.82996799255477, 
objectives:
-1.138916633774084, 8.277003440223032, -0.2537206863384984, 

parameters:
-1.7032820578556849, -5.969434614785456, 19.526622129065473, 
objectives:
-22.59488697523783, 27.271485514315852, 20.008697259746405, 

parameters:
-0.09310337269809921, -0.38187417318528993, 20, 
objectives:
-20.37320593517753, 23.999207555614866, -18.84550387784629, 

parameters:
1.9973066371654076, -100, 0, 
objectives:
-96.01076619713501, -99.99999274579665, 10004.989233802866, 

parameters:
2.553785211874252, -45.27818792808681, 3.560857517178128, 
objectives:
-42.31722653687732, -41.41065235001807, 2054.075263442355, 

parameters:
-0.7177474271267007, -5.04051721549221, 9.43426588013352, 
objectives:
-13.959621726478732, 11.779899742295111, 17.487709288686823, 

parameters:
1.0812944637631938, -94.8480689443472, 4.318374689456438, 
objectives:
-97.9972459164387, -89.68567439257862, 8994.00700549955, 

parameters:
0.8058560535287596, -37.48145356425552, 14.347632721591916, 
objectives:
-51.17968230683849, -21.707841077769693, 1392.1611325468596, 

parameters:
0.007899632495871112, -93.09046445622724, 20, 
objectives:
-113.09040205203367, -69.12200058201715, 8646.8346350803, 

parameters:
0.31953133025148706, -38.029137971869865, 19.357785565149634, 
objectives:
-57.284823266007216, -15.847377456713893, 1427.959649589377, 

parameters:
2.7283948859333216, -24.482028742966673, 20, 
objectives:
-37.03789008937957, -3.9514696331128576, 587.8138700250333, 

parameters:
1.503627010537078, -55.1043653334308, 18.70217501011528, 
objectives:
-71.5456461567294, -36.15580417864716, 3021.049797976911, 

parameters:
3.8935902413401187, -79.10359931401128, 0, 
objectives:
-63.943554346552276, -75.51791531191274, 6273.539469399104, 

parameters:
4.869713487847797, -75.28863044922912, 1.6509198874036262, 
objectives:
-53.22544088290599, -65.40245505948992, 5691.441064486912, 

parameters:
-0.2217147503132691, -97.32077318174227, 10.255360829742962, 
objectives:
-107.52697658097875, -82.12939592023974, 9462.12668929289, 

parameters:
-1.5700855685159547, -69.02934460103693, 3.105235414410107, 
objectives:
-69.66941132298496, -53.17859822010092, 4765.410349326757, 

parameters:
-1.2696225066355542, -9.800653034975538, 20.0, 
objectives:
-28.18871172561999, 20.889778300922224, 78.66474122133076, 

parameters:
1.6330302146613802, -33.32755851074698, 3.963674632679188, 
objectives:
-34.624445461429175, -29.229217054716322, 1110.4292693365815, 

parameters:
0.7151695129481372, -90.32990768769706, 0.4459327103251465, 
objectives:
-90.26437296577174, -88.23318559691398, 8160.557757589798, 

parameters:
-0.6498348978870518, -52.52659472025459, 17.87152446091834, 
objectives:
-69.97583378666106, -27.63344527327617, 2742.5939138394715, 

parameters:
0.4531897530734985, -72.45191930802513, 12.254159179708422, 
objectives:
-84.50069753544273, -57.80513818831987, 5238.2318331891665, 

parameters:
2.3019837221353128, -59.74783830853025, 15.604658595734902, 
objectives:
-70.0533678472892, -44.05198554436065, 3560.4986530035158, 

parameters:
-0.6850856979045798, -66.21247818603895, 19.490285184793915, 
objectives:
-85.23342095735947, -39.512507796153315, 4366.071324765363, 

parameters:
-0.44607926810953935, -63.800969030787115, 2.620310672798871, 
objectives:
-66.22229299014884, -55.19735457211294, 4069.1423253080948, 

parameters:
3.0737262340479377, -82.36613014960507, 19.60515414883513, 
objectives:
-92.52349133656568, -61.60808797508717, 6775.0220346347205, 

parameters:
1.8048216266367778, -64.73472442078796, 19.527695731716374, 
objectives:
-81.0050390485285, -45.16893409164287, 4175.31423120762, 

parameters:
-0.055711718847408664, -71.25455459687578, 3.0940180260400583, 
objectives:
-74.3454688272989, -63.934585899829145, 5075.120636568728, 

parameters:
1.4794568882310313, -86.18718635512056, 12.79720220929693, 
objectives:
-96.79559588028324, -73.11901901461351, 7418.622682287117, 

parameters:
1.3870002823297924, -16.078903064436563, 18.72206849279491, 
objectives:
-32.87720177404855, 3.0189340822221027, 242.73282504593556, 

parameters:
2.514246200474549, -18.277262442834754, 9.380526617384328, 
objectives:
-21.336355103618374, -8.632286670747915, 331.99922974347425, 

parameters:
-0.989595547286952, -100, 5.760446503209752, 
objectives:
-104.78114715599959, -85.30187196043228, 9996.218852844002, 

parameters:
-0.6173499281802206, -23.806350495741007, 2.4915299739286407, 
objectives:
-25.91675953584552, -14.46429987526736, 565.6319148859636, 

parameters:
2.2912680799428675, -81.73860467923691, 2.897904519599192, 
objectives:
-79.38659978467103, -78.75586306524411, 6684.551499803137, 

parameters:
1.001404227149739, -87.2562224024856, 6.821480407947214, 
objectives:
-93.07489238427947, -79.43754847698398, 7608.829677970238, 

parameters:
2.430760318731778, -86.62108648435911, 9.231626255683278, 
objectives:
-89.94411701292138, -77.20390577648193, 7500.889593202258, 

parameters:
1.1234223610468335, -15.418508175205888, 20, 
objectives:
-34.15643037390585, 5.349880181906819, 219.99247215019085, 

parameters:
0.6811293082314411, -100, 17.716438245993572, 
objectives:
-117.25250111146173, -80.54414185240034, 9983.747498888537, 

parameters:
0.8520147534032774, -100, 16.554752707205193, 
objectives:
-115.82882356718835, -82.12737716639107, 9985.171176432812, 

