Generation 300 at Sat May 25 04:36:27 2019
parameters:
0, 0.0, 20.0, 
objectives:
-20.0, 24.0, -19.0, 

parameters:
0, 0.0, 20.0, 
objectives:
-20.0, 24.0, -19.0, 

parameters:
1.9971487895634539, 0.0, 20.0, 
objectives:
-16.01139671234523, 20.000008129400953, -15.011396712345231, 

parameters:
0.75663710737892, 0.0, 20.0, 
objectives:
-19.42750028773726, 21.54595128274706, -18.42750028773726, 

parameters:
1.373814430442948, 0.0, 20.0, 
objectives:
-18.11263391070672, 20.39210836752149, -17.11263391070672, 

parameters:
1.2660118270969263, 0.0, 20.0, 
objectives:
-18.397214053650703, 20.538738637961593, -17.397214053650703, 

parameters:
0.5629338357124491, 0.0, 20.0, 
objectives:
-19.683105496610068, 22.065159160540134, -18.683105496610068, 

parameters:
0.9986732321433482, 0.0, 20.0, 
objectives:
-19.00265177540036, 21.002655296026248, -18.00265177540036, 

parameters:
1.4442156719816168, 0.0, 20.0, 
objectives:
-17.914241092802687, 20.308896219270846, -16.914241092802687, 

parameters:
1.1013838596672787, 0.0, 20.0, 
objectives:
-18.786953593664407, 20.807510967666477, -17.786953593664407, 

parameters:
0.9215828293178759, 0.0, 20.0, 
objectives:
-19.15068508870646, 21.162983594022037, -18.15068508870646, 

parameters:
0.3943063053862749, 0.0, 20.0, 
objectives:
-19.844522537532626, 22.578252240922275, -18.844522537532626, 

parameters:
0.832225688143332, 0.0, 20.0, 
objectives:
-19.307400403994357, 21.363696843432315, -18.307400403994357, 

parameters:
1.7592491169491031, 0.0, 20.0, 
objectives:
-16.9050425445138, 20.057960987689786, -15.905042544513801, 

parameters:
1.5205528087012286, 0.0, 20.0, 
objectives:
-17.687919155950805, 20.229869609244282, -16.687919155950805, 

parameters:
0.2750110569983705, 0.0, 20.0, 
objectives:
-19.92436891852864, 22.97558685347788, -18.92436891852864, 

parameters:
0.1522616043796915, 0.0, 20.0, 
objectives:
-19.976816403831723, 23.41413717864951, -18.976816403831723, 

parameters:
1.824899139794247, 0.0, 20.0, 
objectives:
-16.66974312957822, 20.030660311244795, -15.669743129578219, 

parameters:
0.4762166773430009, 0.0, 20.0, 
objectives:
-19.77321767622039, 22.321915614407605, -18.77321767622039, 

parameters:
1.195194557906472, 0.0, 20.0, 
objectives:
-18.571509968750753, 20.64771179962336, -17.571509968750753, 

parameters:
1.569307494136438, 0.0, 20.0, 
objectives:
-17.537273988847215, 20.185496034607034, -16.537273988847215, 

parameters:
0.00298176253223838, 0.0, 20.0, 
objectives:
-19.9999911090922, 23.988081840778847, -18.9999911090922, 

parameters:
1.888708405421349, 0.0, 20.0, 
objectives:
-16.432780559290745, 20.01238581902386, -15.432780559290745, 

parameters:
1.1591231588765583, 0.0, 20.0, 
objectives:
-18.65643350255603, 20.707073861937737, -17.65643350255603, 

parameters:
1.9287673890567498, 0.0, 20.0, 
objectives:
-16.279856358911207, 20.005074084861793, -15.279856358911209, 

parameters:
1.646772395261787, 0.0, 20.0, 
objectives:
-17.288140678203757, 20.124769740749095, -16.288140678203757, 

parameters:
1.615800393314202, 0.0, 20.0, 
objectives:
-17.38918908896567, 20.14760933777752, -16.38918908896567, 

parameters:
1.9635454708216187, 0.0, 20.0, 
objectives:
-16.144489184015907, 20.001328932697618, -15.144489184015908, 

parameters:
1.8523833821745552, 0.0, 20.0, 
objectives:
-16.568675805443554, 20.021790665858223, -15.568675805443556, 

parameters:
1.7083150173116282, 0.0, 20.0, 
objectives:
-17.081659801627573, 20.085080129125917, -16.081659801627573, 

parameters:
1.6960111201306476, 0.0, 20.0, 
objectives:
-17.123546280393185, 20.092409239084223, -16.123546280393185, 

parameters:
0.5377568493985063, 0.0, 20.0, 
objectives:
-19.71081757092499, 22.138155031480984, -18.71081757092499, 

parameters:
0.23414864715955855, 0.0, 20.0, 
objectives:
-19.94517441103335, 23.118231000328418, -18.94517441103335, 

parameters:
0.17637909550073347, 0.0, 20.0, 
objectives:
-19.968890414670344, 23.325593203326722, -18.968890414670344, 

parameters:
0.21278424913039465, 0.0, 20.0, 
objectives:
-19.954722863322015, 23.194140140156406, -18.954722863322015, 

parameters:
0, 0.0, 20.0, 
objectives:
-20.0, 24.0, -19.0, 

parameters:
0, 0.0, 20.0, 
objectives:
-20.0, 24.0, -19.0, 

