Generation 303 at Fri May 24 19:55:17 2019
parameters:
0, 0.0, 20.0, 
objectives:
-20.0, 24.0, -19.0, 

parameters:
0, 0.0, 20.0, 
objectives:
-20.0, 24.0, -19.0, 

parameters:
1.9979647189482492, 0.0, 20.0, 
objectives:
-16.008136981838042, 20.000004142368958, -15.008136981838044, 

parameters:
1.641034592035249, 0.0, 20.0, 
objectives:
-17.307005467743704, 20.1288561641153, -16.307005467743704, 

parameters:
1.742680946145222, 0.0, 20.0, 
objectives:
-16.963063119942394, 20.06621309547672, -15.963063119942394, 

parameters:
1.8458728390924775, 0.0, 20.0, 
objectives:
-16.592753461900678, 20.023755181729413, -15.592753461900678, 

parameters:
0.3379898920783342, 0.0, 20.0, 
objectives:
-19.885762832852876, 22.762277598833787, -18.885762832852876, 

parameters:
0.5294199315843638, 0.0, 20.0, 
objectives:
-19.719714536041206, 22.162605737621337, -18.71971453604121, 

parameters:
1.041911954158755, 0.0, 20.0, 
objectives:
-18.914419479781085, 20.917932703583897, -17.914419479781085, 

parameters:
1.7767444735156113, 0.0, 20.0, 
objectives:
-16.843179075831735, 20.049843030105823, -15.843179075831733, 

parameters:
1.5049582684031066, 0.0, 20.0, 
objectives:
-17.735100610365123, 20.245066316022452, -16.735100610365123, 

parameters:
0.268390902422898, 0.0, 20.0, 
objectives:
-19.927966323496623, 22.998470066811787, -18.927966323496623, 

parameters:
0.6320649833735504, 0.0, 20.0, 
objectives:
-19.600493856792994, 21.871246209712805, -18.600493856792994, 

parameters:
1.9244838133571012, 0.0, 20.0, 
objectives:
-16.29636205212651, 20.005702694445084, -15.29636205212651, 

parameters:
0.7544164023821193, 0.0, 20.0, 
objectives:
-19.43085589181682, 21.551478498654703, -18.43085589181682, 

parameters:
0.677432833075641, 0.0, 20.0, 
objectives:
-19.54108475667111, 21.749183911026325, -18.54108475667111, 

parameters:
1.3186968458440538, 0.0, 20.0, 
objectives:
-18.261038628760943, 20.464173987862843, -17.261038628760943, 

parameters:
1.3844025503846022, 0.0, 20.0, 
objectives:
-18.08342957848861, 20.37896021997298, -17.08342957848861, 

parameters:
1.4539209216294096, 0.0, 20.0, 
objectives:
-17.886113953648287, 20.29820235983407, -16.886113953648287, 

parameters:
0.458266299161473, 0.0, 20.0, 
objectives:
-19.789991999052848, 22.37694280430126, -18.789991999052848, 

parameters:
1.9028055079660224, 0.0, 20.0, 
objectives:
-16.379331198854167, 20.009446769281745, -15.379331198854167, 

parameters:
0.9654695117819925, 0.0, 20.0, 
objectives:
-19.067868621819443, 21.07025333105259, -18.067868621819443, 

parameters:
0.10112123273226875, 0.0, 20.0, 
objectives:
-19.989774496290707, 23.605740572780217, -18.989774496290707, 

parameters:
0.16522463357508504, 0.0, 20.0, 
objectives:
-19.97270082045998, 23.36640064523968, -18.97270082045998, 

parameters:
1.5813795447117944, 0.0, 20.0, 
objectives:
-17.49923873556712, 20.175243085585706, -16.49923873556712, 

parameters:
1.2468780915624822, 0.0, 20.0, 
objectives:
-18.4452950247815, 20.56719260896857, -17.4452950247815, 

parameters:
1.5647725864463238, 0.0, 20.0, 
objectives:
-17.551486752706083, 20.18942290150862, -16.551486752706083, 

parameters:
1.0961918023957296, 0.0, 20.0, 
objectives:
-18.7983635323604, 20.81686925805668, -17.7983635323604, 

parameters:
1.4142324546781158, 0.0, 20.0, 
objectives:
-17.99994656413511, 20.343123617152425, -16.99994656413511, 

parameters:
1.2863691195891835, 0.0, 20.0, 
objectives:
-18.34525448816735, 20.509269033475917, -17.34525448816735, 

parameters:
0.7996025961190713, 0.0, 20.0, 
objectives:
-19.36063568827964, 21.440953927244074, -18.360635688279643, 

parameters:
1.2018676255843157, 0.0, 20.0, 
objectives:
-18.55551421057232, 20.637015287090417, -17.55551421057232, 

parameters:
0.8963753479749217, 0.0, 20.0, 
objectives:
-19.19651123554284, 21.217987372557474, -18.19651123554284, 

parameters:
0.9432659101313726, 0.0, 20.0, 
objectives:
-19.110249422784033, 21.116686936690478, -18.110249422784033, 

parameters:
1.124966163805118, 0.0, 20.0, 
objectives:
-18.734451130293596, 20.76568421448593, -17.734451130293596, 

parameters:
0.46747745348554065, 0.0, 20.0, 
objectives:
-19.781464830482673, 22.348625355575162, -18.781464830482673, 

parameters:
1.1563959458574997, 0.0, 20.0, 
objectives:
-18.662748416404337, 20.711667800165664, -17.662748416404337, 

parameters:
0.8343687161711671, 0.0, 20.0, 
objectives:
-19.30382884547488, 21.358696289840452, -18.30382884547488, 

parameters:
1.180509837209382, 0.0, 20.0, 
objectives:
-18.606396524251878, 20.671564126910592, -17.606396524251878, 

parameters:
0.13931726082480833, 0.0, 20.0, 
objectives:
-19.980590700836274, 23.462140255864494, -18.980590700836274, 

parameters:
0.8730638464632179, 0.0, 20.0, 
objectives:
-19.23775951999885, 21.26998509414828, -18.23775951999885, 

parameters:
0.8571415323327045, 0.0, 20.0, 
objectives:
-19.26530839355034, 21.30612547711884, -18.26530839355034, 

