Generation 304 at Fri May 24 19:55:17 2019
parameters:
0, 0.0, 20.0, 
objectives:
-20.0, 24.0, -19.0, 

parameters:
0, 0.0, 20.0, 
objectives:
-20.0, 24.0, -19.0, 

parameters:
1.9979647189482492, 0.0, 20.0, 
objectives:
-16.008136981838042, 20.000004142368958, -15.008136981838044, 

parameters:
0.7544164023821193, 0.0, 20.0, 
objectives:
-19.43085589181682, 21.551478498654703, -18.43085589181682, 

parameters:
1.8458728390924775, 0.0, 20.0, 
objectives:
-16.592753461900678, 20.023755181729413, -15.592753461900678, 

parameters:
0.9119788111881937, 0.0, 20.0, 
objectives:
-19.168294647943767, 21.183790107303455, -18.168294647943767, 

parameters:
1.1271198018708954, 0.0, 20.0, 
objectives:
-18.729600952230513, 20.761919840285906, -17.729600952230513, 

parameters:
1.2468780915624822, 0.0, 20.0, 
objectives:
-18.4452950247815, 20.56719260896857, -17.4452950247815, 

parameters:
0.5294199315843638, 0.0, 20.0, 
objectives:
-19.719714536041206, 22.162605737621337, -18.71971453604121, 

parameters:
1.5049582684031066, 0.0, 20.0, 
objectives:
-17.735100610365123, 20.245066316022452, -16.735100610365123, 

parameters:
0.6320649833735504, 0.0, 20.0, 
objectives:
-19.600493856792994, 21.871246209712805, -18.600493856792994, 

parameters:
0.16522463357508504, 0.0, 20.0, 
objectives:
-19.97270082045998, 23.36640064523968, -18.97270082045998, 

parameters:
1.742680946145222, 0.0, 20.0, 
objectives:
-16.963063119942394, 20.06621309547672, -15.963063119942394, 

parameters:
0.3379898920783342, 0.0, 20.0, 
objectives:
-19.885762832852876, 22.762277598833787, -18.885762832852876, 

parameters:
1.641034592035249, 0.0, 20.0, 
objectives:
-17.307005467743704, 20.1288561641153, -16.307005467743704, 

parameters:
0.677432833075641, 0.0, 20.0, 
objectives:
-19.54108475667111, 21.749183911026325, -18.54108475667111, 

parameters:
1.3186968458440538, 0.0, 20.0, 
objectives:
-18.261038628760943, 20.464173987862843, -17.261038628760943, 

parameters:
0.268390902422898, 0.0, 20.0, 
objectives:
-19.927966323496623, 22.998470066811787, -18.927966323496623, 

parameters:
1.4539209216294096, 0.0, 20.0, 
objectives:
-17.886113953648287, 20.29820235983407, -16.886113953648287, 

parameters:
0.458266299161473, 0.0, 20.0, 
objectives:
-19.789991999052848, 22.37694280430126, -18.789991999052848, 

parameters:
1.9244838133571012, 0.0, 20.0, 
objectives:
-16.29636205212651, 20.005702694445084, -15.29636205212651, 

parameters:
1.9028055079660224, 0.0, 20.0, 
objectives:
-16.379331198854167, 20.009446769281745, -15.379331198854167, 

parameters:
0.9654695117819925, 0.0, 20.0, 
objectives:
-19.067868621819443, 21.07025333105259, -18.067868621819443, 

parameters:
1.9813660120366725, 0.0, 20.0, 
objectives:
-16.07418872634589, 20.00034722550742, -15.074188726345893, 

parameters:
1.5813795447117944, 0.0, 20.0, 
objectives:
-17.49923873556712, 20.175243085585706, -16.49923873556712, 

parameters:
1.5647725864463238, 0.0, 20.0, 
objectives:
-17.551486752706083, 20.18942290150862, -16.551486752706083, 

parameters:
1.777903806297342, 0.0, 20.0, 
objectives:
-16.839058055553423, 20.04932671925721, -15.839058055553423, 

parameters:
1.3844025503846022, 0.0, 20.0, 
objectives:
-18.08342957848861, 20.37896021997298, -17.08342957848861, 

parameters:
1.6797187203887907, 0.0, 20.0, 
objectives:
-17.178545020375445, 20.102580098069392, -16.178545020375445, 

parameters:
1.041911954158755, 0.0, 20.0, 
objectives:
-18.914419479781085, 20.917932703583897, -17.914419479781085, 

parameters:
1.015963782063342, 0.0, 20.0, 
objectives:
-18.96781759353555, 20.96832727821108, -17.96781759353555, 

parameters:
1.0961918023957296, 0.0, 20.0, 
objectives:
-18.7983635323604, 20.81686925805668, -17.7983635323604, 

parameters:
0.09798342530939574, 0.0, 20.0, 
objectives:
-19.99039924836464, 23.617667050397777, -18.99039924836464, 

parameters:
1.4142324546781158, 0.0, 20.0, 
objectives:
-17.99994656413511, 20.343123617152425, -16.99994656413511, 

parameters:
1.2863691195891835, 0.0, 20.0, 
objectives:
-18.34525448816735, 20.509269033475917, -17.34525448816735, 

parameters:
0.46823530085052734, 0.0, 20.0, 
objectives:
-19.780755703037418, 22.346303093560476, -18.780755703037418, 

parameters:
0.3111973973698528, 0.0, 20.0, 
objectives:
-19.90315617987023, 22.85205423065036, -18.90315617987023, 

parameters:
0.9141030147501353, 0.0, 20.0, 
objectives:
-19.164415678424714, 21.179172262574745, -18.164415678424714, 

parameters:
0.10112123273226875, 0.0, 20.0, 
objectives:
-19.989774496290707, 23.605740572780217, -18.989774496290707, 

parameters:
1.6758594503940107, 0.0, 20.0, 
objectives:
-17.191495102525085, 20.10506709589887, -16.191495102525085, 

parameters:
1.7767444735156113, 0.0, 20.0, 
objectives:
-16.843179075831735, 20.049843030105823, -15.843179075831733, 

parameters:
1.258629622738105, 0.0, 20.0, 
objectives:
-18.415851472766136, 20.549630036281446, -17.415851472766136, 

parameters:
1.393835530805755, 0.0, 20.0, 
objectives:
-18.05722251306344, 20.36743536371354, -17.05722251306344, 

parameters:
1.109600502199976, 0.0, 20.0, 
objectives:
-18.76878672551756, 20.792811265682534, -17.76878672551756, 

parameters:
0, 0.0, 20.0, 
objectives:
-20.0, 24.0, -19.0, 

