Generation 306 at Fri May 24 19:55:17 2019
parameters:
0, 0.0, 20.0, 
objectives:
-20.0, 24.0, -19.0, 

parameters:
0, 0.0, 20.0, 
objectives:
-20.0, 24.0, -19.0, 

parameters:
1.9979647189482492, 0.0, 20.0, 
objectives:
-16.008136981838042, 20.000004142368958, -15.008136981838044, 

parameters:
0.16522463357508504, 0.0, 20.0, 
objectives:
-19.97270082045998, 23.36640064523968, -18.97270082045998, 

parameters:
1.8458728390924775, 0.0, 20.0, 
objectives:
-16.592753461900678, 20.023755181729413, -15.592753461900678, 

parameters:
0.3379898920783342, 0.0, 20.0, 
objectives:
-19.885762832852876, 22.762277598833787, -18.885762832852876, 

parameters:
0.9104458440139329, 0.0, 20.0, 
objectives:
-19.171088365117757, 21.18712825882651, -18.171088365117757, 

parameters:
1.1271198018708954, 0.0, 20.0, 
objectives:
-18.729600952230513, 20.761919840285906, -17.729600952230513, 

parameters:
0.7544164023821193, 0.0, 20.0, 
objectives:
-19.43085589181682, 21.551478498654703, -18.43085589181682, 

parameters:
1.777903806297342, 0.0, 20.0, 
objectives:
-16.839058055553423, 20.04932671925721, -15.839058055553423, 

parameters:
1.0276571180897367, 0.0, 20.0, 
objectives:
-18.943920847639497, 20.945450680001557, -17.943920847639497, 

parameters:
1.6797187203887907, 0.0, 20.0, 
objectives:
-17.178545020375445, 20.102580098069392, -16.178545020375445, 

parameters:
1.3186968458440538, 0.0, 20.0, 
objectives:
-18.261038628760943, 20.464173987862843, -17.261038628760943, 

parameters:
1.742680946145222, 0.0, 20.0, 
objectives:
-16.963063119942394, 20.06621309547672, -15.963063119942394, 

parameters:
0.458266299161473, 0.0, 20.0, 
objectives:
-19.789991999052848, 22.37694280430126, -18.789991999052848, 

parameters:
1.641034592035249, 0.0, 20.0, 
objectives:
-17.307005467743704, 20.1288561641153, -16.307005467743704, 

parameters:
1.5049582684031066, 0.0, 20.0, 
objectives:
-17.735100610365123, 20.245066316022452, -16.735100610365123, 

parameters:
1.1833258605674788, 0.0, 20.0, 
objectives:
-18.599739907712237, 20.66695665001785, -17.599739907712234, 

parameters:
0.677432833075641, 0.0, 20.0, 
objectives:
-19.54108475667111, 21.749183911026325, -18.54108475667111, 

parameters:
1.9244838133571012, 0.0, 20.0, 
objectives:
-16.29636205212651, 20.005702694445084, -15.29636205212651, 

parameters:
0.6320649833735504, 0.0, 20.0, 
objectives:
-19.600493856792994, 21.871246209712805, -18.600493856792994, 

parameters:
1.041911954158755, 0.0, 20.0, 
objectives:
-18.914419479781085, 20.917932703583897, -17.914419479781085, 

parameters:
1.9028055079660224, 0.0, 20.0, 
objectives:
-16.379331198854167, 20.009446769281745, -15.379331198854167, 

parameters:
0.8255696135581423, 0.0, 20.0, 
objectives:
-19.31843481316946, 21.379286732597972, -18.31843481316946, 

parameters:
1.9813660120366725, 0.0, 20.0, 
objectives:
-16.07418872634589, 20.00034722550742, -15.074188726345893, 

parameters:
0.3766965397774867, 0.0, 20.0, 
objectives:
-19.858099716919668, 22.635114123970386, -18.858099716919668, 

parameters:
1.5813795447117944, 0.0, 20.0, 
objectives:
-17.49923873556712, 20.175243085585706, -16.49923873556712, 

parameters:
1.5647725864463238, 0.0, 20.0, 
objectives:
-17.551486752706083, 20.18942290150862, -16.551486752706083, 

parameters:
0.5590674644721959, 0.0, 20.0, 
objectives:
-19.68744357016863, 22.076286571942585, -18.68744357016863, 

parameters:
1.2468780915624822, 0.0, 20.0, 
objectives:
-18.4452950247815, 20.56719260896857, -17.4452950247815, 

parameters:
1.4049199268986232, 0.0, 20.0, 
objectives:
-18.02619999900317, 20.35412029340234, -17.02619999900317, 

parameters:
1.358806610726827, 0.0, 20.0, 
objectives:
-18.153644594645073, 20.41112896244762, -17.153644594645073, 

parameters:
1.4539209216294096, 0.0, 20.0, 
objectives:
-17.886113953648287, 20.29820235983407, -16.886113953648287, 

parameters:
1.2342009318838136, 0.0, 20.0, 
objectives:
-18.476748059737126, 20.58644821272762, -17.476748059737126, 

parameters:
1.4671095424823626, 0.0, 20.0, 
objectives:
-17.84758959035719, 20.283972239713357, -16.84758959035719, 

parameters:
0.5231249391671067, 0.0, 20.0, 
objectives:
-19.726340298021412, 22.181159945310164, -18.726340298021412, 

parameters:
1.3844025503846022, 0.0, 20.0, 
objectives:
-18.08342957848861, 20.37896021997298, -17.08342957848861, 

parameters:
0.8704118935255092, 0.0, 20.0, 
objectives:
-19.242383135609337, 21.275969290288625, -18.242383135609337, 

parameters:
0.8615957658083483, 0.0, 20.0, 
objectives:
-19.257652736341125, 21.29596420042548, -18.257652736341125, 

parameters:
0.5294199315843638, 0.0, 20.0, 
objectives:
-19.719714536041206, 22.162605737621337, -18.71971453604121, 

parameters:
1.2395391308046788, 0.0, 20.0, 
objectives:
-18.46354274320398, 20.578300733577304, -17.46354274320398, 

