Generation 308 at Sat May 25 04:36:27 2019
parameters:
0, 0.0, 20.0, 
objectives:
-20.0, 24.0, -19.0, 

parameters:
0, 0.0, 20.0, 
objectives:
-20.0, 24.0, -19.0, 

parameters:
1.9971487895634539, 0.0, 20.0, 
objectives:
-16.01139671234523, 20.000008129400953, -15.011396712345231, 

parameters:
0.6823124091474523, 0.0, 20.0, 
objectives:
-19.5344497763234, 21.73630058708679, -18.5344497763234, 

parameters:
0.832225688143332, 0.0, 20.0, 
objectives:
-19.307400403994357, 21.363696843432315, -18.307400403994357, 

parameters:
0.3943063053862749, 0.0, 20.0, 
objectives:
-19.844522537532626, 22.578252240922275, -18.844522537532626, 

parameters:
1.4175389597698498, 0.0, 20.0, 
objectives:
-17.990583297534613, 20.339260863385988, -16.990583297534613, 

parameters:
1.0042273296951985, 0.0, 20.0, 
objectives:
-18.991527470293253, 20.991563210925953, -17.99152747029325, 

parameters:
1.7083150173116282, 0.0, 20.0, 
objectives:
-17.081659801627573, 20.085080129125917, -16.081659801627573, 

parameters:
0.75663710737892, 0.0, 20.0, 
objectives:
-19.42750028773726, 21.54595128274706, -18.42750028773726, 

parameters:
1.0756234328784808, 0.0, 20.0, 
objectives:
-18.84303423064271, 20.854472037843365, -17.84303423064271, 

parameters:
1.1325784798753817, 0.0, 20.0, 
objectives:
-18.71726598692317, 20.752420093575303, -17.71726598692317, 

parameters:
1.195194557906472, 0.0, 20.0, 
objectives:
-18.571509968750753, 20.64771179962336, -17.571509968750753, 

parameters:
0.5694132364501091, 0.0, 20.0, 
objectives:
-19.675768566155412, 22.04657848804415, -18.675768566155412, 

parameters:
0.14746106043842694, 0.0, 20.0, 
objectives:
-19.978255235654373, 23.431900522591917, -18.978255235654373, 

parameters:
0.4762166773430009, 0.0, 20.0, 
objectives:
-19.77321767622039, 22.321915614407605, -18.77321767622039, 

parameters:
1.4989483824750625, 0.0, 20.0, 
objectives:
-17.753153746675395, 20.251052723424355, -16.753153746675395, 

parameters:
1.349716769048726, 0.0, 20.0, 
objectives:
-18.17826464334867, 20.422868280456427, -17.17826464334867, 

parameters:
1.2660118270969263, 0.0, 20.0, 
objectives:
-18.397214053650703, 20.538738637961593, -17.397214053650703, 

parameters:
1.9287673890567498, 0.0, 20.0, 
objectives:
-16.279856358911207, 20.005074084861793, -15.279856358911209, 

parameters:
1.569307494136438, 0.0, 20.0, 
objectives:
-17.537273988847215, 20.185496034607034, -16.537273988847215, 

parameters:
1.7592491169491031, 0.0, 20.0, 
objectives:
-16.9050425445138, 20.057960987689786, -15.905042544513801, 

parameters:
0.9215828293178759, 0.0, 20.0, 
objectives:
-19.15068508870646, 21.162983594022037, -18.15068508870646, 

parameters:
1.8787855585831075, 0.0, 20.0, 
objectives:
-16.47016482485956, 20.014692940808008, -15.47016482485956, 

parameters:
0.2482317105602337, 0.0, 20.0, 
objectives:
-19.93838101787234, 23.068692139886725, -18.93838101787234, 

parameters:
0.28750950116961593, 0.0, 20.0, 
objectives:
-19.9173382867372, 22.932623708584337, -18.9173382867372, 

parameters:
1.9635454708216187, 0.0, 20.0, 
objectives:
-16.144489184015907, 20.001328932697618, -15.144489184015908, 

parameters:
1.646772395261787, 0.0, 20.0, 
objectives:
-17.288140678203757, 20.124769740749095, -16.288140678203757, 

parameters:
1.5220977279551662, 0.0, 20.0, 
objectives:
-17.68321850655372, 20.228390581625614, -16.68321850655372, 

parameters:
1.612988370890084, 0.0, 20.0, 
objectives:
-17.398268515373353, 20.149778001066313, -16.398268515373353, 

parameters:
0.9352389542125978, 0.0, 20.0, 
objectives:
-19.125328098523326, 21.133716084626283, -18.125328098523326, 

parameters:
1.793701954933292, 0.0, 20.0, 
objectives:
-16.782633296868486, 20.042558883398346, -15.782633296868486, 

parameters:
1.8232986340782082, 0.0, 20.0, 
objectives:
-16.67558209096854, 20.031223372718628, -15.67558209096854, 

parameters:
0.5420443936698487, 0.0, 20.0, 
objectives:
-19.706187875291086, 22.12563455002952, -18.706187875291086, 

parameters:
1.373814430442948, 0.0, 20.0, 
objectives:
-18.11263391070672, 20.39210836752149, -17.11263391070672, 

parameters:
1.247607656396217, 0.0, 20.0, 
objectives:
-18.44347513570154, 20.566094238713593, -17.44347513570154, 

parameters:
1.8551487443721701, 0.0, 20.0, 
objectives:
-16.558423136254362, 20.02098188625696, -15.55842313625436, 

parameters:
0.07949138019520313, 0.0, 20.0, 
objectives:
-19.993681120474662, 23.688353358744525, -18.993681120474662, 

parameters:
0.05047367516037085, 0.0, 20.0, 
objectives:
-19.997452408115805, 23.800652891242713, -18.997452408115805, 

parameters:
1.6377756331862707, 0.0, 20.0, 
objectives:
-17.31769097534131, 20.131206491913606, -16.31769097534131, 

parameters:
0.27496370069014625, 0.0, 20.0, 
objectives:
-19.92439496330278, 22.975750233936637, -18.92439496330278, 

parameters:
0, 0.0, 20.0, 
objectives:
-20.0, 24.0, -19.0, 

