Generation 31 at Sat May 25 04:36:25 2019
parameters:
0, 0.0, 20.0, 
objectives:
-20.0, 24.0, -19.0, 

parameters:
0, 0.0, 20.0, 
objectives:
-20.0, 24.0, -19.0, 

parameters:
2.005378329630566, 0.0, 20.0, 
objectives:
-15.978457755048122, 20.000028926429614, -14.978457755048122, 

parameters:
1.5604862767269636, 0.0, 20.0, 
objectives:
-17.56488258014682, 20.19317231294533, -16.56488258014682, 

parameters:
1.432200891018618, 0.0, 20.0, 
objectives:
-17.948800607765477, 20.32239582816005, -16.948800607765477, 

parameters:
1.0179455317185169, 0.0, 20.0, 
objectives:
-18.963786894454305, 20.964430978671626, -17.963786894454305, 

parameters:
1.957298340121992, 0.0, 20.0, 
objectives:
-16.168983207755694, 20.001823431756335, -15.168983207755694, 

parameters:
1.876075564565118, 0.0, 20.0, 
objectives:
-16.480340476041675, 20.015357265697855, -15.480340476041674, 

parameters:
1.262359570842248, 0.0, 20.0, 
objectives:
-18.406448313902974, 20.544113402728033, -17.406448313902978, 

parameters:
1.7558272298113446, 0.0, 20.0, 
objectives:
-16.91707073905302, 20.059620341701603, -15.91707073905302, 

parameters:
1.8322345871375865, 0.0, 20.0, 
objectives:
-16.642916417696757, 20.028145233752895, -15.642916417696759, 

parameters:
1.1920560647605782, 0.0, 20.0, 
objectives:
-18.579002338467525, 20.652773402490162, -17.579002338467525, 

parameters:
0.10989000999478077, 0.0, 20.0, 
objectives:
-19.987924185703346, 23.57251577431753, -18.987924185703346, 

parameters:
0.2199363816172286, 0.0, 20.0, 
objectives:
-19.95162798804112, 23.168626485489966, -18.95162798804112, 

parameters:
0.9075809398424147, 0.010176824206344727, 20.0, 
objectives:
-19.166120013428415, 21.203556227201926, -18.166120013428415, 

parameters:
1.6196333461460548, 0.0, 20.0, 
objectives:
-17.376787824051732, 20.144678791364047, -16.376787824051732, 

parameters:
1.3407763870691325, 0.0, 20.0, 
objectives:
-18.202318679877845, 20.434575771845626, -17.202318679877845, 

parameters:
0.4346399653340889, 0.0, 20.0, 
objectives:
-19.81108810053438, 22.450352038129264, -18.81108810053438, 

parameters:
0.6918032044796725, 0.0, 20.0, 
objectives:
-19.521408326271658, 21.711378855809652, -18.521408326271658, 

parameters:
1.1260951731048296, 0.02132027558697388, 20.0, 
objectives:
-18.71058938552303, 20.785029922057653, -17.71058938552303, 

parameters:
1.0801440543361183, 0.0, 20.0, 
objectives:
-18.833288821882334, 20.846134960773195, -17.833288821882334, 

parameters:
0.7807837143801601, 0, 20.0, 
objectives:
-19.39037679135872, 21.486488351120638, -18.39037679135872, 

parameters:
0.2999334414431123, 0.0, 20.0, 
objectives:
-19.91003993070409, 22.89022630352346, -18.91003993070409, 

parameters:
0.520610267974881, 0, 20.0, 
objectives:
-19.728964948879124, 22.188593979221352, -18.728964948879124, 

parameters:
1.7039199683177322, 0.014728810431583639, 20.0, 
objectives:
-17.081927931136516, 20.102392195592557, -16.081927931136516, 

parameters:
1.669027026310296, 0.0, 20.0, 
objectives:
-17.21434878544581, 20.109543109313005, -16.21434878544581, 

parameters:
1.3755438598395857, 0.006051661023511527, 20.0, 
objectives:
-18.101827428634103, 20.395997132007555, -17.101827428634103, 

parameters:
0.6460602444325325, 0.0, 20.0, 
objectives:
-19.582606160563778, 21.833152861706093, -18.582606160563778, 

parameters:
0.021224618970055568, 0.0, 20.0, 
objectives:
-19.999549515549575, 23.915552008570202, -18.999549515549575, 

parameters:
0.8149031590507876, 0.0, 20.0, 
objectives:
-19.335932841369047, 21.404454522427802, -18.335932841369047, 

parameters:
0.5881571544087137, 0.0, 20.0, 
objectives:
-19.654071161717845, 21.9933002206473, -18.654071161717845, 

parameters:
0.8585575217106151, 0.005749108194533941, 20.0, 
objectives:
-19.25712987371959, 21.308640039437947, -18.25712987371959, 

parameters:
0.3691391263356406, 0.0, 20.0, 
objectives:
-19.86373630540816, 22.65970718924928, -18.86373630540816, 

parameters:
0.5632849464514306, 0.0, 20.0, 
objectives:
-19.68271006910121, 22.06415014509307, -18.68271006910121, 

parameters:
0.36201686990696946, 0.0001259879972406783, 20.0, 
objectives:
-19.86881779790552, 22.683114722466602, -18.86881779790552, 

parameters:
0.8789211067115057, 0, 20.0, 
objectives:
-19.22749768817702, 21.256817884976954, -18.22749768817702, 

parameters:
0, 0.0, 20.0, 
objectives:
-20.0, 24.0, -19.0, 

