Generation 311 at Fri May 24 19:55:17 2019
parameters:
0, 0.0, 20.0, 
objectives:
-20.0, 24.0, -19.0, 

parameters:
0, 0.0, 20.0, 
objectives:
-20.0, 24.0, -19.0, 

parameters:
1.9979647189482492, 0.0, 20.0, 
objectives:
-16.008136981838042, 20.000004142368958, -15.008136981838044, 

parameters:
1.4415223713211542, 0.0, 20.0, 
objectives:
-17.922013252980637, 20.311897261734746, -16.922013252980637, 

parameters:
1.3186968458440538, 0.0, 20.0, 
objectives:
-18.261038628760943, 20.464173987862843, -17.261038628760943, 

parameters:
1.9028055079660224, 0.0, 20.0, 
objectives:
-16.379331198854167, 20.009446769281745, -15.379331198854167, 

parameters:
0.47533186819060846, 0.0, 20.0, 
objectives:
-19.774059615082425, 22.32461291215514, -18.774059615082425, 

parameters:
1.8458728390924775, 0.0, 20.0, 
objectives:
-16.592753461900678, 20.023755181729413, -15.592753461900678, 

parameters:
1.5049582684031066, 0.0, 20.0, 
objectives:
-17.735100610365123, 20.245066316022452, -16.735100610365123, 

parameters:
1.784048590619107, 0.0, 20.0, 
objectives:
-16.817170626309977, 20.046635011213596, -15.817170626309977, 

parameters:
0.3379898920783342, 0.0, 20.0, 
objectives:
-19.885762832852876, 22.762277598833787, -18.885762832852876, 

parameters:
1.7411120253189707, 0.0, 20.0, 
objectives:
-16.96852891528967, 20.067022983434445, -15.968528915289673, 

parameters:
1.6797187203887907, 0.0, 20.0, 
objectives:
-17.178545020375445, 20.102580098069392, -16.178545020375445, 

parameters:
0.9896824830660962, 0.0, 20.0, 
objectives:
-19.020528582712124, 21.02074148502349, -18.020528582712124, 

parameters:
0.677432833075641, 0.0, 20.0, 
objectives:
-19.54108475667111, 21.749183911026325, -18.54108475667111, 

parameters:
0.06405886759749088, 0.0, 20.0, 
objectives:
-19.995896461482126, 23.747868068127907, -18.995896461482126, 

parameters:
1.0276571180897367, 0.0, 20.0, 
objectives:
-18.943920847639497, 20.945450680001557, -17.943920847639497, 

parameters:
0.6258701026506974, 0.0, 20.0, 
objectives:
-19.608286614608005, 21.888232974789204, -18.608286614608005, 

parameters:
0.7544164023821193, 0.0, 20.0, 
objectives:
-19.43085589181682, 21.551478498654703, -18.43085589181682, 

parameters:
1.0998846856177713, 0.0, 20.0, 
objectives:
-18.790253678343497, 20.81020757918542, -17.790253678343497, 

parameters:
0.9104458440139329, 0.0, 20.0, 
objectives:
-19.171088365117757, 21.18712825882651, -18.171088365117757, 

parameters:
1.5647725864463238, 0.0, 20.0, 
objectives:
-17.551486752706083, 20.18942290150862, -16.551486752706083, 

parameters:
0.23354304726724406, 0.0, 20.0, 
objectives:
-19.94545764507313, 23.120370165857896, -18.94545764507313, 

parameters:
0.16522463357508504, 0.0, 20.0, 
objectives:
-19.97270082045998, 23.36640064523968, -18.97270082045998, 

parameters:
1.1833258605674788, 0.0, 20.0, 
objectives:
-18.599739907712237, 20.66695665001785, -17.599739907712234, 

parameters:
0.31198662140958466, 0.0, 20.0, 
objectives:
-19.902664348061432, 22.849389166300227, -18.902664348061432, 

parameters:
1.641034592035249, 0.0, 20.0, 
objectives:
-17.307005467743704, 20.1288561641153, -16.307005467743704, 

parameters:
1.2561906524552715, 0.0, 20.0, 
objectives:
-18.421985044684, 20.553252345494915, -17.421985044684, 

parameters:
1.2468780915624822, 0.0, 20.0, 
objectives:
-18.4452950247815, 20.56719260896857, -17.4452950247815, 

parameters:
1.1238805257407993, 0.0, 20.0, 
objectives:
-18.736892563860586, 20.767585333176218, -17.736892563860586, 

parameters:
0.5494419160877043, 0.0, 20.0, 
objectives:
-19.698113580845874, 22.10411875480331, -18.69811358084587, 

parameters:
1.6149587122694467, 0.0, 20.0, 
objectives:
-17.39190835766501, 20.148256793257204, -16.39190835766501, 

parameters:
0.7874525879606092, 0.0, 20.0, 
objectives:
-19.379918421714137, 21.470271226443423, -18.379918421714137, 

parameters:
0.5590674644721959, 0.0, 20.0, 
objectives:
-19.68744357016863, 22.076286571942585, -18.68744357016863, 

parameters:
1.1674299239907453, 0.0, 20.0, 
objectives:
-18.637107372570963, 20.693172931466055, -17.637107372570963, 

parameters:
0.8255696135581423, 0.0, 20.0, 
objectives:
-19.31843481316946, 21.379286732597972, -18.31843481316946, 

parameters:
1.585230533348314, 0.0, 20.0, 
objectives:
-17.487044156140218, 20.172033710466525, -16.487044156140218, 

parameters:
0.8533417235822518, 0.0, 20.0, 
objectives:
-19.27180790279367, 21.314825202877323, -18.27180790279367, 

parameters:
0.18558112676114424, 0.0, 20.0, 
objectives:
-19.965559645390066, 23.29211584756536, -18.965559645390066, 

parameters:
0.8799195827356858, 0.0, 20.0, 
objectives:
-19.225741527918256, 21.254580141139, -18.225741527918256, 

parameters:
0.8912947553210779, 0.0, 20.0, 
objectives:
-19.20559365913714, 21.22922731957855, -18.20559365913714, 

parameters:
0, 0.0, 20.0, 
objectives:
-20.0, 24.0, -19.0, 

