Generation 316 at Sat May 25 04:36:27 2019
parameters:
0, 0.0, 20.0, 
objectives:
-20.0, 24.0, -19.0, 

parameters:
0, 0.0, 20.0, 
objectives:
-20.0, 24.0, -19.0, 

parameters:
1.9971487895634539, 0.0, 20.0, 
objectives:
-16.01139671234523, 20.000008129400953, -15.011396712345231, 

parameters:
0.8344306706630032, 0.0, 20.0, 
objectives:
-19.303725455856892, 21.358551861491097, -18.303725455856892, 

parameters:
0.5694132364501091, 0.0, 20.0, 
objectives:
-19.675768566155412, 22.04657848804415, -18.675768566155412, 

parameters:
1.195194557906472, 0.0, 20.0, 
objectives:
-18.571509968750753, 20.64771179962336, -17.571509968750753, 

parameters:
1.349716769048726, 0.0, 20.0, 
objectives:
-18.17826464334867, 20.422868280456427, -17.17826464334867, 

parameters:
0.9496042192012542, 0.0, 20.0, 
objectives:
-19.098251826875178, 21.10333129631981, -18.098251826875178, 

parameters:
1.7713673194714818, 0.0, 20.0, 
objectives:
-16.862257819508418, 20.052272902605655, -15.862257819508418, 

parameters:
0.45821986918339663, 0.0, 20.0, 
objectives:
-19.79003455148555, 22.377085971780865, -18.79003455148555, 

parameters:
1.569307494136438, 0.0, 20.0, 
objectives:
-17.537273988847215, 20.185496034607034, -16.537273988847215, 

parameters:
1.860319437118875, 0.0, 20.0, 
objectives:
-16.539211591877713, 20.019510659646787, -15.539211591877713, 

parameters:
0.3943063053862749, 0.0, 20.0, 
objectives:
-19.844522537532626, 22.578252240922275, -18.844522537532626, 

parameters:
1.077191866725273, 0.0, 20.0, 
objectives:
-18.83965768226092, 20.851574850837988, -17.83965768226092, 

parameters:
0.28750950116961593, 0.0, 20.0, 
objectives:
-19.9173382867372, 22.932623708584337, -18.9173382867372, 

parameters:
1.0042273296951985, 0.0, 20.0, 
objectives:
-18.991527470293253, 20.991563210925953, -17.99152747029325, 

parameters:
1.7083150173116282, 0.0, 20.0, 
objectives:
-17.081659801627573, 20.085080129125917, -16.081659801627573, 

parameters:
1.4911188766634806, 0.0, 20.0, 
objectives:
-17.77656449565784, 20.258959997688237, -16.77656449565784, 

parameters:
1.646772395261787, 0.0, 20.0, 
objectives:
-17.288140678203757, 20.124769740749095, -16.288140678203757, 

parameters:
1.4175389597698498, 0.0, 20.0, 
objectives:
-17.990583297534613, 20.339260863385988, -16.990583297534613, 

parameters:
0.04519429161076446, 0.0, 20.0, 
objectives:
-19.9979574760058, 23.82126535755114, -18.9979574760058, 

parameters:
0.7423057933649597, 0.0, 20.0, 
objectives:
-19.448982109136818, 21.581794717403344, -18.448982109136818, 

parameters:
1.612988370890084, 0.0, 20.0, 
objectives:
-17.398268515373353, 20.149778001066313, -16.398268515373353, 

parameters:
1.2687404339267188, 0.0, 20.0, 
objectives:
-18.39029771131944, 20.534740552973684, -17.39029771131944, 

parameters:
1.8787855585831075, 0.0, 20.0, 
objectives:
-16.47016482485956, 20.014692940808008, -15.47016482485956, 

parameters:
0.6560981495350808, 0.0, 20.0, 
objectives:
-19.569535218176643, 21.806072183683035, -18.569535218176643, 

parameters:
0.14746106043842694, 0.0, 20.0, 
objectives:
-19.978255235654373, 23.431900522591917, -18.978255235654373, 

parameters:
1.9287673890567498, 0.0, 20.0, 
objectives:
-16.279856358911207, 20.005074084861793, -15.279856358911209, 

parameters:
1.7425577238236327, 0.0, 20.0, 
objectives:
-16.9634925791426, 20.06627652556287, -15.9634925791426, 

parameters:
1.2358035437268005, 0.0, 20.0, 
objectives:
-18.472789601312282, 20.583996223780517, -17.472789601312282, 

parameters:
1.9635454708216187, 0.0, 20.0, 
objectives:
-16.144489184015907, 20.001328932697618, -15.144489184015908, 

parameters:
1.0726080368606787, 0.0, 20.0, 
objectives:
-18.849511999261882, 20.860055853295403, -17.849511999261882, 

parameters:
0.2290226995135531, 0.0, 20.0, 
objectives:
-19.947548603107524, 23.136360598838262, -18.947548603107524, 

parameters:
0.6709999884885357, 0.0, 20.0, 
objectives:
-19.549759015448384, 21.766241030597474, -18.549759015448384, 

parameters:
0.7285441765081611, 0.0, 20.0, 
objectives:
-19.469223382876045, 21.61659991109131, -18.469223382876045, 

parameters:
1.4435456479787088, 0.0, 20.0, 
objectives:
-17.91617596220173, 20.309641445883436, -16.91617596220173, 

parameters:
1.4691001090693467, 0.0, 20.0, 
objectives:
-17.841744869532434, 20.28185469419018, -16.841744869532434, 

parameters:
0.19435655196534962, 0.0, 20.0, 
objectives:
-19.96222553070814, 23.26034826143046, -18.96222553070814, 

parameters:
1.9399900972549706, 0.0, 20.0, 
objectives:
-16.23643842255265, 20.003601188427467, -15.236438422552649, 

parameters:
1.2660118270969263, 0.0, 20.0, 
objectives:
-18.397214053650703, 20.538738637961593, -17.397214053650703, 

parameters:
0.16107423947213612, 0.0, 20.0, 
objectives:
-19.974055089378474, 23.381647952732983, -18.974055089378474, 

parameters:
0, 0.0, 20.0, 
objectives:
-20.0, 24.0, -19.0, 

