Generation 317 at Fri May 24 19:55:17 2019
parameters:
0, 0.0, 20.0, 
objectives:
-20.0, 24.0, -19.0, 

parameters:
0, 0.0, 20.0, 
objectives:
-20.0, 24.0, -19.0, 

parameters:
1.9979647189482492, 0.0, 20.0, 
objectives:
-16.008136981838042, 20.000004142368958, -15.008136981838044, 

parameters:
1.7411120253189707, 0.0, 20.0, 
objectives:
-16.96852891528967, 20.067022983434445, -15.968528915289673, 

parameters:
1.8458728390924775, 0.0, 20.0, 
objectives:
-16.592753461900678, 20.023755181729413, -15.592753461900678, 

parameters:
1.9028055079660224, 0.0, 20.0, 
objectives:
-16.379331198854167, 20.009446769281745, -15.379331198854167, 

parameters:
0.9161562411988751, 0.0, 20.0, 
objectives:
-19.16065774171235, 21.17471729349215, -18.16065774171235, 

parameters:
1.641034592035249, 0.0, 20.0, 
objectives:
-17.307005467743704, 20.1288561641153, -16.307005467743704, 

parameters:
1.3833314704357407, 0.0, 20.0, 
objectives:
-18.086394042902093, 20.380280075354946, -17.086394042902093, 

parameters:
0.16522463357508504, 0.0, 20.0, 
objectives:
-19.97270082045998, 23.36640064523968, -18.97270082045998, 

parameters:
0.7544164023821193, 0.0, 20.0, 
objectives:
-19.43085589181682, 21.551478498654703, -18.43085589181682, 

parameters:
1.5049582684031066, 0.0, 20.0, 
objectives:
-17.735100610365123, 20.245066316022452, -16.735100610365123, 

parameters:
1.6797187203887907, 0.0, 20.0, 
objectives:
-17.178545020375445, 20.102580098069392, -16.178545020375445, 

parameters:
1.2561906524552715, 0.0, 20.0, 
objectives:
-18.421985044684, 20.553252345494915, -17.421985044684, 

parameters:
1.1833258605674788, 0.0, 20.0, 
objectives:
-18.599739907712237, 20.66695665001785, -17.599739907712234, 

parameters:
0.677432833075641, 0.0, 20.0, 
objectives:
-19.54108475667111, 21.749183911026325, -18.54108475667111, 

parameters:
0.9896824830660962, 0.0, 20.0, 
objectives:
-19.020528582712124, 21.02074148502349, -18.020528582712124, 

parameters:
0.2626477503671408, 0.0, 20.0, 
objectives:
-19.93101615922708, 23.018392839304358, -18.93101615922708, 

parameters:
1.3186968458440538, 0.0, 20.0, 
objectives:
-18.261038628760943, 20.464173987862843, -17.261038628760943, 

parameters:
0.3379898920783342, 0.0, 20.0, 
objectives:
-19.885762832852876, 22.762277598833787, -18.885762832852876, 

parameters:
0.5868934081628023, 0.0, 20.0, 
objectives:
-19.65555612745505, 21.99687023989374, -18.65555612745505, 

parameters:
0.515242311786975, 0.0, 20.0, 
objectives:
-19.734525360144413, 22.204505392707688, -18.734525360144413, 

parameters:
1.5647725864463238, 0.0, 20.0, 
objectives:
-17.551486752706083, 20.18942290150862, -16.551486752706083, 

parameters:
0.8254507835724035, 0.0, 20.0, 
objectives:
-19.318631003899704, 21.379565861810683, -18.318631003899704, 

parameters:
1.1457717034876826, 0.0, 20.0, 
objectives:
-18.687207203486935, 20.729705982562336, -17.687207203486935, 

parameters:
1.0276571180897367, 0.0, 20.0, 
objectives:
-18.943920847639497, 20.945450680001557, -17.943920847639497, 

parameters:
1.4415223713211542, 0.0, 20.0, 
objectives:
-17.922013252980637, 20.311897261734746, -16.922013252980637, 

parameters:
0.6247912081368558, 0.0, 20.0, 
objectives:
-19.60963594623489, 21.89119922121769, -18.60963594623489, 

parameters:
1.1023617170783062, 0.0, 20.0, 
objectives:
-18.78479864472017, 20.805754486966606, -17.78479864472017, 

parameters:
1.071554355703701, 0.0, 20.0, 
objectives:
-18.851771262772427, 20.86201131441277, -17.851771262772427, 

parameters:
0.4298642086712122, 0.0, 20.0, 
objectives:
-19.81521676210347, 22.46532640321168, -18.81521676210347, 

parameters:
1.4548184779511577, 0.0, 20.0, 
objectives:
-17.883503196211876, 20.29722289198349, -16.883503196211876, 

parameters:
0.07624036079088199, 0.0, 20.0, 
objectives:
-19.994187407386477, 23.700851149449996, -18.994187407386477, 

parameters:
1.5645111003232446, 0.0, 20.0, 
objectives:
-17.55230501696535, 20.18965058174167, -16.55230501696535, 

parameters:
1.2936640721679642, 0.0, 20.0, 
objectives:
-18.326433268381802, 20.498910442946343, -17.3264332683818, 

parameters:
0.8210527775447704, 0.0, 20.0, 
objectives:
-19.325872336486018, 21.3899165533349, -18.325872336486018, 

parameters:
0.3106651873002593, 0.0, 20.0, 
objectives:
-19.903487141399694, 22.85385210939927, -18.903487141399694, 

parameters:
0.06405886759749088, 0.0, 20.0, 
objectives:
-19.995896461482126, 23.747868068127907, -18.995896461482126, 

parameters:
0.4334307175082112, 0.0, 20.0, 
objectives:
-19.812137813120316, 22.454139316846838, -18.812137813120316, 

parameters:
0.47533186819060846, 0.0, 20.0, 
objectives:
-19.774059615082425, 22.32461291215514, -18.774059615082425, 

parameters:
0.4776907194232432, 0.0, 20.0, 
objectives:
-19.771811576576905, 22.317425545730124, -18.771811576576905, 

