Generation 322 at Sat May 25 04:36:27 2019
parameters:
0, 0.0, 20.0, 
objectives:
-20.0, 24.0, -19.0, 

parameters:
0, 0.0, 20.0, 
objectives:
-20.0, 24.0, -19.0, 

parameters:
1.9971487895634539, 0.0, 20.0, 
objectives:
-16.01139671234523, 20.000008129400953, -15.011396712345231, 

parameters:
1.1943917655386027, 0.0, 20.0, 
objectives:
-18.57342831041358, 20.64900462743201, -17.57342831041358, 

parameters:
0.3798653480905232, 0.0, 20.0, 
objectives:
-19.855702317320066, 22.62483629031784, -18.855702317320066, 

parameters:
1.077191866725273, 0.0, 20.0, 
objectives:
-18.83965768226092, 20.851574850837988, -17.83965768226092, 

parameters:
1.2687404339267188, 0.0, 20.0, 
objectives:
-18.39029771131944, 20.534740552973684, -17.39029771131944, 

parameters:
1.9287673890567498, 0.0, 20.0, 
objectives:
-16.279856358911207, 20.005074084861793, -15.279856358911209, 

parameters:
0.4830661110875243, 0.0, 20.0, 
objectives:
-19.766647132318777, 22.301088423331127, -18.766647132318777, 

parameters:
1.723243615033193, 0.0, 20.0, 
objectives:
-17.030431443247334, 20.076594096619896, -16.030431443247334, 

parameters:
0.9472941815946644, 0.0, 20.0, 
objectives:
-19.102633733516896, 21.108189540104448, -18.102633733516896, 

parameters:
0.71498236437141, 0.0, 20.0, 
objectives:
-19.48880021863787, 21.651270323876492, -18.48880021863787, 

parameters:
0.2422835460844016, 0.0, 20.0, 
objectives:
-19.94129868329677, 23.089567132365627, -18.94129868329677, 

parameters:
0.18980537967445701, 0.0, 20.0, 
objectives:
-19.963973917846634, 23.276804563455535, -18.963973917846637, 

parameters:
1.646772395261787, 0.0, 20.0, 
objectives:
-17.288140678203757, 20.124769740749095, -16.288140678203757, 

parameters:
1.7713673194714818, 0.0, 20.0, 
objectives:
-16.862257819508418, 20.052272902605655, -15.862257819508418, 

parameters:
1.860319437118875, 0.0, 20.0, 
objectives:
-16.539211591877713, 20.019510659646787, -15.539211591877713, 

parameters:
0.04519429161076446, 0.0, 20.0, 
objectives:
-19.9979574760058, 23.82126535755114, -18.9979574760058, 

parameters:
0.8344306706630032, 0.0, 20.0, 
objectives:
-19.303725455856892, 21.358551861491097, -18.303725455856892, 

parameters:
0.5694132364501091, 0.0, 20.0, 
objectives:
-19.675768566155412, 22.04657848804415, -18.675768566155412, 

parameters:
1.569307494136438, 0.0, 20.0, 
objectives:
-17.537273988847215, 20.185496034607034, -16.537273988847215, 

parameters:
1.349716769048726, 0.0, 20.0, 
objectives:
-18.17826464334867, 20.422868280456427, -17.17826464334867, 

parameters:
1.827706894238389, 0.0, 20.0, 
objectives:
-16.65948750875346, 20.029684914292982, -15.659487508753463, 

parameters:
0.8181061769145814, 0.0, 20.0, 
objectives:
-19.330702283294208, 21.396873009047468, -18.330702283294208, 

parameters:
1.6110690856931376, 0.0, 20.0, 
objectives:
-17.404456401123877, 20.151267256103573, -16.404456401123877, 

parameters:
1.5096237244699748, 0.0, 20.0, 
objectives:
-17.7210362105174, 20.2404688916027, -16.7210362105174, 

parameters:
1.445874895437775, 0.0, 20.0, 
objectives:
-17.909445786742804, 20.307054631506098, -16.909445786742804, 

parameters:
1.012030534688415, 0.0, 20.0, 
objectives:
-18.97579419685828, 20.97608366438806, -17.97579419685828, 

parameters:
1.9855182768150599, 0.0, 20.0, 
objectives:
-16.057717172433357, 20.000209720306405, -15.057717172433355, 

parameters:
0.6568803313101665, 0.0, 20.0, 
objectives:
-19.568508230337844, 21.803970444421488, -18.568508230337844, 

parameters:
0.6280919152863377, 0.0, 20.0, 
objectives:
-19.60550054595194, 21.882131792902708, -18.60550054595194, 

parameters:
0.992113892657544, 0.0, 20.0, 
objectives:
-19.015710023995894, 21.01583440537393, -18.015710023995894, 

parameters:
1.4121138932426724, 0.0, 20.0, 
objectives:
-18.005934352511023, 20.345610074518287, -17.005934352511023, 

parameters:
1.4884280595590331, 0.0, 20.0, 
objectives:
-17.784581911517332, 20.261705850246535, -16.784581911517332, 

parameters:
1.374378928814555, 0.0, 20.0, 
objectives:
-18.111082560030557, 20.391401724711223, -17.111082560030557, 

parameters:
1.3908738992480258, 0.0, 20.0, 
objectives:
-18.06546979639059, 20.371034606617304, -17.06546979639059, 

parameters:
0.005873751276306519, 0.0, 20.0, 
objectives:
-19.999965499045945, 23.97653949584883, -18.999965499045945, 

parameters:
1.4911188766634806, 0.0, 20.0, 
objectives:
-17.77656449565784, 20.258959997688237, -16.77656449565784, 

parameters:
1.9938122871046966, 0.0, 20.0, 
objectives:
-16.024712563790338, 20.000038287790876, -15.024712563790338, 

