Generation 323 at Fri May 24 19:55:17 2019
parameters:
0, 0.0, 20.0, 
objectives:
-20.0, 24.0, -19.0, 

parameters:
0, 0.0, 20.0, 
objectives:
-20.0, 24.0, -19.0, 

parameters:
1.9979647189482492, 0.0, 20.0, 
objectives:
-16.008136981838042, 20.000004142368958, -15.008136981838044, 

parameters:
1.9028055079660224, 0.0, 20.0, 
objectives:
-16.379331198854167, 20.009446769281745, -15.379331198854167, 

parameters:
0.5350530061955582, 0.0, 20.0, 
objectives:
-19.713718280561096, 22.14606969465667, -18.713718280561096, 

parameters:
1.8458728390924775, 0.0, 20.0, 
objectives:
-16.592753461900678, 20.023755181729413, -15.592753461900678, 

parameters:
1.641034592035249, 0.0, 20.0, 
objectives:
-17.307005467743704, 20.1288561641153, -16.307005467743704, 

parameters:
0.4004073671784566, 0.0, 20.0, 
objectives:
-19.83967394030922, 22.558696590976957, -18.83967394030922, 

parameters:
1.4465974143095708, 0.0, 20.0, 
objectives:
-17.907355920912863, 20.306254421848852, -16.907355920912863, 

parameters:
1.2465279903528501, 0.0, 20.0, 
objectives:
-18.446167969266885, 20.567720069321716, -17.446167969266885, 

parameters:
1.373571179198261, 0.0, 20.0, 
objectives:
-18.113302215675898, 20.392413067531056, -17.113302215675898, 

parameters:
1.1838839914719574, 0.0, 20.0, 
objectives:
-18.598418694736427, 20.666045339375746, -17.598418694736427, 

parameters:
1.3186968458440538, 0.0, 20.0, 
objectives:
-18.261038628760943, 20.464173987862843, -17.261038628760943, 

parameters:
1.1136690711388049, 0.0, 20.0, 
objectives:
-18.75974119998883, 20.78558251545595, -17.75974119998883, 

parameters:
0.2626477503671408, 0.0, 20.0, 
objectives:
-19.93101615922708, 23.018392839304358, -18.93101615922708, 

parameters:
1.7635722410440866, 0.0, 20.0, 
objectives:
-16.889812950618737, 20.055898085204916, -15.889812950618738, 

parameters:
0.7544164023821193, 0.0, 20.0, 
objectives:
-19.43085589181682, 21.551478498654703, -18.43085589181682, 

parameters:
1.0531506508945414, 0.0, 20.0, 
objectives:
-18.890873706520402, 20.896523689901432, -17.890873706520402, 

parameters:
1.5049582684031066, 0.0, 20.0, 
objectives:
-17.735100610365123, 20.245066316022452, -16.735100610365123, 

parameters:
0.9174007635834054, 0.0, 20.0, 
objectives:
-19.158375838976585, 21.172021106689794, -18.158375838976585, 

parameters:
0.669391929723749, 0.0, 20.0, 
objectives:
-19.551914444420717, 21.770517836684288, -18.551914444420717, 

parameters:
0.3379898920783342, 0.0, 20.0, 
objectives:
-19.885762832852876, 22.762277598833787, -18.885762832852876, 

parameters:
0.05900772785787767, 0.0, 20.0, 
objectives:
-19.99651808805305, 23.76745100051544, -18.99651808805305, 

parameters:
1.569672236124907, 0.0, 20.0, 
objectives:
-17.536129071138635, 20.185181984361737, -16.536129071138635, 

parameters:
1.7127232692669152, 0.0, 20.0, 
objectives:
-17.06657900291165, 20.082527920020688, -16.06657900291165, 

parameters:
0.8778378873174295, 0.0, 20.0, 
objectives:
-19.229400643590072, 21.25924780714021, -18.229400643590072, 

parameters:
0.158952353077348, 0.0, 20.0, 
objectives:
-19.974734149451173, 23.389456438239435, -18.974734149451173, 

parameters:
0.6163026145661521, 0.0, 20.0, 
objectives:
-19.620171087278926, 21.914618454456466, -18.620171087278926, 

parameters:
0.9896824830660962, 0.0, 20.0, 
objectives:
-19.020528582712124, 21.02074148502349, -18.020528582712124, 

parameters:
0.8254507835724035, 0.0, 20.0, 
objectives:
-19.318631003899704, 21.379565861810683, -18.318631003899704, 

parameters:
1.543166656231199, 0.0, 20.0, 
objectives:
-17.61863667109622, 20.208696703978983, -16.61863667109622, 

parameters:
0.14773171568871057, 0.0, 20.0, 
objectives:
-19.97817534017967, 23.430897797065487, -18.97817534017967, 

parameters:
0.7977152334027715, 0.027469034723826002, 20.0, 
objectives:
-19.336181371673337, 21.47295769471558, -18.336181371673337, 

parameters:
0.9953019727746308, 0.0, 20.0, 
objectives:
-19.00937398299093, 21.00941812591055, -18.00937398299093, 

parameters:
1.7464657542293167, 0.0, 20.0, 
objectives:
-16.949857369304222, 20.06427961377851, -15.949857369304224, 

parameters:
1.7137762063989086, 0.0, 20.0, 
objectives:
-17.062971114380964, 20.0819240600234, -16.062971114380964, 

parameters:
0.6352451442512281, 0.0, 20.0, 
objectives:
-19.596463606705235, 21.862555816289852, -18.596463606705235, 

parameters:
1.5647725864463238, 0.0, 20.0, 
objectives:
-17.551486752706083, 20.18942290150862, -16.551486752706083, 

parameters:
0.6247912081368558, 0.0, 20.0, 
objectives:
-19.60963594623489, 21.89119922121769, -18.60963594623489, 

parameters:
0, 0.0, 20.0, 
objectives:
-20.0, 24.0, -19.0, 

