Generation 325 at Fri May 24 19:55:17 2019
parameters:
0, 0.0, 20.0, 
objectives:
-20.0, 24.0, -19.0, 

parameters:
0, 0.0, 20.0, 
objectives:
-20.0, 24.0, -19.0, 

parameters:
1.9979647189482492, 0.0, 20.0, 
objectives:
-16.008136981838042, 20.000004142368958, -15.008136981838044, 

parameters:
1.9028055079660224, 0.0, 20.0, 
objectives:
-16.379331198854167, 20.009446769281745, -15.379331198854167, 

parameters:
0.8778378873174295, 0.0, 20.0, 
objectives:
-19.229400643590072, 21.25924780714021, -18.229400643590072, 

parameters:
0.6079511058808793, 0.0, 20.0, 
objectives:
-19.630395452858217, 21.937800123618267, -18.630395452858217, 

parameters:
0.7544164023821193, 0.0, 20.0, 
objectives:
-19.43085589181682, 21.551478498654703, -18.43085589181682, 

parameters:
1.7127232692669152, 0.0, 20.0, 
objectives:
-17.06657900291165, 20.082527920020688, -16.06657900291165, 

parameters:
1.5049582684031066, 0.0, 20.0, 
objectives:
-17.735100610365123, 20.245066316022452, -16.735100610365123, 

parameters:
1.2465279903528501, 0.0, 20.0, 
objectives:
-18.446167969266885, 20.567720069321716, -17.446167969266885, 

parameters:
1.1838839914719574, 0.0, 20.0, 
objectives:
-18.598418694736427, 20.666045339375746, -17.598418694736427, 

parameters:
1.3165379882804653, 0.0, 20.0, 
objectives:
-18.266727725414427, 20.467120321463714, -17.266727725414427, 

parameters:
1.1136690711388049, 0.0, 20.0, 
objectives:
-18.75974119998883, 20.78558251545595, -17.75974119998883, 

parameters:
0.7154141504790986, 0.0, 20.0, 
objectives:
-19.48818259329427, 21.650160804789337, -18.48818259329427, 

parameters:
1.0531506508945414, 0.0, 20.0, 
objectives:
-18.890873706520402, 20.896523689901432, -17.890873706520402, 

parameters:
1.7635722410440866, 0.0, 20.0, 
objectives:
-16.889812950618737, 20.055898085204916, -15.889812950618738, 

parameters:
0.9896824830660962, 0.0, 20.0, 
objectives:
-19.020528582712124, 21.02074148502349, -18.020528582712124, 

parameters:
0.2626477503671408, 0.0, 20.0, 
objectives:
-19.93101615922708, 23.018392839304358, -18.93101615922708, 

parameters:
0.5350530061955582, 0.0, 20.0, 
objectives:
-19.713718280561096, 22.14606969465667, -18.713718280561096, 

parameters:
1.8458728390924775, 0.0, 20.0, 
objectives:
-16.592753461900678, 20.023755181729413, -15.592753461900678, 

parameters:
0.46682967321845104, 0.0, 20.0, 
objectives:
-19.782070056202755, 22.350611250923443, -18.782070056202755, 

parameters:
1.641034592035249, 0.0, 20.0, 
objectives:
-17.307005467743704, 20.1288561641153, -16.307005467743704, 

parameters:
0.9285238839449427, 0.0, 20.0, 
objectives:
-19.137843396943797, 21.14806106727643, -18.137843396943797, 

parameters:
0.158952353077348, 0.0, 20.0, 
objectives:
-19.974734149451173, 23.389456438239435, -18.974734149451173, 

parameters:
1.8120933496745808, 0.0, 20.0, 
objectives:
-16.716317692065157, 20.03530890923652, -15.716317692065157, 

parameters:
1.373571179198261, 0.0, 20.0, 
objectives:
-18.113302215675898, 20.392413067531056, -17.113302215675898, 

parameters:
0.4004073671784566, 0.0, 20.0, 
objectives:
-19.83967394030922, 22.558696590976957, -18.83967394030922, 

parameters:
1.4465974143095708, 0.0, 20.0, 
objectives:
-17.907355920912863, 20.306254421848852, -16.907355920912863, 

parameters:
1.569672236124907, 0.0, 20.0, 
objectives:
-17.536129071138635, 20.185181984361737, -16.536129071138635, 

parameters:
0.05900772785787767, 0.0, 20.0, 
objectives:
-19.99651808805305, 23.76745100051544, -18.99651808805305, 

parameters:
1.6225156036470847, 0.0, 20.0, 
objectives:
-17.367443115921738, 20.142494469489925, -16.367443115921738, 

parameters:
0.32233262039883115, 0.0, 20.0, 
objectives:
-19.896101681826824, 22.81456783657785, -18.896101681826824, 

parameters:
0.1174373021344043, 0.0, 20.0, 
objectives:
-19.986208480067393, 23.54404231139499, -18.986208480067393, 

parameters:
1.5749285855872648, 0.0, 20.0, 
objectives:
-17.519599950300098, 20.180685707350843, -16.519599950300098, 

parameters:
0.35942375159413265, 0.0, 20.0, 
objectives:
-19.87081456679, 22.691490426833468, -18.87081456679, 

parameters:
1.4053273661462473, 0.0, 20.0, 
objectives:
-18.025054993960453, 20.353635541454558, -17.025054993960453, 

parameters:
1.4317131437632042, 0.0, 20.0, 
objectives:
-17.95019747397568, 20.322949950971502, -16.95019747397568, 

parameters:
1.4103691621311383, 0.0, 20.0, 
objectives:
-18.010858826509512, 20.347664524965936, -17.010858826509512, 

