Generation 327 at Sat May 25 04:36:27 2019
parameters:
0, 0.0, 20.0, 
objectives:
-20.0, 24.0, -19.0, 

parameters:
0, 0.0, 20.0, 
objectives:
-20.0, 24.0, -19.0, 

parameters:
1.9971487895634539, 0.0, 20.0, 
objectives:
-16.01139671234523, 20.000008129400953, -15.011396712345231, 

parameters:
1.3015398633486663, 0.0, 20.0, 
objectives:
-18.305993984114334, 20.487846562491, -17.305993984114334, 

parameters:
1.207996799936281, 0.0, 20.0, 
objectives:
-18.540743731343703, 20.627269068911172, -17.540743731343703, 

parameters:
1.3924887671856134, 0.0, 20.0, 
objectives:
-18.06097503326189, 20.369069897995654, -17.06097503326189, 

parameters:
0.18980537967445701, 0.0, 20.0, 
objectives:
-19.963973917846634, 23.276804563455535, -18.963973917846637, 

parameters:
0.4830661110875243, 0.0, 20.0, 
objectives:
-19.766647132318777, 22.301088423331127, -18.766647132318777, 

parameters:
1.8745719643077967, 0.0, 20.0, 
objectives:
-16.485979950631208, 20.015732192137605, -15.485979950631208, 

parameters:
1.723243615033193, 0.0, 20.0, 
objectives:
-17.030431443247334, 20.076594096619896, -16.030431443247334, 

parameters:
1.646772395261787, 0.0, 20.0, 
objectives:
-17.288140678203757, 20.124769740749095, -16.288140678203757, 

parameters:
1.1363358821790592, 0.0, 20.0, 
objectives:
-18.70874076287234, 20.745915708411424, -17.70874076287234, 

parameters:
0.8181061769145814, 0.0, 20.0, 
objectives:
-19.330702283294208, 21.396873009047468, -18.330702283294208, 

parameters:
1.4557123617475465, 0.0, 20.0, 
objectives:
-17.88090151985538, 20.296249033154435, -16.88090151985538, 

parameters:
1.5096237244699748, 0.0, 20.0, 
objectives:
-17.7210362105174, 20.2404688916027, -16.7210362105174, 

parameters:
0.04519429161076446, 0.0, 20.0, 
objectives:
-19.9979574760058, 23.82126535755114, -18.9979574760058, 

parameters:
1.8058220891888102, 0.0, 20.0, 
objectives:
-16.73900658219776, 20.037705061047, -15.73900658219776, 

parameters:
0.5888374892329904, 0.0, 20.0, 
objectives:
-19.653270411273787, 21.99137963179425, -18.653270411273787, 

parameters:
0.8617476603875596, 0.0, 20.0, 
objectives:
-19.257390969816566, 21.295618388633194, -18.257390969816566, 

parameters:
1.569307494136438, 0.0, 20.0, 
objectives:
-17.537273988847215, 20.185496034607034, -16.537273988847215, 

parameters:
0.9472941815946644, 0.0, 20.0, 
objectives:
-19.102633733516896, 21.108189540104448, -18.102633733516896, 

parameters:
0.71498236437141, 0.0, 20.0, 
objectives:
-19.48880021863787, 21.651270323876492, -18.48880021863787, 

parameters:
1.7713673194714818, 0.0, 20.0, 
objectives:
-16.862257819508418, 20.052272902605655, -15.862257819508418, 

parameters:
1.6110690856931376, 0.0, 20.0, 
objectives:
-17.404456401123877, 20.151267256103573, -16.404456401123877, 

parameters:
0.9826402770018015, 0.0, 20.0, 
objectives:
-19.034418086013822, 21.03502080597897, -18.034418086013822, 

parameters:
1.9855182768150599, 0.0, 20.0, 
objectives:
-16.057717172433357, 20.000209720306405, -15.057717172433355, 

parameters:
0.39698785982757434, 0.0, 20.0, 
objectives:
-19.84240063914952, 22.56964792154018, -18.842400639149524, 

parameters:
0.29420715767484823, 0.0, 20.0, 
objectives:
-19.913442148372887, 22.90972922092772, -18.913442148372887, 

parameters:
0.3745517796034489, 0.0, 20.0, 
objectives:
-19.85971096439589, 22.642081917190314, -18.85971096439589, 

parameters:
1.077191866725273, 0.0, 20.0, 
objectives:
-18.83965768226092, 20.851574850837988, -17.83965768226092, 

parameters:
0.27001061430077256, 0.0, 20.0, 
objectives:
-19.927094268164918, 22.99286327463199, -18.927094268164918, 

parameters:
1.9287673890567498, 0.0, 20.0, 
objectives:
-16.279856358911207, 20.005074084861793, -15.279856358911209, 

parameters:
1.928195515116701, 0.0, 20.0, 
objectives:
-16.28206205548384, 20.005155884049355, -15.282062055483841, 

parameters:
1.0403057559888205, 0.0, 20.0, 
objectives:
-18.917763934056527, 20.92101304198819, -17.91776393405653, 

parameters:
0.6463911339540912, 0.0, 20.0, 
objectives:
-19.582178501945545, 21.83225696223809, -18.582178501945545, 

parameters:
0.6324216632989766, 0.0, 20.0, 
objectives:
-19.600042839790156, 21.870270507013938, -18.600042839790156, 

parameters:
0.6926468641548406, 0.0, 20.0, 
objectives:
-19.520240321576466, 21.709172221804174, -18.520240321576466, 

parameters:
1.059661249486679, 0.0, 20.0, 
objectives:
-18.87711803633633, 20.884236965716955, -17.87711803633633, 

parameters:
0.693080760667453, 0.0, 20.0, 
objectives:
-19.519639059192624, 21.70803789813756, -18.519639059192624, 

parameters:
1.0506403249532357, 0.0, 20.0, 
objectives:
-18.896154907582158, 20.901283792604897, -17.896154907582158, 

