Generation 329 at Sat May 25 04:36:27 2019
parameters:
0, 0.0, 20.0, 
objectives:
-20.0, 24.0, -19.0, 

parameters:
0, 0.0, 20.0, 
objectives:
-20.0, 24.0, -19.0, 

parameters:
1.9971487895634539, 0.0, 20.0, 
objectives:
-16.01139671234523, 20.000008129400953, -15.011396712345231, 

parameters:
1.8745719643077967, 0.0, 20.0, 
objectives:
-16.485979950631208, 20.015732192137605, -15.485979950631208, 

parameters:
0.71498236437141, 0.0, 20.0, 
objectives:
-19.48880021863787, 21.651270323876492, -18.48880021863787, 

parameters:
0.5888374892329904, 0.0, 20.0, 
objectives:
-19.653270411273787, 21.99137963179425, -18.653270411273787, 

parameters:
1.646772395261787, 0.0, 20.0, 
objectives:
-17.288140678203757, 20.124769740749095, -16.288140678203757, 

parameters:
1.569307494136438, 0.0, 20.0, 
objectives:
-17.537273988847215, 20.185496034607034, -16.537273988847215, 

parameters:
1.9855182768150599, 0.0, 20.0, 
objectives:
-16.057717172433357, 20.000209720306405, -15.057717172433355, 

parameters:
0.4830661110875243, 0.0, 20.0, 
objectives:
-19.766647132318777, 22.301088423331127, -18.766647132318777, 

parameters:
0.29420715767484823, 0.0, 20.0, 
objectives:
-19.913442148372887, 22.90972922092772, -18.913442148372887, 

parameters:
1.3015398633486663, 0.0, 20.0, 
objectives:
-18.305993984114334, 20.487846562491, -17.305993984114334, 

parameters:
1.723243615033193, 0.0, 20.0, 
objectives:
-17.030431443247334, 20.076594096619896, -16.030431443247334, 

parameters:
0.39698785982757434, 0.0, 20.0, 
objectives:
-19.84240063914952, 22.56964792154018, -18.842400639149524, 

parameters:
0.8181061769145814, 0.0, 20.0, 
objectives:
-19.330702283294208, 21.396873009047468, -18.330702283294208, 

parameters:
1.8058220891888102, 0.0, 20.0, 
objectives:
-16.73900658219776, 20.037705061047, -15.73900658219776, 

parameters:
0.18980537967445701, 0.0, 20.0, 
objectives:
-19.963973917846634, 23.276804563455535, -18.963973917846637, 

parameters:
0.8649569618535595, 0.0, 20.0, 
objectives:
-19.25184945414106, 21.288322698444702, -18.25184945414106, 

parameters:
0.9472941815946644, 0.0, 20.0, 
objectives:
-19.102633733516896, 21.108189540104448, -18.102633733516896, 

parameters:
1.5096237244699748, 0.0, 20.0, 
objectives:
-17.7210362105174, 20.2404688916027, -16.7210362105174, 

parameters:
1.7713673194714818, 0.0, 20.0, 
objectives:
-16.862257819508418, 20.052272902605655, -15.862257819508418, 

parameters:
0.11557751151411491, 0.0, 20.0, 
objectives:
-19.986641838832206, 23.551048115111335, -18.986641838832206, 

parameters:
1.3884163033851684, 0.0, 20.0, 
objectives:
-18.072300168494262, 20.374034617965062, -17.072300168494266, 

parameters:
1.077191866725273, 0.0, 20.0, 
objectives:
-18.83965768226092, 20.851574850837988, -17.83965768226092, 

parameters:
1.1363358821790592, 0.0, 20.0, 
objectives:
-18.70874076287234, 20.745915708411424, -17.70874076287234, 

parameters:
1.0392597498989433, 0.0, 20.0, 
objectives:
-18.919939172239985, 20.92302182816424, -17.919939172239985, 

parameters:
0.9812290710847846, 0.0, 20.0, 
objectives:
-19.03718951005809, 21.037894205602772, -18.03718951005809, 

parameters:
0.04519429161076446, 0.0, 20.0, 
objectives:
-19.9979574760058, 23.82126535755114, -18.9979574760058, 

parameters:
1.4557123617475465, 0.0, 20.0, 
objectives:
-17.88090151985538, 20.296249033154435, -16.88090151985538, 

parameters:
1.412575029413582, 0.0, 20.0, 
objectives:
-18.00463178627722, 20.345068096068456, -17.00463178627722, 

parameters:
1.24672219501616, 0.0, 20.0, 
objectives:
-18.44568376845409, 20.567427451481272, -17.44568376845409, 

parameters:
1.1721662683176017, 0.0, 20.0, 
objectives:
-18.626026239418387, 20.685308687311206, -17.626026239418387, 

parameters:
1.4787958735439823, 0.0, 20.0, 
objectives:
-17.81316276438929, 20.27165374143478, -16.81316276438929, 

parameters:
1.207996799936281, 0.0, 20.0, 
objectives:
-18.540743731343703, 20.627269068911172, -17.540743731343703, 

parameters:
1.2429920181558078, 0.0, 20.0, 
objectives:
-18.45497084280095, 20.573061084575816, -17.454970842800954, 

parameters:
1.1961328430929155, 0.0, 20.0, 
objectives:
-18.569266221674457, 20.64620240595388, -17.56926622167446, 

parameters:
1.3924887671856134, 0.0, 20.0, 
objectives:
-18.06097503326189, 20.369069897995654, -17.06097503326189, 

parameters:
0, 0.0, 20.0, 
objectives:
-20.0, 24.0, -19.0, 

