Generation 33 at Sat May 25 04:36:25 2019
parameters:
0, 0.0, 20.0, 
objectives:
-20.0, 24.0, -19.0, 

parameters:
0, 0.0, 20.0, 
objectives:
-20.0, 24.0, -19.0, 

parameters:
2.005378329630566, 0.0, 20.0, 
objectives:
-15.978457755048122, 20.000028926429614, -14.978457755048122, 

parameters:
1.432200891018618, 0.0, 20.0, 
objectives:
-17.948800607765477, 20.32239582816005, -16.948800607765477, 

parameters:
1.5604862767269636, 0.0, 20.0, 
objectives:
-17.56488258014682, 20.19317231294533, -16.56488258014682, 

parameters:
1.1260951731048296, 0.02132027558697388, 20.0, 
objectives:
-18.71058938552303, 20.785029922057653, -17.71058938552303, 

parameters:
1.957298340121992, 0.0, 20.0, 
objectives:
-16.168983207755694, 20.001823431756335, -15.168983207755694, 

parameters:
0.2999334414431123, 0.0, 20.0, 
objectives:
-19.91003993070409, 22.89022630352346, -18.91003993070409, 

parameters:
1.0179455317185169, 0.0, 20.0, 
objectives:
-18.963786894454305, 20.964430978671626, -17.963786894454305, 

parameters:
1.876075564565118, 0.0, 20.0, 
objectives:
-16.480340476041675, 20.015357265697855, -15.480340476041674, 

parameters:
1.262359570842248, 0.0, 20.0, 
objectives:
-18.406448313902974, 20.544113402728033, -17.406448313902978, 

parameters:
0.4346399653340889, 0.0, 20.0, 
objectives:
-19.81108810053438, 22.450352038129264, -18.81108810053438, 

parameters:
0.9075809398424147, 0.010176824206344727, 20.0, 
objectives:
-19.166120013428415, 21.203556227201926, -18.166120013428415, 

parameters:
1.1920560647605782, 0.0, 20.0, 
objectives:
-18.579002338467525, 20.652773402490162, -17.579002338467525, 

parameters:
1.3407763870691325, 0.0, 20.0, 
objectives:
-18.202318679877845, 20.434575771845626, -17.202318679877845, 

parameters:
0.5436188218647925, 0.0, 20.0, 
objectives:
-19.704478576514337, 22.121046136026493, -18.704478576514333, 

parameters:
1.8322345871375865, 0.0, 20.0, 
objectives:
-16.642916417696757, 20.028145233752895, -15.642916417696759, 

parameters:
0.6304164121907454, 0.0, 20.0, 
objectives:
-19.602575147240547, 21.87575920399647, -18.602575147240547, 

parameters:
0.9699287625184305, 0.0, 20.0, 
objectives:
-19.059238195639466, 21.061046754286814, -18.059238195639466, 

parameters:
1.7039199683177322, 0.014728810431583639, 20.0, 
objectives:
-17.081927931136516, 20.102392195592557, -16.081927931136516, 

parameters:
0.2199363816172286, 0.0, 20.0, 
objectives:
-19.95162798804112, 23.168626485489966, -18.95162798804112, 

parameters:
1.669027026310296, 0.0, 20.0, 
objectives:
-17.21434878544581, 20.109543109313005, -16.21434878544581, 

parameters:
1.3755438598395857, 0.006051661023511527, 20.0, 
objectives:
-18.101827428634103, 20.395997132007555, -17.101827428634103, 

parameters:
1.7558272298113446, 0.0, 20.0, 
objectives:
-16.91707073905302, 20.059620341701603, -15.91707073905302, 

parameters:
1.7843155241061441, 0.0, 20.0, 
objectives:
-16.816218110433816, 20.046519793141606, -15.816218110433816, 

parameters:
0.10989000999478077, 0.0, 20.0, 
objectives:
-19.987924185703346, 23.57251577431753, -18.987924185703346, 

parameters:
0.8149031590507876, 0.0, 20.0, 
objectives:
-19.335932841369047, 21.404454522427802, -18.335932841369047, 

parameters:
0.49073165440320776, 0.0, 20.0, 
objectives:
-19.75918244336669, 22.277890939020477, -18.75918244336669, 

parameters:
0.1569812131109278, 0.0, 20.0, 
objectives:
-19.975356898730222, 23.39671824882607, -18.975356898730222, 

parameters:
0.021224618970055568, 0.0, 20.0, 
objectives:
-19.999549515549575, 23.915552008570202, -18.999549515549575, 

parameters:
0.7440964932575738, 0.0, 20.0, 
objectives:
-19.446320408721782, 21.577293618247925, -18.446320408721782, 

parameters:
1.6109134276054815, 0.0, 20.0, 
objectives:
-17.40495792876036, 20.151388360817716, -16.40495792876036, 

parameters:
1.6196333461460548, 0.0, 20.0, 
objectives:
-17.376787824051732, 20.144678791364047, -16.376787824051732, 

parameters:
0.6918032044796725, 0.0, 20.0, 
objectives:
-19.521408326271658, 21.711378855809652, -18.521408326271658, 

parameters:
0.7735332639983613, 0.0, 20.0, 
objectives:
-19.401646289488042, 21.504220654518512, -18.401646289488042, 

parameters:
0.6719490486029843, 0.006815200689180845, 20.0, 
objectives:
-19.541669275392362, 21.7705345301957, -18.541669275392362, 

parameters:
0.8108736264678387, 0.0021057579955381343, 20.0, 
objectives:
-19.34037820390336, 21.416127290225287, -18.34037820390336, 

parameters:
0, 0.0, 20.0, 
objectives:
-20.0, 24.0, -19.0, 

