Generation 331 at Sat May 25 04:36:27 2019
parameters:
0, 0.0, 20.0, 
objectives:
-20.0, 24.0, -19.0, 

parameters:
0, 0.0, 20.0, 
objectives:
-20.0, 24.0, -19.0, 

parameters:
1.9971487895634539, 0.0, 20.0, 
objectives:
-16.01139671234523, 20.000008129400953, -15.011396712345231, 

parameters:
1.8745719643077967, 0.0, 20.0, 
objectives:
-16.485979950631208, 20.015732192137605, -15.485979950631208, 

parameters:
1.569307494136438, 0.0, 20.0, 
objectives:
-17.537273988847215, 20.185496034607034, -16.537273988847215, 

parameters:
1.9855182768150599, 0.0, 20.0, 
objectives:
-16.057717172433357, 20.000209720306405, -15.057717172433355, 

parameters:
0.29420715767484823, 0.0, 20.0, 
objectives:
-19.913442148372887, 22.90972922092772, -18.913442148372887, 

parameters:
1.6842452123701488, 0.0, 20.0, 
objectives:
-17.163318064608234, 20.09970108591117, -16.163318064608234, 

parameters:
1.7713673194714818, 0.0, 20.0, 
objectives:
-16.862257819508418, 20.052272902605655, -15.862257819508418, 

parameters:
0.39698785982757434, 0.0, 20.0, 
objectives:
-19.84240063914952, 22.56964792154018, -18.842400639149524, 

parameters:
0.7065933815502804, 0.0, 20.0, 
objectives:
-19.50072579314934, 21.672900680649537, -18.50072579314934, 

parameters:
1.646772395261787, 0.0, 20.0, 
objectives:
-17.288140678203757, 20.124769740749095, -16.288140678203757, 

parameters:
0.4830661110875243, 0.0, 20.0, 
objectives:
-19.766647132318777, 22.301088423331127, -18.766647132318777, 

parameters:
1.8058220891888102, 0.0, 20.0, 
objectives:
-16.73900658219776, 20.037705061047, -15.73900658219776, 

parameters:
0.18980537967445701, 0.0, 20.0, 
objectives:
-19.963973917846634, 23.276804563455535, -18.963973917846637, 

parameters:
0.5888374892329904, 0.0, 20.0, 
objectives:
-19.653270411273787, 21.99137963179425, -18.653270411273787, 

parameters:
1.1363358821790592, 0.0, 20.0, 
objectives:
-18.70874076287234, 20.745915708411424, -17.70874076287234, 

parameters:
1.5096237244699748, 0.0, 20.0, 
objectives:
-17.7210362105174, 20.2404688916027, -16.7210362105174, 

parameters:
0.8896414969509415, 0.0, 20.0, 
objectives:
-19.208538006902888, 21.232896005293345, -18.208538006902888, 

parameters:
1.2945711631380454, 0.0, 20.0, 
objectives:
-18.324085503571407, 20.49762984387641, -17.324085503571407, 

parameters:
1.3611892512563486, 0.0, 20.0, 
objectives:
-18.147163822264183, 20.408079172710426, -17.147163822264183, 

parameters:
0.8358599596117974, 0.0, 20.0, 
objectives:
-19.301338127917763, 21.355222033635044, -18.301338127917763, 

parameters:
1.2023547394129863, 0.0, 20.0, 
objectives:
-18.55434308061113, 20.636237961736924, -17.55434308061113, 

parameters:
1.077191866725273, 0.0, 20.0, 
objectives:
-18.83965768226092, 20.851574850837988, -17.83965768226092, 

parameters:
1.0392597498989433, 0.0, 20.0, 
objectives:
-18.919939172239985, 20.92302182816424, -17.919939172239985, 

parameters:
0.9812290710847846, 0.0, 20.0, 
objectives:
-19.03718951005809, 21.037894205602772, -18.03718951005809, 

parameters:
0.9472941815946644, 0.0, 20.0, 
objectives:
-19.102633733516896, 21.108189540104448, -18.102633733516896, 

parameters:
0.5601186584041986, 0.0, 20.0, 
objectives:
-19.68626708850748, 22.073258277875723, -18.68626708850748, 

parameters:
0.780991205040445, 0.0, 20.0, 
objectives:
-19.390052737649473, 21.485982442188746, -18.390052737649473, 

parameters:
1.3941203079891693, 0.0, 20.0, 
objectives:
-18.056428566852183, 20.36709020119114, -17.056428566852183, 

parameters:
1.43255651134409, 0.0, 20.0, 
objectives:
-17.94778184180565, 20.32199211281799, -16.94778184180565, 

parameters:
1.1999995506398378, 0.0, 20.0, 
objectives:
-18.560001078464186, 20.640000718976463, -17.560001078464186, 

parameters:
1.3015398633486663, 0.0, 20.0, 
objectives:
-18.305993984114334, 20.487846562491, -17.305993984114334, 

parameters:
0.7482145459829607, 0.0, 20.0, 
objectives:
-19.44017499317951, 21.566966822888645, -18.44017499317951, 

parameters:
0.11557751151411491, 0.0, 20.0, 
objectives:
-19.986641838832206, 23.551048115111335, -18.986641838832206, 

parameters:
0.04519429161076446, 0.0, 20.0, 
objectives:
-19.9979574760058, 23.82126535755114, -18.9979574760058, 

parameters:
1.4627295766541972, 0.0, 20.0, 
objectives:
-17.860422185581033, 20.28865950780218, -16.860422185581033, 

parameters:
0.09513198950663096, 0.0, 20.0, 
objectives:
-19.99094990457251, 23.628522137400967, -18.99094990457251, 

parameters:
1.4557123617475465, 0.0, 20.0, 
objectives:
-17.88090151985538, 20.296249033154435, -16.88090151985538, 

parameters:
1.2986492433693169, 0.0, 20.0, 
objectives:
-18.313510142696302, 20.49189288382643, -17.313510142696302, 

