Generation 333 at Sat May 25 04:36:27 2019
parameters:
0, 0.0, 20.0, 
objectives:
-20.0, 24.0, -19.0, 

parameters:
0, 0.0, 20.0, 
objectives:
-20.0, 24.0, -19.0, 

parameters:
1.9971487895634539, 0.0, 20.0, 
objectives:
-16.01139671234523, 20.000008129400953, -15.011396712345231, 

parameters:
1.8745719643077967, 0.0, 20.0, 
objectives:
-16.485979950631208, 20.015732192137605, -15.485979950631208, 

parameters:
0.18980537967445701, 0.0, 20.0, 
objectives:
-19.963973917846634, 23.276804563455535, -18.963973917846637, 

parameters:
1.5096237244699748, 0.0, 20.0, 
objectives:
-17.7210362105174, 20.2404688916027, -16.7210362105174, 

parameters:
1.2945711631380454, 0.0, 20.0, 
objectives:
-18.324085503571407, 20.49762984387641, -17.324085503571407, 

parameters:
1.3941203079891693, 0.0, 20.0, 
objectives:
-18.056428566852183, 20.36709020119114, -17.056428566852183, 

parameters:
1.9855182768150599, 0.0, 20.0, 
objectives:
-16.057717172433357, 20.000209720306405, -15.057717172433355, 

parameters:
0.29420715767484823, 0.0, 20.0, 
objectives:
-19.913442148372887, 22.90972922092772, -18.913442148372887, 

parameters:
1.0392597498989433, 0.0, 20.0, 
objectives:
-18.919939172239985, 20.92302182816424, -17.919939172239985, 

parameters:
1.2023547394129863, 0.0, 20.0, 
objectives:
-18.55434308061113, 20.636237961736924, -17.55434308061113, 

parameters:
0.39698785982757434, 0.0, 20.0, 
objectives:
-19.84240063914952, 22.56964792154018, -18.842400639149524, 

parameters:
1.569307494136438, 0.0, 20.0, 
objectives:
-17.537273988847215, 20.185496034607034, -16.537273988847215, 

parameters:
0.4830661110875243, 0.0, 20.0, 
objectives:
-19.766647132318777, 22.301088423331127, -18.766647132318777, 

parameters:
1.8058220891888102, 0.0, 20.0, 
objectives:
-16.73900658219776, 20.037705061047, -15.73900658219776, 

parameters:
1.7713673194714818, 0.0, 20.0, 
objectives:
-16.862257819508418, 20.052272902605655, -15.862257819508418, 

parameters:
0.780991205040445, 0.0, 20.0, 
objectives:
-19.390052737649473, 21.485982442188746, -18.390052737649473, 

parameters:
1.1363358821790592, 0.0, 20.0, 
objectives:
-18.70874076287234, 20.745915708411424, -17.70874076287234, 

parameters:
1.3611892512563486, 0.0, 20.0, 
objectives:
-18.147163822264183, 20.408079172710426, -17.147163822264183, 

parameters:
1.7061116537436476, 0.0, 20.0, 
objectives:
-17.089183024960114, 20.086370360065295, -16.089183024960114, 

parameters:
0.8358599596117974, 0.0, 20.0, 
objectives:
-19.301338127917763, 21.355222033635044, -18.301338127917763, 

parameters:
0.8896414969509415, 0.0, 20.0, 
objectives:
-19.208538006902888, 21.232896005293345, -18.208538006902888, 

parameters:
0.696224376107496, 0.0, 20.0, 
objectives:
-19.51527161811373, 21.69983087745629, -18.51527161811373, 

parameters:
0.5962163705309869, 0.0, 20.0, 
objectives:
-19.644526039510858, 21.970608478365197, -18.644526039510858, 

parameters:
1.6250346717326718, 0.0, 20.0, 
objectives:
-17.359262315666687, 20.140598997402627, -16.359262315666687, 

parameters:
0.5601186584041986, 0.0, 20.0, 
objectives:
-19.68626708850748, 22.073258277875723, -18.68626708850748, 

parameters:
0.7065933815502804, 0.0, 20.0, 
objectives:
-19.50072579314934, 21.672900680649537, -18.50072579314934, 

parameters:
0.9812290710847846, 0.0, 20.0, 
objectives:
-19.03718951005809, 21.037894205602772, -18.03718951005809, 

parameters:
1.6842452123701488, 0.0, 20.0, 
objectives:
-17.163318064608234, 20.09970108591117, -16.163318064608234, 

parameters:
1.646772395261787, 0.0, 20.0, 
objectives:
-17.288140678203757, 20.124769740749095, -16.288140678203757, 

parameters:
0.9406258650563297, 0.0, 20.0, 
objectives:
-19.11522298198703, 21.12227355778765, -18.11522298198703, 

parameters:
1.1541873038759007, 0.0, 20.0, 
objectives:
-18.66785166757168, 20.71539911692472, -17.66785166757168, 

parameters:
0.9631302305015862, 0.0, 20.0, 
objectives:
-19.07238015909396, 21.075098918899695, -18.07238015909396, 

parameters:
0.5888374892329904, 0.0, 20.0, 
objectives:
-19.653270411273787, 21.99137963179425, -18.653270411273787, 

