Generation 334 at Fri May 24 19:55:17 2019
parameters:
0, 0.0, 20.0, 
objectives:
-20.0, 24.0, -19.0, 

parameters:
0, 0.0, 20.0, 
objectives:
-20.0, 24.0, -19.0, 

parameters:
1.9979647189482492, 0.0, 20.0, 
objectives:
-16.008136981838042, 20.000004142368958, -15.008136981838044, 

parameters:
1.0290999358938355, 0.0, 20.0, 
objectives:
-18.940953321943304, 20.942646934481353, -17.940953321943304, 

parameters:
0.4921433414244401, 0.0, 20.0, 
objectives:
-19.75779493149159, 22.273631702810654, -18.75779493149159, 

parameters:
1.8517456358558644, 0.0, 20.0, 
objectives:
-16.57103810008876, 20.021979356487783, -15.57103810008876, 

parameters:
1.641034592035249, 0.0, 20.0, 
objectives:
-17.307005467743704, 20.1288561641153, -16.307005467743704, 

parameters:
0.1789753396417451, 0.0, 20.0, 
objectives:
-19.967967827800123, 23.3161308136329, -18.967967827800123, 

parameters:
0.7823456811200965, 0.0, 20.0, 
objectives:
-19.38793523523273, 21.482682040286882, -18.38793523523273, 

parameters:
1.3165379882804653, 0.0, 20.0, 
objectives:
-18.266727725414427, 20.467120321463714, -17.266727725414427, 

parameters:
0.29092872737105446, 0.0, 20.0, 
objectives:
-19.91536047559026, 22.920924614925525, -18.91536047559026, 

parameters:
1.1136690711388049, 0.0, 20.0, 
objectives:
-18.75974119998883, 20.78558251545595, -17.75974119998883, 

parameters:
0.3914988611198743, 0.0, 20.0, 
objectives:
-19.84672864174184, 22.58727591377866, -18.84672864174184, 

parameters:
0.6381746916207178, 0.0, 20.0, 
objectives:
-19.5927330629748, 21.854568170542326, -18.5927330629748, 

parameters:
1.7635722410440866, 0.0, 20.0, 
objectives:
-16.889812950618737, 20.055898085204916, -15.889812950618738, 

parameters:
1.569672236124907, 0.0, 20.0, 
objectives:
-17.536129071138635, 20.185181984361737, -16.536129071138635, 

parameters:
1.396013529641098, 0.0, 20.0, 
objectives:
-18.051146225059004, 20.364799656376604, -17.051146225059004, 

parameters:
1.4929045129593939, 0.0, 20.0, 
objectives:
-17.771236115185474, 20.25714583297695, -16.771236115185474, 

parameters:
0.6079511058808793, 0.0, 20.0, 
objectives:
-19.630395452858217, 21.937800123618267, -18.630395452858217, 

parameters:
0.05900772785787767, 0.0, 20.0, 
objectives:
-19.99651808805305, 23.76745100051544, -18.99651808805305, 

parameters:
1.2240969410642772, 0.0, 20.0, 
objectives:
-18.50158667887708, 20.60202555686581, -17.50158667887708, 

parameters:
1.7127232692669152, 0.0, 20.0, 
objectives:
-17.06657900291165, 20.082527920020688, -16.06657900291165, 

parameters:
0.9285238839449427, 0.0, 20.0, 
objectives:
-19.137843396943797, 21.14806106727643, -18.137843396943797, 

parameters:
1.9275137748838174, 0.0, 20.0, 
objectives:
-16.284690647633138, 20.005254252831595, -15.284690647633138, 

parameters:
1.1838839914719574, 0.0, 20.0, 
objectives:
-18.598418694736427, 20.666045339375746, -17.598418694736427, 

parameters:
1.9028055079660224, 0.0, 20.0, 
objectives:
-16.379331198854167, 20.009446769281745, -15.379331198854167, 

parameters:
1.9820595664195624, 0.0, 20.0, 
objectives:
-16.071439875164696, 20.000321859157054, -15.071439875164696, 

parameters:
0.821239525444457, 0.0, 20.0, 
objectives:
-19.325565641847763, 21.389476256374408, -18.325565641847763, 

parameters:
1.373571179198261, 0.0, 20.0, 
objectives:
-18.113302215675898, 20.392413067531056, -17.113302215675898, 

parameters:
1.518951521408237, 0.0, 20.0, 
objectives:
-17.692786275611603, 20.23140763875545, -16.692786275611603, 

parameters:
1.7342465283506636, 0.0, 20.0, 
objectives:
-16.99238897890367, 20.070624907693674, -15.992388978903671, 

parameters:
0.8778378873174295, 0.0, 20.0, 
objectives:
-19.229400643590072, 21.25924780714021, -18.229400643590072, 

parameters:
0.9066638479332251, 0.0, 20.0, 
objectives:
-19.177960666850918, 21.195383941416182, -18.177960666850918, 

parameters:
0.8864556277245433, 0.0, 20.0, 
objectives:
-19.214196420075485, 21.239981069026342, -18.214196420075485, 

parameters:
1.2083718952589588, 0.0, 20.0, 
objectives:
-18.539837362748273, 20.62667505621589, -17.539837362748273, 

parameters:
0.9227283397310421, 0.0, 20.0, 
objectives:
-19.148572411057195, 21.160514230018638, -18.148572411057195, 

parameters:
1.5049582684031066, 0.0, 20.0, 
objectives:
-17.735100610365123, 20.245066316022452, -16.735100610365123, 

parameters:
1.2094188880823573, 0.0, 20.0, 
objectives:
-18.537305953149634, 20.625018494520937, -17.537305953149634, 

parameters:
1.5093710605392305, 0.0, 20.0, 
objectives:
-17.72179900160668, 20.2407167562364, -16.72179900160668, 

parameters:
0, 0.0, 20.0, 
objectives:
-20.0, 24.0, -19.0, 

