Generation 341 at Sat May 25 04:36:27 2019
parameters:
0, 0.0, 20.0, 
objectives:
-20.0, 24.0, -19.0, 

parameters:
0, 0.0, 20.0, 
objectives:
-20.0, 24.0, -19.0, 

parameters:
1.9971487895634539, 0.0, 20.0, 
objectives:
-16.01139671234523, 20.000008129400953, -15.011396712345231, 

parameters:
1.8745719643077967, 0.0, 20.0, 
objectives:
-16.485979950631208, 20.015732192137605, -15.485979950631208, 

parameters:
0.29420715767484823, 0.0, 20.0, 
objectives:
-19.913442148372887, 22.90972922092772, -18.913442148372887, 

parameters:
1.0392597498989433, 0.0, 20.0, 
objectives:
-18.919939172239985, 20.92302182816424, -17.919939172239985, 

parameters:
0.934103165854659, 0.0, 20.0, 
objectives:
-19.127451275540302, 21.13613606104106, -18.127451275540302, 

parameters:
1.9562224744583478, 0.0, 20.0, 
objectives:
-16.17319363042406, 20.00191647174255, -15.173193630424059, 

parameters:
1.6250346717326718, 0.0, 20.0, 
objectives:
-17.359262315666687, 20.140598997402627, -16.359262315666687, 

parameters:
1.3611892512563486, 0.0, 20.0, 
objectives:
-18.147163822264183, 20.408079172710426, -17.147163822264183, 

parameters:
1.2455760166670653, 0.0, 20.0, 
objectives:
-18.448540386703808, 20.569155546627933, -17.448540386703808, 

parameters:
0.8358599596117974, 0.0, 20.0, 
objectives:
-19.301338127917763, 21.355222033635044, -18.301338127917763, 

parameters:
1.7713673194714818, 0.0, 20.0, 
objectives:
-16.862257819508418, 20.052272902605655, -15.862257819508418, 

parameters:
0.696224376107496, 0.0, 20.0, 
objectives:
-19.51527161811373, 21.69983087745629, -18.51527161811373, 

parameters:
0.39698785982757434, 0.0, 20.0, 
objectives:
-19.84240063914952, 22.56964792154018, -18.842400639149524, 

parameters:
1.1559187474446355, 0.0, 20.0, 
objectives:
-18.663851849306024, 20.712473160915433, -17.663851849306024, 

parameters:
1.8058220891888102, 0.0, 20.0, 
objectives:
-16.73900658219776, 20.037705061047, -15.73900658219776, 

parameters:
1.5521252362992315, 0.0, 20.0, 
objectives:
-17.590907250843056, 20.20059180396002, -16.590907250843056, 

parameters:
1.2945711631380454, 0.0, 20.0, 
objectives:
-18.324085503571407, 20.49762984387641, -17.324085503571407, 

parameters:
1.1195246194524786, 0.0, 20.0, 
objectives:
-18.746664626439784, 20.775236895750304, -17.74666462643978, 

parameters:
1.4320212757074853, 0.0, 20.0, 
objectives:
-17.949315065921105, 20.32259983124895, -16.949315065921105, 

parameters:
0.14890831820785874, 0.0, 20.0, 
objectives:
-19.977826312768507, 23.42654041440006, -18.977826312768507, 

parameters:
1.6891113991352311, 0.0, 20.0, 
objectives:
-17.14690268131142, 20.096651722147655, -16.14690268131142, 

parameters:
0.1449495001588818, 0.0, 20.0, 
objectives:
-19.97898964240369, 23.441212356960783, -18.97898964240369, 

parameters:
1.5154218545515388, 0.0, 20.0, 
objectives:
-17.703496602747574, 20.23481597904627, -16.703496602747574, 

parameters:
1.4669112045676052, 0.0, 20.0, 
objectives:
-17.848171517914018, 20.28418366381556, -16.848171517914018, 

parameters:
0.8564000063130539, 0.0, 20.0, 
objectives:
-19.266579029187, 21.307820945560785, -18.266579029187, 

parameters:
0.4952706439206678, 0.0, 20.0, 
objectives:
-19.754706989270407, 22.264210435046923, -18.754706989270407, 

parameters:
0.5745899381300507, 0.0, 20.0, 
objectives:
-19.669846402999706, 22.03179384448009, -18.669846402999703, 

parameters:
0.4673715655455107, 0.0, 20.0, 
objectives:
-19.781563819719537, 22.34894991809842, -18.781563819719537, 

parameters:
1.6842452123701488, 0.0, 20.0, 
objectives:
-17.163318064608234, 20.09970108591117, -16.163318064608234, 

parameters:
0.6156236898100764, 0.0, 20.0, 
objectives:
-19.621007472544626, 21.916497768215066, -18.621007472544626, 

parameters:
0.6786131250845542, 0.0, 20.0, 
objectives:
-19.539484226462974, 21.746063273198807, -18.539484226462974, 

parameters:
0.5962163705309869, 0.0, 20.0, 
objectives:
-19.644526039510858, 21.970608478365197, -18.644526039510858, 

parameters:
0.682727502502286, 0.0, 20.0, 
objectives:
-19.53388315732699, 21.735206832663867, -18.53388315732699, 

parameters:
0, 0.0, 20.0, 
objectives:
-20.0, 24.0, -19.0, 

parameters:
0, 0.0, 20.0, 
objectives:
-20.0, 24.0, -19.0, 

