Generation 343 at Fri May 24 19:55:17 2019
parameters:
0, 0.0, 20.0, 
objectives:
-20.0, 24.0, -19.0, 

parameters:
0, 0.0, 20.0, 
objectives:
-20.0, 24.0, -19.0, 

parameters:
1.9979647189482492, 0.0, 20.0, 
objectives:
-16.008136981838042, 20.000004142368958, -15.008136981838044, 

parameters:
0.4921433414244401, 0.0, 20.0, 
objectives:
-19.75779493149159, 22.273631702810654, -18.75779493149159, 

parameters:
1.901005666016222, 0.0, 20.0, 
objectives:
-16.38617745777422, 20.00979987816089, -15.38617745777422, 

parameters:
0.9496226196023803, 0.0, 20.0, 
objectives:
-19.098216880339514, 21.103292641250967, -18.098216880339514, 

parameters:
0.3080178937567645, 0.0, 20.0, 
objectives:
-19.905124977125645, 22.862803447847295, -18.905124977125645, 

parameters:
0.1789753396417451, 0.0, 20.0, 
objectives:
-19.967967827800123, 23.3161308136329, -18.967967827800123, 

parameters:
0.6408656535610349, 0.0, 20.0, 
objectives:
-19.589291214085787, 21.847246171670072, -18.589291214085787, 

parameters:
1.1677542306189577, 0.0, 20.0, 
objectives:
-18.636350056871525, 20.692633020652643, -17.636350056871528, 

parameters:
0.3914988611198743, 0.0, 20.0, 
objectives:
-19.84672864174184, 22.58727591377866, -18.84672864174184, 

parameters:
1.4530559996682333, 0.0, 20.0, 
objectives:
-17.888628261828153, 20.299147739498917, -16.888628261828153, 

parameters:
0.7463009779726573, 0.0, 20.0, 
objectives:
-19.443034850277055, 21.571761237832316, -18.443034850277055, 

parameters:
1.0531069857819744, 0.0, 20.0, 
objectives:
-18.890965676497203, 20.896606380374898, -17.890965676497203, 

parameters:
1.518951521408237, 0.0, 20.0, 
objectives:
-17.692786275611603, 20.23140763875545, -16.692786275611603, 

parameters:
0.8335681784165795, 0.0, 20.0, 
objectives:
-19.305164091931264, 21.360563194402417, -18.305164091931264, 

parameters:
0.0949920035240684, 0.0, 20.0, 
objectives:
-19.990976519266482, 23.629055466637244, -18.990976519266482, 

parameters:
1.8517456358558644, 0.0, 20.0, 
objectives:
-16.57103810008876, 20.021979356487783, -15.57103810008876, 

parameters:
0.8760834052359758, 0.0, 20.0, 
objectives:
-19.232477867070138, 21.26318851198596, -18.232477867070138, 

parameters:
1.318874456126585, 0.0, 20.0, 
objectives:
-18.260570168976805, 20.463932006516856, -17.260570168976805, 

parameters:
1.3001053205915247, 0.0, 20.0, 
objectives:
-18.30972615536961, 20.489852562264293, -17.30972615536961, 

parameters:
1.7652556046106356, 0.0, 20.0, 
objectives:
-16.88387265039074, 20.055104931166717, -15.883872650390739, 

parameters:
1.6316435438757686, 0.0, 20.0, 
objectives:
-17.337739345728522, 20.135686478768402, -16.337739345728522, 

parameters:
1.0792449601437553, 0.0, 20.0, 
objectives:
-18.835230316004303, 20.847789843420674, -17.835230316004303, 

parameters:
1.6996386959020782, 0.0, 20.0, 
objectives:
-17.111228303392284, 20.090216912999406, -16.111228303392284, 

parameters:
1.8109620694471853, 0.0, 20.0, 
objectives:
-16.72041638302357, 20.035735339187692, -15.720416383023569, 

parameters:
1.396013529641098, 0.0, 20.0, 
objectives:
-18.051146225059004, 20.364799656376604, -17.051146225059004, 

parameters:
1.2240969410642772, 0.0, 20.0, 
objectives:
-18.50158667887708, 20.60202555686581, -17.50158667887708, 

parameters:
1.5963775297237883, 0.0, 20.0, 
objectives:
-17.451578782592975, 20.16291109851187, -16.451578782592975, 

parameters:
1.6761346412735405, 0.0, 20.0, 
objectives:
-17.19057266432282, 20.104888770583017, -16.19057266432282, 

parameters:
0.6868607040549987, 0.0, 20.0, 
objectives:
-19.52822237322507, 21.724334810554936, -18.52822237322507, 

parameters:
1.3982130718512553, 0.0, 20.0, 
objectives:
-18.045000205704277, 20.362147506890704, -17.045000205704277, 

parameters:
0.01018600275674751, 0.0, 20.0, 
objectives:
-19.99989624534784, 23.95935974362517, -18.99989624534784, 

parameters:
1.5600123480072612, 0.0, 20.0, 
objectives:
-17.566361474064873, 20.193589133906084, -16.566361474064873, 

parameters:
1.2224022893405917, 0.0, 20.0, 
objectives:
-18.50573264301488, 20.604658199622754, -17.50573264301488, 

parameters:
1.7798075306784513, 0.0, 20.0, 
objectives:
-16.832285153740273, 20.048484723545922, -15.832285153740273, 

parameters:
1.572134363825156, 0.0, 20.0, 
objectives:
-17.52839354208007, 20.183069002619305, -16.52839354208007, 

parameters:
0.6721759844290055, 0.0, 20.0, 
objectives:
-19.548179445956897, 21.763116616327082, -18.548179445956897, 

parameters:
1.6891708098687424, 0.0, 20.0, 
objectives:
-17.146701975087378, 20.096614785437655, -16.146701975087378, 

parameters:
1.075952844324719, 0.0, 20.0, 
objectives:
-18.842325476789547, 20.85386314591158, -17.842325476789547, 

parameters:
0, 0.0, 20.0, 
objectives:
-20.0, 24.0, -19.0, 

