Generation 345 at Fri May 24 19:55:17 2019
parameters:
0, 0.0, 20.0, 
objectives:
-20.0, 24.0, -19.0, 

parameters:
0, 0.0, 20.0, 
objectives:
-20.0, 24.0, -19.0, 

parameters:
1.9979647189482492, 0.0, 20.0, 
objectives:
-16.008136981838042, 20.000004142368958, -15.008136981838044, 

parameters:
0.3080178937567645, 0.0, 20.0, 
objectives:
-19.905124977125645, 22.862803447847295, -18.905124977125645, 

parameters:
0.5511103359002884, 0.0, 20.0, 
objectives:
-19.69627739766387, 22.099281258734976, -18.69627739766387, 

parameters:
0.6408656535610349, 0.0, 20.0, 
objectives:
-19.589291214085787, 21.847246171670072, -18.589291214085787, 

parameters:
1.518951521408237, 0.0, 20.0, 
objectives:
-17.692786275611603, 20.23140763875545, -16.692786275611603, 

parameters:
1.915761276819835, 0.0, 20.0, 
objectives:
-16.329858730237635, 20.007096162483023, -15.329858730237635, 

parameters:
1.396013529641098, 0.0, 20.0, 
objectives:
-18.051146225059004, 20.364799656376604, -17.051146225059004, 

parameters:
1.1677542306189577, 0.0, 20.0, 
objectives:
-18.636350056871525, 20.692633020652643, -17.636350056871528, 

parameters:
1.2240969410642772, 0.0, 20.0, 
objectives:
-18.50158667887708, 20.60202555686581, -17.50158667887708, 

parameters:
1.4530559996682333, 0.0, 20.0, 
objectives:
-17.888628261828153, 20.299147739498917, -16.888628261828153, 

parameters:
1.7652556046106356, 0.0, 20.0, 
objectives:
-16.88387265039074, 20.055104931166717, -15.883872650390739, 

parameters:
0.1789753396417451, 0.0, 20.0, 
objectives:
-19.967967827800123, 23.3161308136329, -18.967967827800123, 

parameters:
1.8517456358558644, 0.0, 20.0, 
objectives:
-16.57103810008876, 20.021979356487783, -15.57103810008876, 

parameters:
1.5963775297237883, 0.0, 20.0, 
objectives:
-17.451578782592975, 20.16291109851187, -16.451578782592975, 

parameters:
0.7463009779726573, 0.0, 20.0, 
objectives:
-19.443034850277055, 21.571761237832316, -18.443034850277055, 

parameters:
1.6996386959020782, 0.0, 20.0, 
objectives:
-17.111228303392284, 20.090216912999406, -16.111228303392284, 

parameters:
1.8109620694471853, 0.0, 20.0, 
objectives:
-16.72041638302357, 20.035735339187692, -15.720416383023569, 

parameters:
1.971307082935064, 0.0, 20.0, 
objectives:
-16.113948384770048, 20.000823283489694, -15.113948384770048, 

parameters:
1.318874456126585, 0.0, 20.0, 
objectives:
-18.260570168976805, 20.463932006516856, -17.260570168976805, 

parameters:
0.8335681784165795, 0.0, 20.0, 
objectives:
-19.305164091931264, 21.360563194402417, -18.305164091931264, 

parameters:
1.3001053205915247, 0.0, 20.0, 
objectives:
-18.30972615536961, 20.489852562264293, -17.30972615536961, 

parameters:
0.9496226196023803, 0.0, 20.0, 
objectives:
-19.098216880339514, 21.103292641250967, -18.098216880339514, 

parameters:
1.0832743630295179, 0.0, 20.0, 
objectives:
-18.826516654402994, 20.840385893478935, -17.826516654402994, 

parameters:
1.6316435438757686, 0.0, 20.0, 
objectives:
-17.337739345728522, 20.135686478768402, -16.337739345728522, 

parameters:
1.6761346412735405, 0.0, 20.0, 
objectives:
-17.19057266432282, 20.104888770583017, -16.19057266432282, 

parameters:
0.7654206131330895, 0.0, 20.0, 
objectives:
-19.414131284990965, 21.524186262476675, -18.414131284990965, 

parameters:
1.0042883473767306, 0.0, 20.0, 
objectives:
-18.991404915323315, 20.99144169516976, -17.991404915323315, 

parameters:
0.8784217706360593, 0.0, 20.0, 
objectives:
-19.228375192872612, 21.25793772458315, -18.228375192872612, 

parameters:
0.0949920035240684, 0.0, 20.0, 
objectives:
-19.990976519266482, 23.629055466637244, -18.990976519266482, 

parameters:
1.0531069857819744, 0.0, 20.0, 
objectives:
-18.890965676497203, 20.896606380374898, -17.890965676497203, 

parameters:
0.9820953263129154, 0.0, 20.0, 
objectives:
-19.035488770034327, 21.03612992471401, -18.035488770034327, 

parameters:
0.12263434969812803, 0.0, 20.0, 
objectives:
-19.984960816274118, 23.52450178493337, -18.984960816274118, 

parameters:
0.8760834052359758, 0.0, 20.0, 
objectives:
-19.232477867070138, 21.26318851198596, -18.232477867070138, 

parameters:
1.0734406859381231, 0.0, 20.0, 
objectives:
-18.84772509377269, 20.858512162474817, -17.84772509377269, 

parameters:
0.10391224900822212, 0.0, 20.0, 
objectives:
-19.989202244506053, 23.595148759461058, -18.989202244506053, 

