Generation 346 at Sat May 25 04:36:28 2019
parameters:
0, 0.0, 20.0, 
objectives:
-20.0, 24.0, -19.0, 

parameters:
0, 0.0, 20.0, 
objectives:
-20.0, 24.0, -19.0, 

parameters:
1.9971487895634539, 0.0, 20.0, 
objectives:
-16.01139671234523, 20.000008129400953, -15.011396712345231, 

parameters:
0.934103165854659, 0.0, 20.0, 
objectives:
-19.127451275540302, 21.13613606104106, -18.127451275540302, 

parameters:
1.0392597498989433, 0.0, 20.0, 
objectives:
-18.919939172239985, 20.92302182816424, -17.919939172239985, 

parameters:
1.6891113991352311, 0.0, 20.0, 
objectives:
-17.14690268131142, 20.096651722147655, -16.14690268131142, 

parameters:
0.696224376107496, 0.0, 20.0, 
objectives:
-19.51527161811373, 21.69983087745629, -18.51527161811373, 

parameters:
1.8745719643077967, 0.0, 20.0, 
objectives:
-16.485979950631208, 20.015732192137605, -15.485979950631208, 

parameters:
1.9562224744583478, 0.0, 20.0, 
objectives:
-16.17319363042406, 20.00191647174255, -15.173193630424059, 

parameters:
0.8358599596117974, 0.0, 20.0, 
objectives:
-19.301338127917763, 21.355222033635044, -18.301338127917763, 

parameters:
0.21092783360316586, 0.0, 20.0, 
objectives:
-19.955509449011476, 23.20077921657586, -18.955509449011476, 

parameters:
1.3611892512563486, 0.0, 20.0, 
objectives:
-18.147163822264183, 20.408079172710426, -17.147163822264183, 

parameters:
1.1195246194524786, 0.0, 20.0, 
objectives:
-18.746664626439784, 20.775236895750304, -17.74666462643978, 

parameters:
1.1760838387435482, 0.0, 20.0, 
objectives:
-18.61682680424624, 20.67883784077957, -17.61682680424624, 

parameters:
0.29420715767484823, 0.0, 20.0, 
objectives:
-19.913442148372887, 22.90972922092772, -18.913442148372887, 

parameters:
0.7656265030409763, 0.0, 20.0, 
objectives:
-19.413816057841245, 21.52367792999485, -18.413816057841245, 

parameters:
1.5521252362992315, 0.0, 20.0, 
objectives:
-17.590907250843056, 20.20059180396002, -16.590907250843056, 

parameters:
0.5745899381300507, 0.0, 20.0, 
objectives:
-19.669846402999706, 22.03179384448009, -18.669846402999703, 

parameters:
0.4952706439206678, 0.0, 20.0, 
objectives:
-19.754706989270407, 22.264210435046923, -18.754706989270407, 

parameters:
0.3840253105646023, 0.0, 20.0, 
objectives:
-19.85252456084576, 22.61137419689583, -18.85252456084576, 

parameters:
0.07966195436904355, 0.0, 20.0, 
objectives:
-19.993653973026106, 23.68769820949772, -18.993653973026106, 

parameters:
1.7698060574396615, 0.0, 20.0, 
objectives:
-16.867786519049883, 20.052989251191473, -15.867786519049883, 

parameters:
1.4669112045676052, 0.0, 20.0, 
objectives:
-17.848171517914018, 20.28418366381556, -16.848171517914018, 

parameters:
1.6250346717326718, 0.0, 20.0, 
objectives:
-17.359262315666687, 20.140598997402627, -16.359262315666687, 

parameters:
0.42661540984366986, 0.0, 20.0, 
objectives:
-19.81799929208392, 22.4755390685414, -18.81799929208392, 

parameters:
1.2945711631380454, 0.0, 20.0, 
objectives:
-18.324085503571407, 20.49762984387641, -17.324085503571407, 

parameters:
1.4311847469736008, 0.0, 20.0, 
objectives:
-17.95171022003011, 20.323550792075487, -16.95171022003011, 

parameters:
1.627614488588462, 0.0, 20.0, 
objectives:
-17.35087107653692, 20.13867096910923, -16.35087107653692, 

parameters:
1.2455760166670653, 0.0, 20.0, 
objectives:
-18.448540386703808, 20.569155546627933, -17.448540386703808, 

parameters:
1.829401660638991, 0.0, 20.0, 
objectives:
-16.653289564051303, 20.029103793392736, -15.653289564051303, 

parameters:
1.7713673194714818, 0.0, 20.0, 
objectives:
-16.862257819508418, 20.052272902605655, -15.862257819508418, 

parameters:
0.5534573892095315, 0.0, 20.0, 
objectives:
-19.693684918329367, 22.092485524832504, -18.693684918329367, 

parameters:
1.5154218545515388, 0.0, 20.0, 
objectives:
-17.703496602747574, 20.23481597904627, -16.703496602747574, 

parameters:
1.8310364370979269, 0.0, 20.0, 
objectives:
-16.647305566019728, 20.028548685588564, -15.64730556601973, 

parameters:
0.06626829771680744, 0.0, 20.0, 
objectives:
-19.995608512717716, 23.739318296415053, -18.995608512717716, 

parameters:
1.2796209150762714, 0.0, 20.0, 
objectives:
-18.362570313699365, 20.51894602599555, -17.362570313699365, 

parameters:
1.5187331132608501, 0.0, 20.0, 
objectives:
-17.693449730685007, 20.231617816271594, -16.693449730685007, 

parameters:
1.4320212757074853, 0.0, 20.0, 
objectives:
-17.949315065921105, 20.32259983124895, -16.949315065921105, 

parameters:
1.247500363686731, 0.0, 20.0, 
objectives:
-18.443742842601473, 20.566255702651603, -17.443742842601473, 

parameters:
0, 0.0, 20.0, 
objectives:
-20.0, 24.0, -19.0, 

