Generation 348 at Fri May 24 19:55:17 2019
parameters:
0, 0.0, 20.0, 
objectives:
-20.0, 24.0, -19.0, 

parameters:
0, 0.0, 20.0, 
objectives:
-20.0, 24.0, -19.0, 

parameters:
1.9979647189482492, 0.0, 20.0, 
objectives:
-16.008136981838042, 20.000004142368958, -15.008136981838044, 

parameters:
1.518951521408237, 0.0, 20.0, 
objectives:
-17.692786275611603, 20.23140763875545, -16.692786275611603, 

parameters:
1.0832743630295179, 0.0, 20.0, 
objectives:
-18.826516654402994, 20.840385893478935, -17.826516654402994, 

parameters:
0.4414530446241428, 0.0, 20.0, 
objectives:
-19.805119209392075, 22.429068612111354, -18.805119209392075, 

parameters:
0.7463009779726573, 0.0, 20.0, 
objectives:
-19.443034850277055, 21.571761237832316, -18.443034850277055, 

parameters:
1.915761276819835, 0.0, 20.0, 
objectives:
-16.329858730237635, 20.007096162483023, -15.329858730237635, 

parameters:
1.3925206265402648, 0.0, 20.0, 
objectives:
-18.06088630465991, 20.369031189179033, -17.06088630465991, 

parameters:
1.1677542306189577, 0.0, 20.0, 
objectives:
-18.636350056871525, 20.692633020652643, -17.636350056871528, 

parameters:
1.4530559996682333, 0.0, 20.0, 
objectives:
-17.888628261828153, 20.299147739498917, -16.888628261828153, 

parameters:
0.3453643166134976, 0.0, 20.0, 
objectives:
-19.88072348881009, 22.737819244735917, -18.88072348881009, 

parameters:
0.5511103359002884, 0.0, 20.0, 
objectives:
-19.69627739766387, 22.099281258734976, -18.69627739766387, 

parameters:
1.7652556046106356, 0.0, 20.0, 
objectives:
-16.88387265039074, 20.055104931166717, -15.883872650390739, 

parameters:
0.2568997120535381, 0.0, 20.0, 
objectives:
-19.93400253794681, 23.03839861383904, -18.93400253794681, 

parameters:
1.6769257488303082, 0.0, 20.0, 
objectives:
-17.18792003290991, 20.104376971768858, -16.18792003290991, 

parameters:
1.2240969410642772, 0.0, 20.0, 
objectives:
-18.50158667887708, 20.60202555686581, -17.50158667887708, 

parameters:
0.13210351131494155, 0.0, 20.0, 
objectives:
-19.982548662298264, 23.48903729244197, -18.982548662298264, 

parameters:
0.9793954632659783, 0.0, 20.0, 
objectives:
-19.04078452653402, 21.041633620402067, -18.04078452653402, 

parameters:
0.8334065065481328, 0.0, 20.0, 
objectives:
-19.305433594843237, 21.36094037896423, -18.305433594843237, 

parameters:
1.8517456358558644, 0.0, 20.0, 
objectives:
-16.57103810008876, 20.021979356487783, -15.57103810008876, 

parameters:
1.6996386959020782, 0.0, 20.0, 
objectives:
-17.111228303392284, 20.090216912999406, -16.111228303392284, 

parameters:
1.971307082935064, 0.0, 20.0, 
objectives:
-16.113948384770048, 20.000823283489694, -15.113948384770048, 

parameters:
0.8784217706360593, 0.0, 20.0, 
objectives:
-19.228375192872612, 21.25793772458315, -18.228375192872612, 

parameters:
1.0042883473767306, 0.0, 20.0, 
objectives:
-18.991404915323315, 20.99144169516976, -17.991404915323315, 

parameters:
1.318874456126585, 0.0, 20.0, 
objectives:
-18.260570168976805, 20.463932006516856, -17.260570168976805, 

parameters:
1.5966686950061304, 0.0, 20.0, 
objectives:
-17.45064907838742, 20.162676141588058, -16.45064907838742, 

parameters:
0.6510792650274473, 0.0, 20.0, 
objectives:
-19.57609579065132, 21.81958714923889, -18.57609579065132, 

parameters:
1.5963775297237883, 0.0, 20.0, 
objectives:
-17.451578782592975, 20.16291109851187, -16.451578782592975, 

parameters:
0.1789753396417451, 0.0, 20.0, 
objectives:
-19.967967827800123, 23.3161308136329, -18.967967827800123, 

parameters:
1.2840831557505228, 0.0, 20.0, 
objectives:
-18.35113044911778, 20.51253692788013, -17.35113044911778, 

parameters:
0.6050545317597793, 0.0, 20.0, 
objectives:
-19.633909013596956, 21.945872859363927, -18.633909013596956, 

parameters:
1.8034889959722071, 0.0, 20.0, 
objectives:
-16.74742744140716, 20.03861657470401, -15.74742744140716, 

parameters:
1.8308977176793915, 0.0, 20.0, 
objectives:
-16.647813547396396, 20.028595581886037, -15.647813547396396, 

parameters:
0.8697579137255766, 0.0, 20.0, 
objectives:
-19.243521171511734, 21.277447173585962, -18.24352117151173, 

parameters:
0.6408656535610349, 0.0, 20.0, 
objectives:
-19.589291214085787, 21.847246171670072, -18.589291214085787, 

parameters:
1.3001053205915247, 0.0, 20.0, 
objectives:
-18.30972615536961, 20.489852562264293, -17.30972615536961, 

parameters:
1.8109620694471853, 0.0, 20.0, 
objectives:
-16.72041638302357, 20.035735339187692, -15.720416383023569, 

parameters:
0, 0.0, 20.0, 
objectives:
-20.0, 24.0, -19.0, 

