Generation 35 at Fri May 24 19:55:15 2019
parameters:
0, 0.0, 20.0, 
objectives:
-20.0, 24.0, -19.0, 

parameters:
0, 0.0, 20.0, 
objectives:
-20.0, 24.0, -19.0, 

parameters:
1.9739355561194551, 0.0, 20.0, 
objectives:
-16.103578420287377, 20.0006793552348, -15.103578420287377, 

parameters:
0.9180775445803485, 0.0, 20.0, 
objectives:
-19.15713362213732, 21.170556199541288, -18.15713362213732, 

parameters:
1.0826153204082225, 0.0, 20.0, 
objectives:
-18.827944068017402, 20.84159465034971, -17.827944068017402, 

parameters:
1.8148329845180389, 0.0, 20.0, 
objectives:
-16.706381238305347, 20.034286823622498, -15.706381238305347, 

parameters:
1.637555853608713, 0.0, 20.0, 
objectives:
-17.31841082631184, 20.13136575925331, -16.31841082631184, 

parameters:
1.8833167652129128, 0.0, 20.0, 
objectives:
-16.45311796186797, 20.01361497728038, -15.45311796186797, 

parameters:
1.461807875499795, 0.0, 20.0, 
objectives:
-17.863117735126774, 20.289650762874043, -16.863117735126774, 

parameters:
1.1782001875089914, 0.0, 20.0, 
objectives:
-18.61184431815378, 20.675354931810258, -17.61184431815378, 

parameters:
1.7449661786057487, 0.0, 20.0, 
objectives:
-16.95509303552205, 20.065042250054955, -15.95509303552205, 

parameters:
0.447299402391946, 0.0, 20.0, 
objectives:
-19.79992324461981, 22.41087914581241, -18.79992324461981, 

parameters:
0.7053376073923561, 0.0, 20.0, 
objectives:
-19.502498859598028, 21.676150710832548, -18.502498859598028, 

parameters:
0.5794680740613143, 0.0, 20.0, 
objectives:
-19.66421675114367, 22.01791095261107, -18.66421675114367, 

parameters:
0.8463539601570104, 0.0, 20.0, 
objectives:
-19.283684974126544, 21.330899185245414, -18.283684974126544, 

parameters:
1.6950931779765575, 0.0, 20.0, 
objectives:
-17.126659117977336, 20.092968170116436, -16.126659117977336, 

parameters:
1.3973915134627486, 0.0, 20.0, 
objectives:
-18.04729695810229, 20.363136988046715, -17.04729695810229, 

parameters:
0.10759182611042405, 0.0, 20.0, 
objectives:
-19.988423998954225, 23.58120869660408, -18.988423998954225, 

parameters:
0.7749176319290367, 0.0, 20.0, 
objectives:
-19.399502663725492, 21.500826808558358, -18.399502663725492, 

parameters:
1.2539736131249448, 0.0, 20.0, 
objectives:
-18.427550177586372, 20.55655536991385, -17.427550177586372, 

parameters:
1.946373352816975, 0.0, 20.0, 
objectives:
-16.211630771444007, 20.002875817288093, -15.211630771444007, 

parameters:
0.3145860182478406, 0.0, 20.0, 
objectives:
-19.90103563712297, 22.840620289885667, -18.90103563712297, 

parameters:
0.6141013584392224, 0.0, 20.0, 
objectives:
-19.622879521563103, 21.92071504468001, -18.622879521563103, 

parameters:
1.5498975059937403, 0.0, 20.0, 
objectives:
-17.597817720914385, 20.202592255110655, -16.597817720914385, 

parameters:
1.5416781560337225, 0.0, 20.0, 
objectives:
-17.623228463208463, 20.21005891265665, -16.623228463208463, 

parameters:
1.291608543793378, 0.0, 20.0, 
objectives:
-18.33174736959995, 20.501818455226537, -17.33174736959995, 

parameters:
1.107750343940278, 0.0, 20.0, 
objectives:
-18.772889175500197, 20.796109448738694, -17.772889175500197, 

parameters:
0.19068759362252852, 0.0, 20.0, 
objectives:
-19.96363824163845, 23.273611383871437, -18.96363824163845, 

parameters:
0.22995392439017281, 0.0, 20.0, 
objectives:
-19.94712119265756, 23.13306310978175, -18.94712119265756, 

parameters:
1.3448480291636362, 0.0, 20.0, 
objectives:
-18.191383778454682, 20.42922410489077, -17.191383778454682, 

parameters:
1.346055999364186, 0.0, 20.0, 
objectives:
-18.18813324657568, 20.42764275596757, -17.18813324657568, 

parameters:
0.37878215636490636, 0.0, 20.0, 
objectives:
-19.85652407801955, 22.628347296520822, -18.85652407801955, 

parameters:
0.3969053083858043, 0.0, 20.0, 
objectives:
-19.84246617617517, 22.569912590281614, -18.84246617617517, 

parameters:
0.2214291943663915, 0.0, 20.0, 
objectives:
-19.95096911188225, 23.163314110652184, -18.95096911188225, 

parameters:
0.3851624267138101, 0.0, 20.0, 
objectives:
-19.85164990504793, 22.60770038809683, -18.85164990504793, 

parameters:
1.5490277855668895, 0.0, 20.0, 
objectives:
-17.60051291954174, 20.203375938190703, -16.60051291954174, 

parameters:
0, 0.0, 20.0, 
objectives:
-20.0, 24.0, -19.0, 

parameters:
0, 0.0, 20.0, 
objectives:
-20.0, 24.0, -19.0, 

