Generation 350 at Fri May 24 19:55:17 2019
parameters:
0, 0.0, 20.0, 
objectives:
-20.0, 24.0, -19.0, 

parameters:
0, 0.0, 20.0, 
objectives:
-20.0, 24.0, -19.0, 

parameters:
1.9979647189482492, 0.0, 20.0, 
objectives:
-16.008136981838042, 20.000004142368958, -15.008136981838044, 

parameters:
1.7652556046106356, 0.0, 20.0, 
objectives:
-16.88387265039074, 20.055104931166717, -15.883872650390739, 

parameters:
1.6769257488303082, 0.0, 20.0, 
objectives:
-17.18792003290991, 20.104376971768858, -16.18792003290991, 

parameters:
1.318874456126585, 0.0, 20.0, 
objectives:
-18.260570168976805, 20.463932006516856, -17.260570168976805, 

parameters:
1.8517456358558644, 0.0, 20.0, 
objectives:
-16.57103810008876, 20.021979356487783, -15.57103810008876, 

parameters:
1.518951521408237, 0.0, 20.0, 
objectives:
-17.692786275611603, 20.23140763875545, -16.692786275611603, 

parameters:
1.2240969410642772, 0.0, 20.0, 
objectives:
-18.50158667887708, 20.60202555686581, -17.50158667887708, 

parameters:
1.3925206265402648, 0.0, 20.0, 
objectives:
-18.06088630465991, 20.369031189179033, -17.06088630465991, 

parameters:
0.7463009779726573, 0.0, 20.0, 
objectives:
-19.443034850277055, 21.571761237832316, -18.443034850277055, 

parameters:
0.5511103359002884, 0.0, 20.0, 
objectives:
-19.69627739766387, 22.099281258734976, -18.69627739766387, 

parameters:
1.4530559996682333, 0.0, 20.0, 
objectives:
-17.888628261828153, 20.299147739498917, -16.888628261828153, 

parameters:
0.9062717445138659, 0.0, 20.0, 
objectives:
-19.178671525095794, 21.196241496848742, -18.178671525095794, 

parameters:
0.4414530446241428, 0.0, 20.0, 
objectives:
-19.805119209392075, 22.429068612111354, -18.805119209392075, 

parameters:
0.2568997120535381, 0.0, 20.0, 
objectives:
-19.93400253794681, 23.03839861383904, -18.93400253794681, 

parameters:
0.6510792650274473, 0.0, 20.0, 
objectives:
-19.57609579065132, 21.81958714923889, -18.57609579065132, 

parameters:
1.1677542306189577, 0.0, 20.0, 
objectives:
-18.636350056871525, 20.692633020652643, -17.636350056871528, 

parameters:
0.3453643166134976, 0.0, 20.0, 
objectives:
-19.88072348881009, 22.737819244735917, -18.88072348881009, 

parameters:
1.971307082935064, 0.0, 20.0, 
objectives:
-16.113948384770048, 20.000823283489694, -15.113948384770048, 

parameters:
1.5966686950061304, 0.0, 20.0, 
objectives:
-17.45064907838742, 20.162676141588058, -16.45064907838742, 

parameters:
0.9793954632659783, 0.0, 20.0, 
objectives:
-19.04078452653402, 21.041633620402067, -18.04078452653402, 

parameters:
1.915761276819835, 0.0, 20.0, 
objectives:
-16.329858730237635, 20.007096162483023, -15.329858730237635, 

parameters:
1.5963775297237883, 0.0, 20.0, 
objectives:
-17.451578782592975, 20.16291109851187, -16.451578782592975, 

parameters:
0.1789753396417451, 0.0, 20.0, 
objectives:
-19.967967827800123, 23.3161308136329, -18.967967827800123, 

parameters:
1.1194362568205722, 0.0, 20.0, 
objectives:
-18.746862466915545, 20.775392505802166, -17.746862466915545, 

parameters:
0.8334065065481328, 0.0, 20.0, 
objectives:
-19.305433594843237, 21.36094037896423, -18.305433594843237, 

parameters:
0.6144764902251831, 0.0, 20.0, 
objectives:
-19.62241864296054, 21.91967539613873, -18.62241864296054, 

parameters:
1.9009994579824623, 0.0, 20.0, 
objectives:
-16.386201060750384, 20.009801107319767, -15.386201060750384, 

parameters:
0.8145901520116757, 0.0, 20.0, 
objectives:
-19.336442884245596, 21.405196507707704, -18.336442884245596, 

parameters:
1.0832743630295179, 0.0, 20.0, 
objectives:
-18.826516654402994, 20.840385893478935, -17.826516654402994, 

parameters:
0.39795493230499873, 0.0, 20.0, 
objectives:
-19.841631871854123, 22.56654839892588, -18.841631871854123, 

parameters:
1.0427318976240167, 0.0, 20.0, 
objectives:
-18.912710189677416, 20.916362219826517, -17.912710189677416, 

parameters:
0.13210351131494155, 0.0, 20.0, 
objectives:
-19.982548662298264, 23.48903729244197, -18.982548662298264, 

parameters:
0.05776890162922003, 0.0, 20.0, 
objectives:
-19.996662754004554, 23.772261639478565, -18.996662754004554, 

parameters:
0.08560470177614467, 0.0, 20.0, 
objectives:
-19.992671835033818, 23.664909357861603, -18.992671835033818, 

parameters:
1.0137530704542732, 0.0, 20.0, 
objectives:
-18.972304712144535, 20.972683006038373, -17.972304712144535, 

parameters:
1.0042883473767306, 0.0, 20.0, 
objectives:
-18.991404915323315, 20.99144169516976, -17.991404915323315, 

