Generation 351 at Sat May 25 04:36:28 2019
parameters:
0, 0.0, 20.0, 
objectives:
-20.0, 24.0, -19.0, 

parameters:
0, 0.0, 20.0, 
objectives:
-20.0, 24.0, -19.0, 

parameters:
1.9971487895634539, 0.0, 20.0, 
objectives:
-16.01139671234523, 20.000008129400953, -15.011396712345231, 

parameters:
1.2945711631380454, 0.0, 20.0, 
objectives:
-18.324085503571407, 20.49762984387641, -17.324085503571407, 

parameters:
1.6891113991352311, 0.0, 20.0, 
objectives:
-17.14690268131142, 20.096651722147655, -16.14690268131142, 

parameters:
1.1983119224550025, 0.0, 20.0, 
objectives:
-18.564048536502195, 20.642703773677795, -17.564048536502195, 

parameters:
1.7698060574396615, 0.0, 20.0, 
objectives:
-16.867786519049883, 20.052989251191473, -15.867786519049883, 

parameters:
1.8745719643077967, 0.0, 20.0, 
objectives:
-16.485979950631208, 20.015732192137605, -15.485979950631208, 

parameters:
1.9562224744583478, 0.0, 20.0, 
objectives:
-16.17319363042406, 20.00191647174255, -15.173193630424059, 

parameters:
0.20035164623852245, 0.0, 20.0, 
objectives:
-19.959859217849512, 23.238734197196397, -18.959859217849512, 

parameters:
0.5745899381300507, 0.0, 20.0, 
objectives:
-19.669846402999706, 22.03179384448009, -18.669846402999703, 

parameters:
0.08949386839436543, 0.0, 20.0, 
objectives:
-19.991990847519812, 23.650033678902727, -18.991990847519812, 

parameters:
0.42661540984366986, 0.0, 20.0, 
objectives:
-19.81799929208392, 22.4755390685414, -18.81799929208392, 

parameters:
1.1195246194524786, 0.0, 20.0, 
objectives:
-18.746664626439784, 20.775236895750304, -17.74666462643978, 

parameters:
1.829401660638991, 0.0, 20.0, 
objectives:
-16.653289564051303, 20.029103793392736, -15.653289564051303, 

parameters:
1.0392597498989433, 0.0, 20.0, 
objectives:
-18.919939172239985, 20.92302182816424, -17.919939172239985, 

parameters:
0.934103165854659, 0.0, 20.0, 
objectives:
-19.127451275540302, 21.13613606104106, -18.127451275540302, 

parameters:
0.4952706439206678, 0.0, 20.0, 
objectives:
-19.754706989270407, 22.264210435046923, -18.754706989270407, 

parameters:
1.4669112045676052, 0.0, 20.0, 
objectives:
-17.848171517914018, 20.28418366381556, -16.848171517914018, 

parameters:
1.6090922009625166, 0.0, 20.0, 
objectives:
-17.410822288801604, 20.15280890734833, -16.410822288801604, 

parameters:
0.6624875424039145, 0.0, 20.0, 
objectives:
-19.561110256159623, 21.78893957422472, -18.561110256159623, 

parameters:
1.3854829837686493, 0.0, 20.0, 
objectives:
-18.08043690168752, 20.377631163237883, -17.08043690168752, 

parameters:
0.3239459967693346, 0.0, 20.0, 
objectives:
-19.895058991177123, 22.80915702174554, -18.895058991177123, 

parameters:
1.5338165875830287, 0.0, 20.0, 
objectives:
-17.647406675655155, 20.21732697401273, -16.647406675655155, 

parameters:
0.29420715767484823, 0.0, 20.0, 
objectives:
-19.913442148372887, 22.90972922092772, -18.913442148372887, 

parameters:
0.7656265030409763, 0.0, 20.0, 
objectives:
-19.413816057841245, 21.52367792999485, -18.413816057841245, 

parameters:
1.4311847469736008, 0.0, 20.0, 
objectives:
-17.95171022003011, 20.323550792075487, -16.95171022003011, 

parameters:
1.0674511498913233, 0.0, 20.0, 
objectives:
-18.860548042595692, 20.869647357839014, -17.860548042595692, 

parameters:
0.8358599596117974, 0.0, 20.0, 
objectives:
-19.301338127917763, 21.355222033635044, -18.301338127917763, 

parameters:
0.9112916044779222, 0.0, 20.0, 
objectives:
-19.169547611608053, 21.18528597048026, -18.169547611608053, 

parameters:
1.5521252362992315, 0.0, 20.0, 
objectives:
-17.590907250843056, 20.20059180396002, -16.590907250843056, 

parameters:
0.8516969296782726, 0.0, 20.0, 
objectives:
-19.274612339976603, 21.318599941310307, -18.274612339976603, 

parameters:
0.6989266263059322, 0.0, 20.0, 
objectives:
-19.511501571040608, 21.692791923735662, -18.511501571040608, 

parameters:
1.5991607677947943, 0.0, 20.0, 
objectives:
-17.442684838745965, 20.160672090074858, -16.442684838745965, 

parameters:
0.7393594881294424, 0.0, 20.0, 
objectives:
-19.45334754731297, 21.589214500169263, -18.45334754731297, 

parameters:
1.390028055139076, 0.0, 20.0, 
objectives:
-18.067822005926278, 20.372065773517416, -17.067822005926278, 

parameters:
0, 0.0, 20.0, 
objectives:
-20.0, 24.0, -19.0, 

