Generation 352 at Fri May 24 19:55:17 2019
parameters:
0, 0.0, 20.0, 
objectives:
-20.0, 24.0, -19.0, 

parameters:
0, 0.0, 20.0, 
objectives:
-20.0, 24.0, -19.0, 

parameters:
1.9979647189482492, 0.0, 20.0, 
objectives:
-16.008136981838042, 20.000004142368958, -15.008136981838044, 

parameters:
1.1194362568205722, 0.0, 20.0, 
objectives:
-18.746862466915545, 20.775392505802166, -17.746862466915545, 

parameters:
0.9793954632659783, 0.0, 20.0, 
objectives:
-19.04078452653402, 21.041633620402067, -18.04078452653402, 

parameters:
1.7652556046106356, 0.0, 20.0, 
objectives:
-16.88387265039074, 20.055104931166717, -15.883872650390739, 

parameters:
1.6769257488303082, 0.0, 20.0, 
objectives:
-17.18792003290991, 20.104376971768858, -16.18792003290991, 

parameters:
1.4530559996682333, 0.0, 20.0, 
objectives:
-17.888628261828153, 20.299147739498917, -16.888628261828153, 

parameters:
1.3655217813362333, 0.0, 20.0, 
objectives:
-18.13535026469632, 20.402562609958746, -17.13535026469632, 

parameters:
1.3054254957568072, 0.0, 20.0, 
objectives:
-18.295864275028094, 20.48243374194468, -17.295864275028094, 

parameters:
0.7463009779726573, 0.0, 20.0, 
objectives:
-19.443034850277055, 21.571761237832316, -18.443034850277055, 

parameters:
0.3453643166134976, 0.0, 20.0, 
objectives:
-19.88072348881009, 22.737819244735917, -18.88072348881009, 

parameters:
0.5511103359002884, 0.0, 20.0, 
objectives:
-19.69627739766387, 22.099281258734976, -18.69627739766387, 

parameters:
0.9062717445138659, 0.0, 20.0, 
objectives:
-19.178671525095794, 21.196241496848742, -18.178671525095794, 

parameters:
1.8346493297287265, 0.0, 20.0, 
objectives:
-16.634061836925934, 20.02734084415916, -15.634061836925934, 

parameters:
0.6510792650274473, 0.0, 20.0, 
objectives:
-19.57609579065132, 21.81958714923889, -18.57609579065132, 

parameters:
1.2174055049690915, 0.0, 20.0, 
objectives:
-18.517923836470953, 20.612454143652684, -17.517923836470953, 

parameters:
1.971307082935064, 0.0, 20.0, 
objectives:
-16.113948384770048, 20.000823283489694, -15.113948384770048, 

parameters:
1.6185512395835862, 0.0, 20.0, 
objectives:
-17.380291884842435, 20.145503156823217, -16.380291884842435, 

parameters:
1.2240969410642772, 0.0, 20.0, 
objectives:
-18.50158667887708, 20.60202555686581, -17.50158667887708, 

parameters:
0.12541471242926533, 0.0, 20.0, 
objectives:
-19.984271149906284, 23.514070000376655, -18.984271149906284, 

parameters:
1.915761276819835, 0.0, 20.0, 
objectives:
-16.329858730237635, 20.007096162483023, -15.329858730237635, 

parameters:
0.4520716846268148, 0.0, 20.0, 
objectives:
-19.795631191958673, 22.396082069534067, -18.795631191958673, 

parameters:
0.1375183793972032, 0.0, 20.0, 
objectives:
-19.981088695327966, 23.46883778708322, -18.981088695327966, 

parameters:
0.24882413773678258, 0.0, 20.0, 
objectives:
-19.938086548479546, 23.066616900573322, -18.938086548479546, 

parameters:
0.6144764902251831, 0.0, 20.0, 
objectives:
-19.62241864296054, 21.91967539613873, -18.62241864296054, 

parameters:
1.5273569236545883, 0.0, 20.0, 
objectives:
-17.66718082776439, 20.223391477617255, -16.66718082776439, 

parameters:
1.518951521408237, 0.0, 20.0, 
objectives:
-17.692786275611603, 20.23140763875545, -16.692786275611603, 

parameters:
1.8649232731423622, 0.0, 20.0, 
objectives:
-16.522061185291978, 20.018245722138573, -15.522061185291978, 

parameters:
0.4414530446241428, 0.0, 20.0, 
objectives:
-19.805119209392075, 22.429068612111354, -18.805119209392075, 

parameters:
1.5919977288275895, 0.0, 20.0, 
objectives:
-17.465543231407796, 20.166465853281846, -16.465543231407796, 

parameters:
0.8145901520116757, 0.0, 20.0, 
objectives:
-19.336442884245596, 21.405196507707704, -18.336442884245596, 

parameters:
0.2568997120535381, 0.0, 20.0, 
objectives:
-19.93400253794681, 23.03839861383904, -18.93400253794681, 

parameters:
0.8444965499687633, 0.0, 20.0, 
objectives:
-19.286825577090855, 21.33518822303409, -18.286825577090855, 

parameters:
1.9009994579824623, 0.0, 20.0, 
objectives:
-16.386201060750384, 20.009801107319767, -15.386201060750384, 

parameters:
0.8334065065481328, 0.0, 20.0, 
objectives:
-19.305433594843237, 21.36094037896423, -18.305433594843237, 

parameters:
1.5966686950061304, 0.0, 20.0, 
objectives:
-17.45064907838742, 20.162676141588058, -16.45064907838742, 

parameters:
1.5963775297237883, 0.0, 20.0, 
objectives:
-17.451578782592975, 20.16291109851187, -16.451578782592975, 

parameters:
0, 0.0, 20.0, 
objectives:
-20.0, 24.0, -19.0, 

