Generation 354 at Fri May 24 19:55:17 2019
parameters:
0, 0.0, 20.0, 
objectives:
-20.0, 24.0, -19.0, 

parameters:
0, 0.0, 20.0, 
objectives:
-20.0, 24.0, -19.0, 

parameters:
1.9979647189482492, 0.0, 20.0, 
objectives:
-16.008136981838042, 20.000004142368958, -15.008136981838044, 

parameters:
1.7652556046106356, 0.0, 20.0, 
objectives:
-16.88387265039074, 20.055104931166717, -15.883872650390739, 

parameters:
1.2174055049690915, 0.0, 20.0, 
objectives:
-18.517923836470953, 20.612454143652684, -17.517923836470953, 

parameters:
1.6769257488303082, 0.0, 20.0, 
objectives:
-17.18792003290991, 20.104376971768858, -16.18792003290991, 

parameters:
1.6185512395835862, 0.0, 20.0, 
objectives:
-17.380291884842435, 20.145503156823217, -16.380291884842435, 

parameters:
1.1194362568205722, 0.0, 20.0, 
objectives:
-18.746862466915545, 20.775392505802166, -17.746862466915545, 

parameters:
1.915761276819835, 0.0, 20.0, 
objectives:
-16.329858730237635, 20.007096162483023, -15.329858730237635, 

parameters:
0.24882413773678258, 0.0, 20.0, 
objectives:
-19.938086548479546, 23.066616900573322, -18.938086548479546, 

parameters:
1.4530559996682333, 0.0, 20.0, 
objectives:
-17.888628261828153, 20.299147739498917, -16.888628261828153, 

parameters:
1.048444806301789, 0.0, 20.0, 
objectives:
-18.900763488138804, 20.90545728665404, -17.900763488138804, 

parameters:
0.3453643166134976, 0.0, 20.0, 
objectives:
-19.88072348881009, 22.737819244735917, -18.88072348881009, 

parameters:
1.8346493297287265, 0.0, 20.0, 
objectives:
-16.634061836925934, 20.02734084415916, -15.634061836925934, 

parameters:
0.9793954632659783, 0.0, 20.0, 
objectives:
-19.04078452653402, 21.041633620402067, -18.04078452653402, 

parameters:
1.5273569236545883, 0.0, 20.0, 
objectives:
-17.66718082776439, 20.223391477617255, -16.66718082776439, 

parameters:
1.3655217813362333, 0.0, 20.0, 
objectives:
-18.13535026469632, 20.402562609958746, -17.13535026469632, 

parameters:
0.5511103359002884, 0.0, 20.0, 
objectives:
-19.69627739766387, 22.099281258734976, -18.69627739766387, 

parameters:
1.288600146047102, 0.0, 20.0, 
objectives:
-18.339509663607387, 20.506089752204204, -17.339509663607387, 

parameters:
1.8649232731423622, 0.0, 20.0, 
objectives:
-16.522061185291978, 20.018245722138573, -15.522061185291978, 

parameters:
0.7463009779726573, 0.0, 20.0, 
objectives:
-19.443034850277055, 21.571761237832316, -18.443034850277055, 

parameters:
0.1375183793972032, 0.0, 20.0, 
objectives:
-19.981088695327966, 23.46883778708322, -18.981088695327966, 

parameters:
0.6144764902251831, 0.0, 20.0, 
objectives:
-19.62241864296054, 21.91967539613873, -18.62241864296054, 

parameters:
0.027687767973725852, 0.0, 20.0, 
objectives:
-19.999233387504635, 23.890015540600466, -18.99923338750463, 

parameters:
0.6812708815698281, 0.0, 20.0, 
objectives:
-19.535869985925068, 21.73904648779562, -18.535869985925068, 

parameters:
0.41429144523314615, 0.0, 20.0, 
objectives:
-19.82836259840663, 22.514471620660785, -18.82836259840663, 

parameters:
1.4985306678176502, 0.0, 20.0, 
objectives:
-17.754405837609987, 20.25147149111941, -16.754405837609987, 

parameters:
0.12541471242926533, 0.0, 20.0, 
objectives:
-19.984271149906284, 23.514070000376655, -18.984271149906284, 

parameters:
1.315520898564289, 0.0, 20.0, 
objectives:
-18.269404765440605, 20.46851164030224, -17.269404765440605, 

parameters:
0.9062717445138659, 0.0, 20.0, 
objectives:
-19.178671525095794, 21.196241496848742, -18.178671525095794, 

parameters:
0.923717300164623, 0.0, 20.0, 
objectives:
-19.14674634937658, 21.158384449964927, -18.14674634937658, 

parameters:
0.8467558819796573, 0.0, 20.0, 
objectives:
-19.283004476332852, 21.32997199574852, -18.283004476332852, 

parameters:
0.7831427680482593, 0.0, 20.0, 
objectives:
-19.38668740485371, 21.480741522953252, -18.38668740485371, 

parameters:
0.4886456155974483, 0.0, 20.0, 
objectives:
-19.76122546235739, 22.284192075252815, -18.76122546235739, 

parameters:
0.6514035329847262, 0.0, 20.0, 
objectives:
-19.575673437215016, 21.818712430846077, -18.575673437215016, 

parameters:
1.3556579168755913, 0.0, 20.0, 
objectives:
-18.16219161241253, 20.415176720085103, -17.16219161241253, 

parameters:
0.4414530446241428, 0.0, 20.0, 
objectives:
-19.805119209392075, 22.429068612111354, -18.805119209392075, 

parameters:
0.815490273688721, 0.0, 20.0, 
objectives:
-19.334975613519095, 21.40306329172602, -18.334975613519095, 

parameters:
0.47763269630631083, 0.0, 20.0, 
objectives:
-19.771867007419164, 22.31760220735559, -18.771867007419164, 

parameters:
1.518951521408237, 0.0, 20.0, 
objectives:
-17.692786275611603, 20.23140763875545, -16.692786275611603, 

parameters:
0.8380984658167073, 0.0, 20.0, 
objectives:
-19.29759096159568, 21.35001517513749, -18.29759096159568, 

