Generation 356 at Fri May 24 19:55:17 2019
parameters:
0, 0.0, 20.0, 
objectives:
-20.0, 24.0, -19.0, 

parameters:
0, 0.0, 20.0, 
objectives:
-20.0, 24.0, -19.0, 

parameters:
1.9979647189482492, 0.0, 20.0, 
objectives:
-16.008136981838042, 20.000004142368958, -15.008136981838044, 

parameters:
0.9062717445138659, 0.0, 20.0, 
objectives:
-19.178671525095794, 21.196241496848742, -18.178671525095794, 

parameters:
0.7463009779726573, 0.0, 20.0, 
objectives:
-19.443034850277055, 21.571761237832316, -18.443034850277055, 

parameters:
1.1194362568205722, 0.0, 20.0, 
objectives:
-18.746862466915545, 20.775392505802166, -17.746862466915545, 

parameters:
1.915761276819835, 0.0, 20.0, 
objectives:
-16.329858730237635, 20.007096162483023, -15.329858730237635, 

parameters:
1.7652556046106356, 0.0, 20.0, 
objectives:
-16.88387265039074, 20.055104931166717, -15.883872650390739, 

parameters:
0.9793954632659783, 0.0, 20.0, 
objectives:
-19.04078452653402, 21.041633620402067, -18.04078452653402, 

parameters:
1.5273569236545883, 0.0, 20.0, 
objectives:
-17.66718082776439, 20.223391477617255, -16.66718082776439, 

parameters:
1.0500953472769632, 0.0, 20.0, 
objectives:
-18.897299761627274, 20.902318849264873, -17.897299761627274, 

parameters:
1.6185512395835862, 0.0, 20.0, 
objectives:
-17.380291884842435, 20.145503156823217, -16.380291884842435, 

parameters:
0.41429144523314615, 0.0, 20.0, 
objectives:
-19.82836259840663, 22.514471620660785, -18.82836259840663, 

parameters:
1.4530559996682333, 0.0, 20.0, 
objectives:
-17.888628261828153, 20.299147739498917, -16.888628261828153, 

parameters:
0.49357826957764817, 0.0, 20.0, 
objectives:
-19.756380491800734, 22.269306429888672, -18.756380491800734, 

parameters:
1.6997997153349897, 0.0, 20.0, 
objectives:
-17.110680927747087, 20.090120210912954, -16.110680927747087, 

parameters:
0.3453643166134976, 0.0, 20.0, 
objectives:
-19.88072348881009, 22.737819244735917, -18.88072348881009, 

parameters:
1.2174055049690915, 0.0, 20.0, 
objectives:
-18.517923836470953, 20.612454143652684, -17.517923836470953, 

parameters:
1.8649232731423622, 0.0, 20.0, 
objectives:
-16.522061185291978, 20.018245722138573, -15.522061185291978, 

parameters:
1.288600146047102, 0.0, 20.0, 
objectives:
-18.339509663607387, 20.506089752204204, -17.339509663607387, 

parameters:
0.12541471242926533, 0.0, 20.0, 
objectives:
-19.984271149906284, 23.514070000376655, -18.984271149906284, 

parameters:
1.397617945265031, 0.0, 20.0, 
objectives:
-18.046664079073153, 20.362864139866723, -17.046664079073153, 

parameters:
0.5891754244905276, 0.0, 20.0, 
objectives:
-19.652872319176407, 21.99042598286148, -18.652872319176407, 

parameters:
1.3655217813362333, 0.0, 20.0, 
objectives:
-18.13535026469632, 20.402562609958746, -17.13535026469632, 

parameters:
0.1725940182654965, 0.0, 20.0, 
objectives:
-19.97021130485897, 23.339412622079045, -18.97021130485897, 

parameters:
1.8239865191446925, 0.0, 20.0, 
objectives:
-16.673073177978427, 20.0309807454428, -15.673073177978429, 

parameters:
1.4985306678176502, 0.0, 20.0, 
objectives:
-17.754405837609987, 20.25147149111941, -16.754405837609987, 

parameters:
0.027687767973725852, 0.0, 20.0, 
objectives:
-19.999233387504635, 23.890015540600466, -18.99923338750463, 

parameters:
1.3137037897908468, 0.0, 20.0, 
objectives:
-18.274182352689166, 20.471002488147445, -17.274182352689166, 

parameters:
0.5511103359002884, 0.0, 20.0, 
objectives:
-19.69627739766387, 22.099281258734976, -18.69627739766387, 

parameters:
0.6634588614772685, 0.0, 20.0, 
objectives:
-19.559822339127287, 21.78634221496364, -18.559822339127287, 

parameters:
0.24882413773678258, 0.0, 20.0, 
objectives:
-19.938086548479546, 23.066616900573322, -18.938086548479546, 

parameters:
1.2186778933420674, 0.0, 20.0, 
objectives:
-18.51482419227934, 20.61046423435239, -17.51482419227934, 

parameters:
0.6812708815698281, 0.0, 20.0, 
objectives:
-19.535869985925068, 21.73904648779562, -18.535869985925068, 

parameters:
0.27927141263963373, 0.0, 20.0, 
objectives:
-19.922007478082264, 22.960906871359203, -18.922007478082264, 

parameters:
1.6448248772609084, 0.0, 20.0, 
objectives:
-17.294551123143638, 20.12614936781273, -16.294551123143638, 

parameters:
1.6769257488303082, 0.0, 20.0, 
objectives:
-17.18792003290991, 20.104376971768858, -16.18792003290991, 

parameters:
1.8346493297287265, 0.0, 20.0, 
objectives:
-16.634061836925934, 20.02734084415916, -15.634061836925934, 

parameters:
0, 0.0, 20.0, 
objectives:
-20.0, 24.0, -19.0, 

parameters:
0, 0.0, 20.0, 
objectives:
-20.0, 24.0, -19.0, 

