Generation 358 at Sat May 25 04:36:28 2019
parameters:
0, 0.0, 20.0, 
objectives:
-20.0, 24.0, -19.0, 

parameters:
0, 0.0, 20.0, 
objectives:
-20.0, 24.0, -19.0, 

parameters:
1.9971487895634539, 0.0, 20.0, 
objectives:
-16.01139671234523, 20.000008129400953, -15.011396712345231, 

parameters:
1.6090922009625166, 0.0, 20.0, 
objectives:
-17.410822288801604, 20.15280890734833, -16.410822288801604, 

parameters:
1.8745719643077967, 0.0, 20.0, 
objectives:
-16.485979950631208, 20.015732192137605, -15.485979950631208, 

parameters:
1.4511610074158998, 0.0, 20.0, 
objectives:
-17.89413173055567, 20.30122423978073, -16.89413173055567, 

parameters:
1.9562224744583478, 0.0, 20.0, 
objectives:
-16.17319363042406, 20.00191647174255, -15.173193630424059, 

parameters:
1.2555959885356125, 0.0, 20.0, 
objectives:
-18.423478713573278, 20.55413733228427, -17.423478713573278, 

parameters:
0.42661540984366986, 0.0, 20.0, 
objectives:
-19.81799929208392, 22.4755390685414, -18.81799929208392, 

parameters:
0.6624875424039145, 0.0, 20.0, 
objectives:
-19.561110256159623, 21.78893957422472, -18.561110256159623, 

parameters:
1.0392597498989433, 0.0, 20.0, 
objectives:
-18.919939172239985, 20.92302182816424, -17.919939172239985, 

parameters:
1.3320068712841657, 0.0, 20.0, 
objectives:
-18.22575769485177, 20.44621482001157, -17.22575769485177, 

parameters:
0.5542874694134596, 0.0, 20.0, 
objectives:
-19.692765401251222, 22.09008472109494, -18.692765401251222, 

parameters:
1.3854829837686493, 0.0, 20.0, 
objectives:
-18.08043690168752, 20.377631163237883, -17.08043690168752, 

parameters:
1.7698060574396615, 0.0, 20.0, 
objectives:
-16.867786519049883, 20.052989251191473, -15.867786519049883, 

parameters:
1.8232013161767837, 0.0, 20.0, 
objectives:
-16.675936960691242, 20.03125777460162, -15.675936960691244, 

parameters:
1.1983119224550025, 0.0, 20.0, 
objectives:
-18.564048536502195, 20.642703773677795, -17.564048536502195, 

parameters:
1.6875575837075854, 0.0, 20.0, 
objectives:
-17.152149401671018, 20.097620263498644, -16.152149401671018, 

parameters:
0.8358599596117974, 0.0, 20.0, 
objectives:
-19.301338127917763, 21.355222033635044, -18.301338127917763, 

parameters:
0.29420715767484823, 0.0, 20.0, 
objectives:
-19.913442148372887, 22.90972922092772, -18.913442148372887, 

parameters:
0.9780100184238087, 0.0, 20.0, 
objectives:
-19.04349640386266, 21.044463522442104, -18.04349640386266, 

parameters:
1.7166084768630394, 0.0, 20.0, 
objectives:
-17.053255337161957, 20.080310755385888, -16.053255337161957, 

parameters:
1.5338165875830287, 0.0, 20.0, 
objectives:
-17.647406675655155, 20.21732697401273, -16.647406675655155, 

parameters:
0.7656265030409763, 0.0, 20.0, 
objectives:
-19.413816057841245, 21.52367792999485, -18.413816057841245, 

parameters:
0.8889999836911521, 0.0, 20.0, 
objectives:
-19.20967902899713, 21.23432103623826, -18.20967902899713, 

parameters:
1.1195246194524786, 0.0, 20.0, 
objectives:
-18.746664626439784, 20.775236895750304, -17.74666462643978, 

parameters:
1.5349503663621722, 0.0, 20.0, 
objectives:
-17.643927372804633, 20.21627116174668, -16.643927372804633, 

parameters:
0.934103165854659, 0.0, 20.0, 
objectives:
-19.127451275540302, 21.13613606104106, -18.127451275540302, 

parameters:
1.13079459803214, 0.0, 20.0, 
objectives:
-18.72130357706133, 20.75551803081011, -17.72130357706133, 

parameters:
0.20035164623852245, 0.0, 20.0, 
objectives:
-19.959859217849512, 23.238734197196397, -18.959859217849512, 

parameters:
0.18576744888212465, 0.0, 20.0, 
objectives:
-19.96549045493583, 23.291439749535673, -18.96549045493583, 

parameters:
0.286183170747816, 0.0, 20.0, 
objectives:
-19.918099192780726, 22.93716812422801, -18.918099192780726, 

parameters:
0.09642708539364225, 0.0, 20.0, 
objectives:
-19.99070181720249, 23.623589841222945, -18.99070181720249, 

parameters:
0.4952706439206678, 0.0, 20.0, 
objectives:
-19.754706989270407, 22.264210435046923, -18.754706989270407, 

parameters:
0.09727989147651318, 0.0, 20.0, 
objectives:
-19.990536622714316, 23.62034381137963, -18.990536622714316, 

parameters:
0.7186376302385279, 0.0, 20.0, 
objectives:
-19.483559956405152, 21.641889522640735, -18.483559956405152, 

parameters:
0.4773604276182146, 0.0, 20.0, 
objectives:
-19.772127022144154, 22.318431267382987, -18.772127022144154, 

parameters:
0.730641808096331, 0.0, 20.0, 
objectives:
-19.466162548261725, 21.611270219352953, -18.466162548261725, 

parameters:
0, 0.0, 20.0, 
objectives:
-20.0, 24.0, -19.0, 

