Generation 36 at Sat May 25 04:36:25 2019
parameters:
0, 0.0, 20.0, 
objectives:
-20.0, 24.0, -19.0, 

parameters:
0, 0.0, 20.0, 
objectives:
-20.0, 24.0, -19.0, 

parameters:
2.005378329630566, 0.0, 20.0, 
objectives:
-15.978457755048122, 20.000028926429614, -14.978457755048122, 

parameters:
1.5604862767269636, 0.0, 20.0, 
objectives:
-17.56488258014682, 20.19317231294533, -16.56488258014682, 

parameters:
0.2999334414431123, 0.0, 20.0, 
objectives:
-19.91003993070409, 22.89022630352346, -18.91003993070409, 

parameters:
1.669027026310296, 0.0, 20.0, 
objectives:
-17.21434878544581, 20.109543109313005, -16.21434878544581, 

parameters:
1.957298340121992, 0.0, 20.0, 
objectives:
-16.168983207755694, 20.001823431756335, -15.168983207755694, 

parameters:
0.10989000999478077, 0.0, 20.0, 
objectives:
-19.987924185703346, 23.57251577431753, -18.987924185703346, 

parameters:
1.876075564565118, 0.0, 20.0, 
objectives:
-16.480340476041675, 20.015357265697855, -15.480340476041674, 

parameters:
1.7843155241061441, 0.0, 20.0, 
objectives:
-16.816218110433816, 20.046519793141606, -15.816218110433816, 

parameters:
0.4346399653340889, 0.0, 20.0, 
objectives:
-19.81108810053438, 22.450352038129264, -18.81108810053438, 

parameters:
0.8985257801193436, 0.01779733750131165, 20.0, 
objectives:
-19.174854084959613, 21.231042794563013, -18.174854084959613, 

parameters:
1.4603354230999908, 0.0, 20.0, 
objectives:
-17.867420452039372, 20.291237855560667, -16.867420452039372, 

parameters:
1.7039199683177322, 0.014728810431583639, 20.0, 
objectives:
-17.081927931136516, 20.102392195592557, -16.081927931136516, 

parameters:
1.262359570842248, 0.0, 20.0, 
objectives:
-18.406448313902974, 20.544113402728033, -17.406448313902978, 

parameters:
1.1920560647605782, 0.0, 20.0, 
objectives:
-18.579002338467525, 20.652773402490162, -17.579002338467525, 

parameters:
0.6485102047588696, 0.0, 20.0, 
objectives:
-19.57943451432361, 21.826524666640914, -18.57943451432361, 

parameters:
0.7726044242079546, 0.0, 20.0, 
objectives:
-19.403082403694295, 21.506499899473887, -18.403082403694295, 

parameters:
1.8322345871375865, 0.0, 20.0, 
objectives:
-16.642916417696757, 20.028145233752895, -15.642916417696759, 

parameters:
0.9699287625184305, 0.0, 20.0, 
objectives:
-19.059238195639466, 21.061046754286814, -18.059238195639466, 

parameters:
1.3230539581386846, 0.0, 20.0, 
objectives:
-18.24952822385356, 20.458255943591702, -17.24952822385356, 

parameters:
0.8149031590507876, 0.0, 20.0, 
objectives:
-19.335932841369047, 21.404454522427802, -18.335932841369047, 

parameters:
1.1260951731048296, 0.02132027558697388, 20.0, 
objectives:
-18.71058938552303, 20.785029922057653, -17.71058938552303, 

parameters:
1.432200891018618, 0.0, 20.0, 
objectives:
-17.948800607765477, 20.32239582816005, -16.948800607765477, 

parameters:
0.49073165440320776, 0.0, 20.0, 
objectives:
-19.75918244336669, 22.277890939020477, -18.75918244336669, 

parameters:
1.05117159510208, 0.0, 20.0, 
objectives:
-18.89503827765055, 20.900275341941132, -17.89503827765055, 

parameters:
1.0179455317185169, 0.0, 20.0, 
objectives:
-18.963786894454305, 20.964430978671626, -17.963786894454305, 

parameters:
1.0966002570139757, 0.017690675391077618, 20.0, 
objectives:
-18.779777200925803, 20.833821771018293, -17.779777200925803, 

parameters:
1.3755438598395857, 0.006051661023511527, 20.0, 
objectives:
-18.101827428634103, 20.395997132007555, -17.101827428634103, 

parameters:
0.5713571639464383, 0.0006481212435850121, 20.0, 
objectives:
-19.672902869963497, 22.04166847425075, -18.672902869963497, 

parameters:
0.5436188218647925, 0.0, 20.0, 
objectives:
-19.704478576514337, 22.121046136026493, -18.704478576514333, 

parameters:
0.6304164121907454, 0.0, 20.0, 
objectives:
-19.602575147240547, 21.87575920399647, -18.602575147240547, 

parameters:
0.07767643456117312, 0.0, 20.0, 
objectives:
-19.993966371513864, 23.695327890241444, -18.993966371513864, 

parameters:
1.3614122793863532, 0.0, 20.0, 
objectives:
-18.146556605536055, 20.407794276918533, -17.146556605536055, 

parameters:
0.021224618970055568, 0.0, 20.0, 
objectives:
-19.999549515549575, 23.915552008570202, -18.999549515549575, 

parameters:
0.7874008380664367, 0.00041155954413437507, 20.0, 
objectives:
-19.379588360668137, 21.470808287066113, -18.379588360668137, 

parameters:
0, 0.0, 20.0, 
objectives:
-20.0, 24.0, -19.0, 

