Generation 360 at Fri May 24 19:55:17 2019
parameters:
0, 0.0, 20.0, 
objectives:
-20.0, 24.0, -19.0, 

parameters:
0, 0.0, 20.0, 
objectives:
-20.0, 24.0, -19.0, 

parameters:
1.9979647189482492, 0.0, 20.0, 
objectives:
-16.008136981838042, 20.000004142368958, -15.008136981838044, 

parameters:
0.8455064010840657, 0.0, 20.0, 
objectives:
-19.28511892572587, 21.332855469937865, -18.28511892572587, 

parameters:
0.9793954632659783, 0.0, 20.0, 
objectives:
-19.04078452653402, 21.041633620402067, -18.04078452653402, 

parameters:
1.6185512395835862, 0.0, 20.0, 
objectives:
-17.380291884842435, 20.145503156823217, -16.380291884842435, 

parameters:
0.4928783492245083, 0.0, 20.0, 
objectives:
-19.757070932865723, 22.271415670236244, -18.757070932865723, 

parameters:
0.6135580701469148, 0.0, 20.0, 
objectives:
-19.623546494557594, 21.92222122485475, -18.623546494557594, 

parameters:
1.0500953472769632, 0.0, 20.0, 
objectives:
-18.897299761627274, 20.902318849264873, -17.897299761627274, 

parameters:
1.915761276819835, 0.0, 20.0, 
objectives:
-16.329858730237635, 20.007096162483023, -15.329858730237635, 

parameters:
0.3453643166134976, 0.0, 20.0, 
objectives:
-19.88072348881009, 22.737819244735917, -18.88072348881009, 

parameters:
0.1118423856274117, 0.0, 20.0, 
objectives:
-19.98749128077717, 23.565139176713185, -18.98749128077717, 

parameters:
0.7463009779726573, 0.0, 20.0, 
objectives:
-19.443034850277055, 21.571761237832316, -18.443034850277055, 

parameters:
1.3137037897908468, 0.0, 20.0, 
objectives:
-18.274182352689166, 20.471002488147445, -17.274182352689166, 

parameters:
0.41429144523314615, 0.0, 20.0, 
objectives:
-19.82836259840663, 22.514471620660785, -18.82836259840663, 

parameters:
1.4530559996682333, 0.0, 20.0, 
objectives:
-17.888628261828153, 20.299147739498917, -16.888628261828153, 

parameters:
1.8239865191446925, 0.0, 20.0, 
objectives:
-16.673073177978427, 20.0309807454428, -15.673073177978429, 

parameters:
1.5468207567057466, 0.0, 20.0, 
objectives:
-17.607345546624263, 20.20537142655275, -16.607345546624263, 

parameters:
0.24651625469984628, 0.0, 20.0, 
objectives:
-19.93922973616876, 23.074705245031854, -18.93922973616876, 

parameters:
1.1194362568205722, 0.0, 20.0, 
objectives:
-18.746862466915545, 20.775392505802166, -17.746862466915545, 

parameters:
1.397617945265031, 0.0, 20.0, 
objectives:
-18.046664079073153, 20.362864139866723, -17.046664079073153, 

parameters:
1.6873149189752121, 0.0, 20.0, 
objectives:
-17.152968364203673, 20.09777195989548, -16.152968364203673, 

parameters:
1.6997997153349897, 0.0, 20.0, 
objectives:
-17.110680927747087, 20.090120210912954, -16.110680927747087, 

parameters:
1.2299956995071477, 0.0, 20.0, 
objectives:
-18.48711057919392, 20.592906622777488, -17.487110579193924, 

parameters:
1.7652556046106356, 0.0, 20.0, 
objectives:
-16.88387265039074, 20.055104931166717, -15.883872650390739, 

parameters:
1.3655217813362333, 0.0, 20.0, 
objectives:
-18.13535026469632, 20.402562609958746, -17.13535026469632, 

parameters:
1.2562170174202019, 0.0, 20.0, 
objectives:
-18.421918805143893, 20.5532131251753, -17.421918805143893, 

parameters:
0.67004187427805, 0.0, 20.0, 
objectives:
-19.55104388671396, 21.768788616173843, -18.55104388671396, 

parameters:
1.8649232731423622, 0.0, 20.0, 
objectives:
-16.522061185291978, 20.018245722138573, -15.522061185291978, 

parameters:
1.4985306678176502, 0.0, 20.0, 
objectives:
-17.754405837609987, 20.25147149111941, -16.754405837609987, 

parameters:
1.1672793051039327, 0.0, 20.0, 
objectives:
-18.63745902387608, 20.69342375570819, -17.63745902387608, 

parameters:
1.7753623392410889, 0.0, 20.0, 
objectives:
-16.84808856440441, 20.050462078631234, -15.848088564404408, 

parameters:
0.7152102124849031, 0.0, 20.0, 
objectives:
-19.4884743519573, 21.650684798103086, -18.4884743519573, 

parameters:
1.89278517748683, 0.0, 20.0, 
objectives:
-16.41736427188615, 20.01149501816653, -15.41736427188615, 

parameters:
0.1769896292642069, 0.0, 20.0, 
objectives:
-19.96867467113292, 23.323366811810253, -18.96867467113292, 

parameters:
1.5273569236545883, 0.0, 20.0, 
objectives:
-17.66718082776439, 20.223391477617255, -16.66718082776439, 

parameters:
0.2027377297521742, 0.0, 20.0, 
objectives:
-19.958897412934935, 23.23015166805637, -18.958897412934935, 

parameters:
1.1490976928442438, 0.0, 20.0, 
objectives:
-18.679574492300034, 20.724034736322988, -17.679574492300034, 

parameters:
0, 0.0, 20.0, 
objectives:
-20.0, 24.0, -19.0, 

