Generation 362 at Fri May 24 19:55:17 2019
parameters:
0, 0.0, 20.0, 
objectives:
-20.0, 24.0, -19.0, 

parameters:
0, 0.0, 20.0, 
objectives:
-20.0, 24.0, -19.0, 

parameters:
1.9979647189482492, 0.0, 20.0, 
objectives:
-16.008136981838042, 20.000004142368958, -15.008136981838044, 

parameters:
1.915761276819835, 0.0, 20.0, 
objectives:
-16.329858730237635, 20.007096162483023, -15.329858730237635, 

parameters:
0.9793954632659783, 0.0, 20.0, 
objectives:
-19.04078452653402, 21.041633620402067, -18.04078452653402, 

parameters:
0.24651625469984628, 0.0, 20.0, 
objectives:
-19.93922973616876, 23.074705245031854, -18.93922973616876, 

parameters:
0.7463009779726573, 0.0, 20.0, 
objectives:
-19.443034850277055, 21.571761237832316, -18.443034850277055, 

parameters:
1.397617945265031, 0.0, 20.0, 
objectives:
-18.046664079073153, 20.362864139866723, -17.046664079073153, 

parameters:
1.3137037897908468, 0.0, 20.0, 
objectives:
-18.274182352689166, 20.471002488147445, -17.274182352689166, 

parameters:
1.8239865191446925, 0.0, 20.0, 
objectives:
-16.673073177978427, 20.0309807454428, -15.673073177978429, 

parameters:
0.1118423856274117, 0.0, 20.0, 
objectives:
-19.98749128077717, 23.565139176713185, -18.98749128077717, 

parameters:
1.0845611294137054, 0.0, 20.0, 
objectives:
-18.823727156564868, 20.83802832578031, -17.823727156564868, 

parameters:
0.8769036419468326, 0.0, 20.0, 
objectives:
-19.231040002740382, 21.26134542947229, -18.231040002740382, 

parameters:
1.5468207567057466, 0.0, 20.0, 
objectives:
-17.607345546624263, 20.20537142655275, -16.607345546624263, 

parameters:
0.8455064010840657, 0.0, 20.0, 
objectives:
-19.28511892572587, 21.332855469937865, -18.28511892572587, 

parameters:
0.67004187427805, 0.0, 20.0, 
objectives:
-19.55104388671396, 21.768788616173843, -18.55104388671396, 

parameters:
1.1765024647240714, 0.0, 20.0, 
objectives:
-18.615841950498186, 20.67814819060553, -17.615841950498186, 

parameters:
1.4530559996682333, 0.0, 20.0, 
objectives:
-17.888628261828153, 20.299147739498917, -16.888628261828153, 

parameters:
1.4985306678176502, 0.0, 20.0, 
objectives:
-17.754405837609987, 20.25147149111941, -16.754405837609987, 

parameters:
1.6873149189752121, 0.0, 20.0, 
objectives:
-17.152968364203673, 20.09777195989548, -16.152968364203673, 

parameters:
0.41429144523314615, 0.0, 20.0, 
objectives:
-19.82836259840663, 22.514471620660785, -18.82836259840663, 

parameters:
1.6185512395835862, 0.0, 20.0, 
objectives:
-17.380291884842435, 20.145503156823217, -16.380291884842435, 

parameters:
1.1194362568205722, 0.0, 20.0, 
objectives:
-18.746862466915545, 20.775392505802166, -17.746862466915545, 

parameters:
0.3453643166134976, 0.0, 20.0, 
objectives:
-19.88072348881009, 22.737819244735917, -18.88072348881009, 

parameters:
1.2562170174202019, 0.0, 20.0, 
objectives:
-18.421918805143893, 20.5532131251753, -17.421918805143893, 

parameters:
0.6135580701469148, 0.0, 20.0, 
objectives:
-19.623546494557594, 21.92222122485475, -18.623546494557594, 

parameters:
1.6063785107782074, 0.0, 20.0, 
objectives:
-17.41954808010999, 20.154937876777183, -16.41954808010999, 

parameters:
1.2299956995071477, 0.0, 20.0, 
objectives:
-18.48711057919392, 20.592906622777488, -17.487110579193924, 

parameters:
0.571594054066839, 0.0, 20.0, 
objectives:
-19.673280237355435, 22.04034354637721, -18.673280237355435, 

parameters:
0.4928783492245083, 0.0, 20.0, 
objectives:
-19.757070932865723, 22.271415670236244, -18.757070932865723, 

parameters:
1.7652556046106356, 0.0, 20.0, 
objectives:
-16.88387265039074, 20.055104931166717, -15.883872650390739, 

parameters:
1.798603306568965, 0.0, 20.0, 
objectives:
-16.765026145599187, 20.040560628124954, -15.765026145599185, 

parameters:
0.038708778644399255, 0.0, 20.0, 
objectives:
-19.99850163045586, 23.846663254966543, -18.99850163045586, 

parameters:
0.5139333374448658, 0.0, 20.0, 
objectives:
-19.73587252466278, 22.208394125557756, -18.73587252466278, 

parameters:
0.3666690116866928, 0.0, 20.0, 
objectives:
-19.865553835868702, 22.667770117384524, -18.865553835868702, 

parameters:
1.707517966800291, 0.0, 20.0, 
objectives:
-17.0843823930542, 20.085545739744635, -16.0843823930542, 

parameters:
1.7388246866621686, 0.0, 20.0, 
objectives:
-16.976488709054212, 20.068212544297115, -15.97648870905421, 

parameters:
1.7294963644189085, 0.0, 20.0, 
objectives:
-17.008842325461778, 20.073172216862588, -16.008842325461778, 

parameters:
0.01115505262577217, 0.0, 20.0, 
objectives:
-19.999875564800917, 23.955504224695996, -18.999875564800917, 

parameters:
0, 0.0, 20.0, 
objectives:
-20.0, 24.0, -19.0, 

parameters:
0, 0.0, 20.0, 
objectives:
-20.0, 24.0, -19.0, 

