Generation 365 at Fri May 24 19:55:17 2019
parameters:
0, 0.0, 20.0, 
objectives:
-20.0, 24.0, -19.0, 

parameters:
0, 0.0, 20.0, 
objectives:
-20.0, 24.0, -19.0, 

parameters:
1.9979647189482492, 0.0, 20.0, 
objectives:
-16.008136981838042, 20.000004142368958, -15.008136981838044, 

parameters:
1.915761276819835, 0.0, 20.0, 
objectives:
-16.329858730237635, 20.007096162483023, -15.329858730237635, 

parameters:
1.4530559996682333, 0.0, 20.0, 
objectives:
-17.888628261828153, 20.299147739498917, -16.888628261828153, 

parameters:
0.9793954632659783, 0.0, 20.0, 
objectives:
-19.04078452653402, 21.041633620402067, -18.04078452653402, 

parameters:
1.5533647247918376, 0.0, 20.0, 
objectives:
-17.58705803177238, 20.19948306906027, -16.58705803177238, 

parameters:
0.4887325694329924, 0.0, 20.0, 
objectives:
-19.761140475575424, 22.283929246692605, -18.761140475575424, 

parameters:
0.8769036419468326, 0.0, 20.0, 
objectives:
-19.231040002740382, 21.26134542947229, -18.231040002740382, 

parameters:
1.7781093934824772, 0.0, 20.0, 
objectives:
-16.838326984809378, 20.049235441260713, -15.838326984809378, 

parameters:
1.3705672836184641, 0.0, 20.0, 
objectives:
-18.121545321074706, 20.396185544451438, -17.121545321074706, 

parameters:
0.6135580701469148, 0.0, 20.0, 
objectives:
-19.623546494557594, 21.92222122485475, -18.623546494557594, 

parameters:
1.0845611294137054, 0.0, 20.0, 
objectives:
-18.823727156564868, 20.83802832578031, -17.823727156564868, 

parameters:
0.8100200840172859, 0.0, 20.0, 
objectives:
-19.34386746348863, 21.416052200442227, -18.34386746348863, 

parameters:
1.8364321248062265, 0.0, 20.0, 
objectives:
-16.627517050979687, 20.026754449795405, -15.627517050979687, 

parameters:
0.41429144523314615, 0.0, 20.0, 
objectives:
-19.82836259840663, 22.514471620660785, -18.82836259840663, 

parameters:
1.2562170174202019, 0.0, 20.0, 
objectives:
-18.421918805143893, 20.5532131251753, -17.421918805143893, 

parameters:
1.697634997550823, 0.0, 20.0, 
objectives:
-17.118035415090617, 20.09142459470609, -16.118035415090617, 

parameters:
1.6063785107782074, 0.0, 20.0, 
objectives:
-17.41954808010999, 20.154937876777183, -16.41954808010999, 

parameters:
0.3453643166134976, 0.0, 20.0, 
objectives:
-19.88072348881009, 22.737819244735917, -18.88072348881009, 

parameters:
1.6437659521607655, 0.0, 20.0, 
objectives:
-17.29803349451701, 20.126902696839927, -16.29803349451701, 

parameters:
0.67004187427805, 0.0, 20.0, 
objectives:
-19.55104388671396, 21.768788616173843, -18.55104388671396, 

parameters:
0.28102006546058467, 0.0, 20.0, 
objectives:
-19.921027722808528, 22.95489201534913, -18.921027722808528, 

parameters:
0.1118423856274117, 0.0, 20.0, 
objectives:
-19.98749128077717, 23.565139176713185, -18.98749128077717, 

parameters:
1.1194362568205722, 0.0, 20.0, 
objectives:
-18.746862466915545, 20.775392505802166, -17.746862466915545, 

parameters:
1.207559455341314, 0.0, 20.0, 
objectives:
-18.54180016181579, 20.627962016818955, -17.54180016181579, 

parameters:
0.7463009779726573, 0.0, 20.0, 
objectives:
-19.443034850277055, 21.571761237832316, -18.443034850277055, 

parameters:
1.8239865191446925, 0.0, 20.0, 
objectives:
-16.673073177978427, 20.0309807454428, -15.673073177978429, 

parameters:
0.7213453035338012, 0.0, 20.0, 
objectives:
-19.47966095306973, 21.634957832795067, -18.47966095306973, 

parameters:
0.20606654832077229, 0.0, 20.0, 
objectives:
-19.957536577663163, 23.21819722905375, -18.957536577663163, 

parameters:
0.12814368703885473, 0.0, 20.0, 
objectives:
-19.98357919547209, 23.503846056372492, -18.98357919547209, 

parameters:
1.6873149189752121, 0.0, 20.0, 
objectives:
-17.152968364203673, 20.09777195989548, -16.152968364203673, 

parameters:
1.3137037897908468, 0.0, 20.0, 
objectives:
-18.274182352689166, 20.471002488147445, -17.274182352689166, 

parameters:
1.314389494291267, 0.0, 20.0, 
objectives:
-18.272380257296746, 20.470061765538183, -17.272380257296746, 

parameters:
1.1669230608183783, 0.0, 20.0, 
objectives:
-18.638290570130266, 20.69401718659622, -17.638290570130266, 

parameters:
0.22174722140664088, 0.0, 20.0, 
objectives:
-19.950828169798434, 23.162182944575, -18.950828169798434, 

parameters:
1.1765024647240714, 0.0, 20.0, 
objectives:
-18.615841950498186, 20.67814819060553, -17.615841950498186, 

parameters:
0, 0.0, 20.0, 
objectives:
-20.0, 24.0, -19.0, 

