Generation 370 at Fri May 24 19:55:17 2019
parameters:
0, 0.0, 20.0, 
objectives:
-20.0, 24.0, -19.0, 

parameters:
0, 0.0, 20.0, 
objectives:
-20.0, 24.0, -19.0, 

parameters:
1.9979647189482492, 0.0, 20.0, 
objectives:
-16.008136981838042, 20.000004142368958, -15.008136981838044, 

parameters:
0.7463009779726573, 0.0, 20.0, 
objectives:
-19.443034850277055, 21.571761237832316, -18.443034850277055, 

parameters:
1.7781093934824772, 0.0, 20.0, 
objectives:
-16.838326984809378, 20.049235441260713, -15.838326984809378, 

parameters:
0.4887325694329924, 0.0, 20.0, 
objectives:
-19.761140475575424, 22.283929246692605, -18.761140475575424, 

parameters:
0.41429144523314615, 0.0, 20.0, 
objectives:
-19.82836259840663, 22.514471620660785, -18.82836259840663, 

parameters:
1.915761276819835, 0.0, 20.0, 
objectives:
-16.329858730237635, 20.007096162483023, -15.329858730237635, 

parameters:
1.0500117202317414, 0.0, 20.0, 
objectives:
-18.89747538737598, 20.902477731697054, -17.89747538737598, 

parameters:
1.6063785107782074, 0.0, 20.0, 
objectives:
-17.41954808010999, 20.154937876777183, -16.41954808010999, 

parameters:
1.697634997550823, 0.0, 20.0, 
objectives:
-17.118035415090617, 20.09142459470609, -16.118035415090617, 

parameters:
1.4530559996682333, 0.0, 20.0, 
objectives:
-17.888628261828153, 20.299147739498917, -16.888628261828153, 

parameters:
1.8364321248062265, 0.0, 20.0, 
objectives:
-16.627517050979687, 20.026754449795405, -15.627517050979687, 

parameters:
1.2562170174202019, 0.0, 20.0, 
objectives:
-18.421918805143893, 20.5532131251753, -17.421918805143893, 

parameters:
0.8769036419468326, 0.0, 20.0, 
objectives:
-19.231040002740382, 21.26134542947229, -18.231040002740382, 

parameters:
0.8100200840172859, 0.0, 20.0, 
objectives:
-19.34386746348863, 21.416052200442227, -18.34386746348863, 

parameters:
1.1194362568205722, 0.0, 20.0, 
objectives:
-18.746862466915545, 20.775392505802166, -17.746862466915545, 

parameters:
0.6135580701469148, 0.0, 20.0, 
objectives:
-19.623546494557594, 21.92222122485475, -18.623546494557594, 

parameters:
1.5091800401979203, 0.0, 20.0, 
objectives:
-17.722375606268205, 20.240904232940114, -16.722375606268205, 

parameters:
0.28102006546058467, 0.0, 20.0, 
objectives:
-19.921027722808528, 22.95489201534913, -18.921027722808528, 

parameters:
1.5533647247918376, 0.0, 20.0, 
objectives:
-17.58705803177238, 20.19948306906027, -16.58705803177238, 

parameters:
1.3452741279834177, 0.0, 20.0, 
objectives:
-18.190237520578457, 20.428665967487873, -17.190237520578457, 

parameters:
1.6696745485550373, 0.0, 20.0, 
objectives:
-17.212186901907533, 20.109114903872317, -16.212186901907533, 

parameters:
0.9793954632659783, 0.0, 20.0, 
objectives:
-19.04078452653402, 21.041633620402067, -18.04078452653402, 

parameters:
1.3932212581791068, 0.0, 20.0, 
objectives:
-18.058934525757827, 20.368180441525745, -17.058934525757827, 

parameters:
0.6119578285089047, 0.0, 20.0, 
objectives:
-19.625507616126665, 21.926661069837714, -18.625507616126665, 

parameters:
0.1118423856274117, 0.0, 20.0, 
objectives:
-19.98749128077717, 23.565139176713185, -18.98749128077717, 

parameters:
1.8815603945925299, 0.0, 20.0, 
objectives:
-16.459730481500802, 20.014027940129075, -15.459730481500802, 

parameters:
0.9386965880371982, 0.0, 20.0, 
objectives:
-19.11884871560732, 21.126364932243884, -18.11884871560732, 

parameters:
1.1679503177667212, 0.0, 20.0, 
objectives:
-18.635892055228616, 20.6923066737045, -17.635892055228616, 

parameters:
0.14881305644391637, 0.0, 20.0, 
objectives:
-19.97785467423182, 23.426893099992515, -18.97785467423182, 

parameters:
1.2102188278298454, 0.0, 20.0, 
objectives:
-18.535370388766154, 20.623754299914463, -17.535370388766154, 

parameters:
1.3596026441381355, 0.0, 20.0, 
objectives:
-18.15148065005259, 20.410108773394867, -17.15148065005259, 

parameters:
0.2141741158347656, 0.0, 20.0, 
objectives:
-19.954129448106396, 23.18917408855454, -18.954129448106396, 

parameters:
0.2649203822997435, 0.0, 20.0, 
objectives:
-19.929817191042158, 23.01050127975887, -18.929817191042158, 

parameters:
1.224682481039591, 0.0, 20.0, 
objectives:
-18.50015282063471, 20.601117255206923, -17.50015282063471, 

parameters:
0.19727225409308585, 0.0, 20.0, 
objectives:
-19.961083657765034, 23.249827325862626, -18.961083657765034, 

