Generation 371 at Sat May 25 04:36:28 2019
parameters:
0, 0.0, 20.0, 
objectives:
-20.0, 24.0, -19.0, 

parameters:
0, 0.0, 20.0, 
objectives:
-20.0, 24.0, -19.0, 

parameters:
1.9971487895634539, 0.0, 20.0, 
objectives:
-16.01139671234523, 20.000008129400953, -15.011396712345231, 

parameters:
1.0392597498989433, 0.0, 20.0, 
objectives:
-18.919939172239985, 20.92302182816424, -17.919939172239985, 

parameters:
1.3320068712841657, 0.0, 20.0, 
objectives:
-18.22575769485177, 20.44621482001157, -17.22575769485177, 

parameters:
0.20867226259062166, 0.0, 20.0, 
objectives:
-19.95645588682531, 23.2088550628122, -18.95645588682531, 

parameters:
0.8788040998409181, 0.0, 20.0, 
objectives:
-19.227703354102793, 21.257080246533533, -18.227703354102793, 

parameters:
0.934103165854659, 0.0, 20.0, 
objectives:
-19.127451275540302, 21.13613606104106, -18.127451275540302, 

parameters:
1.5518197420242343, 0.0, 20.0, 
objectives:
-17.59185548826384, 20.200865543639225, -16.59185548826384, 

parameters:
1.4811017014673273, 0.0, 20.0, 
objectives:
-17.80633774991059, 20.269255444220104, -16.80633774991059, 

parameters:
0.6803112552783126, 0.0, 20.0, 
objectives:
-19.537176595941645, 21.741578382945104, -18.537176595941645, 

parameters:
0.043640779529062666, 0.0, 20.0, 
objectives:
-19.998095482362096, 23.827341399521654, -18.998095482362096, 

parameters:
1.6090922009625166, 0.0, 20.0, 
objectives:
-17.410822288801604, 20.15280890734833, -16.410822288801604, 

parameters:
1.1513618919143644, 0.0, 20.0, 
objectives:
-18.674365793847375, 20.720186638495168, -17.674365793847375, 

parameters:
1.9562224744583478, 0.0, 20.0, 
objectives:
-16.17319363042406, 20.00191647174255, -15.173193630424059, 

parameters:
1.8719489594357326, 0.0, 20.0, 
objectives:
-16.495807093267477, 20.01639706898959, -15.495807093267478, 

parameters:
0.29420715767484823, 0.0, 20.0, 
objectives:
-19.913442148372887, 22.90972922092772, -18.913442148372887, 

parameters:
0.7656265030409763, 0.0, 20.0, 
objectives:
-19.413816057841245, 21.52367792999485, -18.413816057841245, 

parameters:
1.7417067296973754, 0.0, 20.0, 
objectives:
-16.966457667726875, 20.066715413483625, -15.966457667726875, 

parameters:
1.9076223455327448, 0.0, 20.0, 
objectives:
-16.36097698682415, 20.008533631044873, -15.360976986824149, 

parameters:
1.680731680293066, 0.0, 20.0, 
objectives:
-17.175141018859247, 20.10193225996849, -16.175141018859247, 

parameters:
1.422587592234237, 0.0, 20.0, 
objectives:
-17.976244542421195, 20.333405088641857, -16.976244542421195, 

parameters:
1.244270337725315, 0.0, 20.0, 
objectives:
-18.45179132665693, 20.57112732244181, -17.45179132665693, 

parameters:
1.1592976866146545, 0.0, 20.0, 
objectives:
-18.65602887380991, 20.706780379731473, -17.65602887380991, 

parameters:
0.43082479413424196, 0.0, 20.0, 
objectives:
-19.81438999675919, 22.462310826703845, -18.81438999675919, 

parameters:
1.2556274321931387, 0.0, 20.0, 
objectives:
-18.423399751524066, 20.55409051970338, -17.423399751524066, 

parameters:
1.7698060574396615, 0.0, 20.0, 
objectives:
-16.867786519049883, 20.052989251191473, -15.867786519049883, 

parameters:
1.655799979980924, 0.0, 20.0, 
objectives:
-17.25832642629517, 20.118473653781134, -16.25832642629517, 

parameters:
0.5281125652840352, 0.0, 20.0, 
objectives:
-19.721097118389117, 22.166452620474743, -18.721097118389117, 

parameters:
0.49763078899749835, 0.0, 20.0, 
objectives:
-19.75236359784173, 22.25711324616828, -18.75236359784173, 

parameters:
0.7575858919033833, 0.0, 20.0, 
objectives:
-19.426063616388955, 21.54359281599751, -18.426063616388955, 

parameters:
0.605131481785729, 0.0, 20.0, 
objectives:
-19.63381588975181, 21.945658183105277, -18.63381588975181, 

parameters:
1.8160790265623252, 0.0, 20.0, 
objectives:
-16.70185696928044, 20.03382692447026, -15.701856969280437, 

parameters:
1.4238600397318304, 0.0, 20.0, 
objectives:
-17.97262258725487, 20.33193725381781, -16.97262258725487, 

parameters:
0.5931231144564094, 0.0, 20.0, 
objectives:
-19.648204971097528, 21.979302571076833, -18.648204971097528, 

parameters:
1.8132847108992405, 0.0, 20.0, 
objectives:
-16.711998557219058, 20.03486259918398, -15.711998557219058, 

parameters:
0.36295756259739764, 0.0, 20.0, 
objectives:
-19.868261807753356, 22.679907941857053, -18.868261807753356, 

parameters:
0.3779137286216568, 0.0, 20.0, 
objectives:
-19.857181213719276, 22.631163871794097, -18.857181213719276, 

parameters:
0.020337801352973542, 0.0, 20.0, 
objectives:
-19.999586373836127, 23.919062420751978, -18.999586373836127, 

parameters:
0.36907864962980685, 0.0, 20.0, 
objectives:
-19.863780950387437, 22.659904451093333, -18.863780950387437, 

parameters:
0, 0.0, 20.0, 
objectives:
-20.0, 24.0, -19.0, 

