Generation 382 at Sat May 25 04:36:28 2019
parameters:
0, 0.0, 20.0, 
objectives:
-20.0, 24.0, -19.0, 

parameters:
0, 0.0, 20.0, 
objectives:
-20.0, 24.0, -19.0, 

parameters:
1.9971487895634539, 0.0, 20.0, 
objectives:
-16.01139671234523, 20.000008129400953, -15.011396712345231, 

parameters:
1.680731680293066, 0.0, 20.0, 
objectives:
-17.175141018859247, 20.10193225996849, -16.175141018859247, 

parameters:
1.8770574280818069, 0.0, 20.0, 
objectives:
-16.476655411682913, 20.01511487598986, -15.476655411682913, 

parameters:
1.4945746228724073, 0.0, 20.0, 
objectives:
-17.766246696665803, 20.25545481184457, -16.766246696665803, 

parameters:
0.19611916821680758, 0.0, 20.0, 
objectives:
-19.961537271857946, 23.253986055274822, -18.96153727185795, 

parameters:
0.9744101807479152, 0.0, 20.0, 
objectives:
-19.050524799654816, 21.051834477353523, -18.050524799654816, 

parameters:
1.9562224744583478, 0.0, 20.0, 
objectives:
-16.17319363042406, 20.00191647174255, -15.173193630424059, 

parameters:
1.6090922009625166, 0.0, 20.0, 
objectives:
-17.410822288801604, 20.15280890734833, -16.410822288801604, 

parameters:
0.46321974347539074, 0.0, 20.0, 
objectives:
-19.785427469254593, 22.361693556843843, -18.785427469254593, 

parameters:
1.7620543112177618, 0.0, 20.0, 
objectives:
-16.8951646043189, 20.056618150810053, -15.8951646043189, 

parameters:
1.3320068712841657, 0.0, 20.0, 
objectives:
-18.22575769485177, 20.44621482001157, -17.22575769485177, 

parameters:
1.258270212371475, 0.0, 20.0, 
objectives:
-18.416756072658643, 20.55016307785546, -17.416756072658643, 

parameters:
0.8788040998409181, 0.0, 20.0, 
objectives:
-19.227703354102793, 21.257080246533533, -18.227703354102793, 

parameters:
0.32021427107066214, 0.0, 20.0, 
objectives:
-19.897462820602684, 22.821680095114665, -18.897462820602684, 

parameters:
0.5564623339224245, 0.0, 20.0, 
objectives:
-19.69034967092561, 22.083800993384692, -18.69034967092561, 

parameters:
0.09559488191530646, 0.0, 20.0, 
objectives:
-19.990861618551598, 23.626758853787177, -18.990861618551598, 

parameters:
1.3925332598014535, 0.0, 20.0, 
objectives:
-18.060851120346737, 20.36901584044745, -17.060851120346737, 

parameters:
0.3698839679305498, 0.0, 20.0, 
objectives:
-19.863185850267953, 22.657278278009848, -18.863185850267953, 

parameters:
0.6803112552783126, 0.0, 20.0, 
objectives:
-19.537176595941645, 21.741578382945104, -18.537176595941645, 

parameters:
0.6072567466783347, 0.0, 20.0, 
objectives:
-19.631239243613646, 21.939733769673015, -18.631239243613646, 

parameters:
1.821045513830362, 0.0, 20.0, 
objectives:
-16.683793236558312, 20.03202470812024, -15.683793236558312, 

parameters:
1.058513966539391, 0.0, 20.0, 
objectives:
-18.879548182641045, 20.88639595120139, -17.879548182641045, 

parameters:
1.1324845919703486, 0.0, 20.0, 
objectives:
-18.717478648949754, 20.752582983168853, -17.717478648949754, 

parameters:
0.7435631397623577, 0.0, 20.0, 
objectives:
-19.447113857186743, 21.578633583763825, -18.447113857186743, 

parameters:
1.0392597498989433, 0.0, 20.0, 
objectives:
-18.919939172239985, 20.92302182816424, -17.919939172239985, 

parameters:
0.826183687545538, 0.0, 20.0, 
objectives:
-19.317420514433657, 21.37784473538419, -18.317420514433657, 

parameters:
1.5518197420242343, 0.0, 20.0, 
objectives:
-17.59185548826384, 20.200865543639225, -16.59185548826384, 

parameters:
1.7998549236034989, 0.0, 20.0, 
objectives:
-16.760522253980245, 20.04005805160576, -15.760522253980243, 

parameters:
1.1995743683744604, 0.0, 20.0, 
objectives:
-18.561021334739014, 20.640681191763143, -17.561021334739014, 

parameters:
1.390137128521431, 0.0, 20.0, 
objectives:
-18.06751876390619, 20.371932722008086, -17.06751876390619, 

parameters:
1.543525593937193, 0.0, 20.0, 
objectives:
-17.617528740860834, 20.208368883390392, -16.617528740860834, 

parameters:
0.02318068139296437, 0.0, 20.0, 
objectives:
-19.99946265601016, 23.907814618417984, -18.99946265601016, 

parameters:
1.1448912696515219, 0.0, 20.0, 
objectives:
-18.689223980675727, 20.731210940718185, -17.689223980675727, 

parameters:
1.1898272558256187, 0.0, 20.0, 
objectives:
-18.584311101294478, 20.656379875403047, -17.584311101294478, 

parameters:
0.7326932234105097, 0.0, 20.0, 
objectives:
-19.46316064036832, 21.606066465989645, -18.463160640368315, 

parameters:
0.8304375319038975, 0.0, 20.0, 
objectives:
-19.310373505605362, 21.367876366779047, -18.310373505605362, 

parameters:
0, 0.0, 20.0, 
objectives:
-20.0, 24.0, -19.0, 

