Generation 386 at Sat May 25 04:36:28 2019
parameters:
0, 0.0, 20.0, 
objectives:
-20.0, 24.0, -19.0, 

parameters:
0, 0.0, 20.0, 
objectives:
-20.0, 24.0, -19.0, 

parameters:
1.9971487895634539, 0.0, 20.0, 
objectives:
-16.01139671234523, 20.000008129400953, -15.011396712345231, 

parameters:
1.4945746228724073, 0.0, 20.0, 
objectives:
-17.766246696665803, 20.25545481184457, -16.766246696665803, 

parameters:
1.0143276439064735, 0.0, 20.0, 
objectives:
-18.971139430807142, 20.971549993566963, -17.971139430807142, 

parameters:
0.3698839679305498, 0.0, 20.0, 
objectives:
-19.863185850267953, 22.657278278009848, -18.863185850267953, 

parameters:
0.19611916821680758, 0.0, 20.0, 
objectives:
-19.961537271857946, 23.253986055274822, -18.96153727185795, 

parameters:
1.8770574280818069, 0.0, 20.0, 
objectives:
-16.476655411682913, 20.01511487598986, -15.476655411682913, 

parameters:
1.258270212371475, 0.0, 20.0, 
objectives:
-18.416756072658643, 20.55016307785546, -17.416756072658643, 

parameters:
1.9562224744583478, 0.0, 20.0, 
objectives:
-16.17319363042406, 20.00191647174255, -15.173193630424059, 

parameters:
0.9074544433460101, 0.0, 20.0, 
objectives:
-19.17652643325158, 21.19365579336438, -18.17652643325158, 

parameters:
1.1324845919703486, 0.0, 20.0, 
objectives:
-18.717478648949754, 20.752582983168853, -17.717478648949754, 

parameters:
1.821045513830362, 0.0, 20.0, 
objectives:
-16.683793236558312, 20.03202470812024, -15.683793236558312, 

parameters:
1.6090922009625166, 0.0, 20.0, 
objectives:
-17.410822288801604, 20.15280890734833, -16.410822288801604, 

parameters:
0.46321974347539074, 0.0, 20.0, 
objectives:
-19.785427469254593, 22.361693556843843, -18.785427469254593, 

parameters:
0.09559488191530646, 0.0, 20.0, 
objectives:
-19.990861618551598, 23.626758853787177, -18.990861618551598, 

parameters:
0.7435631397623577, 0.0, 20.0, 
objectives:
-19.447113857186743, 21.578633583763825, -18.447113857186743, 

parameters:
1.698749676986385, 0.0, 20.0, 
objectives:
-17.11424953493865, 20.090751757115807, -16.11424953493865, 

parameters:
0.6803112552783126, 0.0, 20.0, 
objectives:
-19.537176595941645, 21.741578382945104, -18.537176595941645, 

parameters:
1.1182988281400854, 0.0, 20.0, 
objectives:
-18.74940773098051, 20.777396956459146, -17.74940773098051, 

parameters:
0.540408539175456, 0.0, 20.0, 
objectives:
-19.70795861078625, 22.130407232511928, -18.70795861078625, 

parameters:
1.4256327407928309, 0.0, 20.0, 
objectives:
-17.96757128837952, 20.329897748449156, -16.96757128837952, 

parameters:
1.3320068712841657, 0.0, 20.0, 
objectives:
-18.22575769485177, 20.44621482001157, -17.22575769485177, 

parameters:
1.3925332598014535, 0.0, 20.0, 
objectives:
-18.060851120346737, 20.36901584044745, -17.060851120346737, 

parameters:
0.826183687545538, 0.0, 20.0, 
objectives:
-19.317420514433657, 21.37784473538419, -18.317420514433657, 

parameters:
1.654546895280439, 0.0, 20.0, 
objectives:
-17.26247457131786, 20.119337847560384, -16.26247457131786, 

parameters:
1.7620543112177618, 0.0, 20.0, 
objectives:
-16.8951646043189, 20.056618150810053, -15.8951646043189, 

parameters:
1.292013028300699, 0.0, 20.0, 
objectives:
-18.330702334701257, 20.50124555209595, -17.330702334701257, 

parameters:
0.8565155354120202, 0.0, 20.0, 
objectives:
-19.26638113759786, 21.307556720754057, -18.26638113759786, 

parameters:
1.7652709756430973, 0.0, 20.0, 
objectives:
-16.883818382552068, 20.055097714875544, -15.883818382552068, 

parameters:
0.6072567466783347, 0.0, 20.0, 
objectives:
-19.631239243613646, 21.939733769673015, -18.631239243613646, 

parameters:
0.6053153832296622, 0.0, 20.0, 
objectives:
-19.633593286825526, 21.945145180255825, -18.633593286825526, 

parameters:
1.6144282754251746, 0.0, 20.0, 
objectives:
-17.393621343507697, 20.148665554791606, -16.393621343507697, 

parameters:
0, 0.0, 20.0, 
objectives:
-20.0, 24.0, -19.0, 

