Generation 39 at Sat May 25 04:36:25 2019
parameters:
0, 0.0, 20.0, 
objectives:
-20.0, 24.0, -19.0, 

parameters:
0, 0.0, 20.0, 
objectives:
-20.0, 24.0, -19.0, 

parameters:
1.9954130956648328, 0.0, 20.0, 
objectives:
-16.01832657764929, 20.00002103969138, -15.018326577649288, 

parameters:
1.4603354230999908, 0.0, 20.0, 
objectives:
-17.867420452039372, 20.291237855560667, -16.867420452039372, 

parameters:
0.6485102047588696, 0.0, 20.0, 
objectives:
-19.57943451432361, 21.826524666640914, -18.57943451432361, 

parameters:
0.2999334414431123, 0.0, 20.0, 
objectives:
-19.91003993070409, 22.89022630352346, -18.91003993070409, 

parameters:
1.5551073442099914, 0.0, 20.0, 
objectives:
-17.581641147984147, 20.197929475175886, -16.581641147984147, 

parameters:
1.9432291511378088, 0.0, 20.0, 
objectives:
-16.22386046616823, 20.003222929280533, -15.223860466168231, 

parameters:
1.3759108274004126, 0.001037756280184124, 20.0, 
objectives:
-18.105831638762126, 20.39052505163622, -17.10583163876213, 

parameters:
0.41900925852193277, 0.0, 20.0, 
objectives:
-19.8244312412729, 22.49953172463937, -18.8244312412729, 

parameters:
0.7726044242079546, 0.0, 20.0, 
objectives:
-19.403082403694295, 21.506499899473887, -18.403082403694295, 

parameters:
0.8985257801193436, 0.01779733750131165, 20.0, 
objectives:
-19.174854084959613, 21.231042794563013, -18.174854084959613, 

parameters:
1.0966002570139757, 0.017690675391077618, 20.0, 
objectives:
-18.779777200925803, 20.833821771018293, -17.779777200925803, 

parameters:
1.876075564565118, 0.0, 20.0, 
objectives:
-16.480340476041675, 20.015357265697855, -15.480340476041674, 

parameters:
0.5713571639464383, 0.0006481212435850121, 20.0, 
objectives:
-19.672902869963497, 22.04166847425075, -18.672902869963497, 

parameters:
1.1920560647605782, 0.0, 20.0, 
objectives:
-18.579002338467525, 20.652773402490162, -17.579002338467525, 

parameters:
1.7843155241061441, 0.0, 20.0, 
objectives:
-16.816218110433816, 20.046519793141606, -15.816218110433816, 

parameters:
0.49073165440320776, 0.0, 20.0, 
objectives:
-19.75918244336669, 22.277890939020477, -18.75918244336669, 

parameters:
1.3230539581386846, 0.0, 20.0, 
objectives:
-18.24952822385356, 20.458255943591702, -17.24952822385356, 

parameters:
1.669027026310296, 0.0, 20.0, 
objectives:
-17.21434878544581, 20.109543109313005, -16.21434878544581, 

parameters:
0.8149031590507876, 0.0, 20.0, 
objectives:
-19.335932841369047, 21.404454522427802, -18.335932841369047, 

parameters:
1.8322345871375865, 0.0, 20.0, 
objectives:
-16.642916417696757, 20.028145233752895, -15.642916417696759, 

parameters:
0.20100039540215903, 0, 20.0, 
objectives:
-19.959598841048177, 23.23639957734319, -18.959598841048177, 

parameters:
1.262359570842248, 0.0, 20.0, 
objectives:
-18.406448313902974, 20.544113402728033, -17.406448313902978, 

parameters:
1.7278694334401872, 0.0, 20.0, 
objectives:
-17.014467220983086, 20.074055045256166, -16.014467220983086, 

parameters:
0.9699287625184305, 0.0, 20.0, 
objectives:
-19.059238195639466, 21.061046754286814, -18.059238195639466, 

parameters:
1.6047961538276745, 0.0, 20.0, 
objectives:
-17.424629304659902, 20.1561860800294, -16.424629304659902, 

parameters:
1.05117159510208, 0.0, 20.0, 
objectives:
-18.89503827765055, 20.900275341941132, -17.89503827765055, 

parameters:
1.2263711945579594, 0.0, 20.0, 
objectives:
-18.496013693158485, 20.598501528609678, -17.496013693158485, 

parameters:
0.046964919978726025, 0.001020234690814821, 20.0, 
objectives:
-19.996774061600576, 23.81536625848452, -18.996774061600576, 

parameters:
1.7039199683177322, 0.014728810431583639, 20.0, 
objectives:
-17.081927931136516, 20.102392195592557, -16.081927931136516, 

parameters:
0.10989000999478077, 0.0, 20.0, 
objectives:
-19.987924185703346, 23.57251577431753, -18.987924185703346, 

parameters:
0.1430660267736015, 9.35607469205474e-06, 20.0, 
objectives:
-19.979522755908523, 23.448213136997072, -18.979522755908523, 

parameters:
1.5967091025422602, 0.0, 20.0, 
objectives:
-17.450520041858688, 20.16264354797227, -16.450520041858688, 

parameters:
1.0179455317185169, 0.0, 20.0, 
objectives:
-18.963786894454305, 20.964430978671626, -17.963786894454305, 

parameters:
1.0005243720998167, 0.00020046384832436218, 20.0, 
objectives:
-18.998750516985943, 20.99915199461479, -17.998750516985943, 

