Generation 390 at Fri May 24 19:55:17 2019
parameters:
0, 0.0, 20.0, 
objectives:
-20.0, 24.0, -19.0, 

parameters:
0, 0.0, 20.0, 
objectives:
-20.0, 24.0, -19.0, 

parameters:
1.9979647189482492, 0.0, 20.0, 
objectives:
-16.008136981838042, 20.000004142368958, -15.008136981838044, 

parameters:
0.9218265650228005, 0.0, 20.0, 
objectives:
-19.150235784018264, 21.162457955890535, -18.150235784018264, 

parameters:
1.0494445538829533, 0.0, 20.0, 
objectives:
-18.89866612832541, 20.903555656142778, -17.89866612832541, 

parameters:
1.4732441521017376, 0.0, 20.0, 
objectives:
-17.82955166829803, 20.27747172329502, -16.82955166829803, 

parameters:
1.6132436292491243, 0.0, 20.0, 
objectives:
-17.397444992687113, 20.14958049031639, -16.397444992687113, 

parameters:
1.8364321248062265, 0.0, 20.0, 
objectives:
-16.627517050979687, 20.026754449795405, -15.627517050979687, 

parameters:
1.5533647247918376, 0.0, 20.0, 
objectives:
-17.58705803177238, 20.19948306906027, -16.58705803177238, 

parameters:
1.7002267743860378, 0.0, 20.0, 
objectives:
-17.10922891566085, 20.089863986795, -16.10922891566085, 

parameters:
1.3932212581791068, 0.0, 20.0, 
objectives:
-18.058934525757827, 20.368180441525745, -17.058934525757827, 

parameters:
1.939170209944081, 0.0, 20.0, 
objectives:
-16.23961889686543, 20.003700263358247, -15.239618896865428, 

parameters:
0.7301913236678084, 0.0, 20.0, 
objectives:
-19.466820630840253, 21.612414074488512, -18.466820630840253, 

parameters:
1.8879344449773101, 0.0, 20.0, 
objectives:
-16.435703531468217, 20.012558688622544, -15.435703531468215, 

parameters:
1.756401697922928, 0.0, 20.0, 
objectives:
-16.915053075533457, 20.05934013277483, -15.915053075533455, 

parameters:
1.2217171293476121, 0.0, 20.0, 
objectives:
-18.50740725585863, 20.605724226750922, -17.50740725585863, 

parameters:
0.2461476708241401, 0.0, 20.0, 
objectives:
-19.93941132414785, 23.07599799255559, -18.93941132414785, 

parameters:
0.31709323078465024, 0.0, 20.0, 
objectives:
-19.89945188299055, 22.832175193870846, -18.89945188299055, 

parameters:
1.1178215676362695, 0.0, 20.0, 
objectives:
-18.750474942927195, 20.77823878652773, -17.75047494292719, 

parameters:
1.1564498316549363, 0.0, 20.0, 
objectives:
-18.662623786865268, 20.711576886514987, -17.662623786865268, 

parameters:
0.8192513424698528, 0.0, 20.0, 
objectives:
-19.328827237861343, 21.394167392259245, -18.328827237861343, 

parameters:
0.8395066675548886, 0.0, 20.0, 
objectives:
-19.295228555130887, 21.34674477464956, -18.295228555130887, 

parameters:
0.0953979489818365, 0.0, 20.0, 
objectives:
-19.990899231330058, 23.627508972742596, -18.990899231330058, 

parameters:
0.6688925541912327, 0.0, 20.0, 
objectives:
-19.55258275094753, 21.77184703228754, -18.55258275094753, 

parameters:
0.6119578285089047, 0.0, 20.0, 
objectives:
-19.625507616126665, 21.926661069837714, -18.625507616126665, 

parameters:
0.39181866853042774, 0.0, 20.0, 
objectives:
-19.84647813099104, 22.586247194887246, -18.84647813099104, 

parameters:
0.5225039627983896, 0.0, 20.0, 
objectives:
-19.72698960885998, 22.182994539946463, -18.72698960885998, 

parameters:
0.44917252596388324, 0.0, 20.0, 
objectives:
-19.798244041919226, 22.405065854225242, -18.798244041919226, 

parameters:
0.15837833075063432, 0.0, 20.0, 
objectives:
-19.974916304348643, 23.39157037264882, -18.974916304348643, 

parameters:
1.2700931605420342, 0.0, 20.0, 
objectives:
-18.386863363544347, 20.532763994287517, -17.386863363544347, 

parameters:
1.3452741279834177, 0.0, 20.0, 
objectives:
-18.190237520578457, 20.428665967487873, -17.190237520578457, 

parameters:
1.7365204611963563, 0.0, 20.0, 
objectives:
-16.984496687846395, 20.06942146736818, -15.984496687846395, 

parameters:
1.2913367454443896, 0.0, 20.0, 
objectives:
-18.33244940986509, 20.50220360835735, -17.33244940986509, 

parameters:
0.5175312388368083, 0.0, 20.0, 
objectives:
-19.73216141682804, 22.19771362782473, -18.73216141682804, 

parameters:
1.3304558217962508, 0.0, 20.0, 
objectives:
-18.229887306248465, 20.448289406566534, -17.229887306248465, 

parameters:
0.6242360410751104, 0.0, 20.0, 
objectives:
-19.610329365022874, 21.892726470676685, -18.610329365022874, 

parameters:
0.41977016734313993, 0.0, 20.0, 
objectives:
-19.823793006608714, 22.497126324018726, -18.823793006608714, 

parameters:
0.1373149346289092, 0.0, 20.0, 
objectives:
-19.98114460872786, 23.469595652756503, -18.98114460872786, 

parameters:
0, 0.0, 20.0, 
objectives:
-20.0, 24.0, -19.0, 

