Generation 399 at Sat May 25 04:36:28 2019
parameters:
0, 0.0, 20.0, 
objectives:
-20.0, 24.0, -19.0, 

parameters:
0, 0.0, 20.0, 
objectives:
-20.0, 24.0, -19.0, 

parameters:
2.0013456206966067, 0.0, 20.0, 
objectives:
-15.994615706518514, 20.00000181069506, -14.994615706518514, 

parameters:
1.2125179567016489, 0.0, 20.0, 
objectives:
-18.529800204676057, 20.620127968517345, -17.529800204676057, 

parameters:
1.8939370132342785, 0.0, 20.0, 
objectives:
-16.41300258990122, 20.011249357161667, -15.41300258990122, 

parameters:
1.6116244197620655, 0.0, 20.0, 
objectives:
-17.402666729626585, 20.15083559132515, -16.402666729626585, 

parameters:
1.0143276439064735, 0.0, 20.0, 
objectives:
-18.971139430807142, 20.971549993566963, -17.971139430807142, 

parameters:
0.6350897580656198, 0.0, 20.0, 
objectives:
-19.596660999200154, 21.862979968537367, -18.596660999200154, 

parameters:
1.3310928826993509, 0.0, 20.0, 
objectives:
-18.22819173762713, 20.447436731575465, -17.22819173762713, 

parameters:
1.6956861310634859, 0.0, 20.0, 
objectives:
-17.124648544918948, 20.09260693082711, -16.124648544918948, 

parameters:
0.540408539175456, 0.0, 20.0, 
objectives:
-19.70795861078625, 22.130407232511928, -18.70795861078625, 

parameters:
1.9562224744583478, 0.0, 20.0, 
objectives:
-16.17319363042406, 20.00191647174255, -15.173193630424059, 

parameters:
1.1182988281400854, 0.0, 20.0, 
objectives:
-18.74940773098051, 20.777396956459146, -17.74940773098051, 

parameters:
1.737678723312818, 0.0, 20.0, 
objectives:
-16.980472654545935, 20.068812452202792, -15.980472654545935, 

parameters:
0.46321974347539074, 0.0, 20.0, 
objectives:
-19.785427469254593, 22.361693556843843, -18.785427469254593, 

parameters:
1.8160945716553358, 0.0, 20.0, 
objectives:
-16.701800506804023, 20.033821206574636, -15.701800506804023, 

parameters:
1.3537851291164733, 0.0, 20.0, 
objectives:
-18.167265824183094, 20.417593659351013, -17.167265824183094, 

parameters:
1.4945746228724073, 0.0, 20.0, 
objectives:
-17.766246696665803, 20.25545481184457, -16.766246696665803, 

parameters:
0.7204192536113352, 0.0, 20.0, 
objectives:
-19.480996099026086, 21.637326886528573, -18.480996099026086, 

parameters:
1.0808009461339023, 0.0, 20.0, 
objectives:
-18.831869314836062, 20.84492690062833, -17.831869314836062, 

parameters:
0.9144964322135231, 0.0, 20.0, 
objectives:
-19.163696275468737, 21.17831799567717, -18.163696275468737, 

parameters:
0.24858424963832396, 0.0, 20.0, 
objectives:
-19.93820587083175, 23.067457130614955, -18.93820587083175, 

parameters:
0.08758647605159699, 0.0, 20.0, 
objectives:
-19.992328609212862, 23.65732548658075, -18.992328609212862, 

parameters:
1.4360606656525818, 0.0, 20.0, 
objectives:
-17.937729764565464, 20.31802757282421, -16.937729764565464, 

parameters:
0.3065410890640342, 0.0, 20.0, 
objectives:
-19.906032560715435, 22.867803083028427, -18.906032560715435, 

parameters:
1.8004130275341903, 0.0, 20.0, 
objectives:
-16.75851293028517, 20.03983495957807, -15.758512930285171, 

parameters:
0.7552015660397281, 0.0, 20.0, 
objectives:
-19.429670594651142, 21.549523141189944, -18.429670594651142, 

parameters:
0.8769981590460553, 0.0, 20.0, 
objectives:
-19.23087422902983, 21.26113313478595, -18.23087422902983, 

parameters:
1.544451383604973, 0.0, 20.0, 
objectives:
-17.614669923680687, 20.207524541899424, -16.614669923680687, 

parameters:
0.1676185674157345, 0.0, 20.0, 
objectives:
-19.971904015857497, 23.357621714479563, -18.971904015857497, 

parameters:
0.38028230262259766, 0.0, 20.0, 
objectives:
-19.855385370312057, 22.623485419197554, -18.855385370312057, 

parameters:
1.444065649828039, 0.0, 20.0, 
objectives:
-17.914674398986723, 20.30906300170112, -16.914674398986723, 

parameters:
0.3939082239639482, 0.0, 20.0, 
objectives:
-19.84483631109357, 22.57953079305064, -18.84483631109357, 

parameters:
0.826183687545538, 0.0, 20.0, 
objectives:
-19.317420514433657, 21.37784473538419, -18.317420514433657, 

parameters:
1.5581874469171388, 0.0, 20.0, 
objectives:
-17.57205188026985, 20.195198332061597, -16.57205188026985, 

parameters:
0.1489839347947787, 0.0, 20.0, 
objectives:
-19.977803787173066, 23.42626047364782, -18.977803787173066, 

parameters:
0.8262401812192803, 0.0, 20.0, 
objectives:
-19.31732716293873, 21.37771211218415, -18.31732716293873, 

parameters:
0.906786792298589, 0.0, 20.0, 
objectives:
-19.177737713312837, 21.195115117492808, -18.177737713312837, 

parameters:
1.5574850963450204, 0.0, 20.0, 
objectives:
-17.574240174663142, 20.195819439956775, -16.574240174663142, 

