[!]Generation 40 at Sun May 26 02:43:06 2019
size of front generated: 48
[!!!]Points in the front:
parameters:
0, 0.0, 20.0, 
objectives:
-20.0, 24.0, -19.0, 

parameters:
0, 0, 20.0, 
objectives:
-20.0, 24.0, -19.0, 

parameters:
2.0424615457574675, 0.0004241449050747924, 20.0, 
objectives:
-15.827926689196943, 20.00222712777319, -14.827926689196943, 

parameters:
1.942036834919947, 0.0002629209669274741, 20.0, 
objectives:
-16.228230010847188, 20.003622649473026, -15.228230010847188, 

parameters:
0.853737735499417, 0.0, 20.0, 
objectives:
-19.271131878984328, 21.313917179018006, -18.271131878984328, 

parameters:
1.3615243912258286, 0.0, 20.0, 
objectives:
-18.146251332097137, 20.407651102999548, -17.146251332097137, 

parameters:
1.5990663263548361, 0.00037028232123547837, 20.0, 
objectives:
-17.442616601596814, 20.16111809298384, -16.442616601596814, 

parameters:
1.0155733931950681, 0.0, 20.0, 
objectives:
-18.968610683034257, 20.969095744185474, -17.968610683034257, 

parameters:
1.2128259037240392, 0, 20.0, 
objectives:
-18.52905332725597, 20.619643057847874, -17.529053327255966, 

parameters:
1.8918275150946342, 0.00036965536041199087, 20.0, 
objectives:
-16.42061899777045, 20.012070941851015, -15.42061899777045, 

parameters:
0.7875970951601725, 0.013975187812345038, 20.0, 
objectives:
-19.365715627882913, 21.4838959914764, -18.365715627882913, 

parameters:
1.6634483853553697, 0.0, 20.0, 
objectives:
-17.232939469258614, 20.113266989319907, -16.232939469258614, 

parameters:
1.4168434919432737, 0.00026279886558886395, 20.0, 
objectives:
-17.9922917204724, 20.340334311754503, -16.9922917204724, 

parameters:
1.7480498127798965, 0.0004276082334124017, 20.0, 
objectives:
-16.943894243806756, 20.063906505073657, -15.943894243806756, 

parameters:
1.692414376083855, 0.00024878825869701255, 20.0, 
objectives:
-17.135484791366, 20.09485770429858, -16.135484791366, 

parameters:
1.2702299047317647, 0.00015495735616144455, 20.0, 
objectives:
-18.38636103176897, 20.53271934930397, -17.38636103176897, 

parameters:
1.3080067404303872, 3.2869765573033695e-06, 20.0, 
objectives:
-18.289115080012117, 20.478857958266335, -17.289115080012117, 

parameters:
0.4209297267990103, 0.00039271705860275253, 20.0, 
objectives:
-19.82242544803831, 22.493855644765652, -18.82242544803831, 

parameters:
1.162248759363706, 0.001577486523107594, 20.0, 
objectives:
-18.64760033483442, 20.703404627710757, -17.64760033483442, 

parameters:
0.5207875431214896, 0.0002482869331189249, 20.0, 
objectives:
-19.728532047996364, 22.18831777951768, -18.728532047996364, 

parameters:
1.4602385532610542, 6.110388354137394e-06, 20.0, 
objectives:
-17.86769725718171, 20.291348529774073, -16.86769725718171, 

parameters:
1.7799663680936728, 0.0, 20.0, 
objectives:
-16.83171972845542, 20.04841479916989, -15.83171972845542, 

parameters:
0.3641553490647064, 0.0008492995209651379, 20.0, 
objectives:
-19.866541582226596, 22.676837021514576, -18.866541582226596, 

parameters:
1.5631780818976884, 0.0002473879139523913, 20.0, 
objectives:
-17.556226896360712, 20.191060776048534, -16.556226896360712, 

parameters:
1.8258837320677141, 0.000523515770689775, 20.0, 
objectives:
-16.665625081199785, 20.03083999052936, -15.665625081199787, 

parameters:
0.06674164837514099, 0.0003474100676035129, 20.0, 
objectives:
-19.995198142304567, 23.73783526419487, -18.995198142304567, 

parameters:
0.9367827774869641, 9.283739326561012e-06, 20.0, 
objectives:
-19.122428744064482, 21.13044014598766, -18.122428744064482, 

parameters:
1.8528388451116284, 0, 20.0, 
objectives:
-16.566988214045406, 20.02165640550808, -15.566988214045407, 

parameters:
0.6002877061828829, 0.0026512275343997397, 20.0, 
objectives:
-19.637003442271293, 21.961845732997176, -18.637003442271293, 

parameters:
0.48577359564672323, 0.0, 20.0, 
objectives:
-19.764024013772453, 22.29288160364065, -18.764024013772453, 

parameters:
0.17354127457632346, 0, 20.0, 
objectives:
-19.969883426018423, 23.335951475676282, -18.969883426018423, 

parameters:
1.0636873700794338, 0.00031275235671766074, 20.0, 
objectives:
-18.86825642637678, 20.876994093305484, -17.86825642637678, 

parameters:
0.7319349712390374, 0.001736789601408006, 20.0, 
objectives:
-19.4625344082759, 21.60972570676795, -18.4625344082759, 

parameters:
0.9442161178851024, 0.0016383956220863108, 20.0, 
objectives:
-19.1068175271039, 21.11631800135569, -18.1068175271039, 

parameters:
0.12485980789949516, 0.000122429286865381, 20.0, 
objectives:
-19.984287599084436, 23.516273169317582, -18.984287599084436, 

parameters:
1.1185746383297026, 0.00023245015404245564, 20.0, 
objectives:
-18.748558328331534, 20.777143118349656, -17.748558328331534, 

parameters:
1.5208509541550492, 0.0008842458419297397, 20.0, 
objectives:
-17.68612812940375, 20.230468053976058, -16.68612812940375, 

parameters:
1.502845969902422, 0.00042130421206443633, 20.0, 
objectives:
-17.741032686535984, 20.247583433854327, -16.741032686535984, 

parameters:
0.3028001146827021, 7.726299538701739e-05, 20.0, 
objectives:
-19.908234827552754, 22.880564713716435, -18.908234827552754, 

parameters:
0.6533156350095941, 0.00014447966516839352, 20.0, 
objectives:
-19.573034201386843, 21.81370325857478, -18.573034201386843, 

parameters:
1.0928005399942708, 0.00013967381327202372, 20.0, 
objectives:
-18.805647305974958, 20.823150534047958, -17.805647305974958, 

parameters:
0.28071904845921025, 0, 20.0, 
objectives:
-19.921196815832154, 22.955926990331005, -18.921196815832154, 

parameters:
0.23108986429891548, 0, 20.0, 
objectives:
-19.946597474618308, 23.12904306818603, -18.946597474618308, 

parameters:
0.6174725099266521, 0.0, 20.0, 
objectives:
-19.61872769948488, 21.911382260808512, -18.61872769948488, 

parameters:
0.6854755491551833, 0.0001519327121880074, 20.0, 
objectives:
-19.529971338798212, 21.728126464581056, -18.529971338798212, 

parameters:
0.704699853657602, 0, 20.0, 
objectives:
-19.503398116254953, 21.67780246911464, -18.503398116254953, 

parameters:
0.23815958285478064, 0, 20.0, 
objectives:
-19.943280013094437, 23.10408165548644, -18.943280013094437, 

parameters:
0, 0.0, 20.0, 
objectives:
-20.0, 24.0, -19.0, 

size of all points: 80
[!!!]All points:
0, 0, 20.0, -20.0, 24.0, -19.0, 

0, 0.0, 20.0, -20.0, 24.0, -19.0, 

2.0424615457574675, 0.0004241449050747924, 20.0, -15.827926689196943, 20.00222712777319, -14.827926689196943, 

1.942036834919947, 0.0002629209669274741, 20.0, -16.228230010847188, 20.003622649473026, -15.228230010847188, 

1.8528388451116284, 0, 20.0, -16.566988214045406, 20.02165640550808, -15.566988214045407, 

1.3615243912258286, 0.0, 20.0, -18.146251332097137, 20.407651102999548, -17.146251332097137, 

1.5208509541550492, 0.0008842458419297397, 20.0, -17.68612812940375, 20.230468053976058, -16.68612812940375, 

1.4602385532610542, 6.110388354137394e-06, 20.0, -17.86769725718171, 20.291348529774073, -16.86769725718171, 

1.0155733931950681, 0.0, 20.0, -18.968610683034257, 20.969095744185474, -17.968610683034257, 

1.8918275150946342, 0.00036965536041199087, 20.0, -16.42061899777045, 20.012070941851015, -15.42061899777045, 

1.4168434919432737, 0.00026279886558886395, 20.0, -17.9922917204724, 20.340334311754503, -16.9922917204724, 

1.7799663680936728, 0.0, 20.0, -16.83171972845542, 20.04841479916989, -15.83171972845542, 

1.0636873700794338, 0.00031275235671766074, 20.0, -18.86825642637678, 20.876994093305484, -17.86825642637678, 

1.692414376083855, 0.00024878825869701255, 20.0, -17.135484791366, 20.09485770429858, -16.135484791366, 

0.6854755491551833, 0.0001519327121880074, 20.0, -19.529971338798212, 21.728126464581056, -18.529971338798212, 

1.1185746383297026, 0.00023245015404245564, 20.0, -18.748558328331534, 20.777143118349656, -17.748558328331534, 

0.853737735499417, 0.0, 20.0, -19.271131878984328, 21.313917179018006, -18.271131878984328, 

1.3080067404303872, 3.2869765573033695e-06, 20.0, -18.289115080012117, 20.478857958266335, -17.289115080012117, 

0.4209297267990103, 0.00039271705860275253, 20.0, -19.82242544803831, 22.493855644765652, -18.82242544803831, 

0.5207875431214896, 0.0002482869331189249, 20.0, -19.728532047996364, 22.18831777951768, -18.728532047996364, 

0.7319349712390374, 0.001736789601408006, 20.0, -19.4625344082759, 21.60972570676795, -18.4625344082759, 

0.3641553490647064, 0.0008492995209651379, 20.0, -19.866541582226596, 22.676837021514576, -18.866541582226596, 

1.7480498127798965, 0.0004276082334124017, 20.0, -16.943894243806756, 20.063906505073657, -15.943894243806756, 

0.06674164837514099, 0.0003474100676035129, 20.0, -19.995198142304567, 23.73783526419487, -18.995198142304567, 

0.9367827774869641, 9.283739326561012e-06, 20.0, -19.122428744064482, 21.13044014598766, -18.122428744064482, 

0.6002877061828829, 0.0026512275343997397, 20.0, -19.637003442271293, 21.961845732997176, -18.637003442271293, 

0.9442161178851024, 0.0016383956220863108, 20.0, -19.1068175271039, 21.11631800135569, -18.1068175271039, 

0.12485980789949516, 0.000122429286865381, 20.0, -19.984287599084436, 23.516273169317582, -18.984287599084436, 

0.6174725099266521, 0.0, 20.0, -19.61872769948488, 21.911382260808512, -18.61872769948488, 

1.6634483853553697, 0.0, 20.0, -17.232939469258614, 20.113266989319907, -16.232939469258614, 

1.162248759363706, 0.001577486523107594, 20.0, -18.64760033483442, 20.703404627710757, -17.64760033483442, 

1.5631780818976884, 0.0002473879139523913, 20.0, -17.556226896360712, 20.191060776048534, -16.556226896360712, 

0.3028001146827021, 7.726299538701739e-05, 20.0, -19.908234827552754, 22.880564713716435, -18.908234827552754, 

0.7875970951601725, 0.013975187812345038, 20.0, -19.365715627882913, 21.4838959914764, -18.365715627882913, 

0.17354127457632346, 0, 20.0, -19.969883426018423, 23.335951475676282, -18.969883426018423, 

0.23108986429891548, 0, 20.0, -19.946597474618308, 23.12904306818603, -18.946597474618308, 

1.2702299047317647, 0.00015495735616144455, 20.0, -18.38636103176897, 20.53271934930397, -17.38636103176897, 

0.28071904845921025, 0, 20.0, -19.921196815832154, 22.955926990331005, -18.921196815832154, 

0.48577359564672323, 0.0, 20.0, -19.764024013772453, 22.29288160364065, -18.764024013772453, 

1.5990663263548361, 0.00037028232123547837, 20.0, -17.442616601596814, 20.16111809298384, -16.442616601596814, 

0.7198699009679557, 20.61870099415833, 20.0, 1.1369136684779448, 42.25743406460612, 2.136913668477945, 

0.9596832473088526, 2.731210422903339, 20.0, -16.347797641931397, 23.813469368833193, -15.347797641931397, 

6.063395868438533, 0.0, 20.0, 16.764769457397477, 36.511185983643344, 17.764769457397477, 

0, 0.0, 20.0, -20.0, 24.0, -19.0, 

0.6533156350095941, 0.00014447966516839352, 20.0, -19.573034201386843, 21.81370325857478, -18.573034201386843, 

7.75580708528007, 7.3001011185782785e-06, 20.0, 40.152550844181654, 53.129322503061374, 41.152550844181654, 

10.355284097400972, 8.167310940497924, 20.0, 95.39921967838339, 97.9780832887795, 96.39921967838339, 

1.1707838665519956, 8.694756385432305, 20.0, -9.934508752389254, 29.382355781402765, -8.934508752389254, 

1.685975543898719, 19.09621148187492, 20.0, 1.9387250164995038, 39.19482284090462, 2.938725016499504, 

5.646747117634256, 0.0002597807110172841, 20.0, 11.886012791221791, 33.299024320684765, 12.886012791221795, 

1.0928005399942708, 0.00013967381327202372, 20.0, -18.805647305974958, 20.823150534047958, -17.805647305974958, 

8.544640407784717, 1.196253516308929e-05, 20.0, 53.01089166088255, 62.83233002974367, 54.01089166088255, 

1.3288089204793776, 1.2915482626310704, 20.0, -16.94271859022336, 21.74204572785913, -15.942718590223361, 

10.116591293858585, 27.739291868448124, 20.0, 110.08471127542344, 113.6183460999891, 111.08471127542344, 

3.7446155049207643, 0.014077691868567412, 20.0, -5.963777028438441, 23.0577609518785, -4.963777028438441, 

5.54259705791913, 12.69838661943164, 20.0, 23.41876876588543, 45.24838053420891, 24.41876876588543, 

28.197183607899095, 0.00023051269553098588, 20.0, 775.081393930269, 706.2926594986726, 776.081393930269, 

10.646087392592854, 1.4943070864941045e-05, 20.0, 93.33919171379537, 94.75484214342396, 94.33919171379537, 

1.6764667938082995, 12.028223591220353, 20.0, -5.161235498037767, 32.13289732672904, -4.161235498037767, 

3.494201713292763, 22.73016815093431, 20.0, 14.939613764112394, 44.96280691094134, 15.939613764112394, 

2.205301751134515, 0.0003016334587153238, 20.0, -15.136342552984328, 20.042450442477612, -14.136342552984328, 

0.04066428765757838, 27.125107295690277, 20.0, 7.126760879980974, 50.96410372935066, 8.126760879980974, 

9.797361228828303, 0.0002511049610556871, 20.0, 75.98853815310908, 80.79909323779587, 76.98853815310908, 

8.206963974490426, 24.38958914584847, 20.0, 71.74384682443215, 82.91599092647046, 72.74384682443215, 

15.978013052432976, 0.0003043580540376413, 20.0, 235.29720546177256, 215.38515325204065, 236.2972054617726, 

0.704699853657602, 0, 20.0, -19.503398116254953, 21.67780246911464, -18.503398116254953, 

25.134934375766715, 22.8221317792847, 20.0, 634.5870578533841, 578.0473203503171, 635.5870578533841, 

3.6713137648048826, 18.38075654979069, 20.0, 11.85930130943649, 41.17404625021696, 12.85930130943649, 

9.594651084578743, 8.281368211588347e-05, 20.0, 72.05741224849017, 77.67880791017518, 73.05741224849017, 

1.097995558401218, 6.018672573739392, 20.0, -12.775733179991807, 26.832284586403322, -11.775733179991807, 

1.8258837320677141, 0.000523515770689775, 20.0, -16.665625081199785, 20.03083999052936, -15.665625081199787, 

2.9402631787163065, 0.0002763085777808794, 20.0, -11.354576131307299, 20.884371153827473, -10.354576131307299, 

2.4059113207975518, 0.00020143538729237235, 20.0, -14.211389281070888, 20.164965435738907, -13.211389281070888, 

1.0560973242905627, 4.923166794599427, 20.0, -13.961491647026886, 25.814119055810863, -12.961491647026886, 

1.737613741219068, 5.953266118904652, 20.0, -11.027432367422023, 26.022112667701705, -10.027432367422023, 

1.2128259037240392, 0, 20.0, -18.52905332725597, 20.619643057847874, -17.529053327255966, 

1.319513455079766, 26.951353278580296, 20.0, 8.692469036716837, 47.41441521639777, 9.692469036716837, 

0.7986237081667079, 12.236910937342035, 20.0, -7.125289235412023, 33.68021593192115, -6.125289235412023, 

1.502845969902422, 0.00042130421206443633, 20.0, -17.741032686535984, 20.247583433854327, -16.741032686535984, 

0.23815958285478064, 0, 20.0, -19.943280013094437, 23.10408165548644, -18.943280013094437, 

