Generation 402 at Fri May 24 19:55:17 2019
parameters:
0, 0.0, 20.0, 
objectives:
-20.0, 24.0, -19.0, 

parameters:
0, 0.0, 20.0, 
objectives:
-20.0, 24.0, -19.0, 

parameters:
1.9979647189482492, 0.0, 20.0, 
objectives:
-16.008136981838042, 20.000004142368958, -15.008136981838044, 

parameters:
1.944175960461584, 0.0, 20.0, 
objectives:
-16.22017983476328, 20.003116323390387, -15.220179834763277, 

parameters:
0.5225039627983896, 0.0, 20.0, 
objectives:
-19.72698960885998, 22.182994539946463, -18.72698960885998, 

parameters:
1.8364321248062265, 0.0, 20.0, 
objectives:
-16.627517050979687, 20.026754449795405, -15.627517050979687, 

parameters:
1.3237573285431576, 0.0, 20.0, 
objectives:
-18.247666535128282, 20.457304150699088, -17.247666535128282, 

parameters:
1.4732441521017376, 0.0, 20.0, 
objectives:
-17.82955166829803, 20.27747172329502, -16.82955166829803, 

parameters:
1.5981597984106153, 0.0, 20.0, 
objectives:
-17.44588525874414, 20.161475547613396, -16.44588525874414, 

parameters:
1.22026978827311, 0.0, 20.0, 
objectives:
-18.5109416438279, 20.607979203079662, -17.5109416438279, 

parameters:
1.7002267743860378, 0.0, 20.0, 
objectives:
-17.10922891566085, 20.089863986795, -16.10922891566085, 

parameters:
1.3932212581791068, 0.0, 20.0, 
objectives:
-18.058934525757827, 20.368180441525745, -17.058934525757827, 

parameters:
0.31709323078465024, 0.0, 20.0, 
objectives:
-19.89945188299055, 22.832175193870846, -18.89945188299055, 

parameters:
0.6688925541912327, 0.0, 20.0, 
objectives:
-19.55258275094753, 21.77184703228754, -18.55258275094753, 

parameters:
0.8700310253481862, 0.0, 20.0, 
objectives:
-19.243046014931583, 21.27682988367567, -18.243046014931583, 

parameters:
1.5533647247918376, 0.0, 20.0, 
objectives:
-17.58705803177238, 20.19948306906027, -16.58705803177238, 

parameters:
0.9242252337194021, 0.0, 20.0, 
objectives:
-19.145807717356316, 21.157291347766076, -18.145807717356316, 

parameters:
0.7684787531038869, 0.0, 20.0, 
objectives:
-19.409440406027894, 21.51664458155656, -18.409440406027894, 

parameters:
1.0159481421534882, 0.0, 20.0, 
objectives:
-18.967849372454875, 20.968358058931173, -17.967849372454875, 

parameters:
1.1178215676362695, 0.0, 20.0, 
objectives:
-18.750474942927195, 20.77823878652773, -17.75047494292719, 

parameters:
0.0953979489818365, 0.0, 20.0, 
objectives:
-19.990899231330058, 23.627508972742596, -18.990899231330058, 

parameters:
1.1614006706571005, 0.0, 20.0, 
objectives:
-18.651148482197236, 20.70324883517436, -17.651148482197236, 

parameters:
1.0494445538829533, 0.0, 20.0, 
objectives:
-18.89866612832541, 20.903555656142778, -17.89866612832541, 

parameters:
0.2202959148480201, 0.0, 20.0, 
objectives:
-19.951469709901275, 23.167346630706646, -18.951469709901275, 

parameters:
1.7901311673060507, 0.0, 20.0, 
objectives:
-16.795430403839475, 20.04404492693632, -15.795430403839475, 

parameters:
0.41561769492579015, 0.0, 20.0, 
objectives:
-19.827261931664573, 22.510267288632267, -18.827261931664573, 

parameters:
0.17795245581403796, 0.0, 20.0, 
objectives:
-19.968332923469752, 23.319857253274094, -18.968332923469752, 

parameters:
0.43273655104334124, 0.0, 20.0, 
objectives:
-19.812739077391115, 22.45631471843552, -18.812739077391115, 

parameters:
1.7402248725197547, 0.0, 20.0, 
objectives:
-16.971617393063603, 20.067483116857378, -15.971617393063603, 

parameters:
0.7311275540237437, 0.0, 20.0, 
objectives:
-19.465452499747258, 21.61003728415777, -18.465452499747258, 

parameters:
0.017405334746553355, 0.0, 20.0, 
objectives:
-19.99969705432236, 23.930681606691426, -18.99969705432236, 

parameters:
1.756401697922928, 0.0, 20.0, 
objectives:
-16.915053075533457, 20.05934013277483, -15.915053075533455, 

parameters:
0.6951836044241261, 0.0, 20.0, 
objectives:
-19.51671975613988, 21.702545826163615, -18.51671975613988, 

parameters:
0.6944996896102664, 0.0, 20.0, 
objectives:
-19.517670181131244, 21.70433106042769, -18.517670181131244, 

