Generation 403 at Sat May 25 04:36:28 2019
parameters:
0, 0.0, 20.0, 
objectives:
-20.0, 24.0, -19.0, 

parameters:
0, 0.0, 20.0, 
objectives:
-20.0, 24.0, -19.0, 

parameters:
2.0013456206966067, 0.0, 20.0, 
objectives:
-15.994615706518514, 20.00000181069506, -14.994615706518514, 

parameters:
1.2125179567016489, 0.0, 20.0, 
objectives:
-18.529800204676057, 20.620127968517345, -17.529800204676057, 

parameters:
0.3065410890640342, 0.0, 20.0, 
objectives:
-19.906032560715435, 22.867803083028427, -18.906032560715435, 

parameters:
1.9562224744583478, 0.0, 20.0, 
objectives:
-16.17319363042406, 20.00191647174255, -15.173193630424059, 

parameters:
1.5615990311741896, 0.0, 20.0, 
objectives:
-17.561408465835832, 20.19219540946741, -16.561408465835832, 

parameters:
1.4945746228724073, 0.0, 20.0, 
objectives:
-17.766246696665803, 20.25545481184457, -16.766246696665803, 

parameters:
1.4436323084214366, 0.0, 20.0, 
objectives:
-17.915925758081794, 20.30954500823246, -16.915925758081794, 

parameters:
1.3236134982990715, 0.0, 20.0, 
objectives:
-18.248047307120494, 20.45749869968322, -17.248047307120494, 

parameters:
1.0143276439064735, 0.0, 20.0, 
objectives:
-18.971139430807142, 20.971549993566963, -17.971139430807142, 

parameters:
0.36560666048748797, 0.0, 20.0, 
objectives:
-19.866331769807186, 22.67124158824286, -18.866331769807186, 

parameters:
0.6350897580656198, 0.0, 20.0, 
objectives:
-19.596660999200154, 21.862979968537367, -18.596660999200154, 

parameters:
0.9280535318206081, 0.0, 20.0, 
objectives:
-19.138716642075295, 21.149069230642272, -18.138716642075295, 

parameters:
1.1182988281400854, 0.0, 20.0, 
objectives:
-18.74940773098051, 20.777396956459146, -17.74940773098051, 

parameters:
1.8160945716553358, 0.0, 20.0, 
objectives:
-16.701800506804023, 20.033821206574636, -15.701800506804023, 

parameters:
0.7552015660397281, 0.0, 20.0, 
objectives:
-19.429670594651142, 21.549523141189944, -18.429670594651142, 

parameters:
0.8458165561885449, 0.0, 20.0, 
objectives:
-19.28459435327735, 21.33213942196847, -18.28459435327735, 

parameters:
0.7204192536113352, 0.0, 20.0, 
objectives:
-19.480996099026086, 21.637326886528573, -18.480996099026086, 

parameters:
0.5818623534152683, 0.0, 20.0, 
objectives:
-19.661436201678047, 22.011114384660882, -18.661436201678047, 

parameters:
1.0536872173015563, 0.0, 20.0, 
objectives:
-18.889743248095304, 20.89550788269847, -17.889743248095304, 

parameters:
1.6956861310634859, 0.0, 20.0, 
objectives:
-17.124648544918948, 20.09260693082711, -16.124648544918948, 

parameters:
0.1699395114893107, 0.0, 20.0, 
objectives:
-19.971120562434773, 23.349121391607984, -18.971120562434773, 

parameters:
1.641075972859649, 0.0, 20.0, 
objectives:
-17.30686965130276, 20.128826457258647, -16.30686965130276, 

parameters:
1.8913954324952444, 0.0, 20.0, 
objectives:
-16.42262331793613, 20.011794952082894, -15.422623317936127, 

parameters:
1.1683829801306094, 0.0, 20.0, 
objectives:
-18.634881211741117, 20.691586867736447, -17.634881211741117, 

parameters:
1.8004130275341903, 0.0, 20.0, 
objectives:
-16.75851293028517, 20.03983495957807, -15.758512930285171, 

parameters:
1.6116244197620655, 0.0, 20.0, 
objectives:
-17.402666729626585, 20.15083559132515, -16.402666729626585, 

parameters:
1.737678723312818, 0.0, 20.0, 
objectives:
-16.980472654545935, 20.068812452202792, -15.980472654545935, 

parameters:
0.509631478432057, 0.0, 20.0, 
objectives:
-19.740275756191156, 22.221198330080615, -18.740275756191156, 

parameters:
0.46321974347539074, 0.0, 20.0, 
objectives:
-19.785427469254593, 22.361693556843843, -18.785427469254593, 

parameters:
1.8939370132342785, 0.0, 20.0, 
objectives:
-16.41300258990122, 20.011249357161667, -15.41300258990122, 

parameters:
0.08758647605159699, 0.0, 20.0, 
objectives:
-19.992328609212862, 23.65732548658075, -18.992328609212862, 

parameters:
1.3803732125800359, 0.0, 20.0, 
objectives:
-18.09456979399147, 20.383937355688385, -17.09456979399147, 

parameters:
0.12041159599128749, 0.0, 20.0, 
objectives:
-19.98550104755083, 23.532852568484017, -18.98550104755083, 

parameters:
1.3729687867036011, 0.0, 20.0, 
objectives:
-18.11495671073764, 20.393168142447955, -17.11495671073764, 

parameters:
1.3310928826993509, 0.0, 20.0, 
objectives:
-18.22819173762713, 20.447436731575465, -17.22819173762713, 

parameters:
1.726639505346197, 0.0, 20.0, 
objectives:
-17.01871601857784, 20.074725960037373, -16.01871601857784, 

parameters:
0.8919982757227696, 0.0, 20.0, 
objectives:
-19.204339076107605, 21.227667821001315, -18.204339076107605, 

parameters:
0.8769981590460553, 0.0, 20.0, 
objectives:
-19.23087422902983, 21.26113313478595, -18.23087422902983, 

parameters:
0.47218221294213614, 0.0, 20.0, 
objectives:
-19.777043957781068, 22.334227190450388, -18.777043957781068, 

parameters:
0.1676185674157345, 0.0, 20.0, 
objectives:
-19.971904015857497, 23.357621714479563, -18.971904015857497, 

