Generation 404 at Sat May 25 04:36:28 2019
parameters:
0, 0.0, 20.0, 
objectives:
-20.0, 24.0, -19.0, 

parameters:
0, 0.0, 20.0, 
objectives:
-20.0, 24.0, -19.0, 

parameters:
2.0013456206966067, 0.0, 20.0, 
objectives:
-15.994615706518514, 20.00000181069506, -14.994615706518514, 

parameters:
1.3236134982990715, 0.0, 20.0, 
objectives:
-18.248047307120494, 20.45749869968322, -17.248047307120494, 

parameters:
1.8913954324952444, 0.0, 20.0, 
objectives:
-16.42262331793613, 20.011794952082894, -15.422623317936127, 

parameters:
1.4436323084214366, 0.0, 20.0, 
objectives:
-17.915925758081794, 20.30954500823246, -16.915925758081794, 

parameters:
0.9280535318206081, 0.0, 20.0, 
objectives:
-19.138716642075295, 21.149069230642272, -18.138716642075295, 

parameters:
0.8458165561885449, 0.0, 20.0, 
objectives:
-19.28459435327735, 21.33213942196847, -18.28459435327735, 

parameters:
1.2125179567016489, 0.0, 20.0, 
objectives:
-18.529800204676057, 20.620127968517345, -17.529800204676057, 

parameters:
0.1699395114893107, 0.0, 20.0, 
objectives:
-19.971120562434773, 23.349121391607984, -18.971120562434773, 

parameters:
1.9562224744583478, 0.0, 20.0, 
objectives:
-16.17319363042406, 20.00191647174255, -15.173193630424059, 

parameters:
1.5615990311741896, 0.0, 20.0, 
objectives:
-17.561408465835832, 20.19219540946741, -16.561408465835832, 

parameters:
0.3065410890640342, 0.0, 20.0, 
objectives:
-19.906032560715435, 22.867803083028427, -18.906032560715435, 

parameters:
1.737678723312818, 0.0, 20.0, 
objectives:
-16.980472654545935, 20.068812452202792, -15.980472654545935, 

parameters:
0.509631478432057, 0.0, 20.0, 
objectives:
-19.740275756191156, 22.221198330080615, -18.740275756191156, 

parameters:
1.0143276439064735, 0.0, 20.0, 
objectives:
-18.971139430807142, 20.971549993566963, -17.971139430807142, 

parameters:
0.6350897580656198, 0.0, 20.0, 
objectives:
-19.596660999200154, 21.862979968537367, -18.596660999200154, 

parameters:
1.1182988281400854, 0.0, 20.0, 
objectives:
-18.74940773098051, 20.777396956459146, -17.74940773098051, 

parameters:
1.6956861310634859, 0.0, 20.0, 
objectives:
-17.124648544918948, 20.09260693082711, -16.124648544918948, 

parameters:
0.08720632923406166, 0.0, 20.0, 
objectives:
-19.992395056141522, 23.658779626922232, -18.992395056141522, 

parameters:
0.42524240056530493, 0.0, 20.0, 
objectives:
-19.819168900761458, 22.479861496977325, -18.819168900761458, 

parameters:
0.7552015660397281, 0.0, 20.0, 
objectives:
-19.429670594651142, 21.549523141189944, -18.429670594651142, 

parameters:
0.7204192536113352, 0.0, 20.0, 
objectives:
-19.480996099026086, 21.637326886528573, -18.480996099026086, 

parameters:
0.5818623534152683, 0.0, 20.0, 
objectives:
-19.661436201678047, 22.011114384660882, -18.661436201678047, 

parameters:
1.0536872173015563, 0.0, 20.0, 
objectives:
-18.889743248095304, 20.89550788269847, -17.889743248095304, 

parameters:
1.8160945716553358, 0.0, 20.0, 
objectives:
-16.701800506804023, 20.033821206574636, -15.701800506804023, 

parameters:
1.4945746228724073, 0.0, 20.0, 
objectives:
-17.766246696665803, 20.25545481184457, -16.766246696665803, 

parameters:
1.8004130275341903, 0.0, 20.0, 
objectives:
-16.75851293028517, 20.03983495957807, -15.758512930285171, 

parameters:
1.6116244197620655, 0.0, 20.0, 
objectives:
-17.402666729626585, 20.15083559132515, -16.402666729626585, 

parameters:
1.641075972859649, 0.0, 20.0, 
objectives:
-17.30686965130276, 20.128826457258647, -16.30686965130276, 

parameters:
0.36560666048748797, 0.0, 20.0, 
objectives:
-19.866331769807186, 22.67124158824286, -18.866331769807186, 

parameters:
1.4824136280083542, 0.0, 20.0, 
objectives:
-17.80244983549511, 20.267895652471474, -16.80244983549511, 

parameters:
1.1683829801306094, 0.0, 20.0, 
objectives:
-18.634881211741117, 20.691586867736447, -17.634881211741117, 

parameters:
1.173264458904707, 0.0, 20.0, 
objectives:
-18.623450509471045, 20.683491654910128, -17.623450509471045, 

parameters:
0.34616755079136025, 0.0, 20.0, 
objectives:
-19.88016802677911, 22.73516177005545, -18.88016802677911, 

parameters:
1.6351033401702606, 0.0, 20.0, 
objectives:
-17.326437066964058, 20.1331495723549, -16.326437066964058, 

parameters:
1.8094925449570682, 0.0, 20.0, 
objectives:
-16.725736729744792, 20.036293090426934, -15.725736729744792, 

parameters:
0, 0.0, 20.0, 
objectives:
-20.0, 24.0, -19.0, 

