Generation 407 at Fri May 24 19:55:17 2019
parameters:
0, 0.0, 20.0, 
objectives:
-20.0, 24.0, -19.0, 

parameters:
0, 0.0, 20.0, 
objectives:
-20.0, 24.0, -19.0, 

parameters:
1.9979647189482492, 0.0, 20.0, 
objectives:
-16.008136981838042, 20.000004142368958, -15.008136981838044, 

parameters:
1.8364321248062265, 0.0, 20.0, 
objectives:
-16.627517050979687, 20.026754449795405, -15.627517050979687, 

parameters:
1.4732441521017376, 0.0, 20.0, 
objectives:
-17.82955166829803, 20.27747172329502, -16.82955166829803, 

parameters:
0.43273655104334124, 0.0, 20.0, 
objectives:
-19.812739077391115, 22.45631471843552, -18.812739077391115, 

parameters:
1.9366101894584171, 0.0, 20.0, 
objectives:
-16.249540974085832, 20.004018268080497, -15.249540974085834, 

parameters:
1.22026978827311, 0.0, 20.0, 
objectives:
-18.5109416438279, 20.607979203079662, -17.5109416438279, 

parameters:
1.7002267743860378, 0.0, 20.0, 
objectives:
-17.10922891566085, 20.089863986795, -16.10922891566085, 

parameters:
0.31709323078465024, 0.0, 20.0, 
objectives:
-19.89945188299055, 22.832175193870846, -18.89945188299055, 

parameters:
1.5533647247918376, 0.0, 20.0, 
objectives:
-17.58705803177238, 20.19948306906027, -16.58705803177238, 

parameters:
0.9576685065840294, 0.0, 20.0, 
objectives:
-19.082871031497113, 21.086454942166768, -18.082871031497113, 

parameters:
0.6688925541912327, 0.0, 20.0, 
objectives:
-19.55258275094753, 21.77184703228754, -18.55258275094753, 

parameters:
0.5688356308219427, 0.0, 20.0, 
objectives:
-19.676426025107403, 22.048231451604828, -18.676426025107403, 

parameters:
1.6239717569455674, 0.0, 20.0, 
objectives:
-17.362715732643128, 20.141397239574605, -16.362715732643128, 

parameters:
0.8700310253481862, 0.0, 20.0, 
objectives:
-19.243046014931583, 21.27682988367567, -18.243046014931583, 

parameters:
0.2350396325540917, 0.0, 20.0, 
objectives:
-19.944756371128836, 23.115085098654795, -18.944756371128836, 

parameters:
0.16042643856347333, 0.0, 20.0, 
objectives:
-19.97426335780984, 23.384030887936266, -18.97426335780984, 

parameters:
0.5225039627983896, 0.0, 20.0, 
objectives:
-19.72698960885998, 22.182994539946463, -18.72698960885998, 

parameters:
1.7496125363154649, 0.0, 20.0, 
objectives:
-16.938855972767765, 20.062693881970375, -15.938855972767765, 

parameters:
0.07330537834424637, 0.0, 20.0, 
objectives:
-19.994626321505805, 23.712152165117207, -18.994626321505805, 

parameters:
1.7901311673060507, 0.0, 20.0, 
objectives:
-16.795430403839475, 20.04404492693632, -15.795430403839475, 

parameters:
1.1178215676362695, 0.0, 20.0, 
objectives:
-18.750474942927195, 20.77823878652773, -17.75047494292719, 

parameters:
1.15784410740005, 0.0, 20.0, 
objectives:
-18.65939702295898, 20.709226547440817, -17.65939702295898, 

parameters:
1.0530042230026107, 0.0, 20.0, 
objectives:
-18.89118210633867, 20.89680100165089, -17.89118210633867, 

parameters:
1.0159481421534882, 0.0, 20.0, 
objectives:
-18.967849372454875, 20.968358058931173, -17.967849372454875, 

parameters:
1.3796268006662733, 0.0, 20.0, 
objectives:
-18.096629890883342, 20.384862906451563, -17.096629890883342, 

parameters:
1.3994372144425666, 0.0, 20.0, 
objectives:
-18.04157548283323, 20.360675659396502, -17.04157548283323, 

parameters:
1.3015460966904855, 0.0, 20.0, 
objectives:
-18.305977758189762, 20.487837855048298, -17.305977758189762, 

parameters:
1.3031077209400834, 0.0, 20.0, 
objectives:
-18.30191026762634, 20.485658848613326, -17.30191026762634, 

parameters:
1.5981597984106153, 0.0, 20.0, 
objectives:
-17.44588525874414, 20.161475547613396, -16.44588525874414, 

parameters:
1.960275635252737, 0.0, 20.0, 
objectives:
-16.157319433834477, 20.001578025154572, -15.157319433834479, 

parameters:
0.7340448341607021, 0.0, 20.0, 
objectives:
-19.461178181441987, 21.602642481915204, -18.461178181441987, 

parameters:
0.7989272218023502, 0.0, 20.0, 
objectives:
-19.361715294263178, 21.44257581852742, -18.361715294263178, 

parameters:
0.8319060962448152, 0.0, 20.0, 
objectives:
-19.307932247030713, 21.364443367990027, -18.307932247030713, 

parameters:
0.7217317762696058, 0.0, 20.0, 
objectives:
-19.47910324312272, 21.633969651798857, -18.47910324312272, 

parameters:
0.8036171863781925, 0.0, 20.0, 
objectives:
-19.3541994177576, 21.431331836729633, -18.3541994177576, 

parameters:
1.3881161891452938, 0.0, 20.0, 
objectives:
-18.073133445432745, 20.374401797986078, -17.073133445432745, 

parameters:
1.391068170541497, 0.0, 20.0, 
objectives:
-18.064929344906332, 20.37079797292768, -17.064929344906332, 

parameters:
0, 0.0, 20.0, 
objectives:
-20.0, 24.0, -19.0, 

