Generation 410 at Fri May 24 19:55:17 2019
parameters:
0, 0.0, 20.0, 
objectives:
-20.0, 24.0, -19.0, 

parameters:
0, 0.0, 20.0, 
objectives:
-20.0, 24.0, -19.0, 

parameters:
1.9979647189482492, 0.0, 20.0, 
objectives:
-16.008136981838042, 20.000004142368958, -15.008136981838044, 

parameters:
1.8364321248062265, 0.0, 20.0, 
objectives:
-16.627517050979687, 20.026754449795405, -15.627517050979687, 

parameters:
1.4889004089029507, 0.0, 20.0, 
objectives:
-17.783175572368627, 20.26122279201957, -16.783175572368627, 

parameters:
1.6239717569455674, 0.0, 20.0, 
objectives:
-17.362715732643128, 20.141397239574605, -16.362715732643128, 

parameters:
1.7795461506444419, 0.0, 20.0, 
objectives:
-16.83321549772655, 20.048599899695684, -15.833215497726549, 

parameters:
1.2659375933829156, 0.0, 20.0, 
objectives:
-18.39740200965987, 20.538847616808464, -17.39740200965987, 

parameters:
1.5533647247918376, 0.0, 20.0, 
objectives:
-17.58705803177238, 20.19948306906027, -16.58705803177238, 

parameters:
1.366027114968742, 0.0026794916434869087, 20.0, 
objectives:
-18.13129042952669, 20.404601110598342, -17.13129042952669, 

parameters:
1.9366101894584171, 0.0, 20.0, 
objectives:
-16.249540974085832, 20.004018268080497, -15.249540974085834, 

parameters:
0.5225039627983896, 0.0, 20.0, 
objectives:
-19.72698960885998, 22.182994539946463, -18.72698960885998, 

parameters:
1.3994372144425666, 0.0, 20.0, 
objectives:
-18.04157548283323, 20.360675659396502, -17.04157548283323, 

parameters:
0.07330537834424637, 0.0, 20.0, 
objectives:
-19.994626321505805, 23.712152165117207, -18.994626321505805, 

parameters:
0.6070452778563699, 0.0, 20.0, 
objectives:
-19.63149603063228, 21.94032285794224, -18.631496030632285, 

parameters:
0.43273655104334124, 0.0, 20.0, 
objectives:
-19.812739077391115, 22.45631471843552, -18.812739077391115, 

parameters:
0.8700310253481862, 0.0, 20.0, 
objectives:
-19.243046014931583, 21.27682988367567, -18.243046014931583, 

parameters:
0.7893407548591344, 0.0, 20.0, 
objectives:
-19.37694117271841, 21.46569580784505, -18.37694117271841, 

parameters:
0.20018521746204565, 0.0, 20.0, 
objectives:
-19.959925878709672, 23.239333251442144, -18.959925878709672, 

parameters:
1.22026978827311, 0.0, 20.0, 
objectives:
-18.5109416438279, 20.607979203079662, -17.5109416438279, 

parameters:
1.1178215676362695, 0.0, 20.0, 
objectives:
-18.750474942927195, 20.77823878652773, -17.75047494292719, 

parameters:
1.15784410740005, 0.0, 20.0, 
objectives:
-18.65939702295898, 20.709226547440817, -17.65939702295898, 

parameters:
1.0530042230026107, 0.0, 20.0, 
objectives:
-18.89118210633867, 20.89680100165089, -17.89118210633867, 

parameters:
0.6918810886853412, 0.0, 20.0, 
objectives:
-19.521300559119588, 21.711175086139047, -18.521300559119588, 

parameters:
1.7041778045558884, 0.0, 20.0, 
objectives:
-17.09577801045907, 20.087510771317373, -16.09577801045907, 

parameters:
0.31709323078465024, 0.0, 20.0, 
objectives:
-19.89945188299055, 22.832175193870846, -18.89945188299055, 

parameters:
1.6926545134088011, 0.0, 20.0, 
objectives:
-17.134920698236815, 20.09446124812798, -16.134920698236815, 

parameters:
0.35981845724019546, 0.0, 20.0, 
objectives:
-19.870530677829287, 22.690195493209934, -18.870530677829287, 

parameters:
0.2350396325540917, 0.0, 20.0, 
objectives:
-19.944756371128836, 23.115085098654795, -18.944756371128836, 

parameters:
0.9486831119633327, 0.0, 20.0, 
objectives:
-19.10000035307557, 21.1052671990711, -18.10000035307557, 

parameters:
1.9502480510116333, 0.0, 20.0, 
objectives:
-16.196532539525325, 20.00247525642814, -15.196532539525325, 

parameters:
0.680292068991337, 0.0, 20.0, 
objectives:
-19.537202700867486, 21.741629023167167, -18.537202700867486, 

parameters:
0.9576685065840294, 0.0, 20.0, 
objectives:
-19.082871031497113, 21.086454942166768, -18.082871031497113, 

parameters:
1.0142437245406573, 0.0, 20.0, 
objectives:
-18.971309667229896, 20.971715434607475, -17.971309667229896, 

parameters:
0.8244757522967565, 0.0, 20.0, 
objectives:
-19.320239733874697, 21.381857256938275, -18.320239733874697, 

parameters:
1.0159481421534882, 0.0, 20.0, 
objectives:
-18.967849372454875, 20.968358058931173, -17.967849372454875, 

parameters:
0.8185287159376835, 0.0, 20.0, 
objectives:
-19.330010741185408, 21.39587439506386, -18.330010741185408, 

parameters:
1.7002267743860378, 0.0, 20.0, 
objectives:
-17.10922891566085, 20.089863986795, -16.10922891566085, 

