Generation 413 at Sat May 25 04:36:28 2019
parameters:
0, 0.0, 20.0, 
objectives:
-20.0, 24.0, -19.0, 

parameters:
0, 0.0, 20.0, 
objectives:
-20.0, 24.0, -19.0, 

parameters:
2.0013456206966067, 0.0, 20.0, 
objectives:
-15.994615706518514, 20.00000181069506, -14.994615706518514, 

parameters:
1.5615990311741896, 0.0, 20.0, 
objectives:
-17.561408465835832, 20.19219540946741, -16.561408465835832, 

parameters:
0.509631478432057, 0.0, 20.0, 
objectives:
-19.740275756191156, 22.221198330080615, -18.740275756191156, 

parameters:
1.4436323084214366, 0.0, 20.0, 
objectives:
-17.915925758081794, 20.30954500823246, -16.915925758081794, 

parameters:
1.1295269860093025, 0.0, 20.0, 
objectives:
-18.724168787876742, 20.75772326808605, -17.724168787876742, 

parameters:
1.8160945716553358, 0.0, 20.0, 
objectives:
-16.701800506804023, 20.033821206574636, -15.701800506804023, 

parameters:
0.3725411954354888, 0.0, 20.0, 
objectives:
-19.861213057703498, 22.64862216055455, -18.861213057703498, 

parameters:
1.641075972859649, 0.0, 20.0, 
objectives:
-17.30686965130276, 20.128826457258647, -16.30686965130276, 

parameters:
1.2125179567016489, 0.0, 20.0, 
objectives:
-18.529800204676057, 20.620127968517345, -17.529800204676057, 

parameters:
1.737678723312818, 0.0, 20.0, 
objectives:
-16.980472654545935, 20.068812452202792, -15.980472654545935, 

parameters:
1.013380467408571, 0.0, 20.0, 
objectives:
-18.973060028274787, 20.973418102090932, -17.973060028274787, 

parameters:
1.3236134982990715, 0.0, 20.0, 
objectives:
-18.248047307120494, 20.45749869968322, -17.248047307120494, 

parameters:
0.9280535318206081, 0.0, 20.0, 
objectives:
-19.138716642075295, 21.149069230642272, -18.138716642075295, 

parameters:
1.948368552872774, 0.0, 20.0, 
objectives:
-16.203859982176454, 20.002665806332452, -15.203859982176452, 

parameters:
1.695815055360574, 0.0, 20.0, 
objectives:
-17.124211298012412, 20.09252848054529, -16.124211298012412, 

parameters:
0.3065410890640342, 0.0, 20.0, 
objectives:
-19.906032560715435, 22.867803083028427, -18.906032560715435, 

parameters:
1.4025187049294343, 0.0, 20.0, 
objectives:
-18.032941282323062, 20.3569838979592, -17.032941282323062, 

parameters:
0.6077293078112788, 0.0, 20.0, 
objectives:
-19.630665088427225, 21.93841768032766, -18.630665088427225, 

parameters:
0.8333646460385555, 0.0, 20.0, 
objectives:
-19.30550336673303, 21.361038049112743, -18.305503366733035, 

parameters:
0.7220509500667398, 0.0, 20.0, 
objectives:
-19.47864242550772, 21.633153774225324, -18.47864242550772, 

parameters:
0.6350897580656198, 0.0, 20.0, 
objectives:
-19.596660999200154, 21.862979968537367, -18.596660999200154, 

parameters:
1.8913954324952444, 0.0, 20.0, 
objectives:
-16.42262331793613, 20.011794952082894, -15.422623317936127, 

parameters:
1.8735369515480964, 0.0, 20.0, 
objectives:
-16.489859291183866, 20.015992902623747, -15.489859291183866, 

parameters:
1.1821761818826002, 0.0, 20.0, 
objectives:
-18.602459474989477, 20.66883579748012, -17.602459474989477, 

parameters:
0.11789291858628163, 0.0, 20.0, 
objectives:
-19.98610125974721, 23.542327065907664, -18.98610125974721, 

parameters:
0.75068991284437, 0.0, 20.0, 
objectives:
-19.436464654753713, 21.56077569386881, -18.436464654753713, 

parameters:
0.08890620393067934, 0.0, 20.0, 
objectives:
-19.992095686902637, 23.652279497374646, -18.992095686902637, 

parameters:
1.3458649739224178, 0.0, 20.0, 
objectives:
-18.18864747196881, 20.427892632341518, -17.18864747196881, 

parameters:
0.816096390444382, 0.0, 20.0, 
objectives:
-19.33398668150365, 21.40162775671882, -18.33398668150365, 

parameters:
0.21002013904870637, 0.0, 20.0, 
objectives:
-19.955891541193964, 23.204027902611212, -18.955891541193964, 

parameters:
1.9827241591828058, 0.0, 20.0, 
objectives:
-16.068804908592835, 20.000298454675942, -15.068804908592835, 

parameters:
0.22664671136401188, 0.0, 20.0, 
objectives:
-19.948631268227878, 23.144781886316075, -18.948631268227878, 

parameters:
0.9644580991523911, 0.0, 20.0, 
objectives:
-19.069820574979357, 21.07234702841108, -18.069820574979357, 

parameters:
0.9936170822590205, 0.0, 20.0, 
objectives:
-19.01272509384307, 21.01280657712085, -18.01272509384307, 

parameters:
1.3309491607112927, 0.0, 20.0, 
objectives:
-18.228574331601905, 20.447629025552924, -17.228574331601905, 

parameters:
0.21828892005675837, 0.0, 20.0, 
objectives:
-19.952349947380455, 23.174494372392513, -18.952349947380455, 

parameters:
0, 0.0, 20.0, 
objectives:
-20.0, 24.0, -19.0, 

parameters:
0, 0.0, 20.0, 
objectives:
-20.0, 24.0, -19.0, 

parameters:
0, 0.0, 20.0, 
objectives:
-20.0, 24.0, -19.0, 

