Generation 414 at Fri May 24 19:55:17 2019
parameters:
0, 0.0, 20.0, 
objectives:
-20.0, 24.0, -19.0, 

parameters:
0, 0.0, 20.0, 
objectives:
-20.0, 24.0, -19.0, 

parameters:
1.9979647189482492, 0.0, 20.0, 
objectives:
-16.008136981838042, 20.000004142368958, -15.008136981838044, 

parameters:
0.6070452778563699, 0.0, 20.0, 
objectives:
-19.63149603063228, 21.94032285794224, -18.631496030632285, 

parameters:
1.8364321248062265, 0.0, 20.0, 
objectives:
-16.627517050979687, 20.026754449795405, -15.627517050979687, 

parameters:
0.2350396325540917, 0.0, 20.0, 
objectives:
-19.944756371128836, 23.115085098654795, -18.944756371128836, 

parameters:
0.07330537834424637, 0.0, 20.0, 
objectives:
-19.994626321505805, 23.712152165117207, -18.994626321505805, 

parameters:
0.7546394705304232, 0.0, 20.0, 
objectives:
-19.430519269517564, 21.550922848360745, -18.43051926951756, 

parameters:
0.5225039627983896, 0.0, 20.0, 
objectives:
-19.72698960885998, 22.182994539946463, -18.72698960885998, 

parameters:
0.8700310253481862, 0.0, 20.0, 
objectives:
-19.243046014931583, 21.27682988367567, -18.243046014931583, 

parameters:
1.7041778045558884, 0.0, 20.0, 
objectives:
-17.09577801045907, 20.087510771317373, -16.09577801045907, 

parameters:
1.9366101894584171, 0.0, 20.0, 
objectives:
-16.249540974085832, 20.004018268080497, -15.249540974085834, 

parameters:
1.15784410740005, 0.0, 20.0, 
objectives:
-18.65939702295898, 20.709226547440817, -17.65939702295898, 

parameters:
0.31709323078465024, 0.0, 20.0, 
objectives:
-19.89945188299055, 22.832175193870846, -18.89945188299055, 

parameters:
1.6239717569455674, 0.0, 20.0, 
objectives:
-17.362715732643128, 20.141397239574605, -16.362715732643128, 

parameters:
1.5533647247918376, 0.0, 20.0, 
objectives:
-17.58705803177238, 20.19948306906027, -16.58705803177238, 

parameters:
1.3994372144425666, 0.0, 20.0, 
objectives:
-18.04157548283323, 20.360675659396502, -17.04157548283323, 

parameters:
1.22026978827311, 0.0, 20.0, 
objectives:
-18.5109416438279, 20.607979203079662, -17.5109416438279, 

parameters:
1.7795461506444419, 0.0, 20.0, 
objectives:
-16.83321549772655, 20.048599899695684, -15.833215497726549, 

parameters:
1.4755236173025246, 0.0, 20.0, 
objectives:
-17.82283005478247, 20.27507547600743, -16.82283005478247, 

parameters:
0.9486831119633327, 0.0, 20.0, 
objectives:
-19.10000035307557, 21.1052671990711, -18.10000035307557, 

parameters:
1.033387035381996, 0.0, 20.0, 
objectives:
-18.932111235104408, 20.934340623367607, -17.932111235104408, 

parameters:
1.3661679056247746, 0.0, 20.0, 
objectives:
-18.133585253640817, 20.401743123860086, -17.133585253640817, 

parameters:
1.4889004089029507, 0.0, 20.0, 
objectives:
-17.783175572368627, 20.26122279201957, -16.783175572368627, 

parameters:
0.42182618140330036, 0.0, 20.0, 
objectives:
-19.82206267268271, 22.49063260170409, -18.82206267268271, 

parameters:
1.085071723412073, 0.0, 20.0, 
objectives:
-18.822619355051554, 20.837093751300156, -17.822619355051554, 

parameters:
1.5978983334718675, 0.0, 20.0, 
objectives:
-17.44672091588783, 20.161685750224702, -16.44672091588783, 

parameters:
0.97545975972084, 0.0, 20.0, 
objectives:
-19.04847825716536, 21.04968270395128, -18.04847825716536, 

parameters:
0.4122674701629993, 0.0, 20.0, 
objectives:
-19.8300355330454, 22.520894586302603, -18.8300355330454, 

parameters:
0.7893407548591344, 0.0, 20.0, 
objectives:
-19.37694117271841, 21.46569580784505, -18.37694117271841, 

parameters:
1.3144697988519138, 0.004524889403628701, 20.0, 
objectives:
-18.267644258502582, 20.474476546089765, -17.267644258502582, 

parameters:
1.9742850890013655, 0.0, 20.0, 
objectives:
-16.10219838734687, 20.000661256647668, -15.10219838734687, 

parameters:
1.7447103241972042, 0.0, 20.0, 
objectives:
-16.955985884639688, 20.065172818571497, -15.955985884639686, 

parameters:
1.3018212510703746, 0.0, 20.0, 
objectives:
-18.305261430261563, 20.48745356545694, -17.305261430261567, 

parameters:
1.070506804798384, 0.004668868177642082, 20.0, 
objectives:
-18.849346312702714, 20.868626468103752, -17.849346312702714, 

parameters:
1.9475306041258234, 0.0, 20.0, 
objectives:
-16.207124545993306, 20.0027530375034, -15.207124545993306, 

parameters:
1.2620176718705767, 0.0, 20.0, 
objectives:
-18.40731139588637, 20.544617916631324, -17.40731139588637, 

parameters:
1.74932975139685, 0.0, 20.0, 
objectives:
-16.939845420877834, 20.062835573534766, -15.939845420877834, 

parameters:
1.2659375933829156, 0.0, 20.0, 
objectives:
-18.39740200965987, 20.538847616808464, -17.39740200965987, 

parameters:
0.7834436437990874, 0.0, 20.0, 
objectives:
-19.386216056990808, 21.48000936781284, -18.386216056990808, 

