Generation 419 at Fri May 24 19:55:17 2019
parameters:
0, 0.0, 20.0, 
objectives:
-20.0, 24.0, -19.0, 

parameters:
0, 0.0, 20.0, 
objectives:
-20.0, 24.0, -19.0, 

parameters:
1.9979647189482492, 0.0, 20.0, 
objectives:
-16.008136981838042, 20.000004142368958, -15.008136981838044, 

parameters:
0.31709323078465024, 0.0, 20.0, 
objectives:
-19.89945188299055, 22.832175193870846, -18.89945188299055, 

parameters:
1.6239717569455674, 0.0, 20.0, 
objectives:
-17.362715732643128, 20.141397239574605, -16.362715732643128, 

parameters:
1.263737889723535, 0.0, 20.0, 
objectives:
-18.402966546077106, 20.542081895028755, -17.402966546077106, 

parameters:
1.033387035381996, 0.0, 20.0, 
objectives:
-18.932111235104408, 20.934340623367607, -17.932111235104408, 

parameters:
1.3661679056247746, 0.0, 20.0, 
objectives:
-18.133585253640817, 20.401743123860086, -17.133585253640817, 

parameters:
1.4974281365305775, 0.0, 20.0, 
objectives:
-17.757708975926562, 20.25257847795113, -16.757708975926562, 

parameters:
0.9081109506984553, 0.0, 20.0, 
objectives:
-19.17533450122155, 21.19222169598463, -18.17533450122155, 

parameters:
1.7795461506444419, 0.0, 20.0, 
objectives:
-16.83321549772655, 20.048599899695684, -15.833215497726549, 

parameters:
1.5143213210376671, 0.0, 20.0, 
objectives:
-17.706830936650736, 20.2358837791986, -16.706830936650736, 

parameters:
0.1402291417440839, 0.0, 20.0, 
objectives:
-19.980335787805718, 23.458747645217947, -18.980335787805718, 

parameters:
1.085071723412073, 0.0, 20.0, 
objectives:
-18.822619355051554, 20.837093751300156, -17.822619355051554, 

parameters:
0.6889159787626733, 0.0, 20.0, 
objectives:
-19.525394774205466, 21.71894131074384, -18.525394774205466, 

parameters:
1.715444580101565, 0.0, 20.0, 
objectives:
-17.057249892600165, 20.080971786993576, -16.057249892600165, 

parameters:
0.6070452778563699, 0.0, 20.0, 
objectives:
-19.63149603063228, 21.94032285794224, -18.631496030632285, 

parameters:
1.8364321248062265, 0.0, 20.0, 
objectives:
-16.627517050979687, 20.026754449795405, -15.627517050979687, 

parameters:
1.1789612309121207, 0.0, 20.0, 
objectives:
-18.610050416006178, 20.67410466034534, -17.610050416006178, 

parameters:
1.347157508329204, 0.0, 20.0, 
objectives:
-18.18516664775225, 20.426203318930934, -17.18516664775225, 

parameters:
1.6843191365859267, 0.0, 20.0, 
objectives:
-17.16306904613044, 20.099654407525854, -16.16306904613044, 

parameters:
1.9366101894584171, 0.0, 20.0, 
objectives:
-16.249540974085832, 20.004018268080497, -15.249540974085834, 

parameters:
0.8218144505838019, 0.0, 20.0, 
objectives:
-19.324621008811643, 21.388121188853148, -18.324621008811643, 

parameters:
0.4122674701629993, 0.0, 20.0, 
objectives:
-19.8300355330454, 22.520894586302603, -18.8300355330454, 

parameters:
1.8707048263323738, 0.0, 20.0, 
objectives:
-16.500463452736764, 20.01671724193374, -15.500463452736764, 

parameters:
1.15784410740005, 0.0, 20.0, 
objectives:
-18.65939702295898, 20.709226547440817, -17.65939702295898, 

parameters:
0.4499277907323386, 0.0, 20.0, 
objectives:
-19.797564983126716, 22.40272385394393, -18.797564983126716, 

parameters:
0.5225039627983896, 0.0, 20.0, 
objectives:
-19.72698960885998, 22.182994539946463, -18.72698960885998, 

parameters:
1.9140255838617335, 0.0, 20.0, 
objectives:
-16.33650606432275, 20.007391600230317, -15.33650606432275, 

parameters:
0.8700310253481862, 0.0, 20.0, 
objectives:
-19.243046014931583, 21.27682988367567, -18.243046014931583, 

parameters:
1.9969768623228206, 0.0, 20.0, 
objectives:
-16.0120834113473, 20.000009139361413, -15.012083411347302, 

parameters:
0.5537351956227484, 0.0, 20.0, 
objectives:
-19.693377333128637, 22.09168188438037, -18.693377333128637, 

parameters:
0.7546394705304232, 0.0, 20.0, 
objectives:
-19.430519269517564, 21.550922848360745, -18.43051926951756, 

parameters:
0.7507652950208861, 0.0, 20.0, 
objectives:
-19.4363514717922, 21.560587348124255, -18.4363514717922, 

parameters:
0.07330537834424637, 0.0, 20.0, 
objectives:
-19.994626321505805, 23.712152165117207, -18.994626321505805, 

parameters:
0.05293612479713414, 0.0, 20.0, 
objectives:
-19.997197766691464, 23.791057734120002, -18.997197766691464, 

parameters:
0.12582013125010008, 0.0, 20.0, 
objectives:
-19.984169294572208, 23.512550180427393, -18.984169294572208, 

parameters:
0, 0.0, 20.0, 
objectives:
-20.0, 24.0, -19.0, 

parameters:
0, 0.0, 20.0, 
objectives:
-20.0, 24.0, -19.0, 

