[!]Generation 42 at Sun May 26 02:43:06 2019
size of front generated: 55
[!!!]Points in the front:
parameters:
0, 0, 20.0, 
objectives:
-20.0, 24.0, -19.0, 

parameters:
0, 0.0, 20.0, 
objectives:
-20.0, 24.0, -19.0, 

parameters:
2.0424615457574675, 0.0004241449050747924, 20.0, 
objectives:
-15.827926689196943, 20.00222712777319, -14.827926689196943, 

parameters:
0.3028001146827021, 7.726299538701739e-05, 20.0, 
objectives:
-19.908234827552754, 22.880564713716435, -18.908234827552754, 

parameters:
1.9570797682415115, 0.001607818877313586, 20.0, 
objectives:
-16.168230961862438, 20.003449965171516, -15.168230961862438, 

parameters:
0.14216643919947725, 0, 20.0, 
objectives:
-19.97978870356534, 23.45154553963675, -18.97978870356534, 

parameters:
0.48577359564672323, 0.0, 20.0, 
objectives:
-19.764024013772453, 22.29288160364065, -18.764024013772453, 

parameters:
0.17354127457632346, 0, 20.0, 
objectives:
-19.969883426018423, 23.335951475676282, -18.969883426018423, 

parameters:
1.0155733931950681, 0.0, 20.0, 
objectives:
-18.968610683034257, 20.969095744185474, -17.968610683034257, 

parameters:
1.692414376083855, 0.00024878825869701255, 20.0, 
objectives:
-17.135484791366, 20.09485770429858, -16.135484791366, 

parameters:
1.2128259037240392, 0, 20.0, 
objectives:
-18.52905332725597, 20.619643057847874, -17.529053327255966, 

parameters:
1.8918275150946342, 0.00036965536041199087, 20.0, 
objectives:
-16.42061899777045, 20.012070941851015, -15.42061899777045, 

parameters:
1.6528954239111182, 0.0001376155499546784, 20.0, 
objectives:
-17.26779910206373, 20.120619202291795, -16.26779910206373, 

parameters:
1.7480498127798965, 0.0004276082334124017, 20.0, 
objectives:
-16.943894243806756, 20.063906505073657, -15.943894243806756, 

parameters:
1.5990663263548361, 0.00037028232123547837, 20.0, 
objectives:
-17.442616601596814, 20.16111809298384, -16.442616601596814, 

parameters:
1.2702299047317647, 0.00015495735616144455, 20.0, 
objectives:
-18.38636103176897, 20.53271934930397, -17.38636103176897, 

parameters:
1.3080067404303872, 3.2869765573033695e-06, 20.0, 
objectives:
-18.289115080012117, 20.478857958266335, -17.289115080012117, 

parameters:
0.4209297267990103, 0.00039271705860275253, 20.0, 
objectives:
-19.82242544803831, 22.493855644765652, -18.82242544803831, 

parameters:
1.162248759363706, 0.001577486523107594, 20.0, 
objectives:
-18.64760033483442, 20.703404627710757, -17.64760033483442, 

parameters:
0.5672645983421837, 0.0024725757413742114, 20.0, 
objectives:
-19.675738299726305, 22.055203306904957, -18.675738299726305, 

parameters:
0.3641553490647064, 0.0008492995209651379, 20.0, 
objectives:
-19.866541582226596, 22.676837021514576, -18.866541582226596, 

parameters:
0.7875970951601725, 0.013975187812345038, 20.0, 
objectives:
-19.365715627882913, 21.4838959914764, -18.365715627882913, 

parameters:
0.7319349712390374, 0.001736789601408006, 20.0, 
objectives:
-19.4625344082759, 21.60972570676795, -18.4625344082759, 

parameters:
1.0636873700794338, 0.00031275235671766074, 20.0, 
objectives:
-18.86825642637678, 20.876994093305484, -17.86825642637678, 

parameters:
1.4602385532610542, 6.110388354137394e-06, 20.0, 
objectives:
-17.86769725718171, 20.291348529774073, -16.86769725718171, 

parameters:
1.942036834919947, 0.0002629209669274741, 20.0, 
objectives:
-16.228230010847188, 20.003622649473026, -15.228230010847188, 

parameters:
1.8528388451116284, 0, 20.0, 
objectives:
-16.566988214045406, 20.02165640550808, -15.566988214045407, 

parameters:
0.6533156350095941, 0.00014447966516839352, 20.0, 
objectives:
-19.573034201386843, 21.81370325857478, -18.573034201386843, 

parameters:
0.9118780726191668, 4.804451974012201e-06, 20.0, 
objectives:
-19.16847357622438, 21.184014133298952, -18.16847357622438, 

parameters:
0.9442161178851024, 0.0016383956220863108, 20.0, 
objectives:
-19.1068175271039, 21.11631800135569, -18.1068175271039, 

parameters:
1.5631780818976884, 0.0002473879139523913, 20.0, 
objectives:
-17.556226896360712, 20.191060776048534, -16.556226896360712, 

parameters:
0.6912434083358118, 0.001494950098583384, 20.0, 
objectives:
-19.520687600333705, 21.714338766323046, -18.520687600333705, 

parameters:
1.7799663680936728, 0.0, 20.0, 
objectives:
-16.83171972845542, 20.04841479916989, -15.83171972845542, 

parameters:
1.4168434919432737, 0.00026279886558886395, 20.0, 
objectives:
-17.9922917204724, 20.340334311754503, -16.9922917204724, 

parameters:
1.3615243912258286, 0.0, 20.0, 
objectives:
-18.146251332097137, 20.407651102999548, -17.146251332097137, 

parameters:
1.1185746383297026, 0.00023245015404245564, 20.0, 
objectives:
-18.748558328331534, 20.777143118349656, -17.748558328331534, 

parameters:
1.8258837320677141, 0.000523515770689775, 20.0, 
objectives:
-16.665625081199785, 20.03083999052936, -15.665625081199787, 

parameters:
1.3614265215971357, 8.717619802694901e-05, 20.0, 
objectives:
-18.146430650093897, 20.40786326351756, -17.146430650093897, 

parameters:
1.8036481047609634, 0, 20.0, 
objectives:
-16.746853514192185, 20.03855406676396, -15.746853514192185, 

parameters:
1.102798527229295, 0.0, 20.0, 
objectives:
-18.7838354083409, 20.804970482741922, -17.7838354083409, 

parameters:
0.8550864694791697, 0.0005460399865850866, 20.0, 
objectives:
-19.268281089727065, 21.311373032356258, -18.268281089727065, 

parameters:
1.5358697985409893, 0.00017433919869273278, 20.0, 
objectives:
-17.64092962273097, 20.215591183105076, -16.64092962273097, 

parameters:
1.4186975258925718, 0.00025667147625802725, 20.0, 
objectives:
-17.987040658550036, 20.338169237879676, -16.987040658550036, 

parameters:
1.4944190323746906, 0.0003747325815796189, 20.0, 
objectives:
-17.766337023094714, 20.255986847406525, -16.766337023094714, 

parameters:
0.6002877061828829, 0.0026512275343997397, 20.0, 
objectives:
-19.637003442271293, 21.961845732997176, -18.637003442271293, 

parameters:
0.832054414447628, 0.0, 20.0, 
objectives:
-19.307685451398214, 21.364096890811272, -18.307685451398214, 

parameters:
1.5208509541550492, 0.0008842458419297397, 20.0, 
objectives:
-17.68612812940375, 20.230468053976058, -16.68612812940375, 

parameters:
0.9367827774869641, 9.283739326561012e-06, 20.0, 
objectives:
-19.122428744064482, 21.13044014598766, -18.122428744064482, 

parameters:
1.502845969902422, 0.00042130421206443633, 20.0, 
objectives:
-17.741032686535984, 20.247583433854327, -16.741032686535984, 

parameters:
0.5982420070955605, 8.64915431700598e-05, 20.0, 
objectives:
-19.642020009403105, 21.965011962214653, -18.642020009403105, 

parameters:
0.8434128425558265, 0.00013721356855293104, 20.0, 
objectives:
-19.28851756344335, 21.337831066333347, -18.28851756344335, 

parameters:
0.853737735499417, 0.0, 20.0, 
objectives:
-19.271131878984328, 21.313917179018006, -18.271131878984328, 

parameters:
0.8390341938709704, 0.0008987953571302711, 20.0, 
objectives:
-19.29512282615816, 21.348740398357958, -18.29512282615816, 

parameters:
0, 0.0, 20.0, 
objectives:
-20.0, 24.0, -19.0, 

parameters:
0, 0.0, 20.0, 
objectives:
-20.0, 24.0, -19.0, 

size of all points: 80
[!!!]All points:
0, 0.0, 20.0, -20.0, 24.0, -19.0, 

0, 0.0, 20.0, -20.0, 24.0, -19.0, 

2.0424615457574675, 0.0004241449050747924, 20.0, -15.827926689196943, 20.00222712777319, -14.827926689196943, 

1.942036834919947, 0.0002629209669274741, 20.0, -16.228230010847188, 20.003622649473026, -15.228230010847188, 

0.3028001146827021, 7.726299538701739e-05, 20.0, -19.908234827552754, 22.880564713716435, -18.908234827552754, 

0.17354127457632346, 0, 20.0, -19.969883426018423, 23.335951475676282, -18.969883426018423, 

0.7319349712390374, 0.001736789601408006, 20.0, -19.4625344082759, 21.60972570676795, -18.4625344082759, 

1.3615243912258286, 0.0, 20.0, -18.146251332097137, 20.407651102999548, -17.146251332097137, 

1.0155733931950681, 0.0, 20.0, -18.968610683034257, 20.969095744185474, -17.968610683034257, 

0.6533156350095941, 0.00014447966516839352, 20.0, -19.573034201386843, 21.81370325857478, -18.573034201386843, 

1.2128259037240392, 0, 20.0, -18.52905332725597, 20.619643057847874, -17.529053327255966, 

1.8918275150946342, 0.00036965536041199087, 20.0, -16.42061899777045, 20.012070941851015, -15.42061899777045, 

1.4168434919432737, 0.00026279886558886395, 20.0, -17.9922917204724, 20.340334311754503, -16.9922917204724, 

1.7480498127798965, 0.0004276082334124017, 20.0, -16.943894243806756, 20.063906505073657, -15.943894243806756, 

1.5990663263548361, 0.00037028232123547837, 20.0, -17.442616601596814, 20.16111809298384, -16.442616601596814, 

1.692414376083855, 0.00024878825869701255, 20.0, -17.135484791366, 20.09485770429858, -16.135484791366, 

1.2702299047317647, 0.00015495735616144455, 20.0, -18.38636103176897, 20.53271934930397, -17.38636103176897, 

0.853737735499417, 0.0, 20.0, -19.271131878984328, 21.313917179018006, -18.271131878984328, 

1.3080067404303872, 3.2869765573033695e-06, 20.0, -18.289115080012117, 20.478857958266335, -17.289115080012117, 

0.4209297267990103, 0.00039271705860275253, 20.0, -19.82242544803831, 22.493855644765652, -18.82242544803831, 

1.162248759363706, 0.001577486523107594, 20.0, -18.64760033483442, 20.703404627710757, -17.64760033483442, 

1.4602385532610542, 6.110388354137394e-06, 20.0, -17.86769725718171, 20.291348529774073, -16.86769725718171, 

1.7799663680936728, 0.0, 20.0, -16.83171972845542, 20.04841479916989, -15.83171972845542, 

0.3641553490647064, 0.0008492995209651379, 20.0, -19.866541582226596, 22.676837021514576, -18.866541582226596, 

0.7875970951601725, 0.013975187812345038, 20.0, -19.365715627882913, 21.4838959914764, -18.365715627882913, 

1.5631780818976884, 0.0002473879139523913, 20.0, -17.556226896360712, 20.191060776048534, -16.556226896360712, 

1.8258837320677141, 0.000523515770689775, 20.0, -16.665625081199785, 20.03083999052936, -15.665625081199787, 

1.0636873700794338, 0.00031275235671766074, 20.0, -18.86825642637678, 20.876994093305484, -17.86825642637678, 

0.9367827774869641, 9.283739326561012e-06, 20.0, -19.122428744064482, 21.13044014598766, -18.122428744064482, 

1.8528388451116284, 0, 20.0, -16.566988214045406, 20.02165640550808, -15.566988214045407, 

0.9442161178851024, 0.0016383956220863108, 20.0, -19.1068175271039, 21.11631800135569, -18.1068175271039, 

1.6528954239111182, 0.0001376155499546784, 20.0, -17.26779910206373, 20.120619202291795, -16.26779910206373, 

0.6002877061828829, 0.0026512275343997397, 20.0, -19.637003442271293, 21.961845732997176, -18.637003442271293, 

1.5208509541550492, 0.0008842458419297397, 20.0, -17.68612812940375, 20.230468053976058, -16.68612812940375, 

1.502845969902422, 0.00042130421206443633, 20.0, -17.741032686535984, 20.247583433854327, -16.741032686535984, 

0.5672645983421837, 0.0024725757413742114, 20.0, -19.675738299726305, 22.055203306904957, -18.675738299726305, 

0.48577359564672323, 0.0, 20.0, -19.764024013772453, 22.29288160364065, -18.764024013772453, 

1.1185746383297026, 0.00023245015404245564, 20.0, -18.748558328331534, 20.777143118349656, -17.748558328331534, 

0.832054414447628, 0.0, 20.0, -19.307685451398214, 21.364096890811272, -18.307685451398214, 

1.102798527229295, 0.0, 20.0, -18.7838354083409, 20.804970482741922, -17.7838354083409, 

1.9570797682415115, 0.001607818877313586, 20.0, -16.168230961862438, 20.003449965171516, -15.168230961862438, 

1.0392685941391768, 0.9481813462360967, 20.0, -17.971739442999883, 21.87118618044341, -16.971739442999883, 

1.712277300985422, 35.691561791432804, 20.0, 18.623455346902723, 55.774346142961036, 19.623455346902723, 

3.0221136532815107, 3.960697637533558e-05, 20.0, -10.866789459673106, 21.044755927200853, -9.866789459673106, 

1.1277866017688285, 35.24897979185905, 20.0, 16.520882410988335, 56.00973600391302, 17.520882410988335, 

0, 0.0, 20.0, -20.0, 24.0, -19.0, 

6.042862523246444, 2.229828733978082, 20.0, 18.74601620883446, 38.57456611584868, 19.74601620883446, 

0.8434128425558265, 0.00013721356855293104, 20.0, -19.28851756344335, 21.337831066333347, -18.28851756344335, 

0.8550864694791697, 0.0005460399865850866, 20.0, -19.268281089727065, 21.311373032356258, -18.268281089727065, 

0.3128160630564376, 18.256661704567488, 20.0, -1.645484406126382, 41.10325134164786, -0.645484406126382, 

8.072267089797652, 20.502752087017853, 20.0, 65.66424805604811, 77.3751796968575, 66.66424805604811, 

3.1578473406597047, 2.182116912309671e-05, 20.0, -10.027978351919309, 21.340632285441874, -9.027978351919309, 

1.4648044643964697, 10.574828974968572, 20.0, -7.2795189061156, 30.86126323629852, -6.2795189061156, 

1.3614265215971357, 8.717619802694901e-05, 20.0, -18.146430650093897, 20.40786326351756, -17.146430650093897, 

6.137727694569893, 0.000230099664450869, 20.0, 17.671931352354704, 37.12102057407513, 18.671931352354704, 

0, 0, 20.0, -20.0, 24.0, -19.0, 

0.8390341938709704, 0.0008987953571302711, 20.0, -19.29512282615816, 21.348740398357958, -18.29512282615816, 

7.873230954360146, 0, 20.0, 41.98776566069478, 54.49484184325419, 42.98776566069478, 

5.17163292575497, 19.77313949888419, 20.0, 26.518926617637106, 49.832394914617225, 27.518926617637106, 

1.3322317223169677, 36.536293268899584, 20.0, 18.31113463084722, 56.982207741579344, 19.31113463084722, 

12.880921591614072, 14.104505308712467, 20.0, 160.0226463580221, 152.49895999156578, 161.0226463580221, 

0.20733249386294653, 8.6880497797179, 20.0, -11.26896345727067, 31.901706567277543, -10.26896345727067, 

2.7421232031333735, 0.0014646509632584642, 20.0, -12.479295687874309, 20.552211499592197, -11.479295687874309, 

0.57838348875652, 3.748249098029488, 20.0, -15.917223441904348, 25.76924260306957, -14.917223441904348, 

0.5982420070955605, 8.64915431700598e-05, 20.0, -19.642020009403105, 21.965011962214653, -18.642020009403105, 

0.032694463369181456, 7.686131596744854, 20.0, -12.312799475320148, 31.556422671203126, -11.312799475320148, 

13.620199695976323, 0.0005939603347592166, 20.0, 165.51043371860828, 155.02963493470298, 166.51043371860828, 

1.5358697985409893, 0.00017433919869273278, 20.0, -17.64092962273097, 20.215591183105076, -16.64092962273097, 

15.935512914390747, 47.922497932203974, 20.0, 281.8630697769183, 262.1210181193553, 282.8630697769183, 

0.9118780726191668, 4.804451974012201e-06, 20.0, -19.16847357622438, 21.184014133298952, -18.16847357622438, 

9.472641795761676, 0.0003806577443242296, 20.0, 69.73132324855533, 75.84075606550861, 70.73132324855533, 

1.8036481047609634, 0, 20.0, -16.746853514192185, 20.03855406676396, -15.746853514192185, 

19.757679198219325, 14.622892149155343, 20.0, 384.988779448904, 349.9580626560267, 385.988779448904, 

1.4446168033154192, 6.5161206917598635, 20.0, -11.396961599818876, 26.82457118691945, -10.396961599818876, 

1.4944190323746906, 0.0003747325815796189, 20.0, -17.766337023094714, 20.255986847406525, -16.766337023094714, 

0.25280626695644104, 17.63247885701514, 20.0, -2.303610134372409, 40.68516479780183, -1.3036101343724091, 

1.4186975258925718, 0.00025667147625802725, 20.0, -17.987040658550036, 20.338169237879676, -16.987040658550036, 

0.14216643919947725, 0, 20.0, -19.97978870356534, 23.45154553963675, -18.97978870356534, 

0.6912434083358118, 0.001494950098583384, 20.0, -19.520687600333705, 21.714338766323046, -18.520687600333705, 

0.43825187274332456, 27.271852887315145, 20.0, 7.463917591278175, 49.71091010030488, 8.463917591278175, 

