Generation 420 at Fri May 24 19:55:18 2019
parameters:
0, 0.0, 20.0, 
objectives:
-20.0, 24.0, -19.0, 

parameters:
0, 0.0, 20.0, 
objectives:
-20.0, 24.0, -19.0, 

parameters:
1.9979647189482492, 0.0, 20.0, 
objectives:
-16.008136981838042, 20.000004142368958, -15.008136981838044, 

parameters:
1.6239717569455674, 0.0, 20.0, 
objectives:
-17.362715732643128, 20.141397239574605, -16.362715732643128, 

parameters:
0.31709323078465024, 0.0, 20.0, 
objectives:
-19.89945188299055, 22.832175193870846, -18.89945188299055, 

parameters:
1.263737889723535, 0.0, 20.0, 
objectives:
-18.402966546077106, 20.542081895028755, -17.402966546077106, 

parameters:
0.6889159787626733, 0.0, 20.0, 
objectives:
-19.525394774205466, 21.71894131074384, -18.525394774205466, 

parameters:
1.5143213210376671, 0.0, 20.0, 
objectives:
-17.706830936650736, 20.2358837791986, -16.706830936650736, 

parameters:
1.4327377287233312, 0.0, 20.0, 
objectives:
-17.94726260069271, 20.321786484413966, -16.94726260069271, 

parameters:
0.8218144505838019, 0.0, 20.0, 
objectives:
-19.324621008811643, 21.388121188853148, -18.324621008811643, 

parameters:
0.15005770419807896, 0.0, 20.0, 
objectives:
-19.977482685410802, 23.422286497796883, -18.977482685410802, 

parameters:
0.975687877119727, 0.0, 20.0, 
objectives:
-19.048033166441602, 21.04921532507949, -18.0480331664416, 

parameters:
1.715444580101565, 0.0, 20.0, 
objectives:
-17.057249892600165, 20.080971786993576, -16.057249892600165, 

parameters:
1.8364321248062265, 0.0, 20.0, 
objectives:
-16.627517050979687, 20.026754449795405, -15.627517050979687, 

parameters:
1.6843191365859267, 0.0, 20.0, 
objectives:
-17.16306904613044, 20.099654407525854, -16.16306904613044, 

parameters:
1.9366101894584171, 0.0, 20.0, 
objectives:
-16.249540974085832, 20.004018268080497, -15.249540974085834, 

parameters:
0.1402291417440839, 0.0, 20.0, 
objectives:
-19.980335787805718, 23.458747645217947, -18.980335787805718, 

parameters:
0.9081109506984553, 0.0, 20.0, 
objectives:
-19.17533450122155, 21.19222169598463, -18.17533450122155, 

parameters:
1.347157508329204, 0.0, 20.0, 
objectives:
-18.18516664775225, 20.426203318930934, -17.18516664775225, 

parameters:
1.8707048263323738, 0.0, 20.0, 
objectives:
-16.500463452736764, 20.01671724193374, -15.500463452736764, 

parameters:
1.1789612309121207, 0.0, 20.0, 
objectives:
-18.610050416006178, 20.67410466034534, -17.610050416006178, 

parameters:
1.4974281365305775, 0.0, 20.0, 
objectives:
-17.757708975926562, 20.25257847795113, -16.757708975926562, 

parameters:
1.15784410740005, 0.0, 20.0, 
objectives:
-18.65939702295898, 20.709226547440817, -17.65939702295898, 

parameters:
1.3661679056247746, 0.0, 20.0, 
objectives:
-18.133585253640817, 20.401743123860086, -17.133585253640817, 

parameters:
1.9140255838617335, 0.0, 20.0, 
objectives:
-16.33650606432275, 20.007391600230317, -15.33650606432275, 

parameters:
1.085071723412073, 0.0, 20.0, 
objectives:
-18.822619355051554, 20.837093751300156, -17.822619355051554, 

parameters:
1.7795461506444419, 0.0, 20.0, 
objectives:
-16.83321549772655, 20.048599899695684, -15.833215497726549, 

parameters:
1.033387035381996, 0.0, 20.0, 
objectives:
-18.932111235104408, 20.934340623367607, -17.932111235104408, 

parameters:
0.6070452778563699, 0.0, 20.0, 
objectives:
-19.63149603063228, 21.94032285794224, -18.631496030632285, 

parameters:
0.3983593845442827, 0.0, 20.0, 
objectives:
-19.8413098007455, 22.56525266107737, -18.8413098007455, 

parameters:
1.7828256244226621, 0.0, 20.0, 
objectives:
-16.821532792901944, 20.047164709407408, -15.821532792901944, 

parameters:
0.531750169008584, 0.0, 20.0, 
objectives:
-19.717241757759343, 22.155757566206322, -18.717241757759343, 

parameters:
0.6247740454223175, 0.0, 20.0, 
objectives:
-19.609657392166632, 21.891246426144097, -18.609657392166632, 

parameters:
0.8700310253481862, 0.0, 20.0, 
objectives:
-19.243046014931583, 21.27682988367567, -18.243046014931583, 

parameters:
0.5225039627983896, 0.0, 20.0, 
objectives:
-19.72698960885998, 22.182994539946463, -18.72698960885998, 

parameters:
0.45423312775370706, 0.0, 20.0, 
objectives:
-19.793672265651086, 22.389395223334088, -18.793672265651086, 

parameters:
0.8404549735364448, 0.0, 20.0, 
objectives:
-19.293635437457855, 21.344544668396367, -18.293635437457855, 

parameters:
1.0578376568156407, 0.0, 20.0, 
objectives:
-18.880979491822796, 20.887669880914643, -17.880979491822796, 

parameters:
0.4122674701629993, 0.0, 20.0, 
objectives:
-19.8300355330454, 22.520894586302603, -18.8300355330454, 

parameters:
0.4499277907323386, 0.0, 20.0, 
objectives:
-19.797564983126716, 22.40272385394393, -18.797564983126716, 

parameters:
1.075723574939276, 0.0, 20.0, 
objectives:
-18.842818790319864, 20.854286909923033, -17.842818790319864, 

parameters:
1.1735573260182568, 0.0, 20.0, 
objectives:
-18.622763202548878, 20.683007493378092, -17.622763202548878, 

parameters:
1.3566491730596517, 0.0, 20.0, 
objectives:
-18.159503021236564, 20.41390028652483, -17.159503021236564, 

