Generation 422 at Sat May 25 04:36:28 2019
parameters:
0, 0.0, 20.0, 
objectives:
-20.0, 24.0, -19.0, 

parameters:
0, 0.0, 20.0, 
objectives:
-20.0, 24.0, -19.0, 

parameters:
2.0013456206966067, 0.0, 20.0, 
objectives:
-15.994615706518514, 20.00000181069506, -14.994615706518514, 

parameters:
1.1921762456586578, 0.0, 20.0, 
objectives:
-18.578715799287227, 20.65257921807814, -17.578715799287227, 

parameters:
1.0815312597749298, 0.0, 20.0, 
objectives:
-18.830290134129655, 20.843584826770627, -17.830290134129655, 

parameters:
1.013380467408571, 0.0, 20.0, 
objectives:
-18.973060028274787, 20.973418102090932, -17.973060028274787, 

parameters:
0.9017922582270529, 0.0, 20.0, 
objectives:
-19.186770723001754, 21.206060244090036, -18.186770723001754, 

parameters:
1.641075972859649, 0.0, 20.0, 
objectives:
-17.30686965130276, 20.128826457258647, -16.30686965130276, 

parameters:
1.7586547061438589, 0.0, 20.0, 
objectives:
-16.907133624558057, 20.058247550866508, -15.907133624558057, 

parameters:
1.695815055360574, 0.0, 20.0, 
objectives:
-17.124211298012412, 20.09252848054529, -16.124211298012412, 

parameters:
0.8559089263971764, 0.0, 20.0, 
objectives:
-19.267419909713634, 21.30894438469766, -18.26741990971363, 

parameters:
1.3798357665368788, 0.0, 20.0, 
objectives:
-18.096053257385584, 20.384603676466902, -17.096053257385584, 

parameters:
1.2709525265132293, 0.0, 20.0, 
objectives:
-18.384679675349638, 20.531510218597443, -17.384679675349638, 

parameters:
1.948368552872774, 0.0, 20.0, 
objectives:
-16.203859982176454, 20.002665806332452, -15.203859982176452, 

parameters:
1.497728638154044, 0.0, 20.0, 
objectives:
-17.756808926453232, 20.252276520930593, -16.756808926453232, 

parameters:
0.37500228950773185, 0.0, 20.0, 
objectives:
-19.85937328286396, 22.640617559105113, -18.85937328286396, 

parameters:
0.75068991284437, 0.0, 20.0, 
objectives:
-19.436464654753713, 21.56077569386881, -18.436464654753713, 

parameters:
1.3198549961786223, 0.0, 20.0, 
objectives:
-18.25798278906233, 20.46259722622318, -17.25798278906233, 

parameters:
1.8160945716553358, 0.0, 20.0, 
objectives:
-16.701800506804023, 20.033821206574636, -15.701800506804023, 

parameters:
0.25940313289697053, 0.0, 20.0, 
objectives:
-19.932710014643238, 23.02967745376888, -18.932710014643238, 

parameters:
0.42421605904392545, 0.0, 20.0, 
objectives:
-19.82004073524924, 22.483095028575057, -18.82004073524924, 

parameters:
1.8913954324952444, 0.0, 20.0, 
objectives:
-16.42262331793613, 20.011794952082894, -15.422623317936127, 

parameters:
0.509631478432057, 0.0, 20.0, 
objectives:
-19.740275756191156, 22.221198330080615, -18.740275756191156, 

parameters:
1.5708404471272717, 0.0, 20.0, 
objectives:
-17.532460289668993, 20.18417792182192, -16.532460289668993, 

parameters:
0.7220509500667398, 0.0, 20.0, 
objectives:
-19.47864242550772, 21.633153774225324, -18.47864242550772, 

parameters:
1.5615990311741896, 0.0, 20.0, 
objectives:
-17.561408465835832, 20.19219540946741, -16.561408465835832, 

parameters:
0.15286866184956147, 0.0, 20.0, 
objectives:
-19.976631172224323, 23.41189418037743, -18.976631172224323, 

parameters:
0.6477739878159171, 0.0, 20.0, 
objectives:
-19.580388860709064, 21.828515188027268, -18.580388860709064, 

parameters:
1.4436323084214366, 0.0, 20.0, 
objectives:
-17.915925758081794, 20.30954500823246, -16.915925758081794, 

parameters:
1.996026626630461, 0.0, 20.0, 
objectives:
-16.015877705782223, 20.000015787695933, -15.015877705782223, 

parameters:
1.852491433382563, 0.0, 20.0, 
objectives:
-16.56827548924422, 20.021758777225532, -15.568275489244217, 

parameters:
0.08890620393067934, 0.0, 20.0, 
objectives:
-19.992095686902637, 23.652279497374646, -18.992095686902637, 

parameters:
1.44605878172425, 0.0, 20.0, 
objectives:
-17.908913999798177, 20.30685087330482, -16.908913999798177, 

parameters:
0.06242554992558082, 0.0, 20.0, 
objectives:
-19.99610305071649, 23.75419474958119, -18.99610305071649, 

parameters:
0.20662768048427835, 0.0, 20.0, 
objectives:
-19.957305001657687, 23.2161842764052, -18.957305001657687, 

parameters:
1.868019456740836, 0.0, 20.0, 
objectives:
-16.510503309237674, 20.017418863798984, -15.510503309237672, 

parameters:
0.5489932738177736, 0.0, 20.0, 
objectives:
-19.698606385302842, 22.105420519426062, -18.698606385302842, 

parameters:
0.5659469089369566, 0.0, 20.0, 
objectives:
-19.679704096264704, 22.056508267987468, -18.679704096264704, 

parameters:
0.22189414000312105, 0.0, 20.0, 
objectives:
-19.950762990632274, 23.16166044935524, -18.950762990632274, 

parameters:
0.6022649255162652, 0.0, 20.0, 
objectives:
-19.637276959492887, 21.953663338442052, -18.637276959492887, 

parameters:
0.635330951346617, 0.0, 20.0, 
objectives:
-19.596354582261004, 21.86232161235253, -18.596354582261004, 

parameters:
0.6077293078112788, 0.0, 20.0, 
objectives:
-19.630665088427225, 21.93841768032766, -18.630665088427225, 

