Generation 427 at Sat May 25 04:36:28 2019
parameters:
0, 0.0, 20.0, 
objectives:
-20.0, 24.0, -19.0, 

parameters:
0, 0.0, 20.0, 
objectives:
-20.0, 24.0, -19.0, 

parameters:
2.0013456206966067, 0.0, 20.0, 
objectives:
-15.994615706518514, 20.00000181069506, -14.994615706518514, 

parameters:
0.2516889020375479, 0.0, 20.0, 
objectives:
-19.936652696591132, 23.056591695258675, -18.936652696591132, 

parameters:
1.8900099480808406, 0.0, 20.0, 
objectives:
-16.427862396155458, 20.01209781152118, -15.427862396155458, 

parameters:
0.41645990143228984, 0.0, 20.0, 
objectives:
-19.826561150499007, 22.507599243771832, -18.826561150499007, 

parameters:
1.8160945716553358, 0.0, 20.0, 
objectives:
-16.701800506804023, 20.033821206574636, -15.701800506804023, 

parameters:
1.3024403851046782, 0.0, 20.0, 
objectives:
-18.303649043248377, 20.486589416332908, -17.303649043248377, 

parameters:
0.75068991284437, 0.0, 20.0, 
objectives:
-19.436464654753713, 21.56077569386881, -18.436464654753713, 

parameters:
0.9024056075891834, 0.0, 20.0, 
objectives:
-19.185664119391596, 21.20471345025167, -18.185664119391596, 

parameters:
1.3798357665368788, 0.0, 20.0, 
objectives:
-18.096053257385584, 20.384603676466902, -17.096053257385584, 

parameters:
1.7586547061438589, 0.0, 20.0, 
objectives:
-16.907133624558057, 20.058247550866508, -15.907133624558057, 

parameters:
1.948368552872774, 0.0, 20.0, 
objectives:
-16.203859982176454, 20.002665806332452, -15.203859982176452, 

parameters:
1.695815055360574, 0.0, 20.0, 
objectives:
-17.124211298012412, 20.09252848054529, -16.124211298012412, 

parameters:
1.013380467408571, 0.0, 20.0, 
objectives:
-18.973060028274787, 20.973418102090932, -17.973060028274787, 

parameters:
1.497728638154044, 0.0, 20.0, 
objectives:
-17.756808926453232, 20.252276520930593, -16.756808926453232, 

parameters:
1.2363745224732792, 0.0, 20.0, 
objectives:
-18.47137804017897, 20.583123869927913, -17.47137804017897, 

parameters:
0.6472706968618114, 0.0, 20.0, 
objectives:
-19.581040644984025, 21.82987656756873, -18.581040644984025, 

parameters:
0.10896746682645589, 0.0, 20.0, 
objectives:
-19.988126091173424, 23.57600404152075, -18.988126091173424, 

parameters:
0.15286866184956147, 0.0, 20.0, 
objectives:
-19.976631172224323, 23.41189418037743, -18.976631172224323, 

parameters:
1.641075972859649, 0.0, 20.0, 
objectives:
-17.30686965130276, 20.128826457258647, -16.30686965130276, 

parameters:
1.0825570568842313, 0.0, 20.0, 
objectives:
-18.828070218590153, 20.841701553872923, -17.828070218590153, 

parameters:
0.5786914642479263, 0.0, 20.0, 
objectives:
-19.66511618920659, 22.0201179538017, -18.665116189206593, 

parameters:
0.8199165750169809, 0.0, 20.0, 
objectives:
-19.327736810012425, 21.392596889919652, -18.327736810012425, 

parameters:
0.509631478432057, 0.0, 20.0, 
objectives:
-19.740275756191156, 22.221198330080615, -18.740275756191156, 

parameters:
1.5532851144754733, 0.0, 20.0, 
objectives:
-17.587305353148917, 20.19955418894919, -16.587305353148917, 

parameters:
1.137245769284689, 0.0, 20.0, 
objectives:
-18.706672060244077, 20.74434486261717, -17.706672060244077, 

parameters:
1.6116877408075556, 0.0, 20.0, 
objectives:
-17.40246262613064, 20.15078641063914, -16.40246262613064, 

parameters:
0.8559089263971764, 0.0, 20.0, 
objectives:
-19.267419909713634, 21.30894438469766, -18.26741990971363, 

parameters:
0.4653533379667731, 0.0, 20.0, 
objectives:
-19.783446270843182, 22.355140377289725, -18.783446270843182, 

parameters:
1.1921762456586578, 0.0, 20.0, 
objectives:
-18.578715799287227, 20.65257921807814, -17.578715799287227, 

parameters:
1.4370866690812716, 0.0, 20.0, 
objectives:
-17.934781905548896, 20.316871418126016, -16.934781905548896, 

parameters:
1.0384366933168634, 0.0, 20.0, 
objectives:
-18.921649233973138, 20.92460399275941, -17.921649233973138, 

parameters:
1.4436323084214366, 0.0, 20.0, 
objectives:
-17.915925758081794, 20.30954500823246, -16.915925758081794, 

parameters:
1.5708404471272717, 0.0, 20.0, 
objectives:
-17.532460289668993, 20.18417792182192, -16.532460289668993, 

parameters:
0.6268208036700418, 0.0, 20.0, 
objectives:
-19.60709568008644, 21.88562110523339, -18.60709568008644, 

parameters:
1.1646861578150463, 0.0, 20.0, 
objectives:
-18.643506153794025, 20.69774921494579, -17.643506153794025, 

