[!]Generation 43 at Sun May 26 02:43:06 2019
size of front generated: 53
[!!!]Points in the front:
parameters:
0, 0, 20.0, 
objectives:
-20.0, 24.0, -19.0, 

parameters:
0, 0, 20.0, 
objectives:
-20.0, 24.0, -19.0, 

parameters:
2.0424615457574675, 0.0004241449050747924, 20.0, 
objectives:
-15.827926689196943, 20.00222712777319, -14.827926689196943, 

parameters:
1.4602385532610542, 6.110388354137394e-06, 20.0, 
objectives:
-17.86769725718171, 20.291348529774073, -16.86769725718171, 

parameters:
1.5631780818976884, 0.0002473879139523913, 20.0, 
objectives:
-17.556226896360712, 20.191060776048534, -16.556226896360712, 

parameters:
0.9118780726191668, 4.804451974012201e-06, 20.0, 
objectives:
-19.16847357622438, 21.184014133298952, -18.16847357622438, 

parameters:
0.3028001146827021, 7.726299538701739e-05, 20.0, 
objectives:
-19.908234827552754, 22.880564713716435, -18.908234827552754, 

parameters:
0.7885478381232648, 8.755098102167352e-08, 20.0, 
objectives:
-19.378192219440145, 21.467616428066798, -18.378192219440145, 

parameters:
1.9570797682415115, 0.001607818877313586, 20.0, 
objectives:
-16.168230961862438, 20.003449965171516, -15.168230961862438, 

parameters:
0.17354127457632346, 0, 20.0, 
objectives:
-19.969883426018423, 23.335951475676282, -18.969883426018423, 

parameters:
1.692414376083855, 0.00024878825869701255, 20.0, 
objectives:
-17.135484791366, 20.09485770429858, -16.135484791366, 

parameters:
1.8918275150946342, 0.00036965536041199087, 20.0, 
objectives:
-16.42061899777045, 20.012070941851015, -15.42061899777045, 

parameters:
1.4168434919432737, 0.00026279886558886395, 20.0, 
objectives:
-17.9922917204724, 20.340334311754503, -16.9922917204724, 

parameters:
0.6533156350095941, 0.00014447966516839352, 20.0, 
objectives:
-19.573034201386843, 21.81370325857478, -18.573034201386843, 

parameters:
1.2128259037240392, 0, 20.0, 
objectives:
-18.52905332725597, 20.619643057847874, -17.529053327255966, 

parameters:
1.7480498127798965, 0.0004276082334124017, 20.0, 
objectives:
-16.943894243806756, 20.063906505073657, -15.943894243806756, 

parameters:
1.3080067404303872, 3.2869765573033695e-06, 20.0, 
objectives:
-18.289115080012117, 20.478857958266335, -17.289115080012117, 

parameters:
1.162248759363706, 0.001577486523107594, 20.0, 
objectives:
-18.64760033483442, 20.703404627710757, -17.64760033483442, 

parameters:
0.3641553490647064, 0.0008492995209651379, 20.0, 
objectives:
-19.866541582226596, 22.676837021514576, -18.866541582226596, 

parameters:
1.0155733931950681, 0.0, 20.0, 
objectives:
-18.968610683034257, 20.969095744185474, -17.968610683034257, 

parameters:
0.5672645983421837, 0.0024725757413742114, 20.0, 
objectives:
-19.675738299726305, 22.055203306904957, -18.675738299726305, 

parameters:
0.07941734598795605, 5.801526086588278e-05, 20.0, 
objectives:
-19.993634869895363, 23.688695746152813, -18.993634869895363, 

parameters:
1.942036834919947, 0.0002629209669274741, 20.0, 
objectives:
-16.228230010847188, 20.003622649473026, -15.228230010847188, 

parameters:
1.8528388451116284, 0, 20.0, 
objectives:
-16.566988214045406, 20.02165640550808, -15.566988214045407, 

parameters:
1.5990663263548361, 0.00037028232123547837, 20.0, 
objectives:
-17.442616601596814, 20.16111809298384, -16.442616601596814, 

parameters:
0.48577359564672323, 0.0, 20.0, 
objectives:
-19.764024013772453, 22.29288160364065, -18.764024013772453, 

parameters:
1.6528954239111182, 0.0001376155499546784, 20.0, 
objectives:
-17.26779910206373, 20.120619202291795, -16.26779910206373, 

parameters:
0.6912434083358118, 0.001494950098583384, 20.0, 
objectives:
-19.520687600333705, 21.714338766323046, -18.520687600333705, 

parameters:
0.7319349712390374, 0.001736789601408006, 20.0, 
objectives:
-19.4625344082759, 21.60972570676795, -18.4625344082759, 

parameters:
0.5490756536740965, 0, 20.0, 
objectives:
-19.698515926542363, 22.10518145876125, -18.698515926542363, 

parameters:
1.7799663680936728, 0.0, 20.0, 
objectives:
-16.83171972845542, 20.04841479916989, -15.83171972845542, 

parameters:
1.6325744135354372, 0.00033144250043580335, 20.0, 
objectives:
-17.334369341768987, 20.135333004089265, -16.334369341768987, 

parameters:
1.3615243912258286, 0.0, 20.0, 
objectives:
-18.146251332097137, 20.407651102999548, -17.146251332097137, 

parameters:
1.1185746383297026, 0.00023245015404245564, 20.0, 
objectives:
-18.748558328331534, 20.777143118349656, -17.748558328331534, 

parameters:
1.8258837320677141, 0.000523515770689775, 20.0, 
objectives:
-16.665625081199785, 20.03083999052936, -15.665625081199787, 

parameters:
1.2644834010729953, 5.779881215036494e-05, 20.0, 
objectives:
-18.401023929598722, 20.5410424661093, -17.401023929598722, 

parameters:
1.3614265215971357, 8.717619802694901e-05, 20.0, 
objectives:
-18.146430650093897, 20.40786326351756, -17.146430650093897, 

parameters:
1.8036481047609634, 0, 20.0, 
objectives:
-16.746853514192185, 20.03855406676396, -15.746853514192185, 

parameters:
0.4209297267990103, 0.00039271705860275253, 20.0, 
objectives:
-19.82242544803831, 22.493855644765652, -18.82242544803831, 

parameters:
1.102798527229295, 0.0, 20.0, 
objectives:
-18.7838354083409, 20.804970482741922, -17.7838354083409, 

parameters:
0.9624671973589564, 0.00043696542879378654, 20.0, 
objectives:
-19.073219928579203, 21.076911281984973, -18.073219928579203, 

parameters:
0.76805259036972, 2.8902533546138906e-06, 20.0, 
objectives:
-19.410092328173008, 21.51769731034811, -18.410092328173008, 

parameters:
1.0558034185997651, 0.00021430577041866154, 20.0, 
objectives:
-18.885064835502632, 20.89172149009831, -17.885064835502632, 

parameters:
1.0636873700794338, 0.00031275235671766074, 20.0, 
objectives:
-18.86825642637678, 20.876994093305484, -17.86825642637678, 

parameters:
1.2702299047317647, 0.00015495735616144455, 20.0, 
objectives:
-18.38636103176897, 20.53271934930397, -17.38636103176897, 

parameters:
0.9442161178851024, 0.0016383956220863108, 20.0, 
objectives:
-19.1068175271039, 21.11631800135569, -18.1068175271039, 

parameters:
0.4599657875349273, 5.494459691348944e-06, 20.0, 
objectives:
-19.788425979837683, 22.371710870022607, -18.788425979837683, 

parameters:
0.12823220974435814, 0, 20.0, 
objectives:
-19.98355650038408, 23.503514660638487, -18.98355650038408, 

parameters:
0.43505718697131, 0.0006065578813192089, 20.0, 
objectives:
-19.81011868618329, 22.44965256593147, -18.81011868618329, 

parameters:
0.14216643919947725, 0, 20.0, 
objectives:
-19.97978870356534, 23.45154553963675, -18.97978870356534, 

parameters:
0.9593618385566512, 0.00013449626481830404, 20.0, 
objectives:
-19.079490366456383, 21.083062279317012, -18.079490366456383, 

parameters:
0.13116554545852047, 0.00013273639950695673, 20.0, 
objectives:
-19.98266286328506, 23.492674954880854, -18.98266286328506, 

parameters:
0, 0.0, 20.0, 
objectives:
-20.0, 24.0, -19.0, 

size of all points: 80
[!!!]All points:
0, 0, 20.0, -20.0, 24.0, -19.0, 

0, 0.0, 20.0, -20.0, 24.0, -19.0, 

2.0424615457574675, 0.0004241449050747924, 20.0, -15.827926689196943, 20.00222712777319, -14.827926689196943, 

0.3028001146827021, 7.726299538701739e-05, 20.0, -19.908234827552754, 22.880564713716435, -18.908234827552754, 

1.9570797682415115, 0.001607818877313586, 20.0, -16.168230961862438, 20.003449965171516, -15.168230961862438, 

0.14216643919947725, 0, 20.0, -19.97978870356534, 23.45154553963675, -18.97978870356534, 

0.48577359564672323, 0.0, 20.0, -19.764024013772453, 22.29288160364065, -18.764024013772453, 

0.17354127457632346, 0, 20.0, -19.969883426018423, 23.335951475676282, -18.969883426018423, 

1.0155733931950681, 0.0, 20.0, -18.968610683034257, 20.969095744185474, -17.968610683034257, 

1.692414376083855, 0.00024878825869701255, 20.0, -17.135484791366, 20.09485770429858, -16.135484791366, 

1.2128259037240392, 0, 20.0, -18.52905332725597, 20.619643057847874, -17.529053327255966, 

1.8918275150946342, 0.00036965536041199087, 20.0, -16.42061899777045, 20.012070941851015, -15.42061899777045, 

1.6528954239111182, 0.0001376155499546784, 20.0, -17.26779910206373, 20.120619202291795, -16.26779910206373, 

1.7480498127798965, 0.0004276082334124017, 20.0, -16.943894243806756, 20.063906505073657, -15.943894243806756, 

1.5990663263548361, 0.00037028232123547837, 20.0, -17.442616601596814, 20.16111809298384, -16.442616601596814, 

1.2702299047317647, 0.00015495735616144455, 20.0, -18.38636103176897, 20.53271934930397, -17.38636103176897, 

1.3080067404303872, 3.2869765573033695e-06, 20.0, -18.289115080012117, 20.478857958266335, -17.289115080012117, 

0.4209297267990103, 0.00039271705860275253, 20.0, -19.82242544803831, 22.493855644765652, -18.82242544803831, 

1.162248759363706, 0.001577486523107594, 20.0, -18.64760033483442, 20.703404627710757, -17.64760033483442, 

0.5672645983421837, 0.0024725757413742114, 20.0, -19.675738299726305, 22.055203306904957, -18.675738299726305, 

0.3641553490647064, 0.0008492995209651379, 20.0, -19.866541582226596, 22.676837021514576, -18.866541582226596, 

0.7875970951601725, 0.013975187812345038, 20.0, -19.365715627882913, 21.4838959914764, -18.365715627882913, 

0.7319349712390374, 0.001736789601408006, 20.0, -19.4625344082759, 21.60972570676795, -18.4625344082759, 

1.0636873700794338, 0.00031275235671766074, 20.0, -18.86825642637678, 20.876994093305484, -17.86825642637678, 

1.4602385532610542, 6.110388354137394e-06, 20.0, -17.86769725718171, 20.291348529774073, -16.86769725718171, 

1.942036834919947, 0.0002629209669274741, 20.0, -16.228230010847188, 20.003622649473026, -15.228230010847188, 

1.8528388451116284, 0, 20.0, -16.566988214045406, 20.02165640550808, -15.566988214045407, 

0.6533156350095941, 0.00014447966516839352, 20.0, -19.573034201386843, 21.81370325857478, -18.573034201386843, 

0.9118780726191668, 4.804451974012201e-06, 20.0, -19.16847357622438, 21.184014133298952, -18.16847357622438, 

0.9442161178851024, 0.0016383956220863108, 20.0, -19.1068175271039, 21.11631800135569, -18.1068175271039, 

1.5631780818976884, 0.0002473879139523913, 20.0, -17.556226896360712, 20.191060776048534, -16.556226896360712, 

0.6912434083358118, 0.001494950098583384, 20.0, -19.520687600333705, 21.714338766323046, -18.520687600333705, 

1.7799663680936728, 0.0, 20.0, -16.83171972845542, 20.04841479916989, -15.83171972845542, 

1.4168434919432737, 0.00026279886558886395, 20.0, -17.9922917204724, 20.340334311754503, -16.9922917204724, 

1.3615243912258286, 0.0, 20.0, -18.146251332097137, 20.407651102999548, -17.146251332097137, 

1.1185746383297026, 0.00023245015404245564, 20.0, -18.748558328331534, 20.777143118349656, -17.748558328331534, 

1.8258837320677141, 0.000523515770689775, 20.0, -16.665625081199785, 20.03083999052936, -15.665625081199787, 

1.3614265215971357, 8.717619802694901e-05, 20.0, -18.146430650093897, 20.40786326351756, -17.146430650093897, 

1.8036481047609634, 0, 20.0, -16.746853514192185, 20.03855406676396, -15.746853514192185, 

1.102798527229295, 0.0, 20.0, -18.7838354083409, 20.804970482741922, -17.7838354083409, 

7.388150592068884, 0.0002036782300449281, 20.0, 34.58497284931785, 49.03237048104231, 35.58497284931785, 

0.5490756536740965, 0, 20.0, -19.698515926542363, 22.10518145876125, -18.698515926542363, 

3.9851145899986804, 7.887673479672075, 20.0, 3.768811775092427, 31.828353415097702, 4.7688117750924235, 

0.12823220974435814, 0, 20.0, -19.98355650038408, 23.503514660638487, -18.98355650038408, 

9.112447264341846, 20.774902705950044, 20.0, 83.81159785136123, 91.36180879399384, 84.81159785136123, 

0.9624671973589564, 0.00043696542879378654, 20.0, -19.073219928579203, 21.076911281984973, -18.073219928579203, 

1.11017642190548, 2.734623488238962, 20.0, -16.03288482400618, 23.526409488371897, -15.032884824006183, 

6.998650308617652, 0.08636762496071894, 20.0, 29.067473767274677, 45.07287253280407, 30.067473767274677, 

1.6325744135354372, 0.00033144250043580335, 20.0, -17.334369341768987, 20.135333004089265, -16.334369341768987, 

1.2644834010729953, 5.779881215036494e-05, 20.0, -18.401023929598722, 20.5410424661093, -17.401023929598722, 

5.236403214332378, 0.002848734928207081, 20.0, 7.422767357998666, 30.477154500669155, 8.422767357998666, 

1.7583268586321852, 13.147023250246864, 20.0, -3.7612634079658065, 33.20542915750545, -2.7612634079658065, 

7.250117813122738, 17.248476371288724, 20.0, 49.81268467544837, 64.81221342295741, 50.81268467544837, 

2.019236326819142, 4.892563014724495, 20.0, -11.030121641729444, 24.89293305099399, -10.030121641729444, 

0.43505718697131, 0.0006065578813192089, 20.0, -19.81011868618329, 22.44965256593147, -18.81011868618329, 

8.665476016415345, 5.138558968736572, 20.0, 60.22903355980614, 69.56712949414475, 61.22903355980614, 

0.76805259036972, 2.8902533546138906e-06, 20.0, -19.410092328173008, 21.51769731034811, -18.410092328173008, 

0.7885478381232648, 8.755098102167352e-08, 20.0, -19.378192219440145, 21.467616428066798, -18.378192219440145, 

12.276283496686776, 14.229275726162578, 20.0, 144.93641221718667, 139.83127823043958, 145.93641221718667, 

1.6536497048216203, 8.017806717996832, 20.0, -9.247635935746537, 28.137765244966985, -8.247635935746537, 

0.9593618385566512, 0.00013449626481830404, 20.0, -19.079490366456383, 21.083062279317012, -18.079490366456383, 

0.4599657875349273, 5.494459691348944e-06, 20.0, -19.788425979837683, 22.371710870022607, -18.788425979837683, 

1.7108591456222857, 3.635251972491231, 20.0, -13.437709011349352, 23.718854406161505, -12.437709011349352, 

3.951872821979998, 0, 20.0, -4.382701198895846, 23.80980751318416, -3.3827011988958446, 

0.8624946443240189, 11.466979687673179, 20.0, -7.789123300839204, 32.76089812186472, -6.789123300839204, 

0.6512411255551351, 22.505052189609522, 20.0, 2.92916719322384, 44.3242026910033, 3.92916719322384, 

0.6653875912325014, 11.111501695728895, 20.0, -8.445757657704915, 32.89269197736508, -7.445757657704915, 

0.13116554545852047, 0.00013273639950695673, 20.0, -19.98266286328506, 23.492674954880854, -18.98266286328506, 

4.728459168997077, 6.867259374638451, 20.0, 9.225585487510976, 34.31174881152267, 10.225585487510976, 

2.8910743148518225, 0, 20.0, -11.641689306004064, 20.794013434588646, -10.641689306004064, 

16.155465896316166, 0.0005320101452291627, 20.0, 240.9996103371799, 220.37774675191525, 241.9996103371799, 

17.454730184547646, 0, 20.0, 284.6676058153587, 258.8486850771681, 285.6676058153587, 

1.0558034185997651, 0.00021430577041866154, 20.0, -18.885064835502632, 20.89172149009831, -17.885064835502632, 

0.07941734598795605, 5.801526086588278e-05, 20.0, -19.993634869895363, 23.688695746152813, -18.993634869895363, 

4.965113671880863, 0.0010916412570497029, 20.0, 4.653445415955311, 28.79299072843186, 5.653445415955311, 

1.1030594101193487, 0.0798504484266511, 20.0, -18.703409489320503, 20.8843528702021, -17.703409489320503, 

6.446692427670136, 0.0024717894601611937, 20.0, 21.562315046439636, 39.77554533575909, 22.562315046439636, 

0, 0, 20.0, -20.0, 24.0, -19.0, 

27.5812137565515, 9.68383724719777, 20.0, 750.4071895317834, 684.0823345055774, 751.4071895317834, 

4.6407425355317375, 0.5293157757959648, 20.0, 2.065807056889504, 27.502836914762554, 3.065807056889504, 

