Generation 430 at Fri May 24 19:55:18 2019
parameters:
0, 0.0, 20.0, 
objectives:
-20.0, 24.0, -19.0, 

parameters:
0, 0.0, 20.0, 
objectives:
-20.0, 24.0, -19.0, 

parameters:
1.9979647189482492, 0.0, 20.0, 
objectives:
-16.008136981838042, 20.000004142368958, -15.008136981838044, 

parameters:
1.3032028196104324, 0.0, 20.0, 
objectives:
-18.30166241095942, 20.48552631059885, -17.30166241095942, 

parameters:
0.19028665337913084, 0.0, 20.0, 
objectives:
-19.96379098954577, 23.275062396937706, -18.96379098954577, 

parameters:
1.4327377287233312, 0.0, 20.0, 
objectives:
-17.94726260069271, 20.321786484413966, -16.94726260069271, 

parameters:
0.7435616429134859, 0.0, 20.0, 
objectives:
-19.447116083187797, 21.57863734515826, -18.447116083187797, 

parameters:
1.7795461506444419, 0.0, 20.0, 
objectives:
-16.83321549772655, 20.048599899695684, -15.833215497726549, 

parameters:
1.1789612309121207, 0.0, 20.0, 
objectives:
-18.610050416006178, 20.67410466034534, -17.610050416006178, 

parameters:
1.9366101894584171, 0.0, 20.0, 
objectives:
-16.249540974085832, 20.004018268080497, -15.249540974085834, 

parameters:
0.8218144505838019, 0.0, 20.0, 
objectives:
-19.324621008811643, 21.388121188853148, -18.324621008811643, 

parameters:
1.085071723412073, 0.0, 20.0, 
objectives:
-18.822619355051554, 20.837093751300156, -17.822619355051554, 

parameters:
0.9018215099884268, 0.0, 20.0, 
objectives:
-19.186717964122195, 21.2059959959241, -18.186717964122195, 

parameters:
1.715444580101565, 0.0, 20.0, 
objectives:
-17.057249892600165, 20.080971786993576, -16.057249892600165, 

parameters:
1.5143213210376671, 0.0, 20.0, 
objectives:
-17.706830936650736, 20.2358837791986, -16.706830936650736, 

parameters:
0.6439435339109795, 0.0, 20.0, 
objectives:
-19.58533672513424, 21.83888913922184, -18.58533672513424, 

parameters:
1.227218751663729, 0.0, 20.0, 
objectives:
-18.49393413556492, 20.597190857780166, -17.49393413556492, 

parameters:
1.8364321248062265, 0.0, 20.0, 
objectives:
-16.627517050979687, 20.026754449795405, -15.627517050979687, 

parameters:
0.3983593845442827, 0.0, 20.0, 
objectives:
-19.8413098007455, 22.56525266107737, -18.8413098007455, 

parameters:
0.975687877119727, 0.0, 20.0, 
objectives:
-19.048033166441602, 21.04921532507949, -18.0480331664416, 

parameters:
1.8842933423468384, 0.0, 20.0, 
objectives:
-16.44943859998738, 20.013388030625265, -15.449438599987381, 

parameters:
1.5804686904761087, 0.0, 20.0, 
objectives:
-17.502118718424732, 20.176006519670832, -16.502118718424732, 

parameters:
1.6637220713132406, 0.0, 20.0, 
objectives:
-17.23202886942518, 20.113082845321856, -16.23202886942518, 

parameters:
1.035308208028345, 0.0, 20.0, 
objectives:
-18.92813691438914, 20.930630253497483, -17.928136914389135, 

parameters:
1.6179105589946274, 0.0, 20.0, 
objectives:
-17.38236542309369, 20.145992340927798, -16.38236542309369, 

parameters:
0.5421468582326707, 0.0, 20.0, 
objectives:
-19.706076784108443, 22.125335782960875, -18.706076784108443, 

parameters:
1.4657273567339157, 0.0, 20.0, 
objectives:
-17.85164331572181, 20.28544725734253, -16.85164331572181, 

parameters:
0.29265576884438815, 0.0, 20.0, 
objectives:
-19.9143526009621, 22.915024323660347, -18.9143526009621, 

parameters:
0.5921962937789503, 0.0, 20.0, 
objectives:
-19.649303549634475, 21.981911275249722, -18.649303549634475, 

parameters:
0.3089462530481736, 0.0, 20.0, 
objectives:
-19.904552212727495, 22.859662775079812, -18.904552212727495, 

parameters:
0.47610294978028633, 0.0, 20.0, 
objectives:
-19.77332598121051, 22.322262219668346, -18.77332598121051, 

parameters:
0.47750585562343484, 0.0, 20.0, 
objectives:
-19.771988157845332, 22.317988419660928, -18.771988157845332, 

parameters:
0, 0.0, 20.0, 
objectives:
-20.0, 24.0, -19.0, 

parameters:
0, 0.0, 20.0, 
objectives:
-20.0, 24.0, -19.0, 

