Generation 433 at Sat May 25 04:36:28 2019
parameters:
0, 0.0, 20.0, 
objectives:
-20.0, 24.0, -19.0, 

parameters:
0, 0.0, 20.0, 
objectives:
-20.0, 24.0, -19.0, 

parameters:
2.0005217341938613, 0.0, 20.0, 
objectives:
-15.997912791017985, 20.00000027220657, -14.997912791017985, 

parameters:
0.6577376864349839, 0.0, 20.0, 
objectives:
-19.567381135843156, 21.80166811841691, -18.567381135843156, 

parameters:
0.8400233382142929, 0.0, 20.0, 
objectives:
-19.294360791255315, 21.34554585588751, -18.294360791255315, 

parameters:
1.4907387208425815, 0.0, 20.0, 
objectives:
-17.777698066180623, 20.25934705044905, -16.777698066180623, 

parameters:
0.2516889020375479, 0.0, 20.0, 
objectives:
-19.936652696591132, 23.056591695258675, -18.936652696591132, 

parameters:
1.5532851144754733, 0.0, 20.0, 
objectives:
-17.587305353148917, 20.19955418894919, -16.587305353148917, 

parameters:
1.3798357665368788, 0.0, 20.0, 
objectives:
-18.096053257385584, 20.384603676466902, -17.096053257385584, 

parameters:
1.948368552872774, 0.0, 20.0, 
objectives:
-16.203859982176454, 20.002665806332452, -15.203859982176452, 

parameters:
1.695815055360574, 0.0, 20.0, 
objectives:
-17.124211298012412, 20.09252848054529, -16.124211298012412, 

parameters:
1.013380467408571, 0.0, 20.0, 
objectives:
-18.973060028274787, 20.973418102090932, -17.973060028274787, 

parameters:
0.509631478432057, 0.0, 20.0, 
objectives:
-19.740275756191156, 22.221198330080615, -18.740275756191156, 

parameters:
1.3024403851046782, 0.0, 20.0, 
objectives:
-18.303649043248377, 20.486589416332908, -17.303649043248377, 

parameters:
0.5786914642479263, 0.0, 20.0, 
objectives:
-19.66511618920659, 22.0201179538017, -18.665116189206593, 

parameters:
0.40189254967035654, 0.0, 20.0, 
objectives:
-19.83848237851946, 22.553947422799112, -18.83848237851946, 

parameters:
0.9365470611018882, 0.0, 20.0, 
objectives:
-19.122879602341417, 21.13093215325103, -18.122879602341417, 

parameters:
1.8160945716553358, 0.0, 20.0, 
objectives:
-16.701800506804023, 20.033821206574636, -15.701800506804023, 

parameters:
1.1530539901968508, 0.0, 20.0, 
objectives:
-18.67046649569112, 20.717317543521474, -17.67046649569112, 

parameters:
0.10896746682645589, 0.0, 20.0, 
objectives:
-19.988126091173424, 23.57600404152075, -18.988126091173424, 

parameters:
1.8900099480808406, 0.0, 20.0, 
objectives:
-16.427862396155458, 20.01209781152118, -15.427862396155458, 

parameters:
1.638118604449803, 0.0, 20.0, 
objectives:
-17.31656743775543, 20.13095814444536, -16.31656743775543, 

parameters:
0.15286866184956147, 0.0, 20.0, 
objectives:
-19.976631172224323, 23.41189418037743, -18.976631172224323, 

parameters:
1.2363745224732792, 0.0, 20.0, 
objectives:
-18.47137804017897, 20.583123869927913, -17.47137804017897, 

parameters:
0.8898824139565182, 0.0, 20.0, 
objectives:
-19.20810928933092, 21.232361054843008, -18.20810928933092, 

parameters:
1.2112004192085417, 0.0, 20.0, 
objectives:
-18.532993544509054, 20.62220477865678, -17.532993544509054, 

parameters:
0.4133845900175312, 0.0, 20.0, 
objectives:
-19.829113180736037, 22.517348459193837, -18.829113180736037, 

parameters:
1.354173267669208, 0.0, 20.0, 
objectives:
-18.1662147611301, 20.41709216819307, -17.1662147611301, 

parameters:
1.7577928585479623, 0.0, 20.0, 
objectives:
-16.910164266437782, 20.058664299370367, -15.910164266437784, 

parameters:
1.7586547061438589, 0.0, 20.0, 
objectives:
-16.907133624558057, 20.058247550866508, -15.907133624558057, 

parameters:
1.1084498566456218, 0.0, 20.0, 
objectives:
-18.7713389153023, 20.794861658115213, -17.7713389153023, 

parameters:
1.641075972859649, 0.0, 20.0, 
objectives:
-17.30686965130276, 20.128826457258647, -16.30686965130276, 

parameters:
1.0781139636730992, 0.0, 20.0, 
objectives:
-18.83767028133308, 20.849873863974523, -17.83767028133308, 

parameters:
1.851733929383913, 0.0, 20.0, 
objectives:
-16.571081454768414, 20.021982827695936, -15.571081454768414, 

parameters:
1.8672252660861282, 0.0, 20.0, 
objectives:
-16.51346980568959, 20.0176291299659, -15.513469805689589, 

parameters:
1.0825570568842313, 0.0, 20.0, 
objectives:
-18.828070218590153, 20.841701553872923, -17.828070218590153, 

