Generation 437 at Fri May 24 19:55:18 2019
parameters:
0, 0.0, 20.0, 
objectives:
-20.0, 24.0, -19.0, 

parameters:
0, 0.0, 20.0, 
objectives:
-20.0, 24.0, -19.0, 

parameters:
1.9979647189482492, 0.0, 20.0, 
objectives:
-16.008136981838042, 20.000004142368958, -15.008136981838044, 

parameters:
1.0026860177600123, 0.0, 20.0, 
objectives:
-18.994620749788567, 20.994635179171382, -17.994620749788567, 

parameters:
0.34993600415932424, 0.0, 20.0, 
objectives:
-19.877544792993007, 22.722711190369697, -18.877544792993007, 

parameters:
1.3032028196104324, 0.0, 20.0, 
objectives:
-18.30166241095942, 20.48552631059885, -17.30166241095942, 

parameters:
1.1789612309121207, 0.0, 20.0, 
objectives:
-18.610050416006178, 20.67410466034534, -17.610050416006178, 

parameters:
0.19028665337913084, 0.0, 20.0, 
objectives:
-19.96379098954577, 23.275062396937706, -18.96379098954577, 

parameters:
1.9273830677975325, 0.0, 20.0, 
objectives:
-16.285194509967372, 20.005273218842497, -15.285194509967372, 

parameters:
1.417837805631419, 0.0, 20.0, 
objectives:
-17.98973595692228, 20.338912820552043, -16.98973595692228, 

parameters:
1.0926730009028764, 0.0, 20.0, 
objectives:
-18.8060657130979, 20.823242283290593, -17.8060657130979, 

parameters:
0.5194415054495043, 0.0, 20.0, 
objectives:
-19.73018052241635, 22.19205345578563, -18.730180522416354, 

parameters:
0.8970392933243236, 0.0, 20.0, 
objectives:
-19.1953205062322, 21.216522320470506, -18.1953205062322, 

parameters:
0.05664463474652584, 0.0, 20.0, 
objectives:
-19.99679138535443, 23.77663007565946, -18.99679138535443, 

parameters:
1.3456089751794558, 0.0, 20.0, 
objectives:
-18.189336485916495, 20.42822761336568, -17.189336485916495, 

parameters:
1.6940333749321344, 0.0, 20.0, 
objectives:
-17.130250924616043, 20.09361557565542, -16.130250924616043, 

parameters:
0.29265576884438815, 0.0, 20.0, 
objectives:
-19.9143526009621, 22.915024323660347, -18.9143526009621, 

parameters:
1.6179105589946274, 0.0, 20.0, 
objectives:
-17.38236542309369, 20.145992340927798, -16.38236542309369, 

parameters:
1.874642025981668, 0.0, 20.0, 
objectives:
-16.485717274423347, 20.01571462164998, -15.485717274423347, 

parameters:
1.7769371756778425, 0.0, 20.0, 
objectives:
-16.84249427369405, 20.049757023594577, -15.842494273694053, 

parameters:
1.6795869075949028, 0.0, 20.0, 
objectives:
-17.17898781983579, 20.1026645497846, -16.17898781983579, 

parameters:
1.4747615673507903, 0.0, 20.0, 
objectives:
-17.82507831946504, 20.2758754111318, -16.82507831946504, 

parameters:
1.141832826875221, 0.0, 20.0, 
objectives:
-18.69621779547014, 20.736450897028973, -17.69621779547014, 

parameters:
0.7181563515214173, 0.0, 20.0, 
objectives:
-19.484251454769446, 21.643123139144883, -18.484251454769446, 

parameters:
0.6439435339109795, 0.0, 20.0, 
objectives:
-19.58533672513424, 21.83888913922184, -18.58533672513424, 

parameters:
0.5621568000050179, 0.0, 20.0, 
objectives:
-19.68397973220812, 22.06739306777181, -18.68397973220812, 

parameters:
1.5804686904761087, 0.0, 20.0, 
objectives:
-17.502118718424732, 20.176006519670832, -16.502118718424732, 

parameters:
0.8218144505838019, 0.0, 20.0, 
objectives:
-19.324621008811643, 21.388121188853148, -18.324621008811643, 

parameters:
0.7834256733912837, 0.0, 20.0, 
objectives:
-19.386244214271414, 21.480053092163452, -18.386244214271414, 

parameters:
0.865122749826805, 0.0, 20.0, 
objectives:
-19.251562627732106, 21.287946372960672, -18.251562627732106, 

parameters:
0.6177190570443548, 0.0, 20.0, 
objectives:
-19.618423166564234, 21.91070060525835, -18.618423166564234, 

parameters:
1.8435694601548211, 0.0, 20.0, 
objectives:
-16.601251645584462, 20.024470513796253, -15.601251645584462, 

parameters:
1.5143213210376671, 0.0, 20.0, 
objectives:
-17.706830936650736, 20.2358837791986, -16.706830936650736, 

parameters:
0.7435616429134859, 0.0, 20.0, 
objectives:
-19.447116083187797, 21.57863734515826, -18.447116083187797, 

parameters:
1.8248241449900362, 0.0, 20.0, 
objectives:
-16.670016839861383, 20.03068658017847, -15.670016839861383, 

parameters:
1.7966108274983752, 0.0, 20.0, 
objectives:
-16.772189534515604, 20.041367155490896, -15.772189534515604, 

parameters:
1.4968893674097674, 0.0, 20.0, 
objectives:
-17.759322221735587, 20.253120308625345, -16.759322221735587, 

parameters:
1.5487140401854511, 0.0, 20.0, 
objectives:
-17.601484821732456, 20.203659017525737, -16.601484821732456, 

parameters:
1.5521896803337343, 0.0, 20.0, 
objectives:
-17.59070719626546, 20.200534082399603, -16.59070719626546, 

parameters:
0.525020473807439, 0.0, 20.0, 
objectives:
-19.724353502083012, 22.17556460268723, -18.724353502083012, 

parameters:
1.7795461506444419, 0.0, 20.0, 
objectives:
-16.83321549772655, 20.048599899695684, -15.833215497726549, 

