Generation 44 at Fri May 24 19:55:16 2019
parameters:
0, 0.0, 20.0, 
objectives:
-20.0, 24.0, -19.0, 

parameters:
0, 0.0, 20.0, 
objectives:
-20.0, 24.0, -19.0, 

parameters:
1.9739355561194551, 0.0, 20.0, 
objectives:
-16.103578420287377, 20.0006793552348, -15.103578420287377, 

parameters:
1.1782001875089914, 0.0, 20.0, 
objectives:
-18.61184431815378, 20.675354931810258, -17.61184431815378, 

parameters:
1.3532022133510675, 0.0, 20.0, 
objectives:
-18.168843769781773, 20.41834737681396, -17.168843769781773, 

parameters:
1.0435795352121888, 0.0, 20.0, 
objectives:
-18.910941753686313, 20.914740105464933, -17.910941753686313, 

parameters:
1.2501823323707228, 0.0, 20.0, 
objectives:
-18.4370441358281, 20.56222653468901, -17.4370441358281, 

parameters:
1.501279792109226, 0.0, 20.0, 
objectives:
-17.746158985804477, 20.248721845758617, -16.746158985804477, 

parameters:
1.604918061961462, 0.0, 20.0, 
objectives:
-17.424238014389864, 20.156089737764287, -16.424238014389864, 

parameters:
0.8463539601570104, 0.0, 20.0, 
objectives:
-19.283684974126544, 21.330899185245414, -18.283684974126544, 

parameters:
0.16709552398111938, 0.0, 20.0, 
objectives:
-19.972079085865474, 23.359538818210048, -18.972079085865474, 

parameters:
0.9180775445803485, 0.0, 20.0, 
objectives:
-19.15713362213732, 21.170556199541288, -18.15713362213732, 

parameters:
1.8833167652129128, 0.0, 20.0, 
objectives:
-16.45311796186797, 20.01361497728038, -15.45311796186797, 

parameters:
0.7517997759795338, 0.0, 20.0, 
objectives:
-19.434797096837123, 21.55800379924474, -18.434797096837123, 

parameters:
0.9859172623746182, 0.0, 20.0, 
objectives:
-19.02796715175174, 21.02836379874979, -18.02796715175174, 

parameters:
1.429344636628779, 0.0, 20.0, 
objectives:
-17.956973909740544, 20.325647543744342, -16.956973909740544, 

parameters:
1.946373352816975, 0.0, 20.0, 
objectives:
-16.211630771444007, 20.002875817288093, -15.211630771444007, 

parameters:
0.3145860182478406, 0.0, 20.0, 
objectives:
-19.90103563712297, 22.840620289885667, -18.90103563712297, 

parameters:
0.5484508045702945, 0.0, 20.0, 
objectives:
-19.699201714966197, 22.106995066752624, -18.699201714966197, 

parameters:
0.19830027824441815, 0.0, 20.0, 
objectives:
-19.960676999648186, 23.24612188737414, -18.960676999648186, 

parameters:
1.7536519815823095, 0.0, 20.0, 
objectives:
-16.92470472749244, 20.060687346178323, -15.92470472749244, 

parameters:
0.3491774697618139, 0.0, 20.0, 
objectives:
-19.878075094610736, 22.725215026342006, -18.878075094610736, 

parameters:
0.7053376073923561, 0.0, 20.0, 
objectives:
-19.502498859598028, 21.676150710832548, -18.502498859598028, 

parameters:
1.8440412422327592, 0.0, 20.0, 
objectives:
-16.599511896944662, 20.0243231341243, -15.599511896944662, 

parameters:
1.6950931779765575, 0.0, 20.0, 
objectives:
-17.126659117977336, 20.092968170116436, -16.126659117977336, 

parameters:
0.48125853732473267, 0.0, 20.0, 
objectives:
-19.76839022025206, 22.30657563044901, -18.76839022025206, 

parameters:
1.461807875499795, 0.0, 20.0, 
objectives:
-17.863117735126774, 20.289650762874043, -16.863117735126774, 

parameters:
0.4419858120031252, 0.0, 20.0, 
objectives:
-19.804648541987937, 22.427408209999562, -18.804648541987937, 

parameters:
1.7944040667431873, 0.0, 20.0, 
objectives:
-16.780114045255512, 20.04226968777174, -15.78011404525551, 

parameters:
1.7093747650919564, 0.0, 20.0, 
objectives:
-17.07803791246682, 20.084463027165356, -16.07803791246682, 

parameters:
0.6128452542872843, 0.0, 20.0, 
objectives:
-19.624420694297555, 21.92419828855331, -18.624420694297555, 

parameters:
1.638026074345945, 0.0, 20.0, 
objectives:
-17.316870579762814, 20.13102512285341, -16.316870579762814, 

parameters:
0.6493667820223579, 0.0, 20.0, 
objectives:
-19.578322782405927, 21.82421008950464, -18.578322782405927, 

parameters:
1.8148329845180389, 0.0, 20.0, 
objectives:
-16.706381238305347, 20.034286823622498, -15.706381238305347, 

parameters:
1.637555853608713, 0.0, 20.0, 
objectives:
-17.31841082631184, 20.13136575925331, -16.31841082631184, 

parameters:
0.447299402391946, 0.0, 20.0, 
objectives:
-19.79992324461981, 22.41087914581241, -18.79992324461981, 

parameters:
0.6313219982117815, 0.0, 20.0, 
objectives:
-19.601432534573885, 21.87327947257899, -18.601432534573885, 

parameters:
0, 0.0, 20.0, 
objectives:
-20.0, 24.0, -19.0, 

