Generation 442 at Fri May 24 19:55:18 2019
parameters:
0, 0.0, 20.0, 
objectives:
-20.0, 24.0, -19.0, 

parameters:
0, 0.0, 20.0, 
objectives:
-20.0, 24.0, -19.0, 

parameters:
1.9979647189482492, 0.0, 20.0, 
objectives:
-16.008136981838042, 20.000004142368958, -15.008136981838044, 

parameters:
0.7834256733912837, 0.0, 20.0, 
objectives:
-19.386244214271414, 21.480053092163452, -18.386244214271414, 

parameters:
1.6940333749321344, 0.0, 20.0, 
objectives:
-17.130250924616043, 20.09361557565542, -16.130250924616043, 

parameters:
1.7769371756778425, 0.0, 20.0, 
objectives:
-16.84249427369405, 20.049757023594577, -15.842494273694053, 

parameters:
1.6179105589946274, 0.0, 20.0, 
objectives:
-17.38236542309369, 20.145992340927798, -16.38236542309369, 

parameters:
1.5511470765098962, 0.0, 20.0, 
objectives:
-17.593942747034802, 20.201468946925612, -16.593942747034802, 

parameters:
1.2345553043197588, 0.0, 20.0, 
objectives:
-18.475873200575947, 20.585905582145017, -17.475873200575947, 

parameters:
0.2032111630209998, 0.0, 20.0, 
objectives:
-19.958705223223653, 23.228450124692348, -18.958705223223653, 

parameters:
1.9310161917906428, 0.0, 20.0, 
objectives:
-16.271176467042363, 20.004758765795064, -15.271176467042363, 

parameters:
0.9927508136740374, 0.0, 20.0, 
objectives:
-19.014445821949536, 21.014550923354314, -18.014445821949536, 

parameters:
0.6439435339109795, 0.0, 20.0, 
objectives:
-19.58533672513424, 21.83888913922184, -18.58533672513424, 

parameters:
1.4747615673507903, 0.0, 20.0, 
objectives:
-17.82507831946504, 20.2758754111318, -16.82507831946504, 

parameters:
1.1482273174546695, 0.0, 20.0, 
objectives:
-18.681574027450853, 20.725516702730467, -17.681574027450853, 

parameters:
0.04854260042873309, 0.0, 20.0, 
objectives:
-19.997643615943616, 23.808185982341453, -18.997643615943616, 

parameters:
1.874642025981668, 0.0, 20.0, 
objectives:
-16.485717274423347, 20.01571462164998, -15.485717274423347, 

parameters:
1.831936965227505, 0.0, 20.0, 
objectives:
-16.64400695543304, 20.028245183656942, -15.644006955433039, 

parameters:
0.9014156205506045, 0.0, 20.0, 
objectives:
-19.18744987902737, 21.206887638770212, -18.18744987902737, 

parameters:
0.8779404675453644, 0.0, 20.0, 
objectives:
-19.229220535446228, 21.259017594372317, -18.229220535446228, 

parameters:
0.3708403180355851, 0.0, 20.0, 
objectives:
-19.862477458519265, 22.654161269338395, -18.862477458519265, 

parameters:
1.352356038794716, 0.0, 20.0, 
objectives:
-18.171133144335464, 20.41944270048567, -17.171133144335464, 

parameters:
1.064191942940381, 0.0, 20.0, 
objectives:
-18.867495508580777, 20.8757367196577, -17.867495508580777, 

parameters:
0.4300077053579049, 0.0, 20.0, 
objectives:
-19.81509337333283, 22.46487580523555, -18.81509337333283, 

parameters:
0.49585219252125046, 0.0, 20.0, 
objectives:
-19.75413060317187, 22.262460626743128, -18.75413060317187, 

parameters:
1.0926730009028764, 0.0, 20.0, 
objectives:
-18.8060657130979, 20.823242283290593, -17.8060657130979, 

parameters:
1.3032028196104324, 0.0, 20.0, 
objectives:
-18.30166241095942, 20.48552631059885, -17.30166241095942, 

parameters:
1.417837805631419, 0.0, 20.0, 
objectives:
-17.98973595692228, 20.338912820552043, -16.98973595692228, 

parameters:
1.4050941780831676, 0.0, 20.0, 
objectives:
-18.02571035071679, 20.353912936950543, -17.02571035071679, 

parameters:
0.29265576884438815, 0.0, 20.0, 
objectives:
-19.9143526009621, 22.915024323660347, -18.9143526009621, 

parameters:
0.6059227140186318, 0.0, 20.0, 
objectives:
-19.632857664636294, 21.943451479289177, -18.632857664636294, 

parameters:
0.27677821113613454, 0.0, 20.0, 
objectives:
-19.923393821840282, 22.96949333361518, -18.923393821840282, 

parameters:
0.5621568000050179, 0.0, 20.0, 
objectives:
-19.68397973220812, 22.06739306777181, -18.68397973220812, 

parameters:
0.5407318367903441, 0.0, 20.0, 
objectives:
-19.70760908068134, 22.129463572157285, -18.70760908068134, 

parameters:
1.310739951253414, 0.0, 20.0, 
objectives:
-18.281960780188196, 20.475079414798145, -17.2819607801882, 

