Generation 443 at Sat May 25 04:36:28 2019
parameters:
0, 0.0, 20.0, 
objectives:
-20.0, 24.0, -19.0, 

parameters:
0, 0.0, 20.0, 
objectives:
-20.0, 24.0, -19.0, 

parameters:
2.0005217341938613, 0.0, 20.0, 
objectives:
-15.997912791017985, 20.00000027220657, -14.997912791017985, 

parameters:
0.6915008761705383, 0.0, 20.0, 
objectives:
-19.52182653825538, 21.712169957062468, -18.52182653825538, 

parameters:
0.40189254967035654, 0.0, 20.0, 
objectives:
-19.83848237851946, 22.553947422799112, -18.83848237851946, 

parameters:
0.2516889020375479, 0.0, 20.0, 
objectives:
-19.936652696591132, 23.056591695258675, -18.936652696591132, 

parameters:
1.3279429443390094, 0.0, 20.0, 
objectives:
-18.236567536580242, 20.45166068606372, -17.236567536580242, 

parameters:
1.17649050755995, 0.0, 20.0, 
objectives:
-18.61587008562133, 20.67816788413887, -17.61587008562133, 

parameters:
0.9365470611018882, 0.0, 20.0, 
objectives:
-19.122879602341417, 21.13093215325103, -18.122879602341417, 

parameters:
1.7413169328658868, 0.0, 20.0, 
objectives:
-16.96781533931454, 20.06691692922191, -15.96781533931454, 

parameters:
1.013380467408571, 0.0, 20.0, 
objectives:
-18.973060028274787, 20.973418102090932, -17.973060028274787, 

parameters:
1.695815055360574, 0.0, 20.0, 
objectives:
-17.124211298012412, 20.09252848054529, -16.124211298012412, 

parameters:
1.8900099480808406, 0.0, 20.0, 
objectives:
-16.427862396155458, 20.01209781152118, -15.427862396155458, 

parameters:
0.5786914642479263, 0.0, 20.0, 
objectives:
-19.66511618920659, 22.0201179538017, -18.665116189206593, 

parameters:
1.948368552872774, 0.0, 20.0, 
objectives:
-16.203859982176454, 20.002665806332452, -15.203859982176452, 

parameters:
1.440434227916804, 0.0, 20.0, 
objectives:
-17.92514923504572, 20.313113853287064, -16.92514923504572, 

parameters:
0.8106179545206526, 0.0, 20.0, 
objectives:
-19.342898531808753, 21.414629650108637, -18.342898531808753, 

parameters:
1.3408428146964773, 0.0, 20.0, 
objectives:
-18.20214054627683, 20.434488194937263, -17.20214054627683, 

parameters:
1.6184377874040758, 0.0, 20.0, 
objectives:
-17.3806591283026, 20.145589722081098, -16.3806591283026, 

parameters:
1.099385237999967, 0.0, 20.0, 
objectives:
-18.791352098467755, 20.811106949532377, -17.791352098467755, 

parameters:
0.8400233382142929, 0.0, 20.0, 
objectives:
-19.294360791255315, 21.34554585588751, -18.294360791255315, 

parameters:
1.8295636996103086, 0.0, 20.0, 
objectives:
-16.65269666906824, 20.029048532490524, -15.652696669068241, 

parameters:
1.507956530874187, 0.0, 20.0, 
objectives:
-17.726067100993887, 20.242106775509367, -16.726067100993887, 

parameters:
0.15286866184956147, 0.0, 20.0, 
objectives:
-19.976631172224323, 23.41189418037743, -18.976631172224323, 

parameters:
1.5532851144754733, 0.0, 20.0, 
objectives:
-17.587305353148917, 20.19955418894919, -16.587305353148917, 

parameters:
0.5073862590435094, 0.0, 20.0, 
objectives:
-19.74255918413383, 22.22789577969213, -18.74255918413383, 

parameters:
0.10896746682645589, 0.0, 20.0, 
objectives:
-19.988126091173424, 23.57600404152075, -18.988126091173424, 

parameters:
1.4624486483316197, 0.0, 20.0, 
objectives:
-17.861243950993018, 20.288961455680504, -16.861243950993018, 

parameters:
1.5950132881910897, 0.0, 20.0, 
objectives:
-17.455932610493846, 20.164014236741792, -16.455932610493846, 

parameters:
1.8329054700030323, 0.0, 20.0, 
objectives:
-16.640457538032962, 20.02792058195491, -15.640457538032964, 

parameters:
0.036846564142091226, 0.0, 20.0, 
objectives:
-19.998642330710922, 23.85397141272071, -18.998642330710922, 

parameters:
1.132814077387316, 0.0, 20.0, 
objectives:
-18.716732266073123, 20.752011424377613, -17.716732266073123, 

parameters:
0.5233176470351133, 0.0, 20.0, 
objectives:
-19.72613864030163, 22.180590771557913, -18.72613864030163, 

parameters:
1.1688538689399417, 0.0, 20.0, 
objectives:
-18.63378063306413, 20.690803891176103, -17.63378063306413, 

parameters:
0, 0.0, 20.0, 
objectives:
-20.0, 24.0, -19.0, 

