Generation 448 at Sat May 25 04:36:28 2019
parameters:
0, 0.0, 20.0, 
objectives:
-20.0, 24.0, -19.0, 

parameters:
0, 0.0, 20.0, 
objectives:
-20.0, 24.0, -19.0, 

parameters:
2.0005217341938613, 0.0, 20.0, 
objectives:
-15.997912791017985, 20.00000027220657, -14.997912791017985, 

parameters:
1.1346744127184607, 0.0, 20.0, 
objectives:
-18.712513977122015, 20.748788372004142, -17.712513977122015, 

parameters:
0.6915008761705383, 0.0, 20.0, 
objectives:
-19.52182653825538, 21.712169957062468, -18.52182653825538, 

parameters:
0.2516889020375479, 0.0, 20.0, 
objectives:
-19.936652696591132, 23.056591695258675, -18.936652696591132, 

parameters:
0.8106179545206526, 0.0, 20.0, 
objectives:
-19.342898531808753, 21.414629650108637, -18.342898531808753, 

parameters:
0.10896746682645589, 0.0, 20.0, 
objectives:
-19.988126091173424, 23.57600404152075, -18.988126091173424, 

parameters:
1.7413169328658868, 0.0, 20.0, 
objectives:
-16.96781533931454, 20.06691692922191, -15.96781533931454, 

parameters:
0.5786914642479263, 0.0, 20.0, 
objectives:
-19.66511618920659, 22.0201179538017, -18.665116189206593, 

parameters:
1.6218566142513349, 0.0, 20.0, 
objectives:
-17.369581122809198, 20.142992420185465, -16.369581122809198, 

parameters:
1.8295636996103086, 0.0, 20.0, 
objectives:
-16.65269666906824, 20.029048532490524, -15.652696669068241, 

parameters:
1.2341922208637197, 0.0, 20.0, 
objectives:
-18.47676956195948, 20.586461554585643, -17.47676956195948, 

parameters:
1.948368552872774, 0.0, 20.0, 
objectives:
-16.203859982176454, 20.002665806332452, -15.203859982176452, 

parameters:
1.440434227916804, 0.0, 20.0, 
objectives:
-17.92514923504572, 20.313113853287064, -16.92514923504572, 

parameters:
1.4624486483316197, 0.0, 20.0, 
objectives:
-17.861243950993018, 20.288961455680504, -16.861243950993018, 

parameters:
1.3463431949850888, 0.0, 20.0, 
objectives:
-18.187360001317344, 20.4272672187423, -17.187360001317344, 

parameters:
1.5532851144754733, 0.0, 20.0, 
objectives:
-17.587305353148917, 20.19955418894919, -16.587305353148917, 

parameters:
1.0323067414136913, 0.0, 20.0, 
objectives:
-18.934342791631845, 20.93643024271339, -17.934342791631845, 

parameters:
0.8873384443935395, 0.0, 20.0, 
objectives:
-19.212630485101254, 21.238015737324588, -18.212630485101254, 

parameters:
0.3817146747415239, 0.0, 20.0, 
objectives:
-19.854293907086973, 22.618847393946933, -18.854293907086973, 

parameters:
1.8900099480808406, 0.0, 20.0, 
objectives:
-16.427862396155458, 20.01209781152118, -15.427862396155458, 

parameters:
0.9365470611018882, 0.0, 20.0, 
objectives:
-19.122879602341417, 21.13093215325103, -18.122879602341417, 

parameters:
1.695815055360574, 0.0, 20.0, 
objectives:
-17.124211298012412, 20.09252848054529, -16.124211298012412, 

parameters:
0.40189254967035654, 0.0, 20.0, 
objectives:
-19.83848237851946, 22.553947422799112, -18.83848237851946, 

parameters:
1.5692681863191467, 0.0, 20.0, 
objectives:
-17.537397359406615, 20.185529895316797, -16.537397359406615, 

parameters:
0.49423363141374715, 0.0, 20.0, 
objectives:
-19.75573311757958, 22.26733235676543, -18.75573311757958, 

parameters:
1.8604346158626979, 0.0, 20.0, 
objectives:
-16.538783040099815, 20.01947849644939, -15.538783040099815, 

parameters:
1.0017576757646458, 0.0, 20.0, 
objectives:
-18.996481559046615, 20.996487737894803, -17.996481559046615, 

parameters:
0.5016846871287071, 0.0, 20.0, 
objectives:
-19.748312474700572, 22.2449487767846, -18.748312474700572, 

parameters:
1.3279429443390094, 0.0, 20.0, 
objectives:
-18.236567536580242, 20.45166068606372, -17.236567536580242, 

parameters:
1.2856961876665758, 0.0, 20.0, 
objectives:
-18.346985313019633, 20.510229936314065, -17.346985313019633, 

parameters:
1.6974322837966553, 0.0, 20.0, 
objectives:
-17.11872364192487, 20.091547222888508, -16.11872364192487, 

parameters:
1.2711256444817622, 0.0, 20.0, 
objectives:
-18.384239595940826, 20.531257826132126, -17.384239595940826, 

parameters:
1.013380467408571, 0.0, 20.0, 
objectives:
-18.973060028274787, 20.973418102090932, -17.973060028274787, 

parameters:
0, 0.0, 20.0, 
objectives:
-20.0, 24.0, -19.0, 

