Generation 450 at Fri May 24 19:55:18 2019
parameters:
0, 0.0, 20.0, 
objectives:
-20.0, 24.0, -19.0, 

parameters:
0, 0.0, 20.0, 
objectives:
-20.0, 24.0, -19.0, 

parameters:
1.9979647189482492, 0.0, 20.0, 
objectives:
-16.008136981838042, 20.000004142368958, -15.008136981838044, 

parameters:
0.4300077053579049, 0.0, 20.0, 
objectives:
-19.81509337333283, 22.46487580523555, -18.81509337333283, 

parameters:
0.6439435339109795, 0.0, 20.0, 
objectives:
-19.58533672513424, 21.83888913922184, -18.58533672513424, 

parameters:
1.064191942940381, 0.0, 20.0, 
objectives:
-18.867495508580777, 20.8757367196577, -17.867495508580777, 

parameters:
0.29265576884438815, 0.0, 20.0, 
objectives:
-19.9143526009621, 22.915024323660347, -18.9143526009621, 

parameters:
1.6179105589946274, 0.0, 20.0, 
objectives:
-17.38236542309369, 20.145992340927798, -16.38236542309369, 

parameters:
1.1482273174546695, 0.0, 20.0, 
objectives:
-18.681574027450853, 20.725516702730467, -17.681574027450853, 

parameters:
1.226025901322173, 0.0, 20.0, 
objectives:
-18.496860489287155, 20.599035905424156, -17.496860489287155, 

parameters:
1.5511470765098962, 0.0, 20.0, 
objectives:
-17.593942747034802, 20.201468946925612, -16.593942747034802, 

parameters:
0.9554166427986087, 0.0, 20.0, 
objectives:
-19.087179038663436, 21.09115439014213, -18.087179038663436, 

parameters:
0.6863167130750382, 0.0, 20.0, 
objectives:
-19.528969369353877, 21.72576377834597, -18.528969369353877, 

parameters:
0.7834256733912837, 0.0, 20.0, 
objectives:
-19.386244214271414, 21.480053092163452, -18.386244214271414, 

parameters:
1.874642025981668, 0.0, 20.0, 
objectives:
-16.485717274423347, 20.01571462164998, -15.485717274423347, 

parameters:
1.831936965227505, 0.0, 20.0, 
objectives:
-16.64400695543304, 20.028245183656942, -15.644006955433039, 

parameters:
0.1638191355226447, 0.0, 20.0, 
objectives:
-19.973163290836613, 23.371560167072808, -18.973163290836613, 

parameters:
1.3745638201147339, 0.0, 20.0, 
objectives:
-18.11057430443159, 20.391170415109475, -17.11057430443159, 

parameters:
1.6940333749321344, 0.0, 20.0, 
objectives:
-17.130250924616043, 20.09361557565542, -16.130250924616043, 

parameters:
0.02665946621893435, 0.0, 20.0, 
objectives:
-19.99928927286092, 23.894072862263343, -18.99928927286092, 

parameters:
1.4811676205466149, 0.0, 20.0, 
objectives:
-17.80614247984428, 20.26918703796926, -16.80614247984428, 

parameters:
1.3032028196104324, 0.0, 20.0, 
objectives:
-18.30166241095942, 20.48552631059885, -17.30166241095942, 

parameters:
1.7797881072819188, 0.0, 20.0, 
objectives:
-16.832354293177843, 20.04849327769448, -15.832354293177845, 

parameters:
0.1928328994036779, 0.0, 20.0, 
objectives:
-19.96281547290757, 23.265852929477717, -18.96281547290757, 

parameters:
0.8228737627293807, 0.0, 20.0, 
objectives:
-19.32287877061159, 21.385626178470886, -18.32287877061159, 

parameters:
1.9335262028691276, 0.0, 20.0, 
objectives:
-16.261476422818493, 20.004418765704997, -15.261476422818493, 

parameters:
1.417837805631419, 0.0, 20.0, 
objectives:
-17.98973595692228, 20.338912820552043, -16.98973595692228, 

parameters:
1.754471371445305, 0.0, 20.0, 
objectives:
-16.92183020677883, 20.06028430743995, -15.92183020677883, 

parameters:
1.315946453725618, 0.0, 20.0, 
objectives:
-18.26828493092697, 20.467929254170556, -17.26828493092697, 

parameters:
1.9264871892317061, 0.0, 20.0, 
objectives:
-16.28864710972612, 20.005404133347056, -15.28864710972612, 

parameters:
1.7113404547836921, 0.0, 20.0, 
objectives:
-17.071313847820747, 20.083324333044487, -16.071313847820747, 

parameters:
1.4573409427366184, 0.0, 20.0, 
objectives:
-17.876157376623546, 20.294478852429982, -16.876157376623546, 

parameters:
0.8842962620058913, 0.0, 20.0, 
objectives:
-19.218020121002407, 21.244794830974026, -18.218020121002407, 

parameters:
0.9153502959707591, 0.0, 20.0, 
objectives:
-19.162133835666243, 21.17646498045072, -18.162133835666243, 

parameters:
0.894656685021239, 0.0, 20.0, 
objectives:
-19.199589415946807, 21.221783843968236, -18.199589415946807, 

parameters:
0, 0.0, 20.0, 
objectives:
-20.0, 24.0, -19.0, 

parameters:
0, 0.0, 20.0, 
objectives:
-20.0, 24.0, -19.0, 

