Generation 452 at Fri May 24 19:55:18 2019
parameters:
0, 0.0, 20.0, 
objectives:
-20.0, 24.0, -19.0, 

parameters:
0, 0.0, 20.0, 
objectives:
-20.0, 24.0, -19.0, 

parameters:
1.9979647189482492, 0.0, 20.0, 
objectives:
-16.008136981838042, 20.000004142368958, -15.008136981838044, 

parameters:
1.831936965227505, 0.0, 20.0, 
objectives:
-16.64400695543304, 20.028245183656942, -15.644006955433039, 

parameters:
0.9554166427986087, 0.0, 20.0, 
objectives:
-19.087179038663436, 21.09115439014213, -18.087179038663436, 

parameters:
1.6940333749321344, 0.0, 20.0, 
objectives:
-17.130250924616043, 20.09361557565542, -16.130250924616043, 

parameters:
0.29265576884438815, 0.0, 20.0, 
objectives:
-19.9143526009621, 22.915024323660347, -18.9143526009621, 

parameters:
0.8228737627293807, 0.0, 20.0, 
objectives:
-19.32287877061159, 21.385626178470886, -18.32287877061159, 

parameters:
1.292361234297228, 0.0, 20.0, 
objectives:
-18.329802440085746, 20.500752622725344, -17.329802440085746, 

parameters:
1.9335262028691276, 0.0, 20.0, 
objectives:
-16.261476422818493, 20.004418765704997, -15.261476422818493, 

parameters:
1.4811676205466149, 0.0, 20.0, 
objectives:
-17.80614247984428, 20.26918703796926, -16.80614247984428, 

parameters:
0.5741401822141579, 0.0, 20.0, 
objectives:
-19.670363051167094, 22.033076219976273, -18.670363051167094, 

parameters:
1.226025901322173, 0.0, 20.0, 
objectives:
-18.496860489287155, 20.599035905424156, -17.496860489287155, 

parameters:
1.3745638201147339, 0.0, 20.0, 
objectives:
-18.11057430443159, 20.391170415109475, -17.11057430443159, 

parameters:
1.874642025981668, 0.0, 20.0, 
objectives:
-16.485717274423347, 20.01571462164998, -15.485717274423347, 

parameters:
0.6863167130750382, 0.0, 20.0, 
objectives:
-19.528969369353877, 21.72576377834597, -18.528969369353877, 

parameters:
0.7834256733912837, 0.0, 20.0, 
objectives:
-19.386244214271414, 21.480053092163452, -18.386244214271414, 

parameters:
1.417837805631419, 0.0, 20.0, 
objectives:
-17.98973595692228, 20.338912820552043, -16.98973595692228, 

parameters:
0.4300077053579049, 0.0, 20.0, 
objectives:
-19.81509337333283, 22.46487580523555, -18.81509337333283, 

parameters:
0.1638191355226447, 0.0, 20.0, 
objectives:
-19.973163290836613, 23.371560167072808, -18.973163290836613, 

parameters:
0.02665946621893435, 0.0, 20.0, 
objectives:
-19.99928927286092, 23.894072862263343, -18.99928927286092, 

parameters:
1.0438609146581688, 0.0, 20.0, 
objectives:
-18.91035439084901, 20.914201950518315, -17.91035439084901, 

parameters:
1.5511470765098962, 0.0, 20.0, 
objectives:
-17.593942747034802, 20.201468946925612, -16.593942747034802, 

parameters:
0.6439435339109795, 0.0, 20.0, 
objectives:
-19.58533672513424, 21.83888913922184, -18.58533672513424, 

parameters:
0.4674090696919268, 0.0, 20.0, 
objectives:
-19.781528761569728, 22.348834959662565, -18.781528761569728, 

parameters:
0.1928328994036779, 0.0, 20.0, 
objectives:
-19.96281547290757, 23.265852929477717, -18.96281547290757, 

parameters:
1.155595333514183, 0.0, 20.0, 
objectives:
-18.664599425160244, 20.713019240783023, -17.664599425160244, 

parameters:
1.064191942940381, 0.0, 20.0, 
objectives:
-18.867495508580777, 20.8757367196577, -17.867495508580777, 

parameters:
1.1361232843332827, 0.0, 20.0, 
objectives:
-18.709223882795754, 20.746282979871115, -17.709223882795754, 

parameters:
1.675724043965991, 0.0, 20.0, 
objectives:
-17.191948928474265, 20.10515489566177, -16.191948928474265, 

parameters:
1.621777637946803, 0.0, 20.0, 
objectives:
-17.36983729305569, 20.1430521551571, -16.36983729305569, 

parameters:
1.5670623357800055, 0.0, 20.0, 
objectives:
-17.544315635779714, 20.187435021100264, -16.544315635779714, 

parameters:
1.6092259973156513, 0.0, 20.0, 
objectives:
-17.410391689563447, 20.152704321173946, -16.410391689563447, 

parameters:
0.4446624903887167, 0.0, 20.0, 
objectives:
-19.802275269641303, 22.419074768803828, -18.802275269641303, 

parameters:
0.4601038577481095, 0.0, 20.0, 
objectives:
-19.78830444008531, 22.371280128922255, -18.78830444008531, 

parameters:
1.6179105589946274, 0.0, 20.0, 
objectives:
-17.38236542309369, 20.145992340927798, -16.38236542309369, 

parameters:
0, 0.0, 20.0, 
objectives:
-20.0, 24.0, -19.0, 

