Generation 456 at Sat May 25 04:36:28 2019
parameters:
0, 0.0, 20.0, 
objectives:
-20.0, 24.0, -19.0, 

parameters:
0, 0.0, 20.0, 
objectives:
-20.0, 24.0, -19.0, 

parameters:
2.0005217341938613, 0.0, 20.0, 
objectives:
-15.997912791017985, 20.00000027220657, -14.997912791017985, 

parameters:
1.3463431949850888, 0.0, 20.0, 
objectives:
-18.187360001317344, 20.4272672187423, -17.187360001317344, 

parameters:
1.247751690581879, 0.0, 20.0, 
objectives:
-18.443115718650063, 20.565877519022422, -17.443115718650063, 

parameters:
1.6218566142513349, 0.0, 20.0, 
objectives:
-17.369581122809198, 20.142992420185465, -16.369581122809198, 

parameters:
0.5786914642479263, 0.0, 20.0, 
objectives:
-19.66511618920659, 22.0201179538017, -18.665116189206593, 

parameters:
0.4726760428670912, 0.0, 20.0, 
objectives:
-19.77657735849951, 22.332718470032127, -18.77657735849951, 

parameters:
0.3817146747415239, 0.0, 20.0, 
objectives:
-19.854293907086973, 22.618847393946933, -18.854293907086973, 

parameters:
1.8900099480808406, 0.0, 20.0, 
objectives:
-16.427862396155458, 20.01209781152118, -15.427862396155458, 

parameters:
1.695815055360574, 0.0, 20.0, 
objectives:
-17.124211298012412, 20.09252848054529, -16.124211298012412, 

parameters:
0.6703139144325778, 0.0, 20.0, 
objectives:
-19.550679256118073, 21.768065086151616, -18.550679256118073, 

parameters:
1.948368552872774, 0.0, 20.0, 
objectives:
-16.203859982176454, 20.002665806332452, -15.203859982176452, 

parameters:
0.13816949155344432, 0.0, 20.0, 
objectives:
-19.980909191603864, 23.46641284218236, -18.980909191603864, 

parameters:
1.057909677566872, 0.0, 20.0, 
objectives:
-18.880827114110357, 20.887534175622154, -17.880827114110357, 

parameters:
1.440434227916804, 0.0, 20.0, 
objectives:
-17.92514923504572, 20.313113853287064, -16.92514923504572, 

parameters:
0.7430400841089241, 0.0, 20.0, 
objectives:
-19.447891433407403, 21.5799482301569, -18.447891433407403, 

parameters:
1.1346744127184607, 0.0, 20.0, 
objectives:
-18.712513977122015, 20.748788372004142, -17.712513977122015, 

parameters:
1.8295636996103086, 0.0, 20.0, 
objectives:
-16.65269666906824, 20.029048532490524, -15.652696669068241, 

parameters:
1.1791072302274743, 0.0, 20.0, 
objectives:
-18.609706139625295, 20.67386493946481, -17.609706139625295, 

parameters:
1.5532851144754733, 0.0, 20.0, 
objectives:
-17.587305353148917, 20.19955418894919, -16.587305353148917, 

parameters:
0.8537589740563263, 0.0, 20.0, 
objectives:
-19.27109561421829, 21.313868489556405, -18.27109561421829, 

parameters:
0.8106179545206526, 0.0, 20.0, 
objectives:
-19.342898531808753, 21.414629650108637, -18.342898531808753, 

parameters:
1.0017576757646458, 0.0, 20.0, 
objectives:
-18.996481559046615, 20.996487737894803, -17.996481559046615, 

parameters:
0.2742453096062509, 0.0, 20.0, 
objectives:
-19.924789510158973, 22.978229251416025, -18.924789510158973, 

parameters:
0.2516889020375479, 0.0, 20.0, 
objectives:
-19.936652696591132, 23.056591695258675, -18.936652696591132, 

parameters:
0.925952525332479, 0.0, 20.0, 
objectives:
-19.142611920830404, 21.153577977839678, -18.142611920830404, 

parameters:
1.7447456299062243, 0.0, 20.0, 
objectives:
-16.955862686923133, 20.06515479345197, -15.955862686923133, 

parameters:
0.06255634857563719, 0.0, 20.0, 
objectives:
-19.99608670325288, 23.753687902444568, -18.99608670325288, 

parameters:
1.4967713387170596, 0.0, 20.0, 
objectives:
-17.75967555959514, 20.25323908553662, -16.75967555959514, 

parameters:
0.9569856841406987, 0.0, 20.0, 
objectives:
-19.08417840034976, 21.087878863087447, -18.08417840034976, 

parameters:
1.7959240228949662, 0.0, 20.0, 
objectives:
-16.77465690398876, 20.041647004431375, -15.774656903988761, 

parameters:
1.5286398301623336, 0.0, 20.0, 
objectives:
-17.66326026964127, 20.222180409709395, -16.66326026964127, 

parameters:
1.4624486483316197, 0.0, 20.0, 
objectives:
-17.861243950993018, 20.288961455680504, -16.861243950993018, 

parameters:
1.7731354027342743, 0.0, 20.0, 
objectives:
-16.855990843570364, 20.05146754549254, -15.855990843570364, 

parameters:
0.0032800604580794307, 0.0, 20.0, 
objectives:
-19.99998924120339, 23.98689051696429, -18.99998924120339, 

parameters:
0, 0.0, 20.0, 
objectives:
-20.0, 24.0, -19.0, 

