Generation 458 at Sat May 25 04:36:28 2019
parameters:
0, 0.0, 20.0, 
objectives:
-20.0, 24.0, -19.0, 

parameters:
0, 0.0, 20.0, 
objectives:
-20.0, 24.0, -19.0, 

parameters:
2.0005217341938613, 0.0, 20.0, 
objectives:
-15.997912791017985, 20.00000027220657, -14.997912791017985, 

parameters:
1.8295636996103086, 0.0, 20.0, 
objectives:
-16.65269666906824, 20.029048532490524, -15.652696669068241, 

parameters:
1.6218566142513349, 0.0, 20.0, 
objectives:
-17.369581122809198, 20.142992420185465, -16.369581122809198, 

parameters:
1.7447456299062243, 0.0, 20.0, 
objectives:
-16.955862686923133, 20.06515479345197, -15.955862686923133, 

parameters:
0.06255634857563719, 0.0, 20.0, 
objectives:
-19.99608670325288, 23.753687902444568, -18.99608670325288, 

parameters:
0.2264216577945499, 0.0, 20.0, 
objectives:
-19.94873323288157, 23.145580135940232, -18.94873323288157, 

parameters:
1.695815055360574, 0.0, 20.0, 
objectives:
-17.124211298012412, 20.09252848054529, -16.124211298012412, 

parameters:
1.948368552872774, 0.0, 20.0, 
objectives:
-16.203859982176454, 20.002665806332452, -15.203859982176452, 

parameters:
0.6703139144325778, 0.0, 20.0, 
objectives:
-19.550679256118073, 21.768065086151616, -18.550679256118073, 

parameters:
1.4577767652798233, 0.0, 20.0, 
objectives:
-17.874886902610296, 20.29400603627041, -16.874886902610296, 

parameters:
0.35925939817483893, 0.0, 20.0, 
objectives:
-19.870932684823053, 22.692029722477592, -18.870932684823053, 

parameters:
1.5493055685859312, 0.0, 20.0, 
objectives:
-17.599652255148627, 20.20312547050765, -16.599652255148627, 

parameters:
0.8537589740563263, 0.0, 20.0, 
objectives:
-19.27109561421829, 21.313868489556405, -18.27109561421829, 

parameters:
1.0017576757646458, 0.0, 20.0, 
objectives:
-18.996481559046615, 20.996487737894803, -17.996481559046615, 

parameters:
1.247751690581879, 0.0, 20.0, 
objectives:
-18.443115718650063, 20.565877519022422, -17.443115718650063, 

parameters:
1.3214384826027656, 0.0, 20.0, 
objectives:
-18.2538003366965, 20.46044573289244, -17.2538003366965, 

parameters:
1.402837964659337, 0.0, 20.0, 
objectives:
-18.03204564491045, 20.356602496452204, -17.032045644910447, 

parameters:
0.2742453096062509, 0.0, 20.0, 
objectives:
-19.924789510158973, 22.978229251416025, -18.924789510158973, 

parameters:
1.1791072302274743, 0.0, 20.0, 
objectives:
-18.609706139625295, 20.67386493946481, -17.609706139625295, 

parameters:
1.1346744127184607, 0.0, 20.0, 
objectives:
-18.712513977122015, 20.748788372004142, -17.712513977122015, 

parameters:
0.41758456918358, 0.0, 20.0, 
objectives:
-19.825623127579764, 22.504038595685916, -18.825623127579764, 

parameters:
0.925952525332479, 0.0, 20.0, 
objectives:
-19.142611920830404, 21.153577977839678, -18.142611920830404, 

parameters:
1.3463431949850888, 0.0, 20.0, 
objectives:
-18.187360001317344, 20.4272672187423, -17.187360001317344, 

parameters:
0.5786914642479263, 0.0, 20.0, 
objectives:
-19.66511618920659, 22.0201179538017, -18.665116189206593, 

parameters:
1.057909677566872, 0.0, 20.0, 
objectives:
-18.880827114110357, 20.887534175622154, -17.880827114110357, 

parameters:
0.4912629518642907, 0.0, 20.0, 
objectives:
-19.758660712125582, 22.276287480417253, -18.758660712125582, 

parameters:
1.5532851144754733, 0.0, 20.0, 
objectives:
-17.587305353148917, 20.19955418894919, -16.587305353148917, 

parameters:
0.7430400841089241, 0.0, 20.0, 
objectives:
-19.447891433407403, 21.5799482301569, -18.447891433407403, 

parameters:
1.8900099480808406, 0.0, 20.0, 
objectives:
-16.427862396155458, 20.01209781152118, -15.427862396155458, 

parameters:
0.5985728037940863, 0.0, 20.0, 
objectives:
-19.641710598558085, 21.96399818626557, -18.641710598558085, 

parameters:
1.0914082649507668, 0.0, 20.0, 
objectives:
-18.808827999197156, 20.825538940999778, -17.808827999197156, 

parameters:
1.8929585950611767, 0.0, 20.0, 
objectives:
-16.416707757384017, 20.011457862371277, -15.416707757384016, 

parameters:
0.9482264149458868, 0.0, 20.0, 
objectives:
-19.100866665998872, 21.106227674217582, -18.100866665998872, 

parameters:
1.2220247662120207, 0.0, 20.0, 
objectives:
-18.506655470764457, 20.605245464387462, -17.506655470764457, 

parameters:
0.8106179545206526, 0.0, 20.0, 
objectives:
-19.342898531808753, 21.414629650108637, -18.342898531808753, 

parameters:
0.4726760428670912, 0.0, 20.0, 
objectives:
-19.77657735849951, 22.332718470032127, -18.77657735849951, 

parameters:
0.7822098347727742, 0.0, 20.0, 
objectives:
-19.38814777438475, 21.483012886524154, -18.38814777438475, 

parameters:
1.4398064877605048, 0.0, 20.0, 
objectives:
-17.92695727780276, 20.31381677115522, -16.92695727780276, 

parameters:
0.7614523782211838, 0.0, 20.0, 
objectives:
-19.4201902757013, 21.53400021141396, -18.4201902757013, 

parameters:
1.440434227916804, 0.0, 20.0, 
objectives:
-17.92514923504572, 20.313113853287064, -16.92514923504572, 

