Generation 459 at Fri May 24 19:55:18 2019
parameters:
0, 0.0, 20.0, 
objectives:
-20.0, 24.0, -19.0, 

parameters:
0, 0.0, 20.0, 
objectives:
-20.0, 24.0, -19.0, 

parameters:
1.9979647189482492, 0.0, 20.0, 
objectives:
-16.008136981838042, 20.000004142368958, -15.008136981838044, 

parameters:
0.9554166427986087, 0.0, 20.0, 
objectives:
-19.087179038663436, 21.09115439014213, -18.087179038663436, 

parameters:
1.5511470765098962, 0.0, 20.0, 
objectives:
-17.593942747034802, 20.201468946925612, -16.593942747034802, 

parameters:
0.8228737627293807, 0.0, 20.0, 
objectives:
-19.32287877061159, 21.385626178470886, -18.32287877061159, 

parameters:
1.316357179532326, 0.0, 20.0, 
objectives:
-18.2672037758937, 20.467367505976995, -17.267203775893698, 

parameters:
0.2014535651274987, 0.0, 20.0, 
objectives:
-19.95941646109742, 23.234769278392584, -18.95941646109742, 

parameters:
1.6268806561995175, 0.0, 20.0, 
objectives:
-17.353259330483827, 20.139218044718103, -16.353259330483827, 

parameters:
1.7461145685388617, 0.0, 20.0, 
objectives:
-16.951083913536344, 20.06445781230821, -15.951083913536344, 

parameters:
1.675724043965991, 0.0, 20.0, 
objectives:
-17.191948928474265, 20.10515489566177, -16.191948928474265, 

parameters:
1.9335262028691276, 0.0, 20.0, 
objectives:
-16.261476422818493, 20.004418765704997, -15.261476422818493, 

parameters:
1.8917758246090166, 0.0, 20.0, 
objectives:
-16.421184229424874, 20.01171247213906, -15.421184229424876, 

parameters:
1.3745638201147339, 0.0, 20.0, 
objectives:
-18.11057430443159, 20.391170415109475, -17.11057430443159, 

parameters:
0.6932218464464612, 0.0, 20.0, 
objectives:
-19.51944347160936, 21.707669142604797, -18.51944347160936, 

parameters:
1.4811676205466149, 0.0, 20.0, 
objectives:
-17.80614247984428, 20.26918703796926, -16.80614247984428, 

parameters:
1.8276893618787349, 0.0, 20.0, 
objectives:
-16.659551596475303, 20.02969095600976, -15.659551596475303, 

parameters:
1.4368299388152503, 0.0, 20.0, 
objectives:
-17.935519726924163, 20.317160517814834, -16.935519726924163, 

parameters:
0.7834256733912837, 0.0, 20.0, 
objectives:
-19.386244214271414, 21.480053092163452, -18.386244214271414, 

parameters:
1.0438609146581688, 0.0, 20.0, 
objectives:
-18.91035439084901, 20.914201950518315, -17.91035439084901, 

parameters:
0.4674090696919268, 0.0, 20.0, 
objectives:
-19.781528761569728, 22.348834959662565, -18.781528761569728, 

parameters:
0.6344684756909508, 0.0, 20.0, 
objectives:
-19.5974497533544, 21.864676343881797, -18.5974497533544, 

parameters:
1.794223732977258, 0.0, 20.0, 
objectives:
-16.780761196021153, 20.042343872069814, -15.780761196021153, 

parameters:
1.226025901322173, 0.0, 20.0, 
objectives:
-18.496860489287155, 20.599035905424156, -17.496860489287155, 

parameters:
0.36075592316325245, 0.0, 20.0, 
objectives:
-19.869855163902628, 22.68712114344436, -18.869855163902628, 

parameters:
1.064191942940381, 0.0, 20.0, 
objectives:
-18.867495508580777, 20.8757367196577, -17.867495508580777, 

parameters:
1.1361232843332827, 0.0, 20.0, 
objectives:
-18.709223882795754, 20.746282979871115, -17.709223882795754, 

parameters:
0.29265576884438815, 0.0, 20.0, 
objectives:
-19.9143526009621, 22.915024323660347, -18.9143526009621, 

parameters:
1.155595333514183, 0.0, 20.0, 
objectives:
-18.664599425160244, 20.713019240783023, -17.664599425160244, 

parameters:
1.2228635555144733, 0.0, 20.0, 
objectives:
-18.5046047245945, 20.603941053347604, -17.5046047245945, 

parameters:
0.5741401822141579, 0.0, 20.0, 
objectives:
-19.670363051167094, 22.033076219976273, -18.670363051167094, 

parameters:
0.4956058246573088, 0.0, 20.0, 
objectives:
-19.754374866565747, 22.263201834805017, -18.754374866565747, 

parameters:
0.22630607311227338, 0.0, 20.0, 
objectives:
-19.9487855612725, 23.145990146278404, -18.9487855612725, 

parameters:
0.5507491142816048, 0.0, 20.0, 
objectives:
-19.69667541311803, 22.100328129755553, -18.69667541311803, 

parameters:
0.3484640506832007, 0.0, 20.0, 
objectives:
-19.878572805381456, 22.72757099188574, -18.878572805381456, 

