[!]Generation 46 at Sun May 26 02:43:07 2019
size of front generated: 50
[!!!]Points in the front:
parameters:
0, 0, 20.0, 
objectives:
-20.0, 24.0, -19.0, 

parameters:
0, 0, 20.0, 
objectives:
-20.0, 24.0, -19.0, 

parameters:
1.9795007331513772, 0.0, 20.0, 
objectives:
-16.08157684745316, 20.000420219941333, -15.08157684745316, 

parameters:
1.529528597354475, 6.367756726386166e-05, 20.0, 
objectives:
-17.660478592307587, 20.221407018274512, -16.660478592307587, 

parameters:
0.9118780726191668, 4.804451974012201e-06, 20.0, 
objectives:
-19.16847357622438, 21.184014133298952, -18.16847357622438, 

parameters:
0.4209297267990103, 0.00039271705860275253, 20.0, 
objectives:
-19.82242544803831, 22.493855644765652, -18.82242544803831, 

parameters:
1.8528388451116284, 0, 20.0, 
objectives:
-16.566988214045406, 20.02165640550808, -15.566988214045407, 

parameters:
0.3028001146827021, 7.726299538701739e-05, 20.0, 
objectives:
-19.908234827552754, 22.880564713716435, -18.908234827552754, 

parameters:
1.2644834010729953, 5.779881215036494e-05, 20.0, 
objectives:
-18.401023929598722, 20.5410424661093, -17.401023929598722, 

parameters:
1.7799663680936728, 0.0, 20.0, 
objectives:
-16.83171972845542, 20.04841479916989, -15.83171972845542, 

parameters:
0.7319349712390374, 0.001736789601408006, 20.0, 
objectives:
-19.4625344082759, 21.60972570676795, -18.4625344082759, 

parameters:
0.6533156350095941, 0.00014447966516839352, 20.0, 
objectives:
-19.573034201386843, 21.81370325857478, -18.573034201386843, 

parameters:
1.0155733931950681, 0.0, 20.0, 
objectives:
-18.968610683034257, 20.969095744185474, -17.968610683034257, 

parameters:
1.1847734005893016, 4.816809813759513e-05, 20.0, 
objectives:
-18.596263821157926, 20.66464257648487, -17.596263821157926, 

parameters:
0.48577359564672323, 0.0, 20.0, 
objectives:
-19.764024013772453, 22.29288160364065, -18.764024013772453, 

parameters:
1.102798527229295, 0.0, 20.0, 
objectives:
-18.7838354083409, 20.804970482741922, -17.7838354083409, 

parameters:
0.9949592408463196, 2.2551711297465133e-05, 20.0, 
objectives:
-19.010033557343217, 21.010129479271505, -18.010033557343217, 

parameters:
1.4168434919432737, 0.00026279886558886395, 20.0, 
objectives:
-17.9922917204724, 20.340334311754503, -16.9922917204724, 

parameters:
0.2467805033692683, 1.6331896830037268e-06, 20.0, 
objectives:
-19.93909774996713, 23.0737802365558, -18.93909774996713, 

parameters:
1.5990663263548361, 0.00037028232123547837, 20.0, 
objectives:
-17.442616601596814, 20.16111809298384, -16.442616601596814, 

parameters:
0.8429699417757642, 2.550687721315176e-06, 20.0, 
objectives:
-19.289399126574843, 21.3387211063221, -18.289399126574843, 

parameters:
1.942036834919947, 0.0002629209669274741, 20.0, 
objectives:
-16.228230010847188, 20.003622649473026, -15.228230010847188, 

parameters:
1.7480498127798965, 0.0004276082334124017, 20.0, 
objectives:
-16.943894243806756, 20.063906505073657, -15.943894243806756, 

parameters:
0.7903659770311147, 0, 20.0, 
objectives:
-19.375321622351652, 21.46321446952389, -18.375321622351652, 

parameters:
1.8918275150946342, 0.00036965536041199087, 20.0, 
objectives:
-16.42061899777045, 20.012070941851015, -15.42061899777045, 

parameters:
1.4727727433814406, 0.00020282969553511113, 20.0, 
objectives:
-17.83073761665717, 20.278171409817066, -16.83073761665717, 

parameters:
1.3615243912258286, 0.0, 20.0, 
objectives:
-18.146251332097137, 20.407651102999548, -17.146251332097137, 

parameters:
1.692414376083855, 0.00024878825869701255, 20.0, 
objectives:
-17.135484791366, 20.09485770429858, -16.135484791366, 

parameters:
0.5959144252726225, 0.00010737326708157806, 20.0, 
objectives:
-19.644778624484918, 21.97156367442459, -18.644778624484918, 

parameters:
1.6528954239111182, 0.0001376155499546784, 20.0, 
objectives:
-17.26779910206373, 20.120619202291795, -16.26779910206373, 

parameters:
1.162248759363706, 0.001577486523107594, 20.0, 
objectives:
-18.64760033483442, 20.703404627710757, -17.64760033483442, 

parameters:
1.7130658961674765, 0.0014622846149302383, 20.0, 
objectives:
-17.06394295077299, 20.083793464557104, -16.06394295077299, 

parameters:
0.5490756536740965, 0, 20.0, 
objectives:
-19.698515926542363, 22.10518145876125, -18.698515926542363, 

parameters:
1.915544247868805, 0.00014900088999798171, 20.0, 
objectives:
-16.330541233566738, 20.007281774958045, -15.330541233566736, 

parameters:
0.07941734598795605, 5.801526086588278e-05, 20.0, 
objectives:
-19.993634869895363, 23.688695746152813, -18.993634869895363, 

parameters:
1.6325744135354372, 0.00033144250043580335, 20.0, 
objectives:
-17.334369341768987, 20.135333004089265, -16.334369341768987, 

parameters:
1.1185746383297026, 0.00023245015404245564, 20.0, 
objectives:
-18.748558328331534, 20.777143118349656, -17.748558328331534, 

parameters:
0.17354127457632346, 0, 20.0, 
objectives:
-19.969883426018423, 23.335951475676282, -18.969883426018423, 

parameters:
1.3080067404303872, 3.2869765573033695e-06, 20.0, 
objectives:
-18.289115080012117, 20.478857958266335, -17.289115080012117, 

parameters:
0.1617247037531313, 0, 20.0, 
objectives:
-19.97384512019596, 23.379256064791512, -18.97384512019596, 

parameters:
0.8221659735403452, 0, 20.0, 
objectives:
-19.324043111952456, 21.387292993886163, -18.324043111952456, 

parameters:
1.3493663987735212, 3.614748556230936e-05, 20.0, 
objectives:
-18.179174174375415, 20.4233602305305, -17.179174174375415, 

parameters:
1.318331518022326, 0.0012800641254607792, 20.0, 
objectives:
-18.260721944463487, 20.46595198344721, -17.260721944463487, 

parameters:
0.10303002608983279, 7.773415482065423e-05, 20.0, 
objectives:
-19.98930707956911, 23.59857281607156, -18.98930707956911, 

parameters:
1.4480149225366727, 0.0006212791433437633, 20.0, 
objectives:
-17.90263150496777, 20.305308804885538, -16.90263150496777, 

parameters:
1.6012799910507705, 3.7661155581181985e-06, 20.0, 
objectives:
-17.435898624144887, 20.158981411652032, -16.435898624144887, 

parameters:
0.5672645983421837, 0.0024725757413742114, 20.0, 
objectives:
-19.675738299726305, 22.055203306904957, -18.675738299726305, 

parameters:
1.4602385532610542, 6.110388354137394e-06, 20.0, 
objectives:
-17.86769725718171, 20.291348529774073, -16.86769725718171, 

parameters:
0.09690607772904525, 2.852890006912689e-05, 20.0, 
objectives:
-19.990580683199102, 23.621795005884717, -18.990580683199102, 

parameters:
1.4562431285345754, 0.0004682274952058098, 20.0, 
objectives:
-17.878887723100625, 20.296139762761072, -16.878887723100625, 

size of all points: 80
[!!!]All points:
0, 0, 20.0, -20.0, 24.0, -19.0, 

0, 0, 20.0, -20.0, 24.0, -19.0, 

1.9795007331513772, 0.0, 20.0, -16.08157684745316, 20.000420219941333, -15.08157684745316, 

0.9118780726191668, 4.804451974012201e-06, 20.0, -19.16847357622438, 21.184014133298952, -18.16847357622438, 

0.7903659770311147, 0, 20.0, -19.375321622351652, 21.46321446952389, -18.375321622351652, 

1.529528597354475, 6.367756726386166e-05, 20.0, -17.660478592307587, 20.221407018274512, -16.660478592307587, 

0.4209297267990103, 0.00039271705860275253, 20.0, -19.82242544803831, 22.493855644765652, -18.82242544803831, 

1.8528388451116284, 0, 20.0, -16.566988214045406, 20.02165640550808, -15.566988214045407, 

0.3028001146827021, 7.726299538701739e-05, 20.0, -19.908234827552754, 22.880564713716435, -18.908234827552754, 

1.7799663680936728, 0.0, 20.0, -16.83171972845542, 20.04841479916989, -15.83171972845542, 

1.5990663263548361, 0.00037028232123547837, 20.0, -17.442616601596814, 20.16111809298384, -16.442616601596814, 

1.8918275150946342, 0.00036965536041199087, 20.0, -16.42061899777045, 20.012070941851015, -15.42061899777045, 

1.942036834919947, 0.0002629209669274741, 20.0, -16.228230010847188, 20.003622649473026, -15.228230010847188, 

1.0155733931950681, 0.0, 20.0, -18.968610683034257, 20.969095744185474, -17.968610683034257, 

0.6533156350095941, 0.00014447966516839352, 20.0, -19.573034201386843, 21.81370325857478, -18.573034201386843, 

0.48577359564672323, 0.0, 20.0, -19.764024013772453, 22.29288160364065, -18.764024013772453, 

0.9949592408463196, 2.2551711297465133e-05, 20.0, -19.010033557343217, 21.010129479271505, -18.010033557343217, 

1.4168434919432737, 0.00026279886558886395, 20.0, -17.9922917204724, 20.340334311754503, -16.9922917204724, 

0.2467805033692683, 1.6331896830037268e-06, 20.0, -19.93909774996713, 23.0737802365558, -18.93909774996713, 

1.4602385532610542, 6.110388354137394e-06, 20.0, -17.86769725718171, 20.291348529774073, -16.86769725718171, 

1.3080067404303872, 3.2869765573033695e-06, 20.0, -18.289115080012117, 20.478857958266335, -17.289115080012117, 

1.102798527229295, 0.0, 20.0, -18.7838354083409, 20.804970482741922, -17.7838354083409, 

0.5672645983421837, 0.0024725757413742114, 20.0, -19.675738299726305, 22.055203306904957, -18.675738299726305, 

1.7480498127798965, 0.0004276082334124017, 20.0, -16.943894243806756, 20.063906505073657, -15.943894243806756, 

0.7319349712390374, 0.001736789601408006, 20.0, -19.4625344082759, 21.60972570676795, -18.4625344082759, 

1.692414376083855, 0.00024878825869701255, 20.0, -17.135484791366, 20.09485770429858, -16.135484791366, 

1.6528954239111182, 0.0001376155499546784, 20.0, -17.26779910206373, 20.120619202291795, -16.26779910206373, 

1.162248759363706, 0.001577486523107594, 20.0, -18.64760033483442, 20.703404627710757, -17.64760033483442, 

0.07941734598795605, 5.801526086588278e-05, 20.0, -19.993634869895363, 23.688695746152813, -18.993634869895363, 

1.7130658961674765, 0.0014622846149302383, 20.0, -17.06394295077299, 20.083793464557104, -16.06394295077299, 

0.5490756536740965, 0, 20.0, -19.698515926542363, 22.10518145876125, -18.698515926542363, 

1.6325744135354372, 0.00033144250043580335, 20.0, -17.334369341768987, 20.135333004089265, -16.334369341768987, 

1.3615243912258286, 0.0, 20.0, -18.146251332097137, 20.407651102999548, -17.146251332097137, 

0.10303002608983279, 7.773415482065423e-05, 20.0, -19.98930707956911, 23.59857281607156, -18.98930707956911, 

1.3493663987735212, 3.614748556230936e-05, 20.0, -18.179174174375415, 20.4233602305305, -17.179174174375415, 

1.1185746383297026, 0.00023245015404245564, 20.0, -18.748558328331534, 20.777143118349656, -17.748558328331534, 

0.17354127457632346, 0, 20.0, -19.969883426018423, 23.335951475676282, -18.969883426018423, 

1.2644834010729953, 5.779881215036494e-05, 20.0, -18.401023929598722, 20.5410424661093, -17.401023929598722, 

1.1847734005893016, 4.816809813759513e-05, 20.0, -18.596263821157926, 20.66464257648487, -17.596263821157926, 

1.4480149225366727, 0.0006212791433437633, 20.0, -17.90263150496777, 20.305308804885538, -16.90263150496777, 

10.427159070900565, 0.0002978060855296226, 20.0, 88.72594409594946, 91.0173078123472, 89.72594409594946, 

15.597664619448201, 1.4111549893541104, 20.0, 224.69829657014031, 206.3076380923475, 225.69829657014031, 

2.3888454545396276, 0.00031199412996572016, 20.0, -14.293105400195394, 20.151512781646094, -13.293105400195394, 

0, 26.945721088256494, 20.0, 6.945721088256494, 50.94572108825649, 7.945721088256494, 

1.1321649153641862, 38.31620592357351, 20.0, 19.598003319155104, 59.06934365769836, 20.59800331915511, 

0.09690607772904525, 2.852890006912689e-05, 20.0, -19.990580683199102, 23.621795005884717, -18.990580683199102, 

3.3744824042538184, 0.0004923058198220982, 20.0, -8.612376197561547, 21.889694185423178, -7.612376197561547, 

10.473146718801857, 0, 20.0, 89.68680219355011, 91.79421531834268, 90.68680219355011, 

4.241735761332532, 4.965762862096461, 20.0, 2.95808513106374, 29.99114208573361, 3.95808513106374, 

1.229798784684076, 17.0169870980622, 20.0, -1.4706078511273724, 37.610197010136325, -0.4706078511273688, 

1.7032422752050935, 2.8322285604673145, 20.0, -14.266737191486861, 22.920293707692764, -13.266737191486861, 

0.9136086942226186, 14.736252436063493, 20.0, -4.429066717777349, 35.91649850533218, -3.4290667177773493, 

1.318331518022326, 0.0012800641254607792, 20.0, -18.260721944463487, 20.46595198344721, -17.260721944463487, 

16.902765792042416, 16.58400282579199, 20.0, 282.28749424643127, 258.67643107826166, 283.28749424643127, 

4.040321299169588, 9.064931743238962, 20.0, 5.389127943762389, 33.22784274708404, 6.389127943762389, 

11.785409344304115, 3.35032661298441, 20.0, 122.24620002579519, 119.1045626485787, 123.24620002579519, 

0.8429699417757642, 2.550687721315176e-06, 20.0, -19.289399126574843, 21.3387211063221, -18.289399126574843, 

7.6839167544171865, 4.03296834786149e-09, 20.0, 39.04257669284612, 52.30690967517737, 40.04257669284612, 

1.4515965636754649, 7.029728417459005, 20.0, -10.863138998866578, 27.330474746431562, -9.863138998866578, 

0.04479361602127016, 4.382975222123769, 20.0, -15.61501830983997, 28.20580722607495, -14.61501830983997, 

1.2971025786731496, 0.3409287170578521, 20.0, -17.976596183341613, 20.834993501965787, -16.976596183341613, 

4.3605387401596, 44.52372374100132, 20.0, 43.53802184543399, 70.09586688479558, 44.53802184543399, 

14.23299069242643, 0.0, 20.0, 182.5780240506974, 169.64606128099166, 183.5780240506974, 

0, 5.67853681145497, 20.0, -14.32146318854503, 29.67853681145497, -13.32146318854503, 

1.4562431285345754, 0.0004682274952058098, 20.0, -17.878887723100625, 20.296139762761072, -16.878887723100625, 

8.83155813887527, 17.877078734740827, 20.0, 75.87349789507485, 84.54726533957377, 76.87349789507485, 

1.6012799910507705, 3.7661155581181985e-06, 20.0, -17.435898624144887, 20.158981411652032, -16.435898624144887, 

0.8221659735403452, 0, 20.0, -19.324043111952456, 21.387292993886163, -18.324043111952456, 

1.636375935454216, 32.08785699641182, 20.0, 14.765583198545485, 52.22007945672862, 15.765583198545485, 

13.875075567061565, 2.1455619378252365e-05, 20.0, 172.51774344728818, 161.01744117904192, 173.51774344728818, 

20.31822970905764, 14.599135100178751, 20.0, 407.4295936102112, 370.1566747739807, 408.4295936102112, 

0.1617247037531313, 0, 20.0, -19.97384512019596, 23.379256064791512, -18.97384512019596, 

15.241640424624533, 0.0011541573403929387, 20.0, 212.3087569908891, 195.34219529239095, 213.3087569908891, 

0.5959144252726225, 0.00010737326708157806, 20.0, -19.644778624484918, 21.97156367442459, -18.644778624484918, 

1.4727727433814406, 0.00020282969553511113, 20.0, -17.83073761665717, 20.278171409817066, -16.83073761665717, 

0, 4.036205015442455e-05, 20.0, -19.999959637949846, 24.000040362050154, -18.999959637949846, 

5.210802639073898, 0.0021941166405736933, 20.0, 7.154658260020074, 30.311447703724482, 8.154658260020074, 

1.2327757065569132, 7.803655840649791, 20.0, -10.676608216673312, 28.392288957099034, -9.676608216673312, 

1.915544247868805, 0.00014900088999798171, 20.0, -16.330541233566738, 20.007281774958045, -15.330541233566736, 

0.09189653098088872, 10.648702001901453, 20.0, -9.342853025692225, 34.28956085038422, -8.342853025692225, 

