Generation 461 at Sat May 25 04:36:28 2019
parameters:
0, 0.0, 20.0, 
objectives:
-20.0, 24.0, -19.0, 

parameters:
0, 0.0, 20.0, 
objectives:
-20.0, 24.0, -19.0, 

parameters:
2.0005217341938613, 0.0, 20.0, 
objectives:
-15.997912791017985, 20.00000027220657, -14.997912791017985, 

parameters:
1.8295636996103086, 0.0, 20.0, 
objectives:
-16.65269666906824, 20.029048532490524, -15.652696669068241, 

parameters:
1.6218566142513349, 0.0, 20.0, 
objectives:
-17.369581122809198, 20.142992420185465, -16.369581122809198, 

parameters:
0.4912629518642907, 0.0, 20.0, 
objectives:
-19.758660712125582, 22.276287480417253, -18.758660712125582, 

parameters:
1.7447456299062243, 0.0, 20.0, 
objectives:
-16.955862686923133, 20.06515479345197, -15.955862686923133, 

parameters:
1.112242908344256, 0.0, 20.0, 
objectives:
-18.76291571283791, 20.788112653785063, -17.76291571283791, 

parameters:
0.06255634857563719, 0.0, 20.0, 
objectives:
-19.99608670325288, 23.753687902444568, -18.99608670325288, 

parameters:
0.6224309578984073, 0.0, 20.0, 
objectives:
-19.612579702649672, 21.8976964657567, -18.612579702649672, 

parameters:
1.8894475437470464, 0.0, 20.0, 
objectives:
-16.429987979428255, 20.01222184558356, -15.429987979428253, 

parameters:
0.2264216577945499, 0.0, 20.0, 
objectives:
-19.94873323288157, 23.145580135940232, -18.94873323288157, 

parameters:
1.695815055360574, 0.0, 20.0, 
objectives:
-17.124211298012412, 20.09252848054529, -16.124211298012412, 

parameters:
1.948368552872774, 0.0, 20.0, 
objectives:
-16.203859982176454, 20.002665806332452, -15.203859982176452, 

parameters:
1.2136809465389506, 0.0, 20.0, 
objectives:
-18.526978560008317, 20.61829765383588, -17.526978560008317, 

parameters:
0.9525963046362906, 0.0, 20.0, 
objectives:
-19.092560280393283, 21.097054501061553, -18.092560280393283, 

parameters:
1.402837964659337, 0.0, 20.0, 
objectives:
-18.03204564491045, 20.356602496452204, -17.032045644910447, 

parameters:
0.35925939817483893, 0.0, 20.0, 
objectives:
-19.870932684823053, 22.692029722477592, -18.870932684823053, 

parameters:
1.4724834379472016, 0.0, 20.0, 
objectives:
-17.83179252497119, 20.278273723240005, -16.83179252497119, 

parameters:
0.41758456918358, 0.0, 20.0, 
objectives:
-19.825623127579764, 22.504038595685916, -18.825623127579764, 

parameters:
0.7756074180647986, 0.0, 20.0, 
objectives:
-19.398433133042857, 21.499137194697948, -18.398433133042857, 

parameters:
1.3214384826027656, 0.0, 20.0, 
objectives:
-18.2538003366965, 20.46044573289244, -17.2538003366965, 

parameters:
0.2742453096062509, 0.0, 20.0, 
objectives:
-19.924789510158973, 22.978229251416025, -18.924789510158973, 

parameters:
1.0017576757646458, 0.0, 20.0, 
objectives:
-18.996481559046615, 20.996487737894803, -17.996481559046615, 

parameters:
0.8699341932145062, 0.0, 20.0, 
objectives:
-19.243214499476228, 21.27704872766575, -18.243214499476228, 

parameters:
1.5493055685859312, 0.0, 20.0, 
objectives:
-17.599652255148627, 20.20312547050765, -16.599652255148627, 

parameters:
1.3463431949850888, 0.0, 20.0, 
objectives:
-18.187360001317344, 20.4272672187423, -17.187360001317344, 

parameters:
0.8537589740563263, 0.0, 20.0, 
objectives:
-19.27109561421829, 21.313868489556405, -18.27109561421829, 

parameters:
1.5532851144754733, 0.0, 20.0, 
objectives:
-17.587305353148917, 20.19955418894919, -16.587305353148917, 

parameters:
1.2537963132235825, 0.0, 20.0, 
objectives:
-18.42799480494695, 20.556819942158718, -17.42799480494695, 

parameters:
1.4577767652798233, 0.0, 20.0, 
objectives:
-17.874886902610296, 20.29400603627041, -16.874886902610296, 

parameters:
0.6899206805789615, 0.0, 20.0, 
objectives:
-19.524009454509464, 21.71630782317469, -18.52400945450946, 

parameters:
1.057909677566872, 0.0, 20.0, 
objectives:
-18.880827114110357, 20.887534175622154, -17.880827114110357, 

parameters:
0.6703139144325778, 0.0, 20.0, 
objectives:
-19.550679256118073, 21.768065086151616, -18.550679256118073, 

parameters:
1.053303539374404, 0.0, 20.0, 
objectives:
-18.890551653941355, 20.89623418856103, -17.890551653941355, 

parameters:
0.7430400841089241, 0.0, 20.0, 
objectives:
-19.447891433407403, 21.5799482301569, -18.447891433407403, 

parameters:
1.2460638666389865, 0.0, 20.0, 
objectives:
-18.447324840256698, 20.568419693187355, -17.447324840256698, 

parameters:
0.7443137373692066, 0.0, 20.0, 
objectives:
-19.445997060363485, 21.57674799015969, -18.445997060363485, 

parameters:
1.2472536648617796, 0.0, 20.0, 
objectives:
-18.44435829548886, 20.56662704506402, -17.44435829548886, 

parameters:
0, 0.0, 20.0, 
objectives:
-20.0, 24.0, -19.0, 

