Generation 464 at Fri May 24 19:55:18 2019
parameters:
0, 0.0, 20.0, 
objectives:
-20.0, 24.0, -19.0, 

parameters:
0, 0.0, 20.0, 
objectives:
-20.0, 24.0, -19.0, 

parameters:
1.9979647189482492, 0.0, 20.0, 
objectives:
-16.008136981838042, 20.000004142368958, -15.008136981838044, 

parameters:
0.6344684756909508, 0.0, 20.0, 
objectives:
-19.5974497533544, 21.864676343881797, -18.5974497533544, 

parameters:
0.4674090696919268, 0.0, 20.0, 
objectives:
-19.781528761569728, 22.348834959662565, -18.781528761569728, 

parameters:
0.8117220342863416, 0.0, 20.0, 
objectives:
-19.341107339054044, 21.41200452380059, -18.341107339054044, 

parameters:
1.9177222743208107, 0.0, 20.0, 
objectives:
-16.322341278573816, 20.00676962414294, -15.322341278573818, 

parameters:
1.2373034166503767, 0.0, 20.0, 
objectives:
-18.469080255145304, 20.581706078253188, -17.469080255145304, 

parameters:
1.5511470765098962, 0.0, 20.0, 
objectives:
-17.593942747034802, 20.201468946925612, -16.593942747034802, 

parameters:
1.3114128869654382, 0.0, 20.0, 
objectives:
-18.280196239900974, 20.47415221223727, -17.280196239900974, 

parameters:
1.4801532181622294, 0.0, 20.0, 
objectives:
-17.809146450763997, 20.270240676587086, -16.809146450763997, 

parameters:
0.8870622226088786, 0.0, 20.0, 
objectives:
-19.213120613220198, 21.23863049634429, -18.213120613220198, 

parameters:
1.8692969086757993, 0.0, 20.0, 
objectives:
-16.5057290672151, 20.0170832980817, -15.5057290672151, 

parameters:
1.794223732977258, 0.0, 20.0, 
objectives:
-16.780761196021153, 20.042343872069814, -15.780761196021153, 

parameters:
0.15683558036922027, 0.0, 20.0, 
objectives:
-19.97540260073025, 23.39725507779287, -18.97540260073025, 

parameters:
0.4036965270577645, 0.0, 20.0, 
objectives:
-19.8370291140415, 22.548184777727442, -18.8370291140415, 

parameters:
0.2014535651274987, 0.0, 20.0, 
objectives:
-19.95941646109742, 23.234769278392584, -18.95941646109742, 

parameters:
0.04271393512588069, 0.0, 20.0, 
objectives:
-19.998175519746063, 23.830968739750414, -18.998175519746063, 

parameters:
1.160281476159992, 0.0, 20.0, 
objectives:
-18.65374689607999, 20.705127199280042, -17.65374689607999, 

parameters:
1.7358346839141847, 0.0, 20.0, 
objectives:
-16.986877950120544, 20.069783314222718, -15.986877950120542, 

parameters:
1.6891651159564696, 0.0, 20.0, 
objectives:
-17.146721211035768, 20.096618325138355, -16.146721211035768, 

parameters:
1.3745638201147339, 0.0, 20.0, 
objectives:
-18.11057430443159, 20.391170415109475, -17.11057430443159, 

parameters:
0.9445660429494918, 0.0, 20.0, 
objectives:
-19.10779499050674, 21.113940837695296, -18.10779499050674, 

parameters:
1.8276893618787349, 0.0, 20.0, 
objectives:
-16.659551596475303, 20.02969095600976, -15.659551596475303, 

parameters:
0.30717956659672274, 0.0, 20.0, 
objectives:
-19.90564071386545, 22.86564101974766, -18.90564071386545, 

parameters:
1.4368299388152503, 0.0, 20.0, 
objectives:
-17.935519726924163, 20.317160517814834, -16.935519726924163, 

parameters:
1.6268806561995175, 0.0, 20.0, 
objectives:
-17.353259330483827, 20.139218044718103, -16.353259330483827, 

parameters:
1.614663493689948, 0.0, 20.0, 
objectives:
-17.39286180214497, 20.148484223095238, -16.39286180214497, 

parameters:
1.1361232843332827, 0.0, 20.0, 
objectives:
-18.709223882795754, 20.746282979871115, -17.709223882795754, 

parameters:
1.0157831542616285, 0.0, 20.0, 
objectives:
-18.968184583518298, 20.96868279943519, -17.968184583518298, 

parameters:
0.32719408162367053, 0.0, 20.0, 
objectives:
-19.892944032950442, 22.798279640554874, -18.892944032950442, 

parameters:
1.085318738745171, 0.0, 20.0, 
objectives:
-18.82208323532859, 20.836641809690725, -17.82208323532859, 

parameters:
0.8228737627293807, 0.0, 20.0, 
objectives:
-19.32287877061159, 21.385626178470886, -18.32287877061159, 

parameters:
0.9870939880049758, 0.0, 20.0, 
objectives:
-19.025645458844433, 21.025978589135665, -18.025645458844433, 

parameters:
1.064191942940381, 0.0, 20.0, 
objectives:
-18.867495508580777, 20.8757367196577, -17.867495508580777, 

parameters:
1.4008101873075818, 0.0, 20.0, 
objectives:
-18.037730819135298, 20.359028431634375, -17.037730819135298, 

parameters:
1.7099491427559008, 0.0, 20.0, 
objectives:
-17.07607392918836, 20.084129499788038, -16.07607392918836, 

