Generation 469 at Fri May 24 19:55:18 2019
parameters:
0, 0.0, 20.0, 
objectives:
-20.0, 24.0, -19.0, 

parameters:
0, 0.0, 20.0, 
objectives:
-20.0, 24.0, -19.0, 

parameters:
1.9979647189482492, 0.0, 20.0, 
objectives:
-16.008136981838042, 20.000004142368958, -15.008136981838044, 

parameters:
1.7358346839141847, 0.0, 20.0, 
objectives:
-16.986877950120544, 20.069783314222718, -15.986877950120542, 

parameters:
1.6268806561995175, 0.0, 20.0, 
objectives:
-17.353259330483827, 20.139218044718103, -16.353259330483827, 

parameters:
0.6344684756909508, 0.0, 20.0, 
objectives:
-19.5974497533544, 21.864676343881797, -18.5974497533544, 

parameters:
1.8276893618787349, 0.0, 20.0, 
objectives:
-16.659551596475303, 20.02969095600976, -15.659551596475303, 

parameters:
1.054495735767432, 0.0, 20.0, 
objectives:
-18.888038743248302, 20.89397831368197, -17.888038743248302, 

parameters:
0.2998720650337788, 0.0, 20.0, 
objectives:
-19.910076744612375, 22.89043499525251, -18.910076744612375, 

parameters:
0.5234603583151702, 0.0, 20.0, 
objectives:
-19.725989253272555, 22.180169313466767, -18.725989253272555, 

parameters:
1.4809342375335344, 0.0, 20.0, 
objectives:
-17.80683378410097, 20.26942926576489, -16.80683378410097, 

parameters:
0.4036965270577645, 0.0, 20.0, 
objectives:
-19.8370291140415, 22.548184777727442, -18.8370291140415, 

parameters:
0.9817546240568862, 0.0, 20.0, 
objectives:
-19.03615785814292, 21.036823645629532, -18.03615785814292, 

parameters:
0.8149286864623143, 0.0, 20.0, 
objectives:
-19.335891235980807, 21.404394018169935, -18.335891235980807, 

parameters:
1.8692969086757993, 0.0, 20.0, 
objectives:
-16.5057290672151, 20.0170832980817, -15.5057290672151, 

parameters:
1.5511470765098962, 0.0, 20.0, 
objectives:
-17.593942747034802, 20.201468946925612, -16.593942747034802, 

parameters:
0.04578390580782131, 0.005647459489588336, 20.0, 
objectives:
-19.992256374479393, 23.824608002289324, -18.992256374479393, 

parameters:
0.15922241108458304, 8.953913092809101e-05, 20.0, 
objectives:
-19.974558684677483, 23.388551670984185, -18.974558684677483, 

parameters:
0.8870622226088786, 0.0, 20.0, 
objectives:
-19.213120613220198, 21.23863049634429, -18.213120613220198, 

parameters:
1.9370509747491647, 0.0, 20.0, 
objectives:
-16.24783352122331, 20.00396257978003, -15.247833521223312, 

parameters:
0.2014535651274987, 0.0, 20.0, 
objectives:
-19.95941646109742, 23.234769278392584, -18.95941646109742, 

parameters:
0.4674090696919268, 0.0, 20.0, 
objectives:
-19.781528761569728, 22.348834959662565, -18.781528761569728, 

parameters:
1.3745638201147339, 0.0, 20.0, 
objectives:
-18.11057430443159, 20.391170415109475, -17.11057430443159, 

parameters:
0.9282685390130204, 0.0, 20.0, 
objectives:
-19.138317519478633, 21.148608324469286, -18.138317519478633, 

parameters:
1.2611799732408122, 0.0, 20.0, 
objectives:
-18.409425075096305, 20.545855031940448, -17.409425075096305, 

parameters:
1.3238208126749869, 0.0, 20.0, 
objectives:
-18.247498455928536, 20.457218293371515, -17.247498455928536, 

parameters:
1.5792715337243437, 0.0, 20.0, 
objectives:
-17.50590142276796, 20.177012442334664, -16.50590142276796, 

parameters:
0.7353392684381438, 0.0, 20.0, 
objectives:
-19.459276160292855, 21.59936676595457, -18.459276160292855, 

parameters:
1.9177222743208107, 0.0, 20.0, 
objectives:
-16.322341278573816, 20.00676962414294, -15.322341278573818, 

parameters:
1.1361232843332827, 0.0, 20.0, 
objectives:
-18.709223882795754, 20.746282979871115, -17.709223882795754, 

parameters:
1.2069569586533782, 0.0, 20.0, 
objectives:
-18.54325489995819, 20.6289172654283, -17.54325489995819, 

parameters:
1.4368299388152503, 0.0, 20.0, 
objectives:
-17.935519726924163, 20.317160517814834, -16.935519726924163, 

parameters:
1.1840641753493866, 0.0, 20.0, 
objectives:
-18.597992028654176, 20.665751269948277, -17.597992028654176, 

parameters:
1.408823042455862, 0.0, 20.0, 
objectives:
-18.01521763504541, 20.349490195131143, -17.01521763504541, 

parameters:
1.2923346067776835, 0.0, 20.0, 
objectives:
-18.32987126412477, 20.500790308764497, -17.32987126412477, 

parameters:
0.7598124020824377, 0.0, 20.0, 
objectives:
-19.422685113641716, 21.538065278028533, -18.422685113641716, 

parameters:
1.1381667326625686, 0.0, 20.0, 
objectives:
-18.704576488660212, 20.742756580689512, -17.704576488660212, 

parameters:
0.7536547224088543, 0.0, 20.0, 
objectives:
-19.432004559390833, 21.55337655097375, -18.432004559390833, 

parameters:
0.7354746955597038, 0.0, 20.0, 
objectives:
-19.45907697219136, 21.599024245569822, -18.45907697219136, 

