Generation 473 at Sat May 25 04:36:28 2019
parameters:
0, 0.0, 20.0, 
objectives:
-20.0, 24.0, -19.0, 

parameters:
0, 0.0, 20.0, 
objectives:
-20.0, 24.0, -19.0, 

parameters:
2.0005217341938613, 0.0, 20.0, 
objectives:
-15.997912791017985, 20.00000027220657, -14.997912791017985, 

parameters:
0.8870252338508202, 0.0, 20.0, 
objectives:
-19.213186234511898, 21.238712830084822, -18.213186234511898, 

parameters:
1.7447456299062243, 0.0, 20.0, 
objectives:
-16.955862686923133, 20.06515479345197, -15.955862686923133, 

parameters:
1.112242908344256, 0.0, 20.0, 
objectives:
-18.76291571283791, 20.788112653785063, -17.76291571283791, 

parameters:
0.9929596086848564, 0.0, 20.0, 
objectives:
-19.01403121552042, 21.014130349740157, -18.01403121552042, 

parameters:
0.5142348490464912, 0.0, 20.0, 
objectives:
-19.735562520026132, 22.207498083787904, -18.735562520026132, 

parameters:
1.8295636996103086, 0.0, 20.0, 
objectives:
-16.65269666906824, 20.029048532490524, -15.652696669068241, 

parameters:
0.3126206011472835, 0.0, 20.0, 
objectives:
-19.90226835973831, 22.847249235672557, -18.90226835973831, 

parameters:
1.3169887108003286, 0.0, 20.0, 
objectives:
-18.265540735624487, 20.466504421174196, -17.265540735624487, 

parameters:
1.455737735274343, 0.0, 20.0, 
objectives:
-17.880827646098325, 20.2962214128043, -16.880827646098325, 

parameters:
1.5888658693101787, 0.0, 20.0, 
objectives:
-17.47550524934121, 20.169031273418074, -16.47550524934121, 

parameters:
1.6476835267164145, 0.0, 20.0, 
objectives:
-17.28513899578736, 20.124126897346983, -16.28513899578736, 

parameters:
0.6428958211116265, 0.0, 20.0, 
objectives:
-19.586684963197207, 21.841731752356285, -18.586684963197207, 

parameters:
1.402837964659337, 0.0, 20.0, 
objectives:
-18.03204564491045, 20.356602496452204, -17.032045644910447, 

parameters:
0.2264216577945499, 0.0, 20.0, 
objectives:
-19.94873323288157, 23.145580135940232, -18.94873323288157, 

parameters:
1.0480334322176343, 0.0, 20.0, 
objectives:
-18.901625924954125, 20.906240346175338, -17.901625924954125, 

parameters:
1.2090283927333345, 0.0, 20.0, 
objectives:
-18.53825034556465, 20.625636083502012, -17.53825034556465, 

parameters:
1.695815055360574, 0.0, 20.0, 
objectives:
-17.124211298012412, 20.09252848054529, -16.124211298012412, 

parameters:
0.14671921744315602, 0.0, 20.0, 
objectives:
-19.978473471232867, 23.43464965899451, -18.978473471232867, 

parameters:
0.42489739823622086, 0.0, 20.0, 
objectives:
-19.81946220097209, 22.480948206083028, -18.81946220097209, 

parameters:
1.948368552872774, 0.0, 20.0, 
objectives:
-16.203859982176454, 20.002665806332452, -15.203859982176452, 

parameters:
1.2063255732970866, 0.0, 20.0, 
objectives:
-18.544778611209455, 20.629919095602197, -17.544778611209455, 

parameters:
0.8150943834545183, 0.0, 20.0, 
objectives:
-19.335621146060898, 21.40400132012103, -18.335621146060898, 

parameters:
1.5179704212561271, 0.0, 20.0, 
objectives:
-17.695765800191495, 20.232352514783997, -16.695765800191495, 

parameters:
1.3463431949850888, 0.0, 20.0, 
objectives:
-18.187360001317344, 20.4272672187423, -17.187360001317344, 

parameters:
1.539247473070857, 0.0, 20.0, 
objectives:
-17.63071721664498, 20.21229289107159, -16.63071721664498, 

parameters:
1.8661150401252267, 0.0, 20.0, 
objectives:
-16.517614657018424, 20.01792518248067, -15.517614657018424, 

parameters:
1.9181734333219527, 0.0, 20.0, 
objectives:
-16.32061067969787, 20.006695587014317, -15.320610679697872, 

parameters:
0.45634875601701264, 0.0, 20.0, 
objectives:
-19.791745812881725, 22.382859163050224, -18.791745812881725, 

parameters:
1.8894475437470464, 0.0, 20.0, 
objectives:
-16.429987979428255, 20.01222184558356, -15.429987979428253, 

parameters:
0.06255634857563719, 0.0, 20.0, 
objectives:
-19.99608670325288, 23.753687902444568, -18.99608670325288, 

parameters:
0.7799779185787433, 0.0, 20.0, 
objectives:
-19.391634446529572, 21.488453879155454, -18.391634446529572, 

parameters:
0.7501380840058842, 0.0, 20.0, 
objectives:
-19.43729285492398, 21.562154809052483, -18.43729285492398, 

parameters:
0.7198365167491018, 0.0, 20.0, 
objectives:
-19.48183538915452, 21.638818543849073, -18.48183538915452, 

parameters:
0.058352645740765784, 0.0, 20.0, 
objectives:
-19.996594968735053, 23.769994448301883, -18.996594968735053, 

parameters:
0.69166458627428, 0.0, 20.0, 
objectives:
-19.52160010009403, 21.71174155480885, -18.52160010009403, 

parameters:
0.6606376761992163, 0.0, 20.0, 
objectives:
-19.563557860786098, 21.793891434417034, -18.563557860786098, 

parameters:
0.6812567516450004, 0.0, 20.0, 
objectives:
-19.5358892383381, 21.739083755081896, -18.5358892383381, 

