Generation 478 at Sat May 25 04:36:28 2019
parameters:
0, 0.0, 20.0, 
objectives:
-20.0, 24.0, -19.0, 

parameters:
0, 0.0, 20.0, 
objectives:
-20.0, 24.0, -19.0, 

parameters:
2.0005217341938613, 0.0, 20.0, 
objectives:
-15.997912791017985, 20.00000027220657, -14.997912791017985, 

parameters:
1.112242908344256, 0.0, 20.0, 
objectives:
-18.76291571283791, 20.788112653785063, -17.76291571283791, 

parameters:
1.5888658693101787, 0.0, 20.0, 
objectives:
-17.47550524934121, 20.169031273418074, -16.47550524934121, 

parameters:
1.695815055360574, 0.0, 20.0, 
objectives:
-17.124211298012412, 20.09252848054529, -16.124211298012412, 

parameters:
0.42489739823622086, 0.0, 20.0, 
objectives:
-19.81946220097209, 22.480948206083028, -18.81946220097209, 

parameters:
1.7447456299062243, 0.0, 20.0, 
objectives:
-16.955862686923133, 20.06515479345197, -15.955862686923133, 

parameters:
1.3693003469814862, 0.0, 20.0, 
objectives:
-18.125016559756382, 20.397782052317673, -17.125016559756382, 

parameters:
1.8295636996103086, 0.0, 20.0, 
objectives:
-16.65269666906824, 20.029048532490524, -15.652696669068241, 

parameters:
0.5735546599263911, 0.0, 20.0, 
objectives:
-19.67103505207672, 22.034746308217713, -18.67103505207672, 

parameters:
0.9847512218008101, 0.0, 20.0, 
objectives:
-19.03026503116181, 21.03073008163495, -18.03026503116181, 

parameters:
1.3171908876978304, 0.0, 20.0, 
objectives:
-18.265008165365803, 20.466228283842877, -17.265008165365803, 

parameters:
1.8661150401252267, 0.0, 20.0, 
objectives:
-16.517614657018424, 20.01792518248067, -15.517614657018424, 

parameters:
0.2264216577945499, 0.0, 20.0, 
objectives:
-19.94873323288157, 23.145580135940232, -18.94873323288157, 

parameters:
1.455737735274343, 0.0, 20.0, 
objectives:
-17.880827646098325, 20.2962214128043, -16.880827646098325, 

parameters:
1.2469973854494423, 0.0, 20.0, 
objectives:
-18.444997520682254, 20.567012937519976, -17.444997520682257, 

parameters:
1.948368552872774, 0.0, 20.0, 
objectives:
-16.203859982176454, 20.002665806332452, -15.203859982176452, 

parameters:
0.7360517631432619, 0.0, 20.0, 
objectives:
-19.458227801973695, 21.597565145453256, -18.458227801973695, 

parameters:
1.9181734333219527, 0.0, 20.0, 
objectives:
-16.32061067969787, 20.006695587014317, -15.320610679697872, 

parameters:
0.900742852991341, 0.0, 20.0, 
objectives:
-19.18866231278502, 21.208366275249617, -18.18866231278502, 

parameters:
1.5365118130684778, 0.0, 20.0, 
objectives:
-17.63913144830102, 20.21482129942507, -16.63913144830102, 

parameters:
1.1723869598457624, 0.0, 20.0, 
objectives:
-18.62550881638361, 20.68494334423334, -17.62550881638361, 

parameters:
0.3171467704505695, 0.0, 20.0, 
objectives:
-19.899417925992775, 22.831994992204947, -18.899417925992772, 

parameters:
0.34376439616023713, 0.0, 20.0, 
objectives:
-19.881826039932587, 22.743116375426464, -18.881826039932587, 

parameters:
0.6829241749739661, 0.0, 20.0, 
objectives:
-19.53361457123613, 21.734688728868008, -18.53361457123613, 

parameters:
0.6428958211116265, 0.0, 20.0, 
objectives:
-19.586684963197207, 21.841731752356285, -18.586684963197207, 

parameters:
0.978184950522418, 0.0, 20.0, 
objectives:
-19.043154202571454, 21.044105995338874, -18.043154202571454, 

parameters:
1.509523914343194, 0.0, 20.0, 
objectives:
-17.721337552026, 20.24056679060122, -16.721337552026, 

parameters:
0.06196858224990123, 0.0, 20.0, 
objectives:
-19.99615989481394, 23.755965776186457, -18.996159894813935, 

parameters:
0.8008668467482054, 0.0, 20.0, 
objectives:
-19.358612293779586, 21.437920319227594, -18.358612293779586, 

parameters:
0.13132195205586428, 0.0, 20.0, 
objectives:
-19.982754544908236, 23.491957646868308, -18.982754544908236, 

parameters:
0.1646954305549211, 0.0, 20.0, 
objectives:
-19.97287541515433, 23.368342862625987, -18.97287541515433, 

parameters:
0.8684091739454386, 0.0, 20.0, 
objectives:
-19.2458655066074, 21.280497797610845, -18.2458655066074, 

parameters:
1.4690551752704681, 0.0, 20.0, 
objectives:
-17.841876892011054, 20.281902406907072, -16.841876892011054, 

parameters:
0.5887453914107927, 0.0, 20.0, 
objectives:
-19.653378864092552, 21.991639570264276, -18.653378864092552, 

parameters:
0.8333375699103539, 0.0, 20.0, 
objectives:
-19.305548494575905, 21.36110122578268, -18.305548494575905, 

parameters:
1.2140381079342297, 0.0, 20.0, 
objectives:
-18.526111472483475, 20.617736095779605, -17.526111472483475, 

parameters:
0.02168133256244364, 0.0, 20.0, 
objectives:
-19.99952991981832, 23.913744749931908, -18.99952991981832, 

parameters:
1.200451215827218, 0.0, 20.0, 
objectives:
-18.558916878418955, 20.639278258272174, -17.558916878418955, 

parameters:
0.8150943834545183, 0.0, 20.0, 
objectives:
-19.335621146060898, 21.40400132012103, -18.335621146060898, 

parameters:
1.2063255732970866, 0.0, 20.0, 
objectives:
-18.544778611209455, 20.629919095602197, -17.544778611209455, 

parameters:
0, 0.0, 20.0, 
objectives:
-20.0, 24.0, -19.0, 

