Generation 479 at Fri May 24 19:55:18 2019
parameters:
0, 0.0, 20.0, 
objectives:
-20.0, 24.0, -19.0, 

parameters:
0, 0.0, 20.0, 
objectives:
-20.0, 24.0, -19.0, 

parameters:
1.9979647189482492, 0.0, 20.0, 
objectives:
-16.008136981838042, 20.000004142368958, -15.008136981838044, 

parameters:
1.4581030182312953, 0.0, 20.0, 
objectives:
-17.873935588224786, 20.29365233885003, -16.873935588224786, 

parameters:
0.7671328304573863, 0.0, 20.0, 
objectives:
-19.411507220434437, 21.519961457736017, -18.411507220434437, 

parameters:
0.8953701254810182, 0.0, 20.0, 
objectives:
-19.198312338396107, 21.22020715967982, -18.198312338396107, 

parameters:
1.5511470765098962, 0.0, 20.0, 
objectives:
-17.593942747034802, 20.201468946925612, -16.593942747034802, 

parameters:
1.326336449236305, 0.0, 20.0, 
objectives:
-18.24083162342723, 20.45382257962755, -17.24083162342723, 

parameters:
1.161038956099168, 0.0, 20.0, 
objectives:
-18.651988542420153, 20.703855633183174, -17.651988542420156, 

parameters:
0.9817546240568862, 0.0, 20.0, 
objectives:
-19.03615785814292, 21.036823645629532, -18.03615785814292, 

parameters:
1.6157582456751507, 0.0, 20.0, 
objectives:
-17.38932529153276, 20.147641725766636, -16.38932529153276, 

parameters:
0.6344684756909508, 0.0, 20.0, 
objectives:
-19.5974497533544, 21.864676343881797, -18.5974497533544, 

parameters:
1.2611799732408122, 0.0, 20.0, 
objectives:
-18.409425075096305, 20.545855031940448, -17.409425075096305, 

parameters:
1.680632318312175, 0.0, 20.0, 
objectives:
-17.175475010644643, 20.101995716106657, -16.175475010644643, 

parameters:
0.18262349080311327, 0, 20.0, 
objectives:
-19.966648660606886, 23.30285737618066, -18.966648660606886, 

parameters:
1.8276893618787349, 0.0, 20.0, 
objectives:
-16.659551596475303, 20.02969095600976, -15.659551596475303, 

parameters:
1.054495735767432, 0.0, 20.0, 
objectives:
-18.888038743248302, 20.89397831368197, -17.888038743248302, 

parameters:
0.055495704254097465, 0.0, 20.0, 
objectives:
-19.99692022680934, 23.781096956174267, -18.99692022680934, 

parameters:
1.9370509747491647, 0.0, 20.0, 
objectives:
-16.24783352122331, 20.00396257978003, -15.247833521223312, 

parameters:
1.7642090576349752, 0.0, 20.0, 
objectives:
-16.88756640095871, 20.055597368501388, -15.887566400958713, 

parameters:
0.32362027692855716, 0.0, 20.0, 
objectives:
-19.895269916360682, 22.810248975925088, -18.895269916360682, 

parameters:
0.4043969528883917, 0.0, 20.0, 
objectives:
-19.836463104494584, 22.54594908395185, -18.836463104494584, 

parameters:
1.1101736896015788, 0.0, 20.0, 
objectives:
-18.767514378916417, 20.791790862677267, -17.767514378916417, 

parameters:
0.5234603583151702, 0.0, 20.0, 
objectives:
-19.725989253272555, 22.180169313466767, -18.725989253272555, 

parameters:
0.2583847125433347, 0.0, 20.0, 
objectives:
-19.9332373403239, 23.03322380950276, -18.9332373403239, 

parameters:
1.8692969086757993, 0.0, 20.0, 
objectives:
-16.5057290672151, 20.0170832980817, -15.5057290672151, 

parameters:
1.7358346839141847, 0.0, 20.0, 
objectives:
-16.986877950120544, 20.069783314222718, -15.986877950120542, 

parameters:
0.46347037510200234, 0.0, 20.0, 
objectives:
-19.785195211402808, 22.36092328818918, -18.785195211402808, 

parameters:
0.5935324222807888, 0.0, 20.0, 
objectives:
-19.6477192637015, 21.978151047175345, -18.6477192637015, 

parameters:
1.9081383544391561, 0.0, 20.0, 
objectives:
-16.359008020318228, 20.008438561925146, -15.35900802031823, 

parameters:
1.3009083519078901, 0.0, 20.0, 
objectives:
-18.3076374599363, 20.48872913243214, -17.3076374599363, 

parameters:
0, 0, 20.0, 
objectives:
-20.0, 24.0, -19.0, 

