Generation 483 at Sat May 25 04:36:28 2019
parameters:
0, 0.0, 20.0, 
objectives:
-20.0, 24.0, -19.0, 

parameters:
0, 0.0, 20.0, 
objectives:
-20.0, 24.0, -19.0, 

parameters:
2.0005217341938613, 0.0, 20.0, 
objectives:
-15.997912791017985, 20.00000027220657, -14.997912791017985, 

parameters:
0.2264216577945499, 0.0, 20.0, 
objectives:
-19.94873323288157, 23.145580135940232, -18.94873323288157, 

parameters:
1.695815055360574, 0.0, 20.0, 
objectives:
-17.124211298012412, 20.09252848054529, -16.124211298012412, 

parameters:
1.455737735274343, 0.0, 20.0, 
objectives:
-17.880827646098325, 20.2962214128043, -16.880827646098325, 

parameters:
0.900742852991341, 0.0, 20.0, 
objectives:
-19.18866231278502, 21.208366275249617, -18.18866231278502, 

parameters:
0.06196858224990123, 0.0, 20.0, 
objectives:
-19.99615989481394, 23.755965776186457, -18.996159894813935, 

parameters:
1.5888658693101787, 0.0, 20.0, 
objectives:
-17.47550524934121, 20.169031273418074, -16.47550524934121, 

parameters:
1.564332290034605, 0.0, 20.0, 
objectives:
-17.552864486355087, 20.18980635350649, -16.552864486355087, 

parameters:
0.34376439616023713, 0.0, 20.0, 
objectives:
-19.881826039932587, 22.743116375426464, -18.881826039932587, 

parameters:
1.1723869598457624, 0.0, 20.0, 
objectives:
-18.62550881638361, 20.68494334423334, -17.62550881638361, 

parameters:
0.7902320189582169, 0.0, 20.0, 
objectives:
-19.37553335621322, 21.46353856795391, -18.37553335621322, 

parameters:
0.6428958211116265, 0.0, 20.0, 
objectives:
-19.586684963197207, 21.841731752356285, -18.586684963197207, 

parameters:
1.2546702519235082, 0.0, 20.0, 
objectives:
-18.4258025589382, 20.555516433367767, -17.4258025589382, 

parameters:
0.42489739823622086, 0.0, 20.0, 
objectives:
-19.81946220097209, 22.480948206083028, -18.81946220097209, 

parameters:
0.9598442794161357, 0.0, 20.0, 
objectives:
-19.07869895927212, 21.08192392306334, -18.07869895927212, 

parameters:
0.7412249688307859, 0.0, 20.0, 
objectives:
-19.450585545581802, 21.584514579095057, -18.450585545581802, 

parameters:
1.8661150401252267, 0.0, 20.0, 
objectives:
-16.517614657018424, 20.01792518248067, -15.517614657018424, 

parameters:
1.8295636996103086, 0.0, 20.0, 
objectives:
-16.65269666906824, 20.029048532490524, -15.652696669068241, 

parameters:
1.948368552872774, 0.0, 20.0, 
objectives:
-16.203859982176454, 20.002665806332452, -15.203859982176452, 

parameters:
1.9181734333219527, 0.0, 20.0, 
objectives:
-16.32061067969787, 20.006695587014317, -15.320610679697872, 

parameters:
1.777679737875974, 0.0, 20.0, 
objectives:
-16.839854749545207, 20.049426298950895, -15.839854749545207, 

parameters:
0.5735546599263911, 0.0, 20.0, 
objectives:
-19.67103505207672, 22.034746308217713, -18.67103505207672, 

parameters:
1.7447456299062243, 0.0, 20.0, 
objectives:
-16.955862686923133, 20.06515479345197, -15.955862686923133, 

parameters:
1.4009770598766003, 0.0, 20.0, 
objectives:
-18.037263277699516, 20.35882848279408, -17.037263277699516, 

parameters:
1.3693003469814862, 0.0, 20.0, 
objectives:
-18.125016559756382, 20.397782052317673, -17.125016559756382, 

parameters:
1.112242908344256, 0.0, 20.0, 
objectives:
-18.76291571283791, 20.788112653785063, -17.76291571283791, 

parameters:
1.0409019822433534, 0.0, 20.0, 
objectives:
-18.916523063361858, 20.91986900766473, -17.916523063361858, 

parameters:
0.5154875941698589, 0.0, 20.0, 
objectives:
-19.73427254025697, 22.203777083063592, -18.73427254025697, 

parameters:
1.092559493320677, 0.0, 20.0, 
objectives:
-18.806313753554864, 20.823448273162427, -17.806313753554864, 

parameters:
1.3098758163271105, 0.0, 20.0, 
objectives:
-18.284225345801385, 20.476271388890172, -17.284225345801385, 

parameters:
1.3171908876978304, 0.0, 20.0, 
objectives:
-18.265008165365803, 20.466228283842877, -17.265008165365803, 

parameters:
1.041090049046662, 0.0, 20.0, 
objectives:
-18.91613150977602, 20.919508294037332, -17.91613150977602, 

parameters:
0.5204656556310221, 0.0, 20.0, 
objectives:
-19.72911550130857, 22.18902187616734, -18.72911550130857, 

parameters:
0.5195416143664404, 0.0, 20.0, 
objectives:
-19.73007651094151, 22.191757031592726, -18.73007651094151, 

parameters:
0, 0.0, 20.0, 
objectives:
-20.0, 24.0, -19.0, 

parameters:
0, 0.0, 20.0, 
objectives:
-20.0, 24.0, -19.0, 

parameters:
0, 0.0, 20.0, 
objectives:
-20.0, 24.0, -19.0, 

