Generation 485 at Sat May 25 04:36:28 2019
parameters:
0, 0.0, 20.0, 
objectives:
-20.0, 24.0, -19.0, 

parameters:
0, 0.0, 20.0, 
objectives:
-20.0, 24.0, -19.0, 

parameters:
2.0005217341938613, 0.0, 20.0, 
objectives:
-15.997912791017985, 20.00000027220657, -14.997912791017985, 

parameters:
1.5888658693101787, 0.0, 20.0, 
objectives:
-17.47550524934121, 20.169031273418074, -16.47550524934121, 

parameters:
1.695815055360574, 0.0, 20.0, 
objectives:
-17.124211298012412, 20.09252848054529, -16.124211298012412, 

parameters:
1.5047272997907086, 0.0, 20.0, 
objectives:
-17.73579575326456, 20.245295047572604, -16.73579575326456, 

parameters:
0.42489739823622086, 0.0, 20.0, 
objectives:
-19.81946220097209, 22.480948206083028, -18.81946220097209, 

parameters:
0.7412249688307859, 0.0, 20.0, 
objectives:
-19.450585545581802, 21.584514579095057, -18.450585545581802, 

parameters:
1.1723869598457624, 0.0, 20.0, 
objectives:
-18.62550881638361, 20.68494334423334, -17.62550881638361, 

parameters:
0.900742852991341, 0.0, 20.0, 
objectives:
-19.18866231278502, 21.208366275249617, -18.18866231278502, 

parameters:
0.5154875941698589, 0.0, 20.0, 
objectives:
-19.73427254025697, 22.203777083063592, -18.73427254025697, 

parameters:
0.6428958211116265, 0.0, 20.0, 
objectives:
-19.586684963197207, 21.841731752356285, -18.586684963197207, 

parameters:
1.2964376392087438, 0.0, 20.0, 
objectives:
-18.31924944764286, 20.494999995522164, -17.31924944764286, 

parameters:
1.455737735274343, 0.0, 20.0, 
objectives:
-17.880827646098325, 20.2962214128043, -16.880827646098325, 

parameters:
1.3693003469814862, 0.0, 20.0, 
objectives:
-18.125016559756382, 20.397782052317673, -17.125016559756382, 

parameters:
0.9799019834374635, 0.0, 20.0, 
objectives:
-19.039792102855326, 21.040599963394822, -18.039792102855326, 

parameters:
0.21839295851419357, 0.0, 20.0, 
objectives:
-19.95230451567142, 23.17412365027181, -18.95230451567142, 

parameters:
1.8295636996103086, 0.0, 20.0, 
objectives:
-16.65269666906824, 20.029048532490524, -15.652696669068241, 

parameters:
0.34376439616023713, 0.0, 20.0, 
objectives:
-19.881826039932587, 22.743116375426464, -18.881826039932587, 

parameters:
0.0688272446485505, 0.0, 20.0, 
objectives:
-19.995262810394088, 23.729428211011708, -18.995262810394088, 

parameters:
1.948368552872774, 0.0, 20.0, 
objectives:
-16.203859982176454, 20.002665806332452, -15.203859982176452, 

parameters:
1.777679737875974, 0.0, 20.0, 
objectives:
-16.839854749545207, 20.049426298950895, -15.839854749545207, 

parameters:
0.7902320189582169, 0.0, 20.0, 
objectives:
-19.37553335621322, 21.46353856795391, -18.37553335621322, 

parameters:
1.0409019822433534, 0.0, 20.0, 
objectives:
-18.916523063361858, 20.91986900766473, -17.916523063361858, 

parameters:
1.7447456299062243, 0.0, 20.0, 
objectives:
-16.955862686923133, 20.06515479345197, -15.955862686923133, 

parameters:
1.4009770598766003, 0.0, 20.0, 
objectives:
-18.037263277699516, 20.35882848279408, -17.037263277699516, 

parameters:
1.2546702519235082, 0.0, 20.0, 
objectives:
-18.4258025589382, 20.555516433367767, -17.4258025589382, 

parameters:
1.8661150401252267, 0.0, 20.0, 
objectives:
-16.517614657018424, 20.01792518248067, -15.517614657018424, 

parameters:
0.28419036666306335, 0.0, 20.0, 
objectives:
-19.919235835495915, 22.944002697851833, -18.919235835495915, 

parameters:
0.925171764475717, 0.0, 20.0, 
objectives:
-19.14405720621689, 21.155255735880242, -18.14405720621689, 

parameters:
0.5735546599263911, 0.0, 20.0, 
objectives:
-19.67103505207672, 22.034746308217713, -18.67103505207672, 

parameters:
1.0844411106363558, 0.0, 20.0, 
objectives:
-18.823987477561786, 20.83824807989279, -17.823987477561786, 

parameters:
1.9021393140135767, 0.0, 20.0, 
objectives:
-16.38186603008396, 20.009576713861733, -15.381866030083959, 

parameters:
1.1315861206801123, 0.0, 20.0, 
objectives:
-18.719512851484133, 20.754142665795417, -17.719512851484133, 

parameters:
1.9181734333219527, 0.0, 20.0, 
objectives:
-16.32061067969787, 20.006695587014317, -15.320610679697872, 

parameters:
0.606175167860503, 0.0, 20.0, 
objectives:
-19.63255166586929, 21.942747662688696, -18.63255166586929, 

parameters:
1.112242908344256, 0.0, 20.0, 
objectives:
-18.76291571283791, 20.788112653785063, -17.76291571283791, 

parameters:
1.2604793903364513, 0.0, 20.0, 
objectives:
-18.411191706537046, 20.54689073211715, -17.411191706537046, 

parameters:
0.7893295570545487, 0.0, 20.0, 
objectives:
-19.37695885036007, 21.465722921421737, -18.37695885036007, 

parameters:
0.006365440018530328, 0.0, 20.0, 
objectives:
-19.99995948117337, 23.974578758752507, -18.99995948117337, 

parameters:
0.23770466602808615, 0.0, 20.0, 
objectives:
-19.943496491748476, 23.10568484413918, -18.943496491748476, 

parameters:
0.06573380930811037, 0.0, 20.0, 
objectives:
-19.995679066313844, 23.74138569645371, -18.995679066313844, 

parameters:
0.2264216577945499, 0.0, 20.0, 
objectives:
-19.94873323288157, 23.145580135940232, -18.94873323288157, 

parameters:
0, 0.0, 20.0, 
objectives:
-20.0, 24.0, -19.0, 

parameters:
0, 0.0, 20.0, 
objectives:
-20.0, 24.0, -19.0, 

