Generation 486 at Sat May 25 04:36:28 2019
parameters:
0, 0.0, 20.0, 
objectives:
-20.0, 24.0, -19.0, 

parameters:
0, 0.0, 20.0, 
objectives:
-20.0, 24.0, -19.0, 

parameters:
2.0005217341938613, 0.0, 20.0, 
objectives:
-15.997912791017985, 20.00000027220657, -14.997912791017985, 

parameters:
1.5888658693101787, 0.0, 20.0, 
objectives:
-17.47550524934121, 20.169031273418074, -16.47550524934121, 

parameters:
0.6428958211116265, 0.0, 20.0, 
objectives:
-19.586684963197207, 21.841731752356285, -18.586684963197207, 

parameters:
1.695815055360574, 0.0, 20.0, 
objectives:
-17.124211298012412, 20.09252848054529, -16.124211298012412, 

parameters:
0.5154875941698589, 0.0, 20.0, 
objectives:
-19.73427254025697, 22.203777083063592, -18.73427254025697, 

parameters:
1.948368552872774, 0.0, 20.0, 
objectives:
-16.203859982176454, 20.002665806332452, -15.203859982176452, 

parameters:
1.5047272997907086, 0.0, 20.0, 
objectives:
-17.73579575326456, 20.245295047572604, -16.73579575326456, 

parameters:
1.8661150401252267, 0.0, 20.0, 
objectives:
-16.517614657018424, 20.01792518248067, -15.517614657018424, 

parameters:
0.7902320189582169, 0.0, 20.0, 
objectives:
-19.37553335621322, 21.46353856795391, -18.37553335621322, 

parameters:
0.42489739823622086, 0.0, 20.0, 
objectives:
-19.81946220097209, 22.480948206083028, -18.81946220097209, 

parameters:
0.7412249688307859, 0.0, 20.0, 
objectives:
-19.450585545581802, 21.584514579095057, -18.450585545581802, 

parameters:
1.105832841076063, 0.0, 20.0, 
objectives:
-18.777133727597644, 20.799534908098106, -17.777133727597644, 

parameters:
1.2964376392087438, 0.0, 20.0, 
objectives:
-18.31924944764286, 20.494999995522164, -17.31924944764286, 

parameters:
0.900742852991341, 0.0, 20.0, 
objectives:
-19.18866231278502, 21.208366275249617, -18.18866231278502, 

parameters:
1.3693003469814862, 0.0, 20.0, 
objectives:
-18.125016559756382, 20.397782052317673, -17.125016559756382, 

parameters:
1.8295636996103086, 0.0, 20.0, 
objectives:
-16.65269666906824, 20.029048532490524, -15.652696669068241, 

parameters:
0.34376439616023713, 0.0, 20.0, 
objectives:
-19.881826039932587, 22.743116375426464, -18.881826039932587, 

parameters:
1.777679737875974, 0.0, 20.0, 
objectives:
-16.839854749545207, 20.049426298950895, -15.839854749545207, 

parameters:
1.7447456299062243, 0.0, 20.0, 
objectives:
-16.955862686923133, 20.06515479345197, -15.955862686923133, 

parameters:
0.28419036666306335, 0.0, 20.0, 
objectives:
-19.919235835495915, 22.944002697851833, -18.919235835495915, 

parameters:
1.455737735274343, 0.0, 20.0, 
objectives:
-17.880827646098325, 20.2962214128043, -16.880827646098325, 

parameters:
0.9799019834374635, 0.0, 20.0, 
objectives:
-19.039792102855326, 21.040599963394822, -18.039792102855326, 

parameters:
1.0409019822433534, 0.0, 20.0, 
objectives:
-18.916523063361858, 20.91986900766473, -17.916523063361858, 

parameters:
1.2394349644108642, 0.0, 20.0, 
objectives:
-18.46380096899584, 20.578459173360702, -17.46380096899584, 

parameters:
0.11159098838658102, 0.0, 20.0, 
objectives:
-19.987547451310906, 23.56608859514277, -18.987547451310906, 

parameters:
1.1723869598457624, 0.0, 20.0, 
objectives:
-18.62550881638361, 20.68494334423334, -17.62550881638361, 

parameters:
0.0688272446485505, 0.0, 20.0, 
objectives:
-19.995262810394088, 23.729428211011708, -18.995262810394088, 

parameters:
0.18988461227556086, 0.0, 20.0, 
objectives:
-19.96394383402096, 23.276517716876796, -18.96394383402096, 

parameters:
1.164021296908683, 0.0, 20.0, 
objectives:
-18.645054420343026, 20.69886039202224, -17.64505442034303, 

parameters:
1.4242333184847595, 0.0, 20.0, 
objectives:
-17.97155945451789, 20.33150727154307, -16.97155945451789, 

parameters:
1.4009770598766003, 0.0, 20.0, 
objectives:
-18.037263277699516, 20.35882848279408, -17.037263277699516, 

parameters:
1.2546702519235082, 0.0, 20.0, 
objectives:
-18.4258025589382, 20.555516433367767, -17.4258025589382, 

parameters:
1.0182477883276169, 0.0, 20.0, 
objectives:
-18.963171441565915, 20.963837405123616, -17.963171441565915, 

parameters:
0.925171764475717, 0.0, 20.0, 
objectives:
-19.14405720621689, 21.155255735880242, -18.14405720621689, 

parameters:
0.21839295851419357, 0.0, 20.0, 
objectives:
-19.95230451567142, 23.17412365027181, -18.95230451567142, 

parameters:
0.919535312232064, 0.0, 20.0, 
objectives:
-19.15445480955828, 21.167403941513463, -18.15445480955828, 

parameters:
0.21590253912792962, 0.0, 20.0, 
objectives:
-19.953386093598112, 23.18300374989017, -18.953386093598112, 

