Generation 490 at Fri May 24 19:55:18 2019
parameters:
0, 0.0, 20.0, 
objectives:
-20.0, 24.0, -19.0, 

parameters:
0, 0.0, 20.0, 
objectives:
-20.0, 24.0, -19.0, 

parameters:
1.9979647189482492, 0.0, 20.0, 
objectives:
-16.008136981838042, 20.000004142368958, -15.008136981838044, 

parameters:
1.326336449236305, 0.0, 20.0, 
objectives:
-18.24083162342723, 20.45382257962755, -17.24083162342723, 

parameters:
1.1443193880837355, 0.0, 20.0, 
objectives:
-18.690533138055667, 20.732189309609392, -17.690533138055663, 

parameters:
1.4581030182312953, 0.0, 20.0, 
objectives:
-17.873935588224786, 20.29365233885003, -16.873935588224786, 

parameters:
1.5877246583692384, 0.0, 20.0, 
objectives:
-17.479130409206284, 20.16997095731676, -16.479130409206284, 

parameters:
1.9370509747491647, 0.0, 20.0, 
objectives:
-16.24783352122331, 20.00396257978003, -15.247833521223312, 

parameters:
1.8692969086757993, 0.0, 20.0, 
objectives:
-16.5057290672151, 20.0170832980817, -15.5057290672151, 

parameters:
1.0446290352820076, 0.0, 20.0, 
objectives:
-18.908750178645782, 20.912733680226186, -17.908750178645782, 

parameters:
1.7642090576349752, 0.0, 20.0, 
objectives:
-16.88756640095871, 20.055597368501388, -15.887566400958713, 

parameters:
0.4577943667454657, 0.0, 20.0, 
objectives:
-19.790424317776118, 22.37839821524202, -18.790424317776118, 

parameters:
1.813281102658559, 0.0, 20.0, 
objectives:
-16.71201164274136, 20.034863946624405, -15.712011642741361, 

parameters:
0.9291867110373887, 0.0, 20.0, 
objectives:
-19.13661205603152, 21.146641099818925, -18.13661205603152, 

parameters:
0.5810003617638992, 0.0, 20.0, 
objectives:
-19.66243857963022, 22.013559973314184, -18.66243857963022, 

parameters:
0.8171754670684697, 0.0, 20.0, 
objectives:
-19.33222425602143, 21.399073875704694, -18.33222425602143, 

parameters:
0.1694904041601121, 0.0, 20.0, 
objectives:
-19.971273002897643, 23.350765380461908, -18.971273002897643, 

parameters:
0.055495704254097465, 0.0, 20.0, 
objectives:
-19.99692022680934, 23.781096956174267, -18.99692022680934, 

parameters:
0.315486648177052, 0.0, 20.0, 
objectives:
-19.90046817482201, 22.837585232469785, -18.90046817482201, 

parameters:
1.6157582456751507, 0.0, 20.0, 
objectives:
-17.38932529153276, 20.147641725766636, -16.38932529153276, 

parameters:
1.368835500640046, 0.0, 20.0, 
objectives:
-18.126289372187514, 20.398368625252303, -17.126289372187514, 

parameters:
1.680632318312175, 0.0, 20.0, 
objectives:
-17.175475010644643, 20.101995716106657, -16.175475010644643, 

parameters:
1.70421098490344, 0.0, 20.0, 
objectives:
-17.095664918934446, 20.087491141451792, -16.095664918934446, 

parameters:
0.48643542849992727, 0.0, 20.0, 
objectives:
-19.763380573900093, 22.290877712100198, -18.763380573900093, 

parameters:
1.1397775997115447, 0.0, 20.0, 
objectives:
-18.70090702319579, 20.73998257795803, -17.70090702319579, 

parameters:
0.6344684756909508, 0.0, 20.0, 
objectives:
-19.5974497533544, 21.864676343881797, -18.5974497533544, 

parameters:
1.4242216039612232, 0.0, 20.0, 
objectives:
-17.97159282281012, 20.331520761344986, -16.97159282281012, 

parameters:
0.9841367392057581, 0.0, 20.0, 
objectives:
-19.031474878545456, 21.03197816463151, -18.031474878545456, 

parameters:
0.697800483271236, 0.0, 20.0, 
objectives:
-19.51307448554643, 21.695723581368625, -18.51307448554643, 

parameters:
0.22621482393993791, 0.0, 20.0, 
objectives:
-19.94882685342982, 23.146313850810426, -18.94882685342982, 

parameters:
0.26451759282024095, 0.0, 20.0, 
objectives:
-19.930030443088587, 23.01189918563045, -18.930030443088587, 

parameters:
0.7556017991772253, 0.0, 20.0, 
objectives:
-19.42906592108014, 21.548526882210957, -18.42906592108014, 

parameters:
0.7978826288752704, 0.0, 20.0, 
objectives:
-19.36338331053909, 21.44508617395983, -18.36338331053909, 

parameters:
0.9539999969980775, 0.0, 20.0, 
objectives:
-19.08988400572767, 21.09411600628002, -18.08988400572767, 

parameters:
0.7350962280344282, 0.0, 20.0, 
objectives:
-19.459633535529555, 21.599981552332732, -18.459633535529555, 

parameters:
0.3109303136504786, 0.0, 20.0, 
objectives:
-19.903322340053215, 22.85295640534487, -18.903322340053215, 

