Generation 492 at Fri May 24 19:55:18 2019
parameters:
0, 0.0, 20.0, 
objectives:
-20.0, 24.0, -19.0, 

parameters:
0, 0.0, 20.0, 
objectives:
-20.0, 24.0, -19.0, 

parameters:
1.9979647189482492, 0.0, 20.0, 
objectives:
-16.008136981838042, 20.000004142368958, -15.008136981838044, 

parameters:
1.4581030182312953, 0.0, 20.0, 
objectives:
-17.873935588224786, 20.29365233885003, -16.873935588224786, 

parameters:
0.8171754670684697, 0.0, 20.0, 
objectives:
-19.33222425602143, 21.399073875704694, -18.33222425602143, 

parameters:
1.2417273845382564, 0.0, 20.0, 
objectives:
-18.458113102487783, 20.574977359359192, -17.45811310248778, 

parameters:
1.9370509747491647, 0.0, 20.0, 
objectives:
-16.24783352122331, 20.00396257978003, -15.247833521223312, 

parameters:
1.8692969086757993, 0.0, 20.0, 
objectives:
-16.5057290672151, 20.0170832980817, -15.5057290672151, 

parameters:
1.0446290352820076, 0.0, 20.0, 
objectives:
-18.908750178645782, 20.912733680226186, -17.908750178645782, 

parameters:
1.368835500640046, 0.0, 20.0, 
objectives:
-18.126289372187514, 20.398368625252303, -17.126289372187514, 

parameters:
1.5674566104795942, 0.0, 20.0, 
objectives:
-17.543079774263823, 20.1870937838178, -16.543079774263823, 

parameters:
0.48643542849992727, 0.0, 20.0, 
objectives:
-19.763380573900093, 22.290877712100198, -18.763380573900093, 

parameters:
1.7642090576349752, 0.0, 20.0, 
objectives:
-16.88756640095871, 20.055597368501388, -15.887566400958713, 

parameters:
1.813281102658559, 0.0, 20.0, 
objectives:
-16.71201164274136, 20.034863946624405, -15.712011642741361, 

parameters:
0.9291867110373887, 0.0, 20.0, 
objectives:
-19.13661205603152, 21.146641099818925, -18.13661205603152, 

parameters:
1.70421098490344, 0.0, 20.0, 
objectives:
-17.095664918934446, 20.087491141451792, -16.095664918934446, 

parameters:
0.41594522561506797, 0.0, 20.0, 
objectives:
-19.82698956928803, 22.509229528251698, -18.82698956928803, 

parameters:
0.5810003617638992, 0.0, 20.0, 
objectives:
-19.66243857963022, 22.013559973314184, -18.66243857963022, 

parameters:
0.697800483271236, 0.0, 20.0, 
objectives:
-19.51307448554643, 21.695723581368625, -18.51307448554643, 

parameters:
0.08490413802406455, 0.0, 20.0, 
objectives:
-19.99279128734639, 23.66759216055735, -18.992791287346392, 

parameters:
0.22621482393993791, 0.0, 20.0, 
objectives:
-19.94882685342982, 23.146313850810426, -18.94882685342982, 

parameters:
1.1443193880837355, 0.0, 20.0, 
objectives:
-18.690533138055667, 20.732189309609392, -17.690533138055663, 

parameters:
1.660671117388946, 0.0, 20.0, 
objectives:
-17.242171439870148, 20.115144090574066, -16.242171439870148, 

parameters:
1.1397775997115447, 0.0, 20.0, 
objectives:
-18.70090702319579, 20.73998257795803, -17.70090702319579, 

parameters:
0.1694904041601121, 0.0, 20.0, 
objectives:
-19.971273002897643, 23.350765380461908, -18.971273002897643, 

parameters:
1.6157582456751507, 0.0, 20.0, 
objectives:
-17.38932529153276, 20.147641725766636, -16.38932529153276, 

parameters:
0.9841367392057581, 0.0, 20.0, 
objectives:
-19.031474878545456, 21.03197816463151, -18.031474878545456, 

parameters:
1.3030331498822267, 0.0, 20.0, 
objectives:
-18.302104610308003, 20.48576279016309, -17.302104610308003, 

parameters:
0.31569528779088174, 0.0, 20.0, 
objectives:
-19.90033648526663, 22.836882363569842, -18.90033648526663, 

parameters:
0.3317705720889659, 0.0, 20.0, 
objectives:
-19.88992828749576, 22.782989424148376, -18.88992828749576, 

parameters:
1.5817930778503329, 0.0, 20.0, 
objectives:
-17.49793065886477, 20.1748970297339, -16.49793065886477, 

parameters:
1.326336449236305, 0.0, 20.0, 
objectives:
-18.24083162342723, 20.45382257962755, -17.24083162342723, 

parameters:
0.9516476273539647, 0.0, 20.0, 
objectives:
-19.09436679335157, 21.099042697232573, -18.09436679335157, 

parameters:
0.6472590849831995, 0.0, 20.0, 
objectives:
-19.58105567690671, 21.82990798316049, -18.58105567690671, 

parameters:
0.6285408849668177, 0.0, 20.0, 
objectives:
-19.60493635592513, 21.880900104207598, -18.60493635592513, 

parameters:
0.6882660765009492, 0.0, 20.0, 
objectives:
-19.52628980793799, 21.720645886058215, -18.52628980793799, 

parameters:
1.3176374265710327, 0.0, 20.0, 
objectives:
-18.263831612099267, 20.465618681616604, -17.263831612099267, 

parameters:
0.6344684756909508, 0.0, 20.0, 
objectives:
-19.5974497533544, 21.864676343881797, -18.5974497533544, 

parameters:
0, 0.0, 20.0, 
objectives:
-20.0, 24.0, -19.0, 

parameters:
0, 0.0, 20.0, 
objectives:
-20.0, 24.0, -19.0, 

