Generation 50 at Sat May 25 04:36:25 2019
parameters:
0, 0.0, 20.0, 
objectives:
-20.0, 24.0, -19.0, 

parameters:
0, 0.0, 20.0, 
objectives:
-20.0, 24.0, -19.0, 

parameters:
1.9954130956648328, 0.0, 20.0, 
objectives:
-16.01832657764929, 20.00002103969138, -15.018326577649288, 

parameters:
0.9699287625184305, 0.0, 20.0, 
objectives:
-19.059238195639466, 21.061046754286814, -18.059238195639466, 

parameters:
1.9432291511378088, 0.0, 20.0, 
objectives:
-16.22386046616823, 20.003222929280533, -15.223860466168231, 

parameters:
1.8322345871375865, 0.0, 20.0, 
objectives:
-16.642916417696757, 20.028145233752895, -15.642916417696759, 

parameters:
1.0566063444157117, 0.0, 20.0, 
objectives:
-18.883583032940468, 20.889991589396686, -17.883583032940468, 

parameters:
1.669027026310296, 0.0, 20.0, 
objectives:
-17.21434878544581, 20.109543109313005, -16.21434878544581, 

parameters:
0.6234226153532444, 0.0, 20.0, 
objectives:
-19.61134424266612, 21.8949652959209, -18.61134424266612, 

parameters:
1.5038317453212828, 0.0, 20.0, 
objectives:
-17.738490081763945, 20.246182936950923, -16.738490081763945, 

parameters:
0.829642026270967, 0.0, 20.0, 
objectives:
-19.311694108245003, 21.369737786671127, -18.311694108245003, 

parameters:
1.1684658803550434, 0.0, 20.0, 
objectives:
-18.634687486446115, 20.69144899213371, -17.63468748644611, 

parameters:
1.605677634890851, 0.0, 20.0, 
objectives:
-17.42179933281132, 20.155490127625274, -16.42179933281132, 

parameters:
1.4278171160648832, 0.0, 20.0, 
objectives:
-17.96133828307216, 20.32739325266831, -16.96133828307216, 

parameters:
0.31430236254483324, 0.0, 20.0, 
objectives:
-19.901214024898735, 22.84157652492193, -18.901214024898735, 

parameters:
0.49073165440320776, 0.0, 20.0, 
objectives:
-19.75918244336669, 22.277890939020477, -18.75918244336669, 

parameters:
0.7402290833121893, 0.0, 20.0, 
objectives:
-19.452060904218797, 21.587022762532445, -18.452060904218797, 

parameters:
1.5551073442099914, 0.0, 20.0, 
objectives:
-17.581641147984147, 20.197929475175886, -16.581641147984147, 

parameters:
0.1692939635076312, 0.0, 20.0, 
objectives:
-19.971339553919876, 23.351484592049598, -18.971339553919876, 

parameters:
1.262359570842248, 0.0, 20.0, 
objectives:
-18.406448313902974, 20.544113402728033, -17.406448313902978, 

parameters:
1.385722312295013, 0.0, 20.0, 
objectives:
-18.07977367320776, 20.377337077612186, -17.07977367320776, 

parameters:
0.07916157568269044, 0, 20.0, 
objectives:
-19.993733444935433, 23.689620252333803, -18.993733444935433, 

parameters:
1.1305070459357256, 0.0, 20.0, 
objectives:
-18.72195381908968, 20.75601799716742, -17.72195381908968, 

parameters:
0.5713571639464383, 0.0006481212435850121, 20.0, 
objectives:
-19.672902869963497, 22.04166847425075, -18.672902869963497, 

parameters:
0.24654222964480008, 0.0, 20.0, 
objectives:
-19.93921692900177, 23.07461415241903, -18.93921692900177, 

parameters:
1.7278694334401872, 0.0, 20.0, 
objectives:
-17.014467220983086, 20.074055045256166, -16.014467220983086, 

parameters:
1.7843155241061441, 0.0, 20.0, 
objectives:
-16.816218110433816, 20.046519793141606, -15.816218110433816, 

parameters:
1.3230539581386846, 0.0, 20.0, 
objectives:
-18.24952822385356, 20.458255943591702, -17.24952822385356, 

parameters:
0.4123065214251574, 0.0, 20.0, 
objectives:
-19.830003332390287, 22.520770581909083, -18.830003332390287, 

parameters:
0.7620655445679674, 0.0, 20.0, 
objectives:
-19.419256105782328, 21.532481715945803, -18.419256105782328, 

parameters:
1.7555070227825627, 0.0, 20.0, 
objectives:
-16.918195092961103, 20.059776815908645, -15.918195092961103, 

parameters:
0.41900925852193277, 0.0, 20.0, 
objectives:
-19.8244312412729, 22.49953172463937, -18.8244312412729, 

parameters:
0.8203970297190961, 0.0, 20.0, 
objectives:
-19.326948713628084, 21.39146316749553, -18.326948713628084, 

parameters:
1.2790220213660344, 0.0, 20.0, 
objectives:
-18.364102668860745, 20.51980924567512, -17.364102668860745, 

parameters:
1.3094929972866962, 0.0, 20.0, 
objectives:
-18.285228090057103, 20.47679992079611, -17.285228090057103, 

