Generation 503 at Fri May 24 19:48:08 2019
parameters:
3.3748683044314154, -5.295128142510478, 1.7765893899539005, 
objectives:
4.318018539791399, -1.6282758980264627, 38.65152872790835, 

parameters:
0.3165154679809299, -100.0, 18.224412929922465, 
objectives:
-118.12423088845128, -78.94146690053007, 9982.875769111548, 

parameters:
-2.2485084656041803, -11.745249443945063, 16.96065983822501, 
objectives:
-23.65011896227641, 23.26523457659033, 127.04601498216047, 

parameters:
0.44851923478147904, 0.459102976020934, 20.0, 
objectives:
-19.339727520010104, 22.86619554086398, -18.58805495343976, 

parameters:
1.9973066371654076, -100, 0, 
objectives:
-96.01076619713501, -99.99999274579665, 10004.989233802866, 

parameters:
0.07472415935151965, -55.51766966080922, 0, 
objectives:
-55.512085960818425, -51.810982598224506, 3083.2172282667275, 

parameters:
-2.4703913378316456, -35.00987083185986, 20, 
objectives:
-48.90703746982623, 4.974527881500354, 1212.7938890255452, 

parameters:
1.5395812933248367, -87.96267623107934, 5.08000197345169, 
objectives:
-90.67236764577525, -82.67068887217123, 7735.722718318994, 

parameters:
-1.8721831437855743, -91.84871782388824, 9.425810160417896, 
objectives:
-97.76945826043129, -67.4291053644532, 8431.266225455702, 

parameters:
5.083269500538695, -15.049893543831379, 15.727822591642562, 
objectives:
-4.938087320367025, 10.18447986076332, 237.61110190412177, 

parameters:
-0.5220184682747103, -19.760840393093005, 3.0125184941561383, 
objectives:
-22.50085560602927, -10.387744744618152, 388.75079782835985, 

parameters:
1.1562760451836493, -49.3812111197487, 20, 
objectives:
-68.04423682708315, -28.669341007817756, 2420.8409859458584, 

parameters:
3.368246718528216, -32.25695701192572, 15.89480430394141, 
objectives:
-36.80667535899103, -14.49005362522108, 1036.9615573221588, 

parameters:
0.43420615982310906, -44.260111656450334, 20, 
objectives:
-64.071576667222, -21.80840130651444, 1940.1460188306792, 

parameters:
-1.310422515445711, -63.24607181958503, 18.50925879582622, 
objectives:
-80.03812344642418, -33.77791579298891, 3984.273548981269, 

parameters:
3.502199048149105, -40.45899417261323, 2.0482425947436016, 
objectives:
-30.241838594500333, -36.15414959760955, 1648.1473650376643, 

parameters:
0.39097425972277705, -78.46560357869225, 5.185417758525176, 
objectives:
-83.49816046545166, -70.69122198729241, 6152.818388081722, 

parameters:
2.4437348586828773, -95.82931218672027, 20, 
objectives:
-109.85747212717845, -75.63241156190996, 9170.228914239437, 

parameters:
1.4034339730860999, -72.51967193760294, 15.982521328058304, 
objectives:
-86.532566348849, -56.181259585076795, 5246.089923526309, 

parameters:
1.6256336539034446, -46.86378417413966, 0, 
objectives:
-44.2210993974362, -46.723634013049974, 2199.856951897046, 

parameters:
-1.2790438439922545, -94.66104045692927, 11.369588400031713, 
objectives:
-104.39467570210651, -72.53932352607406, 8951.978945143224, 

parameters:
0.9329765271839272, -97.1663783556674, 8.552845479765722, 
objectives:
-104.84877863515695, -87.47499378436122, 9434.622682477222, 

parameters:
2.4723078845479916, -41.43939800237334, 0, 
objectives:
-35.32709172637517, -41.21632326456714, 1724.3360130751016, 

parameters:
-0.0007592872600534761, -74.61504772353057, 2.9543774607023128, 
objectives:
-77.56942460771575, -67.65763253727089, 5565.450969900558, 

parameters:
4.195077810488641, -54.368583638836256, 2.3823816431588005, 
objectives:
-39.152287445940885, -47.16783540157785, 2972.1591830860293, 

parameters:
0.40296878900721184, -66.17220049055382, 1.1721003626112174, 
objectives:
-67.1819170082511, -62.449591439057514, 4378.750401244354, 

parameters:
-2.253236038704761, -84.27030666709751, 11.894398538759752, 
objectives:
-91.08763255973935, -54.28589132740078, 7095.667259874018, 

parameters:
1.6526457690994845, -63.65072521626741, 1.3552269332896816, 
objectives:
-62.27471411143466, -62.17484332125324, 4053.7908316616126, 

parameters:
2.765875869283482, -98.47969096035528, 3.1096157893021616, 
objectives:
-93.9392374253728, -94.7835093239024, 9703.789985182066, 

parameters:
1.2010343774245102, -81.79367135232764, 4.58644715653386, 
objectives:
-84.93763493310603, -76.56887812973633, 6688.0607097118045, 

parameters:
1.5031479711132008, 1.977783253962702, 13.836064582430211, 
objectives:
-9.598827505405778, 16.060709775001843, -6.664984159713185, 

parameters:
3.018367074211963, -4.6715176077742, 18.925361826448242, 
objectives:
-14.486339639535558, 15.290915716513075, 13.008254727983033, 

parameters:
3.005017088143752, -72.73741530391808, 8.366006328964572, 
objectives:
-72.0732939328467, -63.36134962749256, 5292.395706465729, 

parameters:
1.995544767321899, -97.1986732635617, 0, 
objectives:
-93.2164743451759, -97.19865341446348, 9452.56428311501, 

parameters:
-2.279814873641085, -73.45555014203141, 20, 
objectives:
-88.2579942839563, -35.13873478939196, 5381.915402526566, 

