Generation 505 at Fri May 24 19:48:08 2019
parameters:
0.3165154679809299, -100.0, 18.224412929922465, 
objectives:
-118.12423088845128, -78.94146690053007, 9982.875769111548, 

parameters:
4.340088981782418, -0.9463676679007822, 1.731439292667733, 
objectives:
16.158565409220625, 6.261088067426424, 19.000544839969375, 

parameters:
-2.2485084656041803, -11.745249443945063, 16.96065983822501, 
objectives:
-23.65011896227641, 23.26523457659033, 127.04601498216047, 

parameters:
0.44851923478147904, 0.459102976020934, 20.0, 
objectives:
-19.339727520010104, 22.86619554086398, -18.58805495343976, 

parameters:
1.9973066371654076, -100, 0, 
objectives:
-96.01076619713501, -99.99999274579665, 10004.989233802866, 

parameters:
0.07472415935151965, -55.51766966080922, 0, 
objectives:
-55.512085960818425, -51.810982598224506, 3083.2172282667275, 

parameters:
3.3748683044314154, -5.295128142510478, 1.7765893899539005, 
objectives:
4.318018539791399, -1.6282758980264627, 38.65152872790835, 

parameters:
3.7623478597702396, -31.533528402684787, 9.894566735933019, 
objectives:
-27.272833720700106, -18.533091687915025, 999.6241082049129, 

parameters:
1.1562760451836493, -49.3812111197487, 20, 
objectives:
-68.04423682708315, -28.669341007817756, 2420.8409859458584, 

parameters:
1.6526457690994845, -63.65072521626741, 1.3552269332896816, 
objectives:
-62.27471411143466, -62.17484332125324, 4053.7908316616126, 

parameters:
-0.5220184682747103, -19.760840393093005, 3.0125184941561383, 
objectives:
-22.50085560602927, -10.387744744618152, 388.75079782835985, 

parameters:
1.4034339730860999, -72.51967193760294, 15.982521328058304, 
objectives:
-86.532566348849, -56.181259585076795, 5246.089923526309, 

parameters:
1.4754740588584445, -7.254152122002948, 11.083412591572111, 
objectives:
-16.160541015210846, 4.104387932499598, 44.716334115951966, 

parameters:
4.905951460656033, -3.598403684166641, 5.395460381064909, 
objectives:
15.074495669081516, 10.241610588587202, 32.62140842747221, 

parameters:
2.4723078845479916, -41.43939800237334, 0, 
objectives:
-35.32709172637517, -41.21632326456714, 1724.3360130751016, 

parameters:
1.5395812933248367, -87.96267623107934, 5.08000197345169, 
objectives:
-90.67236764577525, -82.67068887217123, 7735.722718318994, 

parameters:
-0.291122108833445, -90.70419361286407, 11.531788990032528, 
objectives:
-102.15123052064497, -73.92316410524614, 8216.803702052151, 

parameters:
0.9329765271839272, -97.1663783556674, 8.552845479765722, 
objectives:
-104.84877863515695, -87.47499378436122, 9434.622682477222, 

parameters:
0.39097425972277705, -78.46560357869225, 5.185417758525176, 
objectives:
-83.49816046545166, -70.69122198729241, 6152.818388081722, 

parameters:
2.4437348586828773, -95.82931218672027, 20, 
objectives:
-109.85747212717845, -75.63241156190996, 9170.228914239437, 

parameters:
1.6256336539034446, -46.86378417413966, 0, 
objectives:
-44.2210993974362, -46.723634013049974, 2199.856951897046, 

parameters:
-0.0007592872600534761, -74.61504772353057, 2.9543774607023128, 
objectives:
-77.56942460771575, -67.65763253727089, 5565.450969900558, 

parameters:
2.765875869283482, -98.47969096035528, 3.1096157893021616, 
objectives:
-93.9392374253728, -94.7835093239024, 9703.789985182066, 

parameters:
-2.253236038704761, -84.27030666709751, 11.894398538759752, 
objectives:
-91.08763255973935, -54.28589132740078, 7095.667259874018, 

parameters:
1.2010343774245102, -81.79367135232764, 4.58644715653386, 
objectives:
-84.93763493310603, -76.56887812973633, 6688.0607097118045, 

parameters:
-1.2790438439922545, -94.66104045692927, 11.369588400031713, 
objectives:
-104.39467570210651, -72.53932352607406, 8951.978945143224, 

parameters:
-1.310422515445711, -63.24607181958503, 18.50925879582622, 
objectives:
-80.03812344642418, -33.77791579298891, 3984.273548981269, 

parameters:
-3.26084088651524, -35.54305472443031, 5.261629283695447, 
objectives:
-30.171600720956263, -2.604978607504412, 1269.6801931473221, 

parameters:
-2.4703913378316456, -35.00987083185986, 20, 
objectives:
-48.90703746982623, 4.974527881500354, 1212.7938890255452, 

parameters:
-1.470828992686517, -60.923774898315074, 12.436965278223163, 
objectives:
-71.197402250811, -36.44015572361861, 3702.4327205080704, 

parameters:
-0.762185080982376, -73.69753950997062, 2.592838946599619, 
objectives:
-75.70945235889813, -63.47503414176939, 5430.315416974753, 

parameters:
-3.7574442740791203, -45.85932801436038, 10.607959981986696, 
objectives:
-42.34890052353711, -2.1032034632472403, 2107.5883934195217, 

parameters:
0.45067130076539785, -60.80198725395564, 3.632053891199678, 
objectives:
-64.23093652382174, -54.769513944483975, 3694.452704760318, 

parameters:
3.502199048149105, -40.45899417261323, 2.0482425947436016, 
objectives:
-30.241838594500333, -36.15414959760955, 1648.1473650376643, 

parameters:
0.7034544272336357, -100, 2.6827122212511316, 
objectives:
-102.18786409005654, -95.6362573564888, 9998.812135909944, 

