Generation 509 at Fri May 24 19:48:08 2019
parameters:
4.340088981782418, -0.9463676679007822, 1.731439292667733, 
objectives:
16.158565409220625, 6.261088067426424, 19.000544839969375, 

parameters:
0.3165154679809299, -100.0, 18.224412929922465, 
objectives:
-118.12423088845128, -78.94146690053007, 9982.875769111548, 

parameters:
-2.2485084656041803, -11.745249443945063, 16.96065983822501, 
objectives:
-23.65011896227641, 23.26523457659033, 127.04601498216047, 

parameters:
0.44851923478147904, 0.459102976020934, 20.0, 
objectives:
-19.339727520010104, 22.86619554086398, -18.58805495343976, 

parameters:
1.9973066371654076, -100, 0, 
objectives:
-96.01076619713501, -99.99999274579665, 10004.989233802866, 

parameters:
-0.457330451180858, -54.476590334804165, 0.0, 
objectives:
-54.26743919322688, -48.43811738850344, 2968.908045647656, 

parameters:
2.4437348586828773, -95.82931218672027, 20, 
objectives:
-109.85747212717845, -75.63241156190996, 9170.228914239437, 

parameters:
3.7623478597702396, -31.533528402684787, 9.894566735933019, 
objectives:
-27.272833720700106, -18.533091687915025, 999.6241082049129, 

parameters:
3.2988242716951643, -7.106858150772004, 0, 
objectives:
3.7753834247531284, -5.41991366202753, 62.3896743507196, 

parameters:
-0.291122108833445, -90.70419361286407, 11.531788990032528, 
objectives:
-102.15123052064497, -73.92316410524614, 8216.803702052151, 

parameters:
0.9329765271839272, -97.1663783556674, 8.552845479765722, 
objectives:
-104.84877863515695, -87.47499378436122, 9434.622682477222, 

parameters:
1.042246396073933, -67.45774213024309, 8.715081096086967, 
objectives:
-75.08654567620096, -57.82536906832275, 4543.918169764416, 

parameters:
1.1562760451836493, -49.3812111197487, 20, 
objectives:
-68.04423682708315, -28.669341007817756, 2420.8409859458584, 

parameters:
1.6526457690994845, -63.65072521626741, 1.3552269332896816, 
objectives:
-62.27471411143466, -62.17484332125324, 4053.7908316616126, 

parameters:
2.765875869283482, -98.47969096035528, 3.1096157893021616, 
objectives:
-93.9392374253728, -94.7835093239024, 9703.789985182066, 

parameters:
0.382938212507288, -40.07940999774209, 4.496527864120066, 
objectives:
-44.42929618726388, -32.96799330905289, 1603.0092195775867, 

parameters:
2.7269190460097983, -28.10143168465112, 14.153358071938742, 
objectives:
-34.81870227309887, -13.419662313260583, 783.9731921386661, 

parameters:
0.9688305384251743, -42.342254095837994, 2.7986105598916278, 
objectives:
-44.202232043544406, -38.48033307746185, 1792.0065039688031, 

parameters:
1.4034339730860999, -72.51967193760294, 15.982521328058304, 
objectives:
-86.532566348849, -56.181259585076795, 5246.089923526309, 

parameters:
1.5395812933248367, -87.96267623107934, 5.08000197345169, 
objectives:
-90.67236764577525, -82.67068887217123, 7735.722718318994, 

parameters:
-2.253236038704761, -84.27030666709751, 11.894398538759752, 
objectives:
-91.08763255973935, -54.28589132740078, 7095.667259874018, 

parameters:
-0.0007592872600534761, -74.61504772353057, 2.9543774607023128, 
objectives:
-77.56942460771575, -67.65763253727089, 5565.450969900558, 

parameters:
-0.6985328622526779, -11.961816819102332, 3.8621691152328625, 
objectives:
-15.336037774688275, -0.8175680952118394, 140.71084065817348, 

parameters:
2.4723078845479916, -41.43939800237334, 0, 
objectives:
-35.32709172637517, -41.21632326456714, 1724.3360130751016, 

parameters:
1.476361631501383, -60.12881965742708, 12.522472063639862, 
objectives:
-70.47164805409751, -47.33215045282333, 3606.1321249987186, 

parameters:
4.905951460656033, -3.598403684166641, 5.395460381064909, 
objectives:
15.074495669081516, 10.241610588587202, 32.62140842747221, 

parameters:
1.2010343774245102, -81.79367135232764, 4.58644715653386, 
objectives:
-84.93763493310603, -76.56887812973633, 6688.0607097118045, 

parameters:
4.292589582206671, -29.693129224233964, 1.3456701037406875, 
objectives:
-12.612474006705408, -23.091492128050717, 899.7625783445857, 

parameters:
0.39097425972277705, -78.46560357869225, 5.185417758525176, 
objectives:
-83.49816046545166, -70.69122198729241, 6152.818388081722, 

parameters:
0.27755100363907514, 2.279403458102652, 7.173618173182088, 
objectives:
-4.817180155458377, 12.419852176349497, -0.9009034887507008, 

parameters:
1.2751600527355316, -50.24793396935184, 15.558947174133596, 
objectives:
-64.18084798339295, -34.16359384606788, 2511.9219541743014, 

parameters:
2.1906795681973, -77.63698200377411, 6.266017929321884, 
objectives:
-79.10392296257889, -71.33460537672431, 6027.0340336955405, 

parameters:
4.375115022493854, -19.67832204530132, 9.683167825558444, 
objectives:
-10.219858410808369, -4.353982849666897, 397.69482215308494, 

parameters:
0.2657163492732255, -64.22207151107119, 12.472725506521295, 
objectives:
-76.6241918393214, -48.74160622337171, 4113.072348844892, 

parameters:
-1.470828992686517, -60.923774898315074, 12.436965278223163, 
objectives:
-71.197402250811, -36.44015572361861, 3702.4327205080704, 

parameters:
-3.6000632412696185, -26.423707509268105, 9.378281406273242, 
objectives:
-22.841533574400636, 14.315282203224317, 702.7944924702191, 

parameters:
0.6940802114402618, 3.246449627264806, 12.759598753071348, 
objectives:
-9.031401785893584, 17.711474874488065, -0.738416230790591, 

parameters:
2.0713497818850266, -86.86637757164331, 13.377325822339749, 
objectives:
-95.95321347506791, -73.48396095792853, 7537.680716515872, 

