Generation 510 at Fri May 24 19:48:08 2019
parameters:
4.340088981782418, -0.9463676679007822, 1.731439292667733, 
objectives:
16.158565409220625, 6.261088067426424, 19.000544839969375, 

parameters:
0.3165154679809299, -100.0, 18.224412929922465, 
objectives:
-118.12423088845128, -78.94146690053007, 9982.875769111548, 

parameters:
-2.2485084656041803, -11.745249443945063, 16.96065983822501, 
objectives:
-23.65011896227641, 23.26523457659033, 127.04601498216047, 

parameters:
0.44851923478147904, 0.459102976020934, 20.0, 
objectives:
-19.339727520010104, 22.86619554086398, -18.58805495343976, 

parameters:
1.9973066371654076, -100, 0, 
objectives:
-96.01076619713501, -99.99999274579665, 10004.989233802866, 

parameters:
-0.457330451180858, -54.476590334804165, 0.0, 
objectives:
-54.26743919322688, -48.43811738850344, 2968.908045647656, 

parameters:
3.2988242716951643, -7.106858150772004, 0, 
objectives:
3.7753834247531284, -5.41991366202753, 62.3896743507196, 

parameters:
0.27755100363907514, 2.279403458102652, 7.173618173182088, 
objectives:
-4.817180155458377, 12.419852176349497, -0.9009034887507008, 

parameters:
0.18206337762463098, -26.737949426721677, 2.864774146138077, 
objectives:
-29.569576499387665, -20.568281717610034, 713.08631247326, 

parameters:
4.292589582206671, -29.693129224233964, 1.3456701037406875, 
objectives:
-12.612474006705408, -23.091492128050717, 899.7625783445857, 

parameters:
1.1562760451836493, -49.3812111197487, 20, 
objectives:
-68.04423682708315, -28.669341007817756, 2420.8409859458584, 

parameters:
-0.0007592872600534761, -74.61504772353057, 2.9543774607023128, 
objectives:
-77.56942460771575, -67.65763253727089, 5565.450969900558, 

parameters:
0.39097425972277705, -78.46560357869225, 5.185417758525176, 
objectives:
-83.49816046545166, -70.69122198729241, 6152.818388081722, 

parameters:
-0.6985328622526779, -11.961816819102332, 3.8621691152328625, 
objectives:
-15.336037774688275, -0.8175680952118394, 140.71084065817348, 

parameters:
1.5395812933248367, -87.96267623107934, 5.08000197345169, 
objectives:
-90.67236764577525, -82.67068887217123, 7735.722718318994, 

parameters:
0.382938212507288, -40.07940999774209, 4.496527864120066, 
objectives:
-44.42929618726388, -32.96799330905289, 1603.0092195775867, 

parameters:
-2.253236038704761, -84.27030666709751, 11.894398538759752, 
objectives:
-91.08763255973935, -54.28589132740078, 7095.667259874018, 

parameters:
2.7269190460097983, -28.10143168465112, 14.153358071938742, 
objectives:
-34.81870227309887, -13.419662313260583, 783.9731921386661, 

parameters:
1.042246396073933, -67.45774213024309, 8.715081096086967, 
objectives:
-75.08654567620096, -57.82536906832275, 4543.918169764416, 

parameters:
1.4034339730860999, -72.51967193760294, 15.982521328058304, 
objectives:
-86.532566348849, -56.181259585076795, 5246.089923526309, 

parameters:
2.765875869283482, -98.47969096035528, 3.1096157893021616, 
objectives:
-93.9392374253728, -94.7835093239024, 9703.789985182066, 

parameters:
0.9329765271839272, -97.1663783556674, 8.552845479765722, 
objectives:
-104.84877863515695, -87.47499378436122, 9434.622682477222, 

parameters:
4.905951460656033, -3.598403684166641, 5.395460381064909, 
objectives:
15.074495669081516, 10.241610588587202, 32.62140842747221, 

parameters:
1.6526457690994845, -63.65072521626741, 1.3552269332896816, 
objectives:
-62.27471411143466, -62.17484332125324, 4053.7908316616126, 

parameters:
-0.291122108833445, -90.70419361286407, 11.531788990032528, 
objectives:
-102.15123052064497, -73.92316410524614, 8216.803702052151, 

parameters:
0.9688305384251743, -42.342254095837994, 2.7986105598916278, 
objectives:
-44.202232043544406, -38.48033307746185, 1792.0065039688031, 

parameters:
1.2010343774245102, -81.79367135232764, 4.58644715653386, 
objectives:
-84.93763493310603, -76.56887812973633, 6688.0607097118045, 

parameters:
2.4723078845479916, -41.43939800237334, 0, 
objectives:
-35.32709172637517, -41.21632326456714, 1724.3360130751016, 

parameters:
-0.7533750478818324, -93.62263536004691, 12.604280914786496, 
objectives:
-105.65934231206246, -73.43728029096214, 8754.161144808293, 

parameters:
-1.00435680406349, -91.46854727286063, 20, 
objectives:
-110.459814682992, -62.44238746673804, 8348.50387279741, 

parameters:
1.861469706541137, -92.02722252444416, 0, 
objectives:
-88.56215305607381, -92.00803188223836, 8473.474755031932, 

parameters:
2.4437348586828773, -95.82931218672027, 20, 
objectives:
-109.85747212717845, -75.63241156190996, 9170.228914239437, 

parameters:
0.035362560514935804, -58.73712414028987, 8.076361732217093, 
objectives:
-66.8122353618208, -46.80096213944635, 3442.974641050292, 

parameters:
2.2402001864332775, -66.01001887193668, 5.14582918343931, 
objectives:
-66.1373511800803, -60.80649355893478, 4358.195259165293, 

parameters:
2.8780063038296952, -42.2742247741545, 8.4649947663624, 
objectives:
-42.45629925563343, -33.038334938227415, 1787.9280057742587, 

parameters:
1.476361631501383, -60.12881965742708, 12.522472063639862, 
objectives:
-70.47164805409751, -47.33215045282333, 3606.1321249987186, 

parameters:
0.4497341345910506, -62.67549889889046, 13.404610980424755, 
objectives:
-75.87784908749884, -46.86756366501354, 3916.015812036211, 

