Generation 514 at Fri May 24 19:48:08 2019
parameters:
0.3165154679809299, -100.0, 18.224412929922465, 
objectives:
-118.12423088845128, -78.94146690053007, 9982.875769111548, 

parameters:
4.340088981782418, -0.9463676679007822, 1.731439292667733, 
objectives:
16.158565409220625, 6.261088067426424, 19.000544839969375, 

parameters:
-1.8375175476723005, -10.680808493573593, 20, 
objectives:
-27.304337755569968, 24.045732435119234, 98.45614081439743, 

parameters:
0.44851923478147904, 0.459102976020934, 20.0, 
objectives:
-19.339727520010104, 22.86619554086398, -18.58805495343976, 

parameters:
1.9973066371654076, -100, 0, 
objectives:
-96.01076619713501, -99.99999274579665, 10004.989233802866, 

parameters:
1.602252462632024, -46.554795906605165, 6.688184195044434, 
objectives:
-50.67576714763921, -39.70840860807844, 2164.228050664627, 

parameters:
3.2988242716951643, -7.106858150772004, 0, 
objectives:
3.7753834247531284, -5.41991366202753, 62.3896743507196, 

parameters:
-1.00435680406349, -91.46854727286063, 20, 
objectives:
-110.459814682992, -62.44238746673804, 8348.50387279741, 

parameters:
-3.4964377244124347, -38.73313568138555, 19.145186784934257, 
objectives:
-45.653245705625395, 10.62287876189285, 1494.3356896883824, 

parameters:
0.9329765271839272, -97.1663783556674, 8.552845479765722, 
objectives:
-104.84877863515695, -87.47499378436122, 9434.622682477222, 

parameters:
-0.9601349337344647, -57.003754429109996, 15.705162453853614, 
objectives:
-71.78705779198633, -32.53619314934123, 3235.6447156514014, 

parameters:
-1.4719836597652183, -51.64582105473658, 8.39375642141077, 
objectives:
-57.872841581531546, -31.19739409964913, 2662.063811891077, 

parameters:
2.9909987046600772, -63.97973088303053, 9.6467613869271, 
objectives:
-64.68041901867936, -53.35089106346548, 4093.7052757293613, 

parameters:
-0.7533750478818324, -93.62263536004691, 12.604280914786496, 
objectives:
-105.65934231206246, -73.43728029096214, 8754.161144808293, 

parameters:
1.5395812933248367, -87.96267623107934, 5.08000197345169, 
objectives:
-90.67236764577525, -82.67068887217123, 7735.722718318994, 

parameters:
2.1509785672118396, -34.611346263587954, 7.190158655839259, 
objectives:
-37.174796122822514, -27.398393079991354, 1196.3818403187493, 

parameters:
-0.457330451180858, -54.476590334804165, 0.0, 
objectives:
-54.26743919322688, -48.43811738850344, 2968.908045647656, 

parameters:
1.042246396073933, -67.45774213024309, 8.715081096086967, 
objectives:
-75.08654567620096, -57.82536906832275, 4543.918169764416, 

parameters:
2.871955586413936, -100, 8.107563758224027, 
objectives:
-99.85943486788982, -91.1321296970975, 10001.140565132111, 

parameters:
0.7962070282461845, -80.06984016732812, 0, 
objectives:
-79.4358945354995, -78.62072264848425, 6412.8132500533, 

parameters:
1.4034339730860999, -72.51967193760294, 15.982521328058304, 
objectives:
-86.532566348849, -56.181259585076795, 5246.089923526309, 

parameters:
-2.253236038704761, -84.27030666709751, 11.894398538759752, 
objectives:
-91.08763255973935, -54.28589132740078, 7095.667259874018, 

parameters:
0.39097425972277705, -78.46560357869225, 5.185417758525176, 
objectives:
-83.49816046545166, -70.69122198729241, 6152.818388081722, 

parameters:
1.288585384898684, -62.112525431113504, 18.14585441229729, 
objectives:
-78.5979275492363, -43.46056026423646, 3842.4804133125986, 

parameters:
-0.0007592872600534761, -74.61504772353057, 2.9543774607023128, 
objectives:
-77.56942460771575, -67.65763253727089, 5565.450969900558, 

parameters:
0.9542788002582545, -17.071186566416024, 18.5414556662452, 
objectives:
-34.70199420403889, 2.5638019274184902, 274.7946031477601, 

parameters:
-0.7255880055665299, -75.56864212862877, 7.089152919216403, 
objectives:
-82.13131709402316, -61.050659233324225, 5705.056998199372, 

parameters:
0.27755100363907514, 2.279403458102652, 7.173618173182088, 
objectives:
-4.817180155458377, 12.419852176349497, -0.9009034887507008, 

parameters:
2.7269190460097983, -28.10143168465112, 14.153358071938742, 
objectives:
-34.81870227309887, -13.419662313260583, 783.9731921386661, 

parameters:
3.2555333610024784, -32.62872210965629, 7.502205170434214, 
objectives:
-29.53242981549041, -23.550152918631895, 1068.7297988033388, 

parameters:
3.0008674686165113, -85.44766874582056, 11.56835940900379, 
objectives:
-88.01082259062349, -72.87757364708195, 7299.740940250677, 

parameters:
4.292589582206671, -29.693129224233964, 1.3456701037406875, 
objectives:
-12.612474006705408, -23.091492128050717, 899.7625783445857, 

parameters:
-0.6985328622526779, -11.961816819102332, 3.8621691152328625, 
objectives:
-15.336037774688275, -0.8175680952118394, 140.71084065817348, 

parameters:
0.5974199216777438, -5.4756710915661495, 20, 
objectives:
-25.11876052874871, 16.491559784540318, 11.339884465830671, 

parameters:
-0.29448795328482635, -23.07357104173267, 1.6449166652032403, 
objectives:
-24.631764552306024, -16.163979408760238, 531.8314871073111, 

parameters:
1.6007485147659137, -22.331291108580242, 1.2425296168098408, 
objectives:
-21.011424917864804, -20.92935974330878, 501.0064287668704, 

parameters:
2.7572470389312493, -65.86691289929716, 20, 
objectives:
-78.26450166560201, -45.293489821327015, 4327.0526261172945, 

parameters:
0.13403482343342765, -5.2515655548217435, 1.129767097600505, 
objectives:
-6.363367318529418, -0.639972417062119, 27.467139012882527, 

parameters:
2.4706952311395964, -26.716878123447536, 7.012588967869567, 
objectives:
-27.625132166141157, -19.48273515496041, 713.8833226204559, 

