Generation 517 at Fri May 24 19:48:08 2019
parameters:
4.340088981782418, -0.9463676679007822, 1.731439292667733, 
objectives:
16.158565409220625, 6.261088067426424, 19.000544839969375, 

parameters:
-1.8375175476723005, -10.680808493573593, 20, 
objectives:
-27.304337755569968, 24.045732435119234, 98.45614081439743, 

parameters:
0.3165154679809299, -100.0, 18.224412929922465, 
objectives:
-118.12423088845128, -78.94146690053007, 9982.875769111548, 

parameters:
0.44851923478147904, 0.459102976020934, 20.0, 
objectives:
-19.339727520010104, 22.86619554086398, -18.58805495343976, 

parameters:
1.9973066371654076, -100, 0, 
objectives:
-96.01076619713501, -99.99999274579665, 10004.989233802866, 

parameters:
0.27755100363907514, 2.279403458102652, 7.173618173182088, 
objectives:
-4.817180155458377, 12.419852176349497, -0.9009034887507008, 

parameters:
3.2988242716951643, -7.106858150772004, 0, 
objectives:
3.7753834247531284, -5.41991366202753, 62.3896743507196, 

parameters:
-1.00435680406349, -91.46854727286063, 20, 
objectives:
-110.459814682992, -62.44238746673804, 8348.50387279741, 

parameters:
1.5395812933248367, -87.96267623107934, 5.08000197345169, 
objectives:
-90.67236764577525, -82.67068887217123, 7735.722718318994, 

parameters:
-0.7533750478818324, -93.62263536004691, 12.604280914786496, 
objectives:
-105.65934231206246, -73.43728029096214, 8754.161144808293, 

parameters:
-1.4719836597652183, -51.64582105473658, 8.39375642141077, 
objectives:
-57.872841581531546, -31.19739409964913, 2662.063811891077, 

parameters:
2.9909987046600772, -63.97973088303053, 9.6467613869271, 
objectives:
-64.68041901867936, -53.35089106346548, 4093.7052757293613, 

parameters:
-0.457330451180858, -54.476590334804165, 0.0, 
objectives:
-54.26743919322688, -48.43811738850344, 2968.908045647656, 

parameters:
1.042246396073933, -67.45774213024309, 8.715081096086967, 
objectives:
-75.08654567620096, -57.82536906832275, 4543.918169764416, 

parameters:
0.9542788002582545, -17.071186566416024, 18.5414556662452, 
objectives:
-34.70199420403889, 2.5638019274184902, 274.7946031477601, 

parameters:
-0.6196504350868968, -57.965265635776426, 11.012642795215555, 
objectives:
-68.59394176928859, -40.0900544385099, 3350.343344092611, 

parameters:
-0.0007592872600534761, -74.61504772353057, 2.9543774607023128, 
objectives:
-77.56942460771575, -67.65763253727089, 5565.450969900558, 

parameters:
0.9329765271839272, -97.1663783556674, 8.552845479765722, 
objectives:
-104.84877863515695, -87.47499378436122, 9434.622682477222, 

parameters:
3.969210269841124, -96.61127588487594, 0.27160140439960073, 
objectives:
-81.12824712306329, -92.46188539362858, 9350.221656865422, 

parameters:
-1.9911856997751975, -33.221504455841774, 8.498926472255182, 
objectives:
-37.75561043710771, -8.79301469349656, 1100.134252328249, 

parameters:
-0.6853931133866509, -83.39261411875924, 4.287440810392362, 
objectives:
-87.21029120927376, -71.89383713494242, 6951.510412469768, 

parameters:
1.3728887575877762, -44.22708958317435, 4.527118181908797, 
objectives:
-46.86938422437224, -39.30670289090575, 1954.393158356931, 

parameters:
-3.4964377244124347, -38.73313568138555, 19.145186784934257, 
objectives:
-45.653245705625395, 10.62287876189285, 1494.3356896883824, 

parameters:
-0.025735504874757176, -70.9309474448983, 6.680423282196173, 
objectives:
-77.6107084108833, -60.14691982699193, 5025.519544464939, 

parameters:
1.6302520236274756, -99.68187916885566, 0.0, 
objectives:
-97.02415750831418, -99.54516560282408, 9940.134756294881, 

parameters:
0.7962070282461845, -80.06984016732812, 0, 
objectives:
-79.4358945354995, -78.62072264848425, 6412.8132500533, 

parameters:
0.28025989930887274, -86.29714235763848, 4.193461653949154, 
objectives:
-90.41205840042701, -79.1461746897642, 7444.081863051732, 

parameters:
1.288585384898684, -62.112525431113504, 18.14585441229729, 
objectives:
-78.5979275492363, -43.46056026423646, 3842.4804133125986, 

parameters:
-0.40225742114585694, -41.586765701146874, 18.630458857494535, 
objectives:
-60.0554135257745, -17.185466126201998, 1711.9904336574584, 

parameters:
0.39097425972277705, -78.46560357869225, 5.185417758525176, 
objectives:
-83.49816046545166, -70.69122198729241, 6152.818388081722, 

parameters:
-1.3426221520660437, -76.75880759101314, 11.137062983463991, 
objectives:
-86.09323633125868, -54.448621756066515, 5883.580114053931, 

parameters:
2.7269190460097983, -28.10143168465112, 14.153358071938742, 
objectives:
-34.81870227309887, -13.419662313260583, 783.9731921386661, 

parameters:
3.4152505400719946, -34.85099822042953, 7.003280262701138, 
objectives:
-30.19034223166862, -25.844783866554323, 1220.2527329491434, 

parameters:
3.2555333610024784, -32.62872210965629, 7.502205170434214, 
objectives:
-29.53242981549041, -23.550152918631895, 1068.7297988033388, 

parameters:
0.06919188965679579, -49.58416581372152, 2.4524678244253026, 
objectives:
-52.031846120552544, -43.40367803032912, 2457.141819135799, 

parameters:
2.871955586413936, -100, 8.107563758224027, 
objectives:
-99.85943486788982, -91.1321296970975, 10001.140565132111, 

parameters:
-0.7665000783833152, -52.74664005671211, 20, 
objectives:
-72.15911768655047, -25.093117373017222, 2763.795559642508, 

parameters:
-0.8884800530431596, -28.29819305096427, 5.60354313057533, 
objectives:
-33.11233937688402, -14.351332903560726, 796.9735836237227, 

parameters:
1.602252462632024, -46.554795906605165, 6.688184195044434, 
objectives:
-50.67576714763921, -39.70840860807844, 2164.228050664627, 

parameters:
2.9139950163744595, -39.46083173313153, 19.854850106442505, 
objectives:
-50.82431488411885, -18.770594736731674, 1546.7937579195327, 

