Generation 518 at Fri May 24 19:48:08 2019
parameters:
3.2988242716951643, -7.106858150772004, 0, 
objectives:
3.7753834247531284, -5.41991366202753, 62.3896743507196, 

parameters:
-1.8375175476723005, -10.680808493573593, 20, 
objectives:
-27.304337755569968, 24.045732435119234, 98.45614081439743, 

parameters:
0.3165154679809299, -100.0, 18.224412929922465, 
objectives:
-118.12423088845128, -78.94146690053007, 9982.875769111548, 

parameters:
0.44851923478147904, 0.459102976020934, 20.0, 
objectives:
-19.339727520010104, 22.86619554086398, -18.58805495343976, 

parameters:
1.9973066371654076, -100, 0, 
objectives:
-96.01076619713501, -99.99999274579665, 10004.989233802866, 

parameters:
-1.4719836597652183, -51.64582105473658, 8.39375642141077, 
objectives:
-57.872841581531546, -31.19739409964913, 2662.063811891077, 

parameters:
-1.00435680406349, -91.46854727286063, 20, 
objectives:
-110.459814682992, -62.44238746673804, 8348.50387279741, 

parameters:
-0.2856756286739055, -31.18064545611439, 6.513278472734337, 
objectives:
-37.6123133640305, -19.4430539038662, 966.8009831519909, 

parameters:
0.27755100363907514, 2.279403458102652, 7.173618173182088, 
objectives:
-4.817180155458377, 12.419852176349497, -0.9009034887507008, 

parameters:
5.076110011245639, -22.246624610308064, 12.251764856127473, 
objectives:
-8.731496620167334, -0.5324069528949469, 509.4274345421052, 

parameters:
-0.457330451180858, -54.476590334804165, 0.0, 
objectives:
-54.26743919322688, -48.43811738850344, 2968.908045647656, 

parameters:
1.042246396073933, -67.45774213024309, 8.715081096086967, 
objectives:
-75.08654567620096, -57.82536906832275, 4543.918169764416, 

parameters:
2.9909987046600772, -63.97973088303053, 9.6467613869271, 
objectives:
-64.68041901867936, -53.35089106346548, 4093.7052757293613, 

parameters:
-0.40225742114585694, -41.586765701146874, 18.630458857494535, 
objectives:
-60.0554135257745, -17.185466126201998, 1711.9904336574584, 

parameters:
-0.6196504350868968, -57.965265635776426, 11.012642795215555, 
objectives:
-68.59394176928859, -40.0900544385099, 3350.343344092611, 

parameters:
1.5395812933248367, -87.96267623107934, 5.08000197345169, 
objectives:
-90.67236764577525, -82.67068887217123, 7735.722718318994, 

parameters:
1.3728887575877762, -44.22708958317435, 4.527118181908797, 
objectives:
-46.86938422437224, -39.30670289090575, 1954.393158356931, 

parameters:
-0.0007592872600534761, -74.61504772353057, 2.9543774607023128, 
objectives:
-77.56942460771575, -67.65763253727089, 5565.450969900558, 

parameters:
-0.7533750478818324, -93.62263536004691, 12.604280914786496, 
objectives:
-105.65934231206246, -73.43728029096214, 8754.161144808293, 

parameters:
-0.5387719652330992, -31.102472355489752, 12.28040941050679, 
objectives:
-43.092606535475404, -12.376699853529429, 956.3736524440186, 

parameters:
-0.13641904684476824, -82.6443147956004, 6.1042794726971925, 
objectives:
-88.72998411195555, -71.9757489791821, 6824.9970987179395, 

parameters:
0.39097425972277705, -78.46560357869225, 5.185417758525176, 
objectives:
-83.49816046545166, -70.69122198729241, 6152.818388081722, 

parameters:
0.9542788002582545, -17.071186566416024, 18.5414556662452, 
objectives:
-34.70199420403889, 2.5638019274184902, 274.7946031477601, 

parameters:
-0.14446505398034032, -28.81795026602289, 18.55733388674337, 
objectives:
-47.354414000944715, -5.66188601153662, 812.9377938000471, 

parameters:
3.969210269841124, -96.61127588487594, 0.27160140439960073, 
objectives:
-81.12824712306329, -92.46188539362858, 9350.221656865422, 

parameters:
1.288585384898684, -62.112525431113504, 18.14585441229729, 
objectives:
-78.5979275492363, -43.46056026423646, 3842.4804133125986, 

parameters:
2.5915534946750274, 0.6711649571076492, 3.882987919286912, 
objectives:
3.5043265535830845, 4.904088413456799, 4.2836239961247475, 

parameters:
-0.025735504874757176, -70.9309474448983, 6.680423282196173, 
objectives:
-77.6107084108833, -60.14691982699193, 5025.519544464939, 

parameters:
1.6302520236274756, -99.68187916885566, 0.0, 
objectives:
-97.02415750831418, -99.54516560282408, 9940.134756294881, 

parameters:
0.28025989930887274, -86.29714235763848, 4.193461653949154, 
objectives:
-90.41205840042701, -79.1461746897642, 7444.081863051732, 

parameters:
0.7962070282461845, -80.06984016732812, 0, 
objectives:
-79.4358945354995, -78.62072264848425, 6412.8132500533, 

parameters:
0.9329765271839272, -97.1663783556674, 8.552845479765722, 
objectives:
-104.84877863515695, -87.47499378436122, 9434.622682477222, 

parameters:
2.5541886250117454, -100, 10.079133598998478, 
objectives:
-103.55525406685909, -89.6137413689091, 9997.444745933142, 

parameters:
-0.7753780156579224, -100, 0.1586362017713744, 
objectives:
-99.55742513460575, -92.13864066843132, 10001.442574865394, 

