Generation 52 at Sat May 25 04:36:25 2019
parameters:
0, 0.0, 20.0, 
objectives:
-20.0, 24.0, -19.0, 

parameters:
0, 0.0, 20.0, 
objectives:
-20.0, 24.0, -19.0, 

parameters:
1.9954130956648328, 0.0, 20.0, 
objectives:
-16.01832657764929, 20.00002103969138, -15.018326577649288, 

parameters:
1.9432291511378088, 0.0, 20.0, 
objectives:
-16.22386046616823, 20.003222929280533, -15.223860466168231, 

parameters:
1.0566063444157117, 0.0, 20.0, 
objectives:
-18.883583032940468, 20.889991589396686, -17.883583032940468, 

parameters:
1.5038317453212828, 0.0, 20.0, 
objectives:
-17.738490081763945, 20.246182936950923, -16.738490081763945, 

parameters:
1.845312924485662, 0.0, 20.0, 
objectives:
-16.594820210726173, 20.02392809133118, -15.594820210726173, 

parameters:
1.1684658803550434, 0.0, 20.0, 
objectives:
-18.634687486446115, 20.69144899213371, -17.63468748644611, 

parameters:
1.4278171160648832, 0.0, 20.0, 
objectives:
-17.96133828307216, 20.32739325266831, -16.96133828307216, 

parameters:
0.1741524959585949, 0.0, 20.0, 
objectives:
-19.969670908151393, 23.33371910801423, -18.969670908151393, 

parameters:
0.6234226153532444, 0.0, 20.0, 
objectives:
-19.61134424266612, 21.8949652959209, -18.61134424266612, 

parameters:
0.31430236254483324, 0.0, 20.0, 
objectives:
-19.901214024898735, 22.84157652492193, -18.901214024898735, 

parameters:
1.262359570842248, 0.0, 20.0, 
objectives:
-18.406448313902974, 20.544113402728033, -17.406448313902978, 

parameters:
0.5189728262174268, 0.0, 20.0, 
objectives:
-19.730667205647897, 22.193441489482396, -18.730667205647897, 

parameters:
0.829642026270967, 0.0, 20.0, 
objectives:
-19.311694108245003, 21.369737786671127, -18.311694108245003, 

parameters:
1.5551073442099914, 0.0, 20.0, 
objectives:
-17.581641147984147, 20.197929475175886, -16.581641147984147, 

parameters:
1.385722312295013, 0.0, 20.0, 
objectives:
-18.07977367320776, 20.377337077612186, -17.07977367320776, 

parameters:
1.7843155241061441, 0.0, 20.0, 
objectives:
-16.816218110433816, 20.046519793141606, -15.816218110433816, 

parameters:
0.9699287625184305, 0.0, 20.0, 
objectives:
-19.059238195639466, 21.061046754286814, -18.059238195639466, 

parameters:
1.1305070459357256, 0.0, 20.0, 
objectives:
-18.72195381908968, 20.75601799716742, -17.72195381908968, 

parameters:
1.3230539581386846, 0.0, 20.0, 
objectives:
-18.24952822385356, 20.458255943591702, -17.24952822385356, 

parameters:
1.669027026310296, 0.0, 20.0, 
objectives:
-17.21434878544581, 20.109543109313005, -16.21434878544581, 

parameters:
0.8945500935503898, 0.0, 20.0, 
objectives:
-19.19978013012899, 21.222019495669453, -18.19978013012899, 

parameters:
0.7620655445679674, 0.0, 20.0, 
objectives:
-19.419256105782328, 21.532481715945803, -18.419256105782328, 

parameters:
0.719678394488726, 0.0, 20.0, 
objectives:
-19.48206300850613, 21.639223413538968, -18.48206300850613, 

parameters:
0.5713571639464383, 0.0006481212435850121, 20.0, 
objectives:
-19.672902869963497, 22.04166847425075, -18.672902869963497, 

parameters:
1.605677634890851, 0.0, 20.0, 
objectives:
-17.42179933281132, 20.155490127625274, -16.42179933281132, 

parameters:
0.420879310522868, 0.0, 20.0, 
objectives:
-19.822860605973794, 22.493622151934733, -18.822860605973794, 

parameters:
0.4123065214251574, 0.0, 20.0, 
objectives:
-19.830003332390287, 22.520770581909083, -18.830003332390287, 

parameters:
1.8322345871375865, 0.0, 20.0, 
objectives:
-16.642916417696757, 20.028145233752895, -15.642916417696759, 

parameters:
0.24654222964480008, 0.0, 20.0, 
objectives:
-19.93921692900177, 23.07461415241903, -18.93921692900177, 

parameters:
1.6290578495823926, 0.0, 20.0, 
objectives:
-17.34617052271399, 20.13759807895644, -16.34617052271399, 

parameters:
0.9392026944327236, 0.0006171205507399836, 20.0, 
objectives:
-19.11728117821957, 21.125908044049535, -18.11728117821957, 

parameters:
1.7389331607261278, 0.0, 20.0, 
objectives:
-16.97611146252704, 20.06815589456845, -15.976111462527038, 

parameters:
1.715495724660753, 0.0, 20.0, 
objectives:
-17.057074418670677, 20.08094268268631, -16.057074418670677, 

parameters:
1.2873320874793195, 0.0, 20.0, 
objectives:
-18.34277609654614, 20.507895553536585, -17.34277609654614, 

parameters:
0.21189898345558447, 0, 20.0, 
objectives:
-19.95509882081049, 23.197305245367172, -18.95509882081049, 

parameters:
0.7246032045335195, 0.0005226908126084668, 20.0, 
objectives:
-19.474427505167146, 21.627159676698774, -18.474427505167146, 

parameters:
0.18813585617551654, 0.0, 20.0, 
objectives:
-19.964604899621104, 23.282851675676827, -18.964604899621104, 

parameters:
1.7278694334401872, 0.0, 20.0, 
objectives:
-17.014467220983086, 20.074055045256166, -16.014467220983086, 

parameters:
1.7241458321716097, 0.0, 20.0, 
objectives:
-17.027321149405267, 20.076095521908293, -16.027321149405267, 

parameters:
0, 0.0, 20.0, 
objectives:
-20.0, 24.0, -19.0, 

