Generation 524 at Fri May 24 19:48:08 2019
parameters:
3.7905060219306677, 3.1638337346967518, 3.879534740863745, 
objectives:
13.652234896125664, 10.249280290130482, 21.498245062234105, 

parameters:
0.3165154679809299, -100.0, 18.224412929922465, 
objectives:
-118.12423088845128, -78.94146690053007, 9982.875769111548, 

parameters:
-1.8375175476723005, -10.680808493573593, 20, 
objectives:
-27.304337755569968, 24.045732435119234, 98.45614081439743, 

parameters:
0.44851923478147904, 0.459102976020934, 20.0, 
objectives:
-19.339727520010104, 22.86619554086398, -18.58805495343976, 

parameters:
1.9973066371654076, -100, 0, 
objectives:
-96.01076619713501, -99.99999274579665, 10004.989233802866, 

parameters:
-1.6833532740226411, -34.25018876417802, 18.376938012551463, 
objectives:
-49.79344853156674, -2.3061594103732475, 1158.5321706144375, 

parameters:
1.3728887575877762, -44.22708958317435, 4.527118181908797, 
objectives:
-46.86938422437224, -39.30670289090575, 1954.393158356931, 

parameters:
3.969210269841124, -96.61127588487594, 0.27160140439960073, 
objectives:
-81.12824712306329, -92.46188539362858, 9350.221656865422, 

parameters:
-1.00435680406349, -91.46854727286063, 20, 
objectives:
-110.459814682992, -62.44238746673804, 8348.50387279741, 

parameters:
-1.4719836597652183, -51.64582105473658, 8.39375642141077, 
objectives:
-57.872841581531546, -31.19739409964913, 2662.063811891077, 

parameters:
1.5395812933248367, -87.96267623107934, 5.08000197345169, 
objectives:
-90.67236764577525, -82.67068887217123, 7735.722718318994, 

parameters:
-0.2856756286739055, -31.18064545611439, 6.513278472734337, 
objectives:
-37.6123133640305, -19.4430539038662, 966.8009831519909, 

parameters:
1.042246396073933, -67.45774213024309, 8.715081096086967, 
objectives:
-75.08654567620096, -57.82536906832275, 4543.918169764416, 

parameters:
-0.7533750478818324, -93.62263536004691, 12.604280914786496, 
objectives:
-105.65934231206246, -73.43728029096214, 8754.161144808293, 

parameters:
2.9909987046600772, -63.97973088303053, 9.6467613869271, 
objectives:
-64.68041901867936, -53.35089106346548, 4093.7052757293613, 

parameters:
-0.6196504350868968, -57.965265635776426, 11.012642795215555, 
objectives:
-68.59394176928859, -40.0900544385099, 3350.343344092611, 

parameters:
4.87632433604613, -23.23993329446084, 0, 
objectives:
0.5386057358548904, -14.966691608329631, 564.8730385613053, 

parameters:
-0.457330451180858, -54.476590334804165, 0.0, 
objectives:
-54.26743919322688, -48.43811738850344, 2968.908045647656, 

parameters:
0.39097425972277705, -78.46560357869225, 5.185417758525176, 
objectives:
-83.49816046545166, -70.69122198729241, 6152.818388081722, 

parameters:
-1.442142712184694, -48.50677827818419, 10.719271191845154, 
objectives:
-57.146273867721916, -25.939160635292836, 2345.2680433393843, 

parameters:
4.102315816450322, -81.62830929888646, 0.5142742236281339, 
objectives:
-65.31358846461613, -76.69430328316115, 6680.495599828944, 

parameters:
0.5232678591606195, -98.74757226214503, 11.232037575800824, 
objectives:
-109.7058005855153, -85.33479687055615, 9741.124799344183, 

parameters:
1.5412557025761133, -85.89508435074104, 10.678709971510841, 
objectives:
-94.1983251815285, -75.00592804881127, 7370.662274790131, 

parameters:
-0.0007592872600534761, -74.61504772353057, 2.9543774607023128, 
objectives:
-77.56942460771575, -67.65763253727089, 5565.450969900558, 

parameters:
0.27869627771157846, -72.70378605971754, 13.476787850745332, 
objectives:
-86.10290229525259, -56.26411170460823, 5273.441391181644, 

parameters:
4.058663067532651, -17.087577983383717, 7.918507888399317, 
objectives:
-8.533339976029486, -4.9309764693614575, 301.53955934557416, 

parameters:
1.288585384898684, -62.112525431113504, 18.14585441229729, 
objectives:
-78.5979275492363, -43.46056026423646, 3842.4804133125986, 

parameters:
3.153302185227921, 0.5440838228238194, 14.815853634427565, 
objectives:
-4.328455140240564, 16.690043387702882, -3.576511756805802, 

parameters:
-2.296062445064869, -28.895462966655032, 2.042408234209594, 
objectives:
-25.665968449227364, -8.396902200548693, 839.1772745747602, 

parameters:
3.2988242716951643, -7.106858150772004, 0, 
objectives:
3.7753834247531284, -5.41991366202753, 62.3896743507196, 

parameters:
-0.829801054855188, -92.72289614570572, 6.785663321171008, 
objectives:
-98.81998967623795, -77.92945881447517, 8592.438376116796, 

parameters:
-0.002122247083093498, -25.426533662334748, 13.733068087613963, 
objectives:
-39.15959724601603, -7.684972082455728, 633.7755504981608, 

parameters:
1.6302520236274756, -99.68187916885566, 0.0, 
objectives:
-97.02415750831418, -99.54516560282408, 9940.134756294881, 

parameters:
0.8886335096833736, -72.83784296120635, 1.9674569088041396, 
objectives:
-74.0156303554783, -69.63525057660351, 5305.173579847085, 

parameters:
-0.24026342541287393, -2.038194289097271, 19.455432242350607, 
objectives:
-21.43590001785675, 22.43601816849596, -14.243469768650751, 

parameters:
2.4468700242348107, -50.028012204972775, 3.52572081800115, 
objectives:
-47.566560107475055, -46.30259856841201, 2506.2634572784027, 

parameters:
0.9836735567996531, -7.305281945627436, 20, 
objectives:
-26.337668279280557, 13.727637493520833, 35.33475797145705, 

parameters:
3.623362135327664, -13.788804356198124, 6.106124063039983, 
objectives:
-6.766175255511859, -5.047375670742548, 198.15375467419466, 

