Generation 525 at Fri May 24 19:48:08 2019
parameters:
3.7905060219306677, 3.1638337346967518, 3.879534740863745, 
objectives:
13.652234896125664, 10.249280290130482, 21.498245062234105, 

parameters:
0.3165154679809299, -100.0, 18.224412929922465, 
objectives:
-118.12423088845128, -78.94146690053007, 9982.875769111548, 

parameters:
-1.8375175476723005, -10.680808493573593, 20, 
objectives:
-27.304337755569968, 24.045732435119234, 98.45614081439743, 

parameters:
0.44851923478147904, 0.459102976020934, 20.0, 
objectives:
-19.339727520010104, 22.86619554086398, -18.58805495343976, 

parameters:
1.9973066371654076, -100, 0, 
objectives:
-96.01076619713501, -99.99999274579665, 10004.989233802866, 

parameters:
-1.00435680406349, -91.46854727286063, 20, 
objectives:
-110.459814682992, -62.44238746673804, 8348.50387279741, 

parameters:
3.969210269841124, -96.61127588487594, 0.27160140439960073, 
objectives:
-81.12824712306329, -92.46188539362858, 9350.221656865422, 

parameters:
-0.7533750478818324, -93.62263536004691, 12.604280914786496, 
objectives:
-105.65934231206246, -73.43728029096214, 8754.161144808293, 

parameters:
1.042246396073933, -67.45774213024309, 8.715081096086967, 
objectives:
-75.08654567620096, -57.82536906832275, 4543.918169764416, 

parameters:
-0.2856756286739055, -31.18064545611439, 6.513278472734337, 
objectives:
-37.6123133640305, -19.4430539038662, 966.8009831519909, 

parameters:
1.3728887575877762, -44.22708958317435, 4.527118181908797, 
objectives:
-46.86938422437224, -39.30670289090575, 1954.393158356931, 

parameters:
0.39097425972277705, -78.46560357869225, 5.185417758525176, 
objectives:
-83.49816046545166, -70.69122198729241, 6152.818388081722, 

parameters:
-1.6833532740226411, -34.25018876417802, 18.376938012551463, 
objectives:
-49.79344853156674, -2.3061594103732475, 1158.5321706144375, 

parameters:
1.5395812933248367, -87.96267623107934, 5.08000197345169, 
objectives:
-90.67236764577525, -82.67068887217123, 7735.722718318994, 

parameters:
-0.0007592872600534761, -74.61504772353057, 2.9543774607023128, 
objectives:
-77.56942460771575, -67.65763253727089, 5565.450969900558, 

parameters:
3.153302185227921, 0.5440838228238194, 14.815853634427565, 
objectives:
-4.328455140240564, 16.690043387702882, -3.576511756805802, 

parameters:
-1.4719836597652183, -51.64582105473658, 8.39375642141077, 
objectives:
-57.872841581531546, -31.19739409964913, 2662.063811891077, 

parameters:
-2.296062445064869, -28.895462966655032, 2.042408234209594, 
objectives:
-25.665968449227364, -8.396902200548693, 839.1772745747602, 

parameters:
-0.457330451180858, -54.476590334804165, 0.0, 
objectives:
-54.26743919322688, -48.43811738850344, 2968.908045647656, 

parameters:
0.27869627771157846, -72.70378605971754, 13.476787850745332, 
objectives:
-86.10290229525259, -56.26411170460823, 5273.441391181644, 

parameters:
4.87632433604613, -23.23993329446084, 0, 
objectives:
0.5386057358548904, -14.966691608329631, 564.8730385613053, 

parameters:
4.058663067532651, -17.087577983383717, 7.918507888399317, 
objectives:
-8.533339976029486, -4.9309764693614575, 301.53955934557416, 

parameters:
2.9909987046600772, -63.97973088303053, 9.6467613869271, 
objectives:
-64.68041901867936, -53.35089106346548, 4093.7052757293613, 

parameters:
3.2988242716951643, -7.106858150772004, 0, 
objectives:
3.7753834247531284, -5.41991366202753, 62.3896743507196, 

parameters:
3.670146714175802, -100, 11.145826419151563, 
objectives:
-97.67584951557613, -86.06478353397621, 10003.324150484425, 

parameters:
4.102315816450322, -81.62830929888646, 0.5142742236281339, 
objectives:
-65.31358846461613, -76.69430328316115, 6680.495599828944, 

parameters:
-0.6196504350868968, -57.965265635776426, 11.012642795215555, 
objectives:
-68.59394176928859, -40.0900544385099, 3350.343344092611, 

parameters:
-0.41497134387087975, -34.852648106961325, 12.996838119747723, 
objectives:
-47.677285010475046, -16.023723395496077, 1202.8824431641613, 

parameters:
-0.5489433981338663, -60.35640759070931, 11.321140344231553, 
objectives:
-71.37620908058611, -42.53815479958754, 3632.876135765956, 

parameters:
1.5412557025761133, -85.89508435074104, 10.678709971510841, 
objectives:
-94.1983251815285, -75.00592804881127, 7370.662274790131, 

parameters:
1.5637484929602712, -83.32536122939301, 5.441933853060295, 
objectives:
-86.32198573321779, -77.69311199893828, 6941.119199505007, 

parameters:
0.1048870050562094, -26.031324496484263, 18.055344393029273, 
objectives:
-44.075667605683876, -4.384526839850167, 660.585511932062, 

parameters:
-1.442142712184694, -48.50677827818419, 10.719271191845154, 
objectives:
-57.146273867721916, -25.939160635292836, 2345.2680433393843, 

parameters:
0.5232678591606195, -98.74757226214503, 11.232037575800824, 
objectives:
-109.7058005855153, -85.33479687055615, 9741.124799344183, 

parameters:
3.5831023229289416, -23.66476020033405, 5.425086300984024, 
objectives:
-16.251224244739298, -15.733460934487017, 568.4344112949093, 

parameters:
-1.4724485463751618, -46.88343422571791, 16.05795414145518, 
objectives:
-60.77328364545076, -18.767581177039755, 2185.166555377485, 

parameters:
-2.2322633304400012, -55.56269441320993, 14.121160338658994, 
objectives:
-64.70085517544184, -23.529481176363845, 3079.0748496935184, 

parameters:
0.2551956256681006, -55.507218091068864, 8.53258048696026, 
objectives:
-63.974673770668986, -43.93029529942088, 3073.5838045298824, 

parameters:
2.8660695830950327, -86.54340204585529, 1.581436983968326, 
objectives:
-79.91048417468109, -84.21188853912456, 7497.393355541723, 

parameters:
1.288585384898684, -62.112525431113504, 18.14585441229729, 
objectives:
-78.5979275492363, -43.46056026423646, 3842.4804133125986, 

parameters:
-1.9011993086895311, -52.365293813871105, 11.297128560105962, 
objectives:
-60.04786356261552, -25.848809207645473, 2735.441426464303, 

