Generation 527 at Fri May 24 19:48:08 2019
parameters:
3.7905060219306677, 3.1638337346967518, 3.879534740863745, 
objectives:
13.652234896125664, 10.249280290130482, 21.498245062234105, 

parameters:
0.3165154679809299, -100.0, 18.224412929922465, 
objectives:
-118.12423088845128, -78.94146690053007, 9982.875769111548, 

parameters:
-1.8375175476723005, -10.680808493573593, 20, 
objectives:
-27.304337755569968, 24.045732435119234, 98.45614081439743, 

parameters:
0.44851923478147904, 0.459102976020934, 20.0, 
objectives:
-19.339727520010104, 22.86619554086398, -18.58805495343976, 

parameters:
1.9973066371654076, -100, 0, 
objectives:
-96.01076619713501, -99.99999274579665, 10004.989233802866, 

parameters:
-0.0007592872600534761, -74.61504772353057, 2.9543774607023128, 
objectives:
-77.56942460771575, -67.65763253727089, 5565.450969900558, 

parameters:
-1.6531498167088978, -42.65067698895101, 0, 
objectives:
-39.91777267246635, -29.30517340563076, 1822.81315193232, 

parameters:
-0.2856756286739055, -31.18064545611439, 6.513278472734337, 
objectives:
-37.6123133640305, -19.4430539038662, 966.8009831519909, 

parameters:
3.969210269841124, -96.61127588487594, 0.27160140439960073, 
objectives:
-81.12824712306329, -92.46188539362858, 9350.221656865422, 

parameters:
-1.00435680406349, -91.46854727286063, 20, 
objectives:
-110.459814682992, -62.44238746673804, 8348.50387279741, 

parameters:
1.042246396073933, -67.45774213024309, 8.715081096086967, 
objectives:
-75.08654567620096, -57.82536906832275, 4543.918169764416, 

parameters:
0.27869627771157846, -72.70378605971754, 13.476787850745332, 
objectives:
-86.10290229525259, -56.26411170460823, 5273.441391181644, 

parameters:
-0.7533750478818324, -93.62263536004691, 12.604280914786496, 
objectives:
-105.65934231206246, -73.43728029096214, 8754.161144808293, 

parameters:
4.102315816450322, -81.62830929888646, 0.5142742236281339, 
objectives:
-65.31358846461613, -76.69430328316115, 6680.495599828944, 

parameters:
-0.457330451180858, -54.476590334804165, 0.0, 
objectives:
-54.26743919322688, -48.43811738850344, 2968.908045647656, 

parameters:
4.058663067532651, -17.087577983383717, 7.918507888399317, 
objectives:
-8.533339976029486, -4.9309764693614575, 301.53955934557416, 

parameters:
2.9909987046600772, -63.97973088303053, 9.6467613869271, 
objectives:
-64.68041901867936, -53.35089106346548, 4093.7052757293613, 

parameters:
4.87632433604613, -23.23993329446084, 0, 
objectives:
0.5386057358548904, -14.966691608329631, 564.8730385613053, 

parameters:
-0.049293909166594485, -44.953131850326464, 8.24683783334886, 
objectives:
-53.1975397941944, -32.5066884908303, 2013.5396552089678, 

parameters:
1.5395812933248367, -87.96267623107934, 5.08000197345169, 
objectives:
-90.67236764577525, -82.67068887217123, 7735.722718318994, 

parameters:
-2.296062445064869, -28.895462966655032, 2.042408234209594, 
objectives:
-25.665968449227364, -8.396902200548693, 839.1772745747602, 

parameters:
-0.5489433981338663, -60.35640759070931, 11.321140344231553, 
objectives:
-71.37620908058611, -42.53815479958754, 3632.876135765956, 

parameters:
3.670146714175802, -100, 11.145826419151563, 
objectives:
-97.67584951557613, -86.06478353397621, 10003.324150484425, 

parameters:
4.73718037953241, -84.42090991448079, 5.910168362507257, 
objectives:
-67.89020032876121, -71.01858512187636, 7144.4207403745995, 

parameters:
-1.6833532740226411, -34.25018876417802, 18.376938012551463, 
objectives:
-49.79344853156674, -2.3061594103732475, 1158.5321706144375, 

parameters:
-0.8322288651102072, -4.983878399838687, 0.9090212492583807, 
objectives:
-5.200294765174444, 3.9466631937831456, 25.622627539042877, 

parameters:
0.04507218101745182, -52.31190906318679, 9.948436720137632, 
objectives:
-62.25831428182275, -38.54172956561729, 2727.5894246164885, 

parameters:
3.2988242716951643, -7.106858150772004, 0, 
objectives:
3.7753834247531284, -5.41991366202753, 62.3896743507196, 

parameters:
3.153302185227921, 0.5440838228238194, 14.815853634427565, 
objectives:
-4.328455140240564, 16.690043387702882, -3.576511756805802, 

parameters:
-0.41497134387087975, -34.852648106961325, 12.996838119747723, 
objectives:
-47.677285010475046, -16.023723395496077, 1202.8824431641613, 

parameters:
-1.4719836597652183, -51.64582105473658, 8.39375642141077, 
objectives:
-57.872841581531546, -31.19739409964913, 2662.063811891077, 

parameters:
-0.6196504350868968, -57.965265635776426, 11.012642795215555, 
objectives:
-68.59394176928859, -40.0900544385099, 3350.343344092611, 

parameters:
1.3945535262900202, -99.40414186210738, 0, 
objectives:
-97.45936232441944, -99.03757642957953, 9884.128198879656, 

parameters:
0.9392534790174407, -98.05885313012976, 18.012828352581323, 
objectives:
-115.18948438486471, -78.92084159577183, 9599.408045941624, 

parameters:
0.8411469910332219, -95.25428408917932, 18.200881803547023, 
objectives:
-112.7476376322021, -75.71046198924094, 9056.885283799058, 

parameters:
2.0498446018547525, -6.966446309620916, 20, 
objectives:
-22.764583417867847, 13.036038174713143, 33.73323707658395, 

parameters:
1.3728887575877762, -44.22708958317435, 4.527118181908797, 
objectives:
-46.86938422437224, -39.30670289090575, 1954.393158356931, 

parameters:
1.517681568394568, -51.76074848751216, 8.67222093331059, 
objectives:
-58.129612077778155, -42.85589648473525, 2673.8062203972263, 

parameters:
-0.29416201736069414, -88.9346731856058, 6.5957614420844175, 
objectives:
-95.44390333523252, -77.0757323816209, 7903.866864480886, 

parameters:
1.5412557025761133, -85.89508435074104, 10.678709971510841, 
objectives:
-94.1983251815285, -75.00592804881127, 7370.662274790131, 

parameters:
1.6477659954250419, -86.60488753505611, 11.127815218899919, 
objectives:
-95.01756997827695, -75.35300352217729, 7492.993862516496, 

