Generation 530 at Fri May 24 19:48:08 2019
parameters:
1.5942674232933562, 3.848592442523273, 1.086229307157521, 
objectives:
5.3040517523401896, 5.099440673481807, 17.26712309846417, 

parameters:
0.3165154679809299, -100.0, 18.224412929922465, 
objectives:
-118.12423088845128, -78.94146690053007, 9982.875769111548, 

parameters:
-1.8375175476723005, -10.680808493573593, 20, 
objectives:
-27.304337755569968, 24.045732435119234, 98.45614081439743, 

parameters:
0.44851923478147904, 0.459102976020934, 20.0, 
objectives:
-19.339727520010104, 22.86619554086398, -18.58805495343976, 

parameters:
1.9973066371654076, -100, 0, 
objectives:
-96.01076619713501, -99.99999274579665, 10004.989233802866, 

parameters:
-1.00435680406349, -91.46854727286063, 20, 
objectives:
-110.459814682992, -62.44238746673804, 8348.50387279741, 

parameters:
0.6525767450342523, -79.22235630336698, 0, 
objectives:
-78.79649989520748, -77.40680687534449, 6277.607594665789, 

parameters:
3.969210269841124, -96.61127588487594, 0.27160140439960073, 
objectives:
-81.12824712306329, -92.46188539362858, 9350.221656865422, 

parameters:
-0.457330451180858, -54.476590334804165, 0.0, 
objectives:
-54.26743919322688, -48.43811738850344, 2968.908045647656, 

parameters:
-0.7533750478818324, -93.62263536004691, 12.604280914786496, 
objectives:
-105.65934231206246, -73.43728029096214, 8754.161144808293, 

parameters:
-1.9582338231226326, -42.24439454514419, 2.544688059359306, 
objectives:
-40.954402898482016, -24.03209148727287, 1786.8788621324704, 

parameters:
-0.8322288651102072, -4.983878399838687, 0.9090212492583807, 
objectives:
-5.200294765174444, 3.9466631937831456, 25.622627539042877, 

parameters:
1.5395812933248367, -87.96267623107934, 5.08000197345169, 
objectives:
-90.67236764577525, -82.67068887217123, 7735.722718318994, 

parameters:
0.04507218101745182, -52.31190906318679, 9.948436720137632, 
objectives:
-62.25831428182275, -38.54172956561729, 2727.5894246164885, 

parameters:
2.6515022613347514, -86.40378291652605, 5.847442484865549, 
objectives:
-85.22076115952831, -80.13188523513621, 7467.796724043157, 

parameters:
-0.41497134387087975, -34.852648106961325, 12.996838119747723, 
objectives:
-47.677285010475046, -16.023723395496077, 1202.8824431641613, 

parameters:
-2.1631068742065693, -58.74823000941554, 15.433234014397067, 
objectives:
-69.5024326745729, -25.983537148952486, 3441.600326574036, 

parameters:
4.87632433604613, -23.23993329446084, 0, 
objectives:
0.5386057358548904, -14.966691608329631, 564.8730385613053, 

parameters:
1.471783242265945, -17.218632595897297, 9.848611780536078, 
objectives:
-24.90109846421852, -7.091007872210142, 289.79884260417566, 

parameters:
1.0251381270874214, -28.309720606665877, 12.16093478438296, 
objectives:
-39.41974721144053, -15.198430151024297, 791.3302542227079, 

parameters:
2.9909987046600772, -63.97973088303053, 9.6467613869271, 
objectives:
-64.68041901867936, -53.35089106346548, 4093.7052757293613, 

parameters:
-0.5489433981338663, -60.35640759070931, 11.321140344231553, 
objectives:
-71.37620908058611, -42.53815479958754, 3632.876135765956, 

parameters:
0.27869627771157846, -72.70378605971754, 13.476787850745332, 
objectives:
-86.10290229525259, -56.26411170460823, 5273.441391181644, 

parameters:
-0.049293909166594485, -44.953131850326464, 8.24683783334886, 
objectives:
-53.1975397941944, -32.5066884908303, 2013.5396552089678, 

parameters:
-0.15742078317479624, -76.99413785204457, 13.11856979451355, 
objectives:
-90.08792634358275, -59.22110362185647, 5916.003475088105, 

parameters:
-1.6833532740226411, -34.25018876417802, 18.376938012551463, 
objectives:
-49.79344853156674, -2.3061594103732475, 1158.5321706144375, 

parameters:
1.4976670163755372, -68.16007780443958, 14.966800550911449, 
objectives:
-80.88387186341183, -52.94093882709108, 4634.072412248285, 

parameters:
1.0160932720657068, -45.699196703277764, 6.128066355481848, 
objectives:
-50.79481752122242, -38.60305789852155, 2084.3209585069285, 

parameters:
-0.3435843106907545, -100, 1.150348707243624, 
objectives:
-101.03229852869079, -93.35726387144052, 9999.967701471309, 

parameters:
1.042246396073933, -67.45774213024309, 8.715081096086967, 
objectives:
-75.08654567620096, -57.82536906832275, 4543.918169764416, 

parameters:
1.744327515305681, -94.02701018279966, 12.17951356902906, 
objectives:
-103.16384527117621, -81.78212819434083, 8832.941808827934, 

parameters:
3.7546195871789614, -74.13125594688702, 12.790037464008455, 
objectives:
-72.82412516646757, -58.26252858716649, 5497.750239043292, 

parameters:
3.2988242716951643, -7.106858150772004, 0, 
objectives:
3.7753834247531284, -5.41991366202753, 62.3896743507196, 

