Generation 533 at Fri May 24 19:48:08 2019
parameters:
0.3165154679809299, -100.0, 18.224412929922465, 
objectives:
-118.12423088845128, -78.94146690053007, 9982.875769111548, 

parameters:
-1.8375175476723005, -10.680808493573593, 20, 
objectives:
-27.304337755569968, 24.045732435119234, 98.45614081439743, 

parameters:
1.5942674232933562, 3.848592442523273, 1.086229307157521, 
objectives:
5.3040517523401896, 5.099440673481807, 17.26712309846417, 

parameters:
0.44851923478147904, 0.459102976020934, 20.0, 
objectives:
-19.339727520010104, 22.86619554086398, -18.58805495343976, 

parameters:
1.9973066371654076, -100, 0, 
objectives:
-96.01076619713501, -99.99999274579665, 10004.989233802866, 

parameters:
0.923074822042832, -60.579908831378646, 8.85333219175177, 
objectives:
-68.58117389604101, -50.5668088007088, 3662.9240889534863, 

parameters:
0.27869627771157846, -72.70378605971754, 13.476787850745332, 
objectives:
-86.10290229525259, -56.26411170460823, 5273.441391181644, 

parameters:
-0.7533750478818324, -93.62263536004691, 12.604280914786496, 
objectives:
-105.65934231206246, -73.43728029096214, 8754.161144808293, 

parameters:
3.969210269841124, -96.61127588487594, 0.27160140439960073, 
objectives:
-81.12824712306329, -92.46188539362858, 9350.221656865422, 

parameters:
-0.41497134387087975, -34.852648106961325, 12.996838119747723, 
objectives:
-47.677285010475046, -16.023723395496077, 1202.8824431641613, 

parameters:
-1.9582338231226326, -42.24439454514419, 2.544688059359306, 
objectives:
-40.954402898482016, -24.03209148727287, 1786.8788621324704, 

parameters:
-1.00435680406349, -91.46854727286063, 20, 
objectives:
-110.459814682992, -62.44238746673804, 8348.50387279741, 

parameters:
1.885183926339288, -24.56210732480188, 20, 
objectives:
-41.008188888673864, -4.548924594031018, 587.8510346712142, 

parameters:
3.680479437784058, -83.26902175035258, 2.575797736969542, 
objectives:
-72.29889059537086, -77.86921287256801, 6945.700114415672, 

parameters:
0.773313262544759, -5.447060274806205, 10.051470322693644, 
objectives:
-14.90051719547223, 6.109170399736023, 21.21700871670582, 

parameters:
0.04507218101745182, -52.31190906318679, 9.948436720137632, 
objectives:
-62.25831428182275, -38.54172956561729, 2727.5894246164885, 

parameters:
-0.457330451180858, -54.476590334804165, 0.0, 
objectives:
-54.26743919322688, -48.43811738850344, 2968.908045647656, 

parameters:
-0.049293909166594485, -44.953131850326464, 8.24683783334886, 
objectives:
-53.1975397941944, -32.5066884908303, 2013.5396552089678, 

parameters:
-0.8322288651102072, -4.983878399838687, 0.9090212492583807, 
objectives:
-5.200294765174444, 3.9466631937831456, 25.622627539042877, 

parameters:
2.6668592478545623, -72.7264137822865, 3.23655697703788, 
objectives:
-68.85083251145697, -69.04515554879947, 5294.006842903182, 

parameters:
-0.15742078317479624, -76.99413785204457, 13.11856979451355, 
objectives:
-90.08792634358275, -59.22110362185647, 5916.003475088105, 

parameters:
4.87632433604613, -23.23993329446084, 0, 
objectives:
0.5386057358548904, -14.966691608329631, 564.8730385613053, 

parameters:
0.6525767450342523, -79.22235630336698, 0, 
objectives:
-78.79649989520748, -77.40680687534449, 6277.607594665789, 

parameters:
4.49461738123826, -18.568206069902118, 4.724513621248313, 
objectives:
-3.0911342874213545, -7.62057656987777, 361.2553484368306, 

parameters:
-2.2261230705943937, -19.7388924175397, 20, 
objectives:
-34.783268492107084, 18.121223790270488, 375.57949779663886, 

parameters:
2.6515022613347514, -86.40378291652605, 5.847442484865549, 
objectives:
-85.22076115952831, -80.13188523513621, 7467.796724043157, 

parameters:
1.5395812933248367, -87.96267623107934, 5.08000197345169, 
objectives:
-90.67236764577525, -82.67068887217123, 7735.722718318994, 

parameters:
2.8681087427627165, -49.2124200486742, 8.828321794368826, 
objectives:
-49.814694082731094, -39.63048546504431, 2422.2600130130927, 

parameters:
-1.6585861810209588, -98.46110815806087, 0, 
objectives:
-95.71020003818718, -85.07585531410334, 9698.340727833234, 

parameters:
3.585888178290025, -42.213775460077684, 4.163820010560049, 
objectives:
-33.51900144343758, -35.53491413547758, 1791.697612610497, 

parameters:
1.0257687756699583, -49.916222748089254, 1.5485389052443364, 
objectives:
-50.41256007219415, -47.41855736438531, 2492.132956112758, 

parameters:
-0.4396911955961791, -77.50093417724041, 0.5823525932867308, 
objectives:
-77.88995842304234, -70.96648845408417, 6007.005774099149, 

parameters:
0.6357509444973124, -90.70775327467113, 4.977022363003025, 
objectives:
-95.28059637424494, -83.86955542622813, 8224.323661039038, 

parameters:
2.6262050072756717, 1.0441239006234255, 12.757995867824185, 
objectives:
-4.816919226960948, 14.194252479584735, -3.7708484077312967, 

parameters:
2.1060706110576617, -53.454947218356494, 3.6242309343140797, 
objectives:
-52.64364473390978, -49.819465309512275, 2859.242684601725, 

