Generation 537 at Fri May 24 19:48:08 2019
parameters:
0.3165154679809299, -100.0, 18.224412929922465, 
objectives:
-118.12423088845128, -78.94146690053007, 9982.875769111548, 

parameters:
4.87632433604613, -23.23993329446084, 0, 
objectives:
0.5386057358548904, -14.966691608329631, 564.8730385613053, 

parameters:
-1.8375175476723005, -10.680808493573593, 20, 
objectives:
-27.304337755569968, 24.045732435119234, 98.45614081439743, 

parameters:
0.44851923478147904, 0.459102976020934, 20.0, 
objectives:
-19.339727520010104, 22.86619554086398, -18.58805495343976, 

parameters:
1.9973066371654076, -100, 0, 
objectives:
-96.01076619713501, -99.99999274579665, 10004.989233802866, 

parameters:
-1.9582338231226326, -42.24439454514419, 2.544688059359306, 
objectives:
-40.954402898482016, -24.03209148727287, 1786.8788621324704, 

parameters:
-0.41497134387087975, -34.852648106961325, 12.996838119747723, 
objectives:
-47.677285010475046, -16.023723395496077, 1202.8824431641613, 

parameters:
-0.457330451180858, -54.476590334804165, 0.0, 
objectives:
-54.26743919322688, -48.43811738850344, 2968.908045647656, 

parameters:
-2.2261230705943937, -19.7388924175397, 20, 
objectives:
-34.783268492107084, 18.121223790270488, 375.57949779663886, 

parameters:
0.923074822042832, -60.579908831378646, 8.85333219175177, 
objectives:
-68.58117389604101, -50.5668088007088, 3662.9240889534863, 

parameters:
3.969210269841124, -96.61127588487594, 0.27160140439960073, 
objectives:
-81.12824712306329, -92.46188539362858, 9350.221656865422, 

parameters:
1.776354139618243, -48.80598781977082, 11.10345100048693, 
objectives:
-56.75400479091888, -37.652519348418, 2375.0764300924693, 

parameters:
0.47226644333324996, -64.68845670923302, 7.720340238778775, 
objectives:
-72.18576135451316, -54.63414665028861, 4178.099126777035, 

parameters:
1.9711832576982413, -91.06857168839021, 0.6016781785342135, 
objectives:
-87.78468643149458, -90.4660631052191, 8297.76863462036, 

parameters:
4.6348932012804225, -24.133667253425326, 7.039863877810316, 
objectives:
-9.691296143960159, -10.151141193461218, 597.876266208519, 

parameters:
-1.249712876067043, -53.19371554381065, 12.914867235798118, 
objectives:
-64.54680050700101, -29.718214531136596, 2819.2182883926516, 

parameters:
-0.8311086742965585, -86.00352072826266, 5.274568775311325, 
objectives:
-90.587347875083, -72.71377562727412, 7393.021750509884, 

parameters:
0.154166222675866, -28.6970212799918, 2.335693669591082, 
objectives:
-31.008947725368742, -22.954225276890035, 822.2071038989253, 

parameters:
2.959428694963786, -83.29035667030256, 10.431249889327137, 
objectives:
-84.96338835905463, -71.93860336025551, 6936.610482577462, 

parameters:
4.6438526051590125, -24.9198894834703, 16.87256265518496, 
objectives:
-20.22708512021311, -1.0573702304792398, 626.6936962316308, 

parameters:
3.2540591263521668, -66.80636279360641, 2.2301457828276208, 
objectives:
-58.4476077786382, -63.00355271839163, 4472.448864725927, 

parameters:
1.7093636409685233, -10.82728777129275, 20, 
objectives:
-27.905363714227583, 9.257181721898323, 101.15208453945071, 

parameters:
-0.741884425632167, -94.7119120115312, 11.237768767498531, 
objectives:
-105.39928827803416, -75.95621304050842, 8960.658900613525, 

parameters:
-1.6585861810209588, -98.46110815806087, 0, 
objectives:
-95.71020003818718, -85.07585531410334, 9698.340727833234, 

parameters:
0.8240688672179968, -3.0659084844891176, 0.027468234723226077, 
objectives:
-2.414287221294391, -1.6556262207199262, 11.051416098457082, 

parameters:
-0.15742078317479624, -76.99413785204457, 13.11856979451355, 
objectives:
-90.08792634358275, -59.22110362185647, 5916.003475088105, 

parameters:
0.6525767450342523, -79.22235630336698, 0, 
objectives:
-78.79649989520748, -77.40680687534449, 6277.607594665789, 

parameters:
1.29645295098642, -0.16976345505419488, 13.000872874222956, 
objectives:
-11.489846075155754, 13.326087869344478, -10.291262989429622, 

parameters:
0.5080653541735178, -72.34376739114475, 4.571371816431355, 
objectives:
-76.65700880346463, -65.54652658729601, 5230.307438931739, 

parameters:
-1.00435680406349, -91.46854727286063, 20, 
objectives:
-110.459814682992, -62.44238746673804, 8348.50387279741, 

parameters:
3.390882788629857, -52.19896747948823, 9.166420439493516, 
objectives:
-49.86730183275555, -41.09799210828795, 2728.0638715714026, 

parameters:
-0.7533750478818324, -93.62263536004691, 12.604280914786496, 
objectives:
-105.65934231206246, -73.43728029096214, 8754.161144808293, 

parameters:
0.04507218101745182, -52.31190906318679, 9.948436720137632, 
objectives:
-62.25831428182275, -38.54172956561729, 2727.5894246164885, 

parameters:
3.8885632472928853, -92.06840681569072, 17.346032176919614, 
objectives:
-94.29351486441334, -71.15570349974567, 8475.366425530803, 

parameters:
2.6668592478545623, -72.7264137822865, 3.23655697703788, 
objectives:
-68.85083251145697, -69.04515554879947, 5294.006842903182, 

parameters:
1.3829926692175896, -74.18984736453403, 3.802202030833501, 
objectives:
-76.07938067225794, -70.0069472874613, 5503.243918665133, 

parameters:
0.7179879909772482, -73.85075451151944, 1.2061650207531924, 
objectives:
-74.54141277708509, -71.0010346994877, 5454.243283655143, 

