Generation 54 at Sat May 25 04:36:25 2019
parameters:
0, 0.0, 20.0, 
objectives:
-20.0, 24.0, -19.0, 

parameters:
0, 0.0, 20.0, 
objectives:
-20.0, 24.0, -19.0, 

parameters:
1.9954130956648328, 0.0, 20.0, 
objectives:
-16.01832657764929, 20.00002103969138, -15.018326577649288, 

parameters:
1.7843155241061441, 0.0, 20.0, 
objectives:
-16.816218110433816, 20.046519793141606, -15.816218110433816, 

parameters:
1.669027026310296, 0.0, 20.0, 
objectives:
-17.21434878544581, 20.109543109313005, -16.21434878544581, 

parameters:
1.845312924485662, 0.0, 20.0, 
objectives:
-16.594820210726173, 20.02392809133118, -15.594820210726173, 

parameters:
1.9432291511378088, 0.0, 20.0, 
objectives:
-16.22386046616823, 20.003222929280533, -15.223860466168231, 

parameters:
0.5189728262174268, 0.0, 20.0, 
objectives:
-19.730667205647897, 22.193441489482396, -18.730667205647897, 

parameters:
0.6699906103386665, 0.0, 20.0, 
objectives:
-19.55111258205802, 21.768924976587314, -18.55111258205802, 

parameters:
1.262359570842248, 0.0, 20.0, 
objectives:
-18.406448313902974, 20.544113402728033, -17.406448313902978, 

parameters:
0.9699287625184305, 0.0, 20.0, 
objectives:
-19.059238195639466, 21.061046754286814, -18.059238195639466, 

parameters:
1.5038317453212828, 0.0, 20.0, 
objectives:
-17.738490081763945, 20.246182936950923, -16.738490081763945, 

parameters:
1.1684658803550434, 0.0, 20.0, 
objectives:
-18.634687486446115, 20.69144899213371, -17.63468748644611, 

parameters:
1.4278171160648832, 0.0, 20.0, 
objectives:
-17.96133828307216, 20.32739325266831, -16.96133828307216, 

parameters:
0.31430236254483324, 0.0, 20.0, 
objectives:
-19.901214024898735, 22.84157652492193, -18.901214024898735, 

parameters:
1.385722312295013, 0.0, 20.0, 
objectives:
-18.07977367320776, 20.377337077612186, -17.07977367320776, 

parameters:
0.829642026270967, 0.0, 20.0, 
objectives:
-19.311694108245003, 21.369737786671127, -18.311694108245003, 

parameters:
0.4123065214251574, 0.0, 20.0, 
objectives:
-19.830003332390287, 22.520770581909083, -18.830003332390287, 

parameters:
0.2584727608518349, 0.0, 20.0, 
objectives:
-19.93319183189763, 23.03291712469503, -18.93319183189763, 

parameters:
1.0566063444157117, 0.0, 20.0, 
objectives:
-18.883583032940468, 20.889991589396686, -17.883583032940468, 

parameters:
0.1741524959585949, 0.0, 20.0, 
objectives:
-19.969670908151393, 23.33371910801423, -18.969670908151393, 

parameters:
1.1305070459357256, 0.0, 20.0, 
objectives:
-18.72195381908968, 20.75601799716742, -17.72195381908968, 

parameters:
0.45304435077965577, 0.0, 20.0, 
objectives:
-19.79475081622664, 22.393071780654736, -18.79475081622664, 

parameters:
1.3230539581386846, 0.0, 20.0, 
objectives:
-18.24952822385356, 20.458255943591702, -17.24952822385356, 

parameters:
0.719678394488726, 0.0, 20.0, 
objectives:
-19.48206300850613, 21.639223413538968, -18.48206300850613, 

parameters:
0.014705277996780822, 0.0, 20.0, 
objectives:
-19.999783754799036, 23.941395133213838, -18.999783754799036, 

parameters:
1.605677634890851, 0.0, 20.0, 
objectives:
-17.42179933281132, 20.155490127625274, -16.42179933281132, 

parameters:
1.0731545529922115, 0.0, 20.0, 
objectives:
-18.848339305392088, 20.85904248263907, -17.848339305392088, 

parameters:
0.9050633993155828, 0.0, 20.0, 
objectives:
-19.18086024321932, 21.198886159518345, -18.18086024321932, 

parameters:
0.8945500935503898, 0.0, 20.0, 
objectives:
-19.19978013012899, 21.222019495669453, -18.19978013012899, 

parameters:
0.11587913541265399, 0.0, 20.0, 
objectives:
-19.986572025976017, 23.549911432373367, -18.986572025976017, 

parameters:
1.3082491432722, 0.0, 20.0, 
objectives:
-18.288484179127554, 20.478519247783645, -17.288484179127554, 

parameters:
0.772589859833064, 0.0, 20.0, 
objectives:
-19.403104908483126, 21.506535652184617, -18.403104908483126, 

parameters:
1.550987647997544, 0.0, 20.0, 
objectives:
-17.594437315759045, 20.201612092250777, -16.594437315759045, 

parameters:
1.5673599547958665, 0.0, 20.0, 
objectives:
-17.543382772102298, 20.187177408714234, -16.543382772102298, 

parameters:
0.7620655445679674, 0.0, 20.0, 
objectives:
-19.419256105782328, 21.532481715945803, -18.419256105782328, 

parameters:
1.6042517643361252, 0.0, 20.0, 
objectives:
-17.42637627662443, 20.15661666603107, -16.42637627662443, 

parameters:
0.11861515388885739, 0.0, 20.0, 
objectives:
-19.985930445267922, 23.53960893917665, -18.985930445267922, 

parameters:
1.5551073442099914, 0.0, 20.0, 
objectives:
-17.581641147984147, 20.197929475175886, -16.581641147984147, 

