Generation 540 at Fri May 24 19:48:08 2019
parameters:
0.3165154679809299, -100.0, 18.224412929922465, 
objectives:
-118.12423088845128, -78.94146690053007, 9982.875769111548, 

parameters:
4.87632433604613, -23.23993329446084, 0, 
objectives:
0.5386057358548904, -14.966691608329631, 564.8730385613053, 

parameters:
0.44851923478147904, 0.459102976020934, 20.0, 
objectives:
-19.339727520010104, 22.86619554086398, -18.58805495343976, 

parameters:
1.9973066371654076, -100, 0, 
objectives:
-96.01076619713501, -99.99999274579665, 10004.989233802866, 

parameters:
0.5080653541735178, -72.34376739114475, 4.571371816431355, 
objectives:
-76.65700880346463, -65.54652658729601, 5230.307438931739, 

parameters:
1.0301456062561314, -55.6058552771763, 8.002605209867216, 
objectives:
-62.54726051695471, -46.662632522244806, 3086.069735866497, 

parameters:
0.923074822042832, -60.579908831378646, 8.85333219175177, 
objectives:
-68.58117389604101, -50.5668088007088, 3662.9240889534863, 

parameters:
-0.741884425632167, -94.7119120115312, 11.237768767498531, 
objectives:
-105.39928827803416, -75.95621304050842, 8960.658900613525, 

parameters:
1.7093636409685233, -10.82728777129275, 20, 
objectives:
-27.905363714227583, 9.257181721898323, 101.15208453945071, 

parameters:
-1.00435680406349, -91.46854727286063, 20, 
objectives:
-110.459814682992, -62.44238746673804, 8348.50387279741, 

parameters:
0.47226644333324996, -64.68845670923302, 7.720340238778775, 
objectives:
-72.18576135451316, -54.63414665028861, 4178.099126777035, 

parameters:
4.6348932012804225, -24.133667253425326, 7.039863877810316, 
objectives:
-9.691296143960159, -10.151141193461218, 597.876266208519, 

parameters:
-2.2261230705943937, -19.7388924175397, 20, 
objectives:
-34.783268492107084, 18.121223790270488, 375.57949779663886, 

parameters:
-1.9582338231226326, -42.24439454514419, 2.544688059359306, 
objectives:
-40.954402898482016, -24.03209148727287, 1786.8788621324704, 

parameters:
1.776354139618243, -48.80598781977082, 11.10345100048693, 
objectives:
-56.75400479091888, -37.652519348418, 2375.0764300924693, 

parameters:
3.500921050233381, -14.352706920356745, 15.120737707611415, 
objectives:
-17.21699642800096, 3.020794786288345, 204.13590643401216, 

parameters:
-1.6585861810209588, -98.46110815806087, 0, 
objectives:
-95.71020003818718, -85.07585531410334, 9698.340727833234, 

parameters:
-0.4270306988489416, -46.66598710771652, 8.944069375746297, 
objectives:
-55.4277012657034, -31.83143971881504, 2169.952638579577, 

parameters:
-0.39591632592601333, -81.39511832556377, 7.13747890409936, 
objectives:
-88.37584749252837, -68.5172243806256, 6619.184558065563, 

parameters:
-0.41497134387087975, -34.852648106961325, 12.996838119747723, 
objectives:
-47.677285010475046, -16.023723395496077, 1202.8824431641613, 

parameters:
3.969210269841124, -96.61127588487594, 0.27160140439960073, 
objectives:
-81.12824712306329, -92.46188539362858, 9350.221656865422, 

parameters:
3.2540591263521668, -66.80636279360641, 2.2301457828276208, 
objectives:
-58.4476077786382, -63.00355271839163, 4472.448864725927, 

parameters:
-2.837426552245782, -87.36839802791707, 18.75228655124887, 
objectives:
-98.06969513977656, -45.215415828295676, 7623.535676852683, 

parameters:
-0.43268540303825287, -32.7002111988927, 5.934366256177649, 
objectives:
-38.44736079706797, -20.847886672559667, 1064.5566628540125, 

parameters:
0.8240688672179968, -3.0659084844891176, 0.027468234723226077, 
objectives:
-2.414287221294391, -1.6556262207199262, 11.051416098457082, 

parameters:
2.959428694963786, -83.29035667030256, 10.431249889327137, 
objectives:
-84.96338835905463, -71.93860336025551, 6936.610482577462, 

parameters:
-0.15742078317479624, -76.99413785204457, 13.11856979451355, 
objectives:
-90.08792634358275, -59.22110362185647, 5916.003475088105, 

parameters:
-1.4049250233394792, -38.50905331126131, 15.364396831591982, 
objectives:
-51.899635821647855, -11.551142065105978, 1470.5566044191794, 

parameters:
4.6438526051590125, -24.9198894834703, 16.87256265518496, 
objectives:
-20.22708512021311, -1.0573702304792398, 626.6936962316308, 

parameters:
-0.8311086742965585, -86.00352072826266, 5.274568775311325, 
objectives:
-90.587347875083, -72.71377562727412, 7393.021750509884, 

parameters:
3.9325638602751, -42.85967832485284, 3.5827742846289747, 
objectives:
-30.977394094340013, -35.54210096618247, 1849.834310340373, 

parameters:
3.0323375168954407, -90.1242836584479, 0, 
objectives:
-80.92921284207628, -89.05856290965805, 8132.58157576475, 

parameters:
0.6745635707935836, -77.77268249369516, 3.540083991580158, 
objectives:
-80.85773047423353, -72.47581677424753, 6046.505094284578, 

parameters:
-0.9066555847241633, -100, 0.4169366645453516, 
objectives:
-99.59491231523383, -91.13441664724648, 10001.405087684767, 

