Generation 545 at Fri May 24 19:48:08 2019
parameters:
0.3165154679809299, -100.0, 18.224412929922465, 
objectives:
-118.12423088845128, -78.94146690053007, 9982.875769111548, 

parameters:
4.87632433604613, -23.23993329446084, 0, 
objectives:
0.5386057358548904, -14.966691608329631, 564.8730385613053, 

parameters:
0.44851923478147904, 0.459102976020934, 20.0, 
objectives:
-19.339727520010104, 22.86619554086398, -18.58805495343976, 

parameters:
1.9973066371654076, -100, 0, 
objectives:
-96.01076619713501, -99.99999274579665, 10004.989233802866, 

parameters:
-1.00435680406349, -91.46854727286063, 20, 
objectives:
-110.459814682992, -62.44238746673804, 8348.50387279741, 

parameters:
0.47226644333324996, -64.68845670923302, 7.720340238778775, 
objectives:
-72.18576135451316, -54.63414665028861, 4178.099126777035, 

parameters:
-0.4270306988489416, -46.66598710771652, 8.944069375746297, 
objectives:
-55.4277012657034, -31.83143971881504, 2169.952638579577, 

parameters:
3.969210269841124, -96.61127588487594, 0.27160140439960073, 
objectives:
-81.12824712306329, -92.46188539362858, 9350.221656865422, 

parameters:
-0.741884425632167, -94.7119120115312, 11.237768767498531, 
objectives:
-105.39928827803416, -75.95621304050842, 8960.658900613525, 

parameters:
-0.805251402290564, -42.66424234392302, 13.143645319968702, 
objectives:
-55.15945784300081, -21.651161593901147, 1808.7423592819164, 

parameters:
1.0301456062561314, -55.6058552771763, 8.002605209867216, 
objectives:
-62.54726051695471, -46.662632522244806, 3086.069735866497, 

parameters:
-0.666429515301489, -88.7952020178005, 11.209720652724254, 
objectives:
-99.56079437165978, -70.47563500500532, 7874.8223090281435, 

parameters:
-0.42592150039335586, -26.26490807037763, 17.62590172799484, 
objectives:
-43.70940067387514, -2.753911216312037, 673.4009033418905, 

parameters:
4.648895355497667, -18.78518233295137, 13.817968832352994, 
objectives:
-10.990923138936582, 2.049433103778739, 361.677334476243, 

parameters:
1.4892333500921808, -54.23769195724021, 13.041309689630513, 
objectives:
-65.06118567584394, -40.93549969695164, 2931.9037351298757, 

parameters:
2.6454458958591123, -71.59313439353112, 19.365205947380275, 
objectives:
-83.95995635299357, -51.81132804166947, 5114.210070330745, 

parameters:
2.959428694963786, -83.29035667030256, 10.431249889327137, 
objectives:
-84.96338835905463, -71.93860336025551, 6936.610482577462, 

parameters:
-0.43268540303825287, -32.7002111988927, 5.934366256177649, 
objectives:
-38.44736079706797, -20.847886672559667, 1064.5566628540125, 

parameters:
2.9252561046013468, -8.539891505223506, 20, 
objectives:
-19.98276822771606, 12.316207353878552, 62.48687019849605, 

parameters:
-0.41497134387087975, -34.852648106961325, 12.996838119747723, 
objectives:
-47.677285010475046, -16.023723395496077, 1202.8824431641613, 

parameters:
-1.6585861810209588, -98.46110815806087, 0, 
objectives:
-95.71020003818718, -85.07585531410334, 9698.340727833234, 

parameters:
2.4671634060480545, -46.5224687218571, 9.563842153201495, 
objectives:
-49.99941560291596, -36.74038492070518, 2161.8631490951134, 

parameters:
2.54910170350763, -84.66885100557283, 0, 
objectives:
-78.17093151074734, -84.36733832477785, 7176.312250098717, 

parameters:
1.9557422930980966, -21.073099678917558, 9.539661897455975, 
objectives:
-26.78783365936093, -11.531479036841368, 439.3607960971519, 

parameters:
3.573351825786535, -77.2252519644924, 1.4451682195844877, 
objectives:
-65.90157691322493, -73.30464777720209, 5976.063216030605, 

parameters:
-0.15742078317479624, -76.99413785204457, 13.11856979451355, 
objectives:
-90.08792634358275, -59.22110362185647, 5916.003475088105, 

parameters:
3.7051173518847476, -74.06696104564989, 4.911573190635292, 
objectives:
-65.25063964504774, -66.24796267131615, 5495.7310399384205, 

parameters:
-0.8311086742965585, -86.00352072826266, 5.274568775311325, 
objectives:
-90.587347875083, -72.71377562727412, 7393.021750509884, 

parameters:
0.923074822042832, -60.579908831378646, 8.85333219175177, 
objectives:
-68.58117389604101, -50.5668088007088, 3662.9240889534863, 

parameters:
1.3052975580839965, -59.84288054129283, 8.971073977412681, 
objectives:
-67.11015280356547, -50.38919508107609, 3574.903079217171, 

parameters:
1.7093636409685233, -10.82728777129275, 20, 
objectives:
-27.905363714227583, 9.257181721898323, 101.15208453945071, 

parameters:
2.3857862364343156, -7.881161739131251, 14.599929347226245, 
objectives:
-16.78911512039808, 6.867598628317149, 54.204756977079505, 

parameters:
-0.5595940998682547, -20.28293733557979, 12.490608524962097, 
objectives:
-32.46040030393452, -1.2408068545373094, 400.22008399070177, 

parameters:
0.9932248332080111, -14.900082775586458, 20, 
objectives:
-33.91358720628538, 6.113513460882579, 203.99896228862934, 

parameters:
-1.3402000100402534, -75.65105098090228, 10.589648370887117, 
objectives:
-84.4445632848775, -53.904466502942256, 5715.2880022111, 

parameters:
3.6673021036476396, -23.09957190458669, 8.780728502142233, 
objectives:
-18.43119568731052, -11.538947097616612, 539.258598392447, 

parameters:
1.3226872469894482, -15.433374586788787, 19.51826791973813, 
objectives:
-33.20214095317839, 4.543645898340074, 221.42028476974838, 

