Generation 549 at Fri May 24 19:48:08 2019
parameters:
5.867406198865485, -10.370005677928154, 6.022767617266852, 
objectives:
18.033682207290113, 10.609592646361875, 136.94070564548042, 

parameters:
0.3165154679809299, -100.0, 18.224412929922465, 
objectives:
-118.12423088845128, -78.94146690053007, 9982.875769111548, 

parameters:
0.44851923478147904, 0.459102976020934, 20.0, 
objectives:
-19.339727520010104, 22.86619554086398, -18.58805495343976, 

parameters:
1.9973066371654076, -100, 0, 
objectives:
-96.01076619713501, -99.99999274579665, 10004.989233802866, 

parameters:
4.87632433604613, -23.23993329446084, 0, 
objectives:
0.5386057358548904, -14.966691608329631, 564.8730385613053, 

parameters:
1.3879442734176648, -17.803976952713178, 18.746913286572827, 
objectives:
-34.62450093317312, 1.3175485463018788, 301.1610713522821, 

parameters:
3.7051173518847476, -74.06696104564989, 4.911573190635292, 
objectives:
-65.25063964504774, -66.24796267131615, 5495.7310399384205, 

parameters:
1.9557422930980966, -21.073099678917558, 9.539661897455975, 
objectives:
-26.78783365936093, -11.531479036841368, 439.3607960971519, 

parameters:
-0.741884425632167, -94.7119120115312, 11.237768767498531, 
objectives:
-105.39928827803416, -75.95621304050842, 8960.658900613525, 

parameters:
3.969210269841124, -96.61127588487594, 0.27160140439960073, 
objectives:
-81.12824712306329, -92.46188539362858, 9350.221656865422, 

parameters:
-1.00435680406349, -91.46854727286063, 20, 
objectives:
-110.459814682992, -62.44238746673804, 8348.50387279741, 

parameters:
4.250812275853205, -68.03228000320391, 0.6227454470419214, 
objectives:
-50.58562044570152, -62.343378655030506, 4646.8377819918405, 

parameters:
1.5012524528791593, -55.62161995174618, 0, 
objectives:
-53.36786102447049, -55.37287083598713, 3097.0183649837645, 

parameters:
-0.666429515301489, -88.7952020178005, 11.209720652724254, 
objectives:
-99.56079437165978, -70.47563500500532, 7874.8223090281435, 

parameters:
2.959428694963786, -83.29035667030256, 10.431249889327137, 
objectives:
-84.96338835905463, -71.93860336025551, 6936.610482577462, 

parameters:
2.9468911667389994, -64.55683056514569, 14.058585705650213, 
objectives:
-69.93124872219155, -49.60164197784714, 4163.209954459882, 

parameters:
1.7848691617009935, -29.503937110759452, 12.435659451430311, 
objectives:
-38.75383863779855, -17.021996381741907, 862.2324035086097, 

parameters:
-0.805251402290564, -42.66424234392302, 13.143645319968702, 
objectives:
-55.15945784300081, -21.651161593901147, 1808.7423592819164, 

parameters:
2.9252561046013468, -8.539891505223506, 20, 
objectives:
-19.98276822771606, 12.316207353878552, 62.48687019849605, 

parameters:
-0.15742078317479624, -76.99413785204457, 13.11856979451355, 
objectives:
-90.08792634358275, -59.22110362185647, 5916.003475088105, 

parameters:
0.3520202049297074, -92.93270894548182, 0, 
objectives:
-92.80879072080307, -90.2168715405219, 8637.612310170316, 

parameters:
-0.42592150039335586, -26.26490807037763, 17.62590172799484, 
objectives:
-43.70940067387514, -2.753911216312037, 673.4009033418905, 

parameters:
1.690009242287659, -85.97723610136754, 0, 
objectives:
-83.12110486234982, -85.88114183150047, 7395.941258869315, 

parameters:
-0.4270306988489416, -46.66598710771652, 8.944069375746297, 
objectives:
-55.4277012657034, -31.83143971881504, 2169.952638579577, 

parameters:
2.4671634060480545, -46.5224687218571, 9.563842153201495, 
objectives:
-49.99941560291596, -36.74038492070518, 2161.8631490951134, 

parameters:
-0.9124466275903461, -41.60434388402021, 18.602114942045276, 
objectives:
-59.37389997786449, -14.51988358341255, 1714.1518739259654, 

parameters:
-1.4986500737251371, -79.74744723516352, 14.008298511369519, 
objectives:
-91.50979370305667, -53.49859638541709, 6348.892994057297, 

parameters:
0.38995453829521975, -64.16951004432863, 16.130286064579455, 
objectives:
-80.14773156697105, -45.446977590993015, 4102.747797806551, 

parameters:
2.1845862647013905, -79.19407914435855, 0.10841948481394931, 
objectives:
-74.53008148125053, -79.0515875704282, 6277.366169186035, 

parameters:
0.6618414303834514, -24.400063738974232, 17.227995901587292, 
objectives:
-41.19002556158951, -5.381399479948733, 579.5731486433899, 

parameters:
2.54910170350763, -84.66885100557283, 0, 
objectives:
-78.17093151074734, -84.36733832477785, 7176.312250098717, 

parameters:
2.7005008581989776, -52.786476686222336, 11.986771167659535, 
objectives:
-57.48054296874846, -40.3090040662253, 2782.7180546625677, 

parameters:
1.0658812967615707, -48.67792915389876, 9.42964211297283, 
objectives:
-56.97146832808546, -38.375709289186084, 2362.2472475378, 

parameters:
-0.8227820540128118, -78.40003642612066, 0.4344405044370956, 
objectives:
-78.15750662215221, -69.99749739722678, 6147.808241421016, 

parameters:
1.1749266753161982, -54.02943073206363, 8.385051508783647, 
objectives:
-61.034029548477704, -44.9636332321752, 2913.1747864144477, 

parameters:
1.0301456062561314, -55.6058552771763, 8.002605209867216, 
objectives:
-62.54726051695471, -46.662632522244806, 3086.069735866497, 

parameters:
-1.484838633667229, -47.41034026878677, 17.191467639234173, 
objectives:
-62.39706213999018, -18.07477232685292, 2233.753642530941, 

parameters:
1.6761013621732013, -54.01827768088036, 13.633945613417582, 
objectives:
-64.84290751801909, -40.279421739876724, 2908.1496937715583, 

parameters:
0.33411588844080786, -53.637018979869, 5.374185322520908, 
objectives:
-58.89957087548132, -45.48766378420273, 2872.6672531512145, 

