Generation 550 at Fri May 24 19:48:08 2019
parameters:
5.867406198865485, -10.370005677928154, 6.022767617266852, 
objectives:
18.033682207290113, 10.609592646361875, 136.94070564548042, 

parameters:
0.3165154679809299, -100.0, 18.224412929922465, 
objectives:
-118.12423088845128, -78.94146690053007, 9982.875769111548, 

parameters:
0.44851923478147904, 0.459102976020934, 20.0, 
objectives:
-19.339727520010104, 22.86619554086398, -18.58805495343976, 

parameters:
1.9973066371654076, -100, 0, 
objectives:
-96.01076619713501, -99.99999274579665, 10004.989233802866, 

parameters:
1.5012524528791593, -55.62161995174618, 0, 
objectives:
-53.36786102447049, -55.37287083598713, 3097.0183649837645, 

parameters:
3.7051173518847476, -74.06696104564989, 4.911573190635292, 
objectives:
-65.25063964504774, -66.24796267131615, 5495.7310399384205, 

parameters:
-0.4270306988489416, -46.66598710771652, 8.944069375746297, 
objectives:
-55.4277012657034, -31.83143971881504, 2169.952638579577, 

parameters:
0.38995453829521975, -64.16951004432863, 16.130286064579455, 
objectives:
-80.14773156697105, -45.446977590993015, 4102.747797806551, 

parameters:
1.3879442734176648, -17.803976952713178, 18.746913286572827, 
objectives:
-34.62450093317312, 1.3175485463018788, 301.1610713522821, 

parameters:
1.9557422930980966, -21.073099678917558, 9.539661897455975, 
objectives:
-26.78783365936093, -11.531479036841368, 439.3607960971519, 

parameters:
1.7848691617009935, -29.503937110759452, 12.435659451430311, 
objectives:
-38.75383863779855, -17.021996381741907, 862.2324035086097, 

parameters:
3.969210269841124, -96.61127588487594, 0.27160140439960073, 
objectives:
-81.12824712306329, -92.46188539362858, 9350.221656865422, 

parameters:
-1.00435680406349, -91.46854727286063, 20, 
objectives:
-110.459814682992, -62.44238746673804, 8348.50387279741, 

parameters:
4.87632433604613, -23.23993329446084, 0, 
objectives:
0.5386057358548904, -14.966691608329631, 564.8730385613053, 

parameters:
2.4671634060480545, -46.5224687218571, 9.563842153201495, 
objectives:
-49.99941560291596, -36.74038492070518, 2161.8631490951134, 

parameters:
-0.9124466275903461, -41.60434388402021, 18.602114942045276, 
objectives:
-59.37389997786449, -14.51988358341255, 1714.1518739259654, 

parameters:
2.9468911667389994, -64.55683056514569, 14.058585705650213, 
objectives:
-69.93124872219155, -49.60164197784714, 4163.209954459882, 

parameters:
-0.666429515301489, -88.7952020178005, 11.209720652724254, 
objectives:
-99.56079437165978, -70.47563500500532, 7874.8223090281435, 

parameters:
-0.805251402290564, -42.66424234392302, 13.143645319968702, 
objectives:
-55.15945784300081, -21.651161593901147, 1808.7423592819164, 

parameters:
-0.741884425632167, -94.7119120115312, 11.237768767498531, 
objectives:
-105.39928827803416, -75.95621304050842, 8960.658900613525, 

parameters:
4.250812275853205, -68.03228000320391, 0.6227454470419214, 
objectives:
-50.58562044570152, -62.343378655030506, 4646.8377819918405, 

parameters:
-0.2995184911825852, -2.1356303659864793, 13.046946886287568, 
objectives:
-15.092865925713754, 16.19910181159172, -7.396318499603732, 

parameters:
-2.205100836162801, -5.744622075203225, 3.765875960329944, 
objectives:
-4.648028337887284, 15.704126927423808, 35.09727652422814, 

parameters:
-0.42592150039335586, -26.26490807037763, 17.62590172799484, 
objectives:
-43.70940067387514, -2.753911216312037, 673.4009033418905, 

parameters:
2.959428694963786, -83.29035667030256, 10.431249889327137, 
objectives:
-84.96338835905463, -71.93860336025551, 6936.610482577462, 

parameters:
1.690009242287659, -85.97723610136754, 0, 
objectives:
-83.12110486234982, -85.88114183150047, 7395.941258869315, 

parameters:
-0.47279839052377337, -87.47896817183774, 1.3206936985366966, 
objectives:
-88.57612355229257, -80.04354259312407, 7652.472717028944, 

parameters:
0.6618414303834514, -24.400063738974232, 17.227995901587292, 
objectives:
-41.19002556158951, -5.381399479948733, 579.5731486433899, 

parameters:
-0.15742078317479624, -76.99413785204457, 13.11856979451355, 
objectives:
-90.08792634358275, -59.22110362185647, 5916.003475088105, 

parameters:
2.1845862647013905, -79.19407914435855, 0.10841948481394931, 
objectives:
-74.53008148125053, -79.0515875704282, 6277.366169186035, 

parameters:
2.9252561046013468, -8.539891505223506, 20, 
objectives:
-19.98276822771606, 12.316207353878552, 62.48687019849605, 

parameters:
4.243545516768832, -85.39192033520436, 19.624470381846198, 
objectives:
-87.00871216416171, -60.73395346754464, 7291.163266704931, 

parameters:
-0.9355814781426428, -81.04805546655507, 13.593125477292027, 
objectives:
-93.76586824160353, -58.8372913744489, 6557.069482134739, 

parameters:
-1.4986500737251371, -79.74744723516352, 14.008298511369519, 
objectives:
-91.50979370305667, -53.49859638541709, 6348.892994057297, 

parameters:
2.5346127853031435, -80.50003104282555, 4.167707532279975, 
objectives:
-78.24347660368338, -76.046512680336, 6483.5115523350205, 

parameters:
0.3520202049297074, -92.93270894548182, 0, 
objectives:
-92.80879072080307, -90.2168715405219, 8637.612310170316, 

parameters:
-0.0559931800589446, -93.28848675412449, 0.2224387313140182, 
objectives:
-93.5077902492254, -88.83894006636159, 8703.522457379358, 

