Generation 553 at Fri May 24 19:48:08 2019
parameters:
0.3165154679809299, -100.0, 18.224412929922465, 
objectives:
-118.12423088845128, -78.94146690053007, 9982.875769111548, 

parameters:
5.289908763095083, -11.89273226149735, 0, 
objectives:
16.090402460372797, -1.069232592007534, 170.42021536553005, 

parameters:
0.44851923478147904, 0.459102976020934, 20.0, 
objectives:
-19.339727520010104, 22.86619554086398, -18.58805495343976, 

parameters:
1.9973066371654076, -100, 0, 
objectives:
-96.01076619713501, -99.99999274579665, 10004.989233802866, 

parameters:
-1.00435680406349, -91.46854727286063, 20, 
objectives:
-110.459814682992, -62.44238746673804, 8348.50387279741, 

parameters:
0.8696901847102153, -70.94223835349436, 18.504886174288508, 
objectives:
-88.69076351040158, -51.15975190066542, 5016.052657447099, 

parameters:
2.1845862647013905, -79.19407914435855, 0.10841948481394931, 
objectives:
-74.53008148125053, -79.0515875704282, 6277.366169186035, 

parameters:
-0.4270306988489416, -46.66598710771652, 8.944069375746297, 
objectives:
-55.4277012657034, -31.83143971881504, 2169.952638579577, 

parameters:
0.38995453829521975, -64.16951004432863, 16.130286064579455, 
objectives:
-80.14773156697105, -45.446977590993015, 4102.747797806551, 

parameters:
2.539499794791124, -54.97580811866085, 17.390268607190574, 
objectives:
-65.91701751810726, -37.29447948289061, 3012.3982689003697, 

parameters:
2.959794868459115, -59.821364594797025, 20, 
objectives:
-71.06097893144012, -38.90015840527658, 3568.356047646992, 

parameters:
2.7447802574108318, -84.17538971435589, 11.844616176613798, 
objectives:
-88.48618722949742, -71.77607590591315, 7082.1854360485495, 

parameters:
-0.42592150039335586, -26.26490807037763, 17.62590172799484, 
objectives:
-43.70940067387514, -2.753911216312037, 673.4009033418905, 

parameters:
4.87632433604613, -23.23993329446084, 0, 
objectives:
0.5386057358548904, -14.966691608329631, 564.8730385613053, 

parameters:
0.16545020460141036, -34.0236074109893, 5.3176110464558075, 
objectives:
-39.31384468724246, -25.340423412736484, 1153.315623980873, 

parameters:
-2.205100836162801, -5.744622075203225, 3.765875960329944, 
objectives:
-4.648028337887284, 15.704126927423808, 35.09727652422814, 

parameters:
-1.5844322790352248, -74.98644063733624, 17.752743388616942, 
objectives:
-90.22875837910442, -44.38554248572965, 5608.7239617149835, 

parameters:
3.969210269841124, -96.61127588487594, 0.27160140439960073, 
objectives:
-81.12824712306329, -92.46188539362858, 9350.221656865422, 

parameters:
3.7051173518847476, -74.06696104564989, 4.911573190635292, 
objectives:
-65.25063964504774, -66.24796267131615, 5495.7310399384205, 

parameters:
1.3879442734176648, -17.803976952713178, 18.746913286572827, 
objectives:
-34.62450093317312, 1.3175485463018788, 301.1610713522821, 

parameters:
2.8520241554287975, -8.736987866308077, 17.551009357634577, 
objectives:
-18.153955440793307, 9.539966652760656, 67.91798940152933, 

parameters:
-0.741884425632167, -94.7119120115312, 11.237768767498531, 
objectives:
-105.39928827803416, -75.95621304050842, 8960.658900613525, 

parameters:
-0.9124466275903461, -41.60434388402021, 18.602114942045276, 
objectives:
-59.37389997786449, -14.51988358341255, 1714.1518739259654, 

parameters:
-0.805251402290564, -42.66424234392302, 13.143645319968702, 
objectives:
-55.15945784300081, -21.651161593901147, 1808.7423592819164, 

parameters:
1.617116553376349, -86.43496954321756, 0, 
objectives:
-83.81990359601376, -86.28836980951915, 7474.619025884152, 

parameters:
1.2229444929733528, -23.133487131094874, 11.169317214781806, 
objectives:
-32.80721111298283, -11.36035465531263, 526.4845028626441, 

parameters:
0.6453735542571989, -33.0061442786276, 17.970422961300542, 
objectives:
-50.56006021539358, -13.200708509821286, 1072.8516442048158, 

parameters:
1.7848691617009935, -29.503937110759452, 12.435659451430311, 
objectives:
-38.75383863779855, -17.021996381741907, 862.2324035086097, 

parameters:
-1.0131278050817591, -95.63096388832098, 0, 
objectives:
-94.60453593889119, -86.55202471856416, 9147.30768215878, 

parameters:
1.747924761917792, -96.00892317467654, 10.579051387769548, 
objectives:
-103.53273358912072, -85.36632986125278, 9211.189518746498, 

parameters:
0.3944945401044011, -89.18512272742387, 17.36422049168328, 
objectives:
-106.39371727693498, -69.24325445398601, 7937.777521356147, 

parameters:
-0.2995184911825852, -2.1356303659864793, 13.046946886287568, 
objectives:
-15.092865925713754, 16.19910181159172, -7.396318499603732, 

parameters:
-0.666429515301489, -88.7952020178005, 11.209720652724254, 
objectives:
-99.56079437165978, -70.47563500500532, 7874.8223090281435, 

parameters:
1.9557422930980966, -21.073099678917558, 9.539661897455975, 
objectives:
-26.78783365936093, -11.531479036841368, 439.3607960971519, 

parameters:
1.7379744926928784, -100, 0.9537126163059026, 
objectives:
-97.93315727905484, -98.97763001721454, 10003.066842720944, 

parameters:
2.154605667140135, -97.99906514487259, 12.262496481920913, 
objectives:
-105.61923604592113, -85.71266575063984, 9597.196598367935, 

parameters:
0.20005224117415832, -2.6980856249350857, 15.884542364361788, 
objectives:
-18.54260709009807, 16.426268673928874, -7.564855425681632, 

parameters:
-1.6962595410914192, -13.925067141776074, 16.231441177737842, 
objectives:
-27.279211888770245, 15.968708631071117, 181.5533501559775, 

