[!]Generation 56 at Sun May 26 02:43:07 2019
size of front generated: 48
[!!!]Points in the front:
parameters:
0, 0, 20.0, 
objectives:
-20.0, 24.0, -19.0, 

parameters:
0, 0, 20.0, 
objectives:
-20.0, 24.0, -19.0, 

parameters:
1.9795007331513772, 0.0, 20.0, 
objectives:
-16.08157684745316, 20.000420219941333, -15.08157684745316, 

parameters:
0.2104516212263694, 0.0, 20.0, 
objectives:
-19.955710115123193, 23.202483399971328, -18.955710115123193, 

parameters:
1.821471467435987, 0.00026361613951581594, 20.0, 
objectives:
-16.681978077177078, 20.032136053078975, -15.681978077177076, 

parameters:
0.3671452018843387, 6.211965542743446e-05, 20.0, 
objectives:
-19.86514228107788, 22.666276911384763, -18.86514228107788, 

parameters:
1.7480498127798965, 0.0004276082334124017, 20.0, 
objectives:
-16.943894243806756, 20.063906505073657, -15.943894243806756, 

parameters:
0.8642811994785264, 0.00022890891591858942, 20.0, 
objectives:
-19.25278909931204, 21.290086102773852, -18.25278909931204, 

parameters:
0.7903659770311147, 0, 20.0, 
objectives:
-19.375321622351652, 21.46321446952389, -18.375321622351652, 

parameters:
0.3028001146827021, 7.726299538701739e-05, 20.0, 
objectives:
-19.908234827552754, 22.880564713716435, -18.908234827552754, 

parameters:
1.4168434919432737, 0.00026279886558886395, 20.0, 
objectives:
-17.9922917204724, 20.340334311754503, -16.9922917204724, 

parameters:
1.471467987460389, 0.0, 20.0, 
objectives:
-17.834781961879273, 20.279346088279173, -16.834781961879273, 

parameters:
1.8691950872549494, 0, 20.0, 
objectives:
-16.50610972578196, 20.01710992519824, -15.506109725781961, 

parameters:
0.5490756536740965, 0, 20.0, 
objectives:
-19.698515926542363, 22.10518145876125, -18.698515926542363, 

parameters:
1.2236881718862025, 6.208434006324064e-07, 20.0, 
objectives:
-18.502586637142404, 20.602660675312787, -17.502586637142404, 

parameters:
1.3760037750385659, 0.0, 20.0, 
objectives:
-18.106613611079617, 20.38937128876612, -17.106613611079617, 

parameters:
0.6533156350095941, 0.00014447966516839352, 20.0, 
objectives:
-19.573034201386843, 21.81370325857478, -18.573034201386843, 

parameters:
1.266477208612035, 4.246184815092365e-05, 20.0, 
objectives:
-18.395993018218117, 20.53809814733374, -17.395993018218117, 

parameters:
0.4784189221010009, 0.0, 20.0, 
objectives:
-19.771115334975715, 22.31520897662028, -18.77111533497572, 

parameters:
0.5959144252726225, 0.00010737326708157806, 20.0, 
objectives:
-19.644778624484918, 21.97156367442459, -18.644778624484918, 

parameters:
1.102798527229295, 0.0, 20.0, 
objectives:
-18.7838354083409, 20.804970482741922, -17.7838354083409, 

parameters:
1.942036834919947, 0.0002629209669274741, 20.0, 
objectives:
-16.228230010847188, 20.003622649473026, -15.228230010847188, 

parameters:
1.180167774725914, 0.0, 20.0, 
objectives:
-18.607204023498483, 20.67212487759786, -17.607204023498483, 

parameters:
0.7319349712390374, 0.001736789601408006, 20.0, 
objectives:
-19.4625344082759, 21.60972570676795, -18.4625344082759, 

parameters:
0.9233682434381809, 0.0, 20.0, 
objectives:
-19.14739108700989, 21.159135939237387, -18.14739108700989, 

parameters:
1.1443520876133522, 0.0, 20.0, 
objectives:
-18.690458299574964, 20.73213334997163, -17.690458299574964, 

parameters:
1.5627994153354423, 4.8482417494886394e-05, 20.0, 
objectives:
-17.557609505009705, 20.191192833648525, -16.557609505009705, 

parameters:
1.7130658961674765, 0.0014622846149302383, 20.0, 
objectives:
-17.06394295077299, 20.083793464557104, -16.06394295077299, 

parameters:
1.0164714459758746, 0.00015085818058064888, 20.0, 
objectives:
-18.966634941335133, 20.967479274761367, -17.966634941335133, 

parameters:
0.6988740926798753, 0.0017436010828007099, 20.0, 
objectives:
-19.50983140149808, 21.69467222778242, -18.50983140149808, 

parameters:
1.5957141340628629, 7.970874278823687e-05, 20.0, 
objectives:
-17.45361669360922, 20.163526770139327, -16.45361669360922, 

parameters:
1.508676529867385, 0.00034281588206772084, 20.0, 
objectives:
-17.723552312345237, 20.241741568185223, -16.723552312345237, 

parameters:
1.6325744135354372, 0.00033144250043580335, 20.0, 
objectives:
-17.334369341768987, 20.135333004089265, -16.334369341768987, 

parameters:
1.058668785905385, 0.0, 20.0, 
objectives:
-18.879220401749617, 20.886104454628843, -17.879220401749617, 

parameters:
0.9609501861903735, 0.00029399293260460105, 20.0, 
objectives:
-19.07628074672808, 21.079918508510424, -18.07628074672808, 

parameters:
1.6756459218233255, 7.449947621032138e-06, 20.0, 
objectives:
-17.192203294729236, 20.105213017977462, -16.192203294729236, 

parameters:
1.5298102664886772, 0.0, 20.0, 
objectives:
-17.659680548545843, 20.22107838549945, -16.659680548545843, 

parameters:
1.3348572115285828, 0.00046312303823289115, 20.0, 
objectives:
-18.2176931017919, 20.442878052093764, -17.2176931017919, 

parameters:
0.48020615232466, 0.0, 20.0, 
objectives:
-19.769402051269545, 22.309773339431814, -18.769402051269545, 

parameters:
1.306862119366931, 0.0003973571489257454, 20.0, 
objectives:
-18.29171404381485, 20.48083747871743, -17.29171404381485, 

parameters:
1.9028353206858295, 3.9190736065507715e-05, 20.0, 
objectives:
-16.37917855161439, 20.00948016564229, -15.379178551614391, 

parameters:
1.686570348993562, 9.153362538420221e-05, 20.0, 
objectives:
-17.15538892427035, 20.098329679755402, -16.15538892427035, 

parameters:
1.619729191405409, 1.843820043816083e-05, 20.0, 
objectives:
-17.37645890830874, 20.14462432606962, -16.37645890830874, 

parameters:
1.0370938509879868, 0.0, 20.0, 
objectives:
-18.924436344242906, 20.927188251805145, -17.924436344242906, 

parameters:
1.915544247868805, 0.00014900088999798171, 20.0, 
objectives:
-16.330541233566738, 20.007281774958045, -15.330541233566736, 

parameters:
0.9496405993615655, 0, 20.0, 
objectives:
-19.098182732044208, 21.10325487050953, -18.098182732044208, 

parameters:
1.3196984564212932, 0.0, 20.0, 
objectives:
-18.258395984119257, 20.462810190195572, -17.258395984119257, 

parameters:
1.9117519428293224, 0, 20.0, 
objectives:
-16.345204509088312, 20.0077877195944, -15.345204509088312, 

size of all points: 80
[!!!]All points:
0, 0, 20.0, -20.0, 24.0, -19.0, 

0, 0, 20.0, -20.0, 24.0, -19.0, 

1.9795007331513772, 0.0, 20.0, -16.08157684745316, 20.000420219941333, -15.08157684745316, 

1.821471467435987, 0.00026361613951581594, 20.0, -16.681978077177078, 20.032136053078975, -15.681978077177076, 

0.3671452018843387, 6.211965542743446e-05, 20.0, -19.86514228107788, 22.666276911384763, -18.86514228107788, 

1.7480498127798965, 0.0004276082334124017, 20.0, -16.943894243806756, 20.063906505073657, -15.943894243806756, 

0.8642811994785264, 0.00022890891591858942, 20.0, -19.25278909931204, 21.290086102773852, -18.25278909931204, 

0.7319349712390374, 0.001736789601408006, 20.0, -19.4625344082759, 21.60972570676795, -18.4625344082759, 

0.7903659770311147, 0, 20.0, -19.375321622351652, 21.46321446952389, -18.375321622351652, 

1.8691950872549494, 0, 20.0, -16.50610972578196, 20.01710992519824, -15.506109725781961, 

0.6533156350095941, 0.00014447966516839352, 20.0, -19.573034201386843, 21.81370325857478, -18.573034201386843, 

1.4168434919432737, 0.00026279886558886395, 20.0, -17.9922917204724, 20.340334311754503, -16.9922917204724, 

1.0164714459758746, 0.00015085818058064888, 20.0, -18.966634941335133, 20.967479274761367, -17.966634941335133, 

1.471467987460389, 0.0, 20.0, -17.834781961879273, 20.279346088279173, -16.834781961879273, 

1.686570348993562, 9.153362538420221e-05, 20.0, -17.15538892427035, 20.098329679755402, -16.15538892427035, 

0.5490756536740965, 0, 20.0, -19.698515926542363, 22.10518145876125, -18.698515926542363, 

1.915544247868805, 0.00014900088999798171, 20.0, -16.330541233566738, 20.007281774958045, -15.330541233566736, 

1.2236881718862025, 6.208434006324064e-07, 20.0, -18.502586637142404, 20.602660675312787, -17.502586637142404, 

1.3760037750385659, 0.0, 20.0, -18.106613611079617, 20.38937128876612, -17.106613611079617, 

0.9496405993615655, 0, 20.0, -19.098182732044208, 21.10325487050953, -18.098182732044208, 

1.266477208612035, 4.246184815092365e-05, 20.0, -18.395993018218117, 20.53809814733374, -17.395993018218117, 

0.4784189221010009, 0.0, 20.0, -19.771115334975715, 22.31520897662028, -18.77111533497572, 

0.5959144252726225, 0.00010737326708157806, 20.0, -19.644778624484918, 21.97156367442459, -18.644778624484918, 

1.058668785905385, 0.0, 20.0, -18.879220401749617, 20.886104454628843, -17.879220401749617, 

1.942036834919947, 0.0002629209669274741, 20.0, -16.228230010847188, 20.003622649473026, -15.228230010847188, 

1.180167774725914, 0.0, 20.0, -18.607204023498483, 20.67212487759786, -17.607204023498483, 

0.9233682434381809, 0.0, 20.0, -19.14739108700989, 21.159135939237387, -18.14739108700989, 

1.5627994153354423, 4.8482417494886394e-05, 20.0, -17.557609505009705, 20.191192833648525, -16.557609505009705, 

1.6325744135354372, 0.00033144250043580335, 20.0, -17.334369341768987, 20.135333004089265, -16.334369341768987, 

1.3348572115285828, 0.00046312303823289115, 20.0, -18.2176931017919, 20.442878052093764, -17.2176931017919, 

1.7130658961674765, 0.0014622846149302383, 20.0, -17.06394295077299, 20.083793464557104, -16.06394295077299, 

1.306862119366931, 0.0003973571489257454, 20.0, -18.29171404381485, 20.48083747871743, -17.29171404381485, 

1.5957141340628629, 7.970874278823687e-05, 20.0, -17.45361669360922, 20.163526770139327, -16.45361669360922, 

0.3028001146827021, 7.726299538701739e-05, 20.0, -19.908234827552754, 22.880564713716435, -18.908234827552754, 

1.508676529867385, 0.00034281588206772084, 20.0, -17.723552312345237, 20.241741568185223, -16.723552312345237, 

1.102798527229295, 0.0, 20.0, -18.7838354083409, 20.804970482741922, -17.7838354083409, 

1.5298102664886772, 0.0, 20.0, -17.659680548545843, 20.22107838549945, -16.659680548545843, 

1.1443520876133522, 0.0, 20.0, -18.690458299574964, 20.73213334997163, -17.690458299574964, 

0.2104516212263694, 0.0, 20.0, -19.955710115123193, 23.202483399971328, -18.955710115123193, 

0.48020615232466, 0.0, 20.0, -19.769402051269545, 22.309773339431814, -18.769402051269545, 

0.9609501861903735, 0.00029399293260460105, 20.0, -19.07628074672808, 21.079918508510424, -18.07628074672808, 

0.26185541602262635, 17.895328594265692, 20.0, -2.036103146833927, 40.91647518907557, -1.036103146833927, 

2.478089283941466, 6.516197899133017e-07, 20.0, -13.859072849194682, 20.228570015039455, -12.859072849194682, 

1.1137902688391896, 5.676987600097996, 20.0, -13.08248363694113, 26.46235528770211, -12.08248363694113, 

24.323788555097522, 3.6363241537471275e-05, 20.0, 571.6467260363347, 518.3515718159447, 572.6467260363347, 

0, 2.4371107747074566e-06, 20.0, -19.999997562889224, 24.000002437110773, -18.999997562889224, 

15.146724288170558, 4.074774075508499, 20.0, 213.4980307373644, 196.91113358468215, 214.4980307373644, 

18.105358258250796, 24.535298031825864, 20.0, 332.3392956914361, 303.91786265843297, 333.3392956914361, 

0.8102426944296679, 7.372822680172508, 20.0, -11.970684095950844, 28.788345126330483, -10.970684095950844, 

7.325379276435577, 0.0, 20.0, 33.66118154363183, 48.35966443788951, 34.66118154363183, 

1.7849714075195677, 8.549731353175675, 20.0, -8.264145721161938, 28.59596864875979, -7.264145721161938, 

0.34400743156716773, 16.415975384649784, 20.0, -3.465683502376777, 39.158286771354554, -2.465683502376777, 

0.2651543334596569, 9.199213401815184, 20.0, -10.73047977763238, 32.20890288852899, -9.73047977763238, 

11.599888654684996, 0.32851973261322076, 20.0, 114.8859365337029, 112.48638191496292, 115.8859365337029, 

1.9028353206858295, 3.9190736065507715e-05, 20.0, -16.37917855161439, 20.00948016564229, -15.379178551614391, 

1.6756459218233255, 7.449947621032138e-06, 20.0, -17.192203294729236, 20.105213017977462, -16.192203294729236, 

1.619729191405409, 1.843820043816083e-05, 20.0, -17.37645890830874, 20.14462432606962, -16.37645890830874, 

4.186429029083738, 28.67220208729203, 20.0, 26.198390102847036, 53.45267398651208, 27.198390102847036, 

0.7811227738315245, 4.084494013491523, 20.0, -15.305353198710222, 25.57015570596368, -14.305353198710222, 

2.8725804511483104, 0, 20.0, -11.74828155168057, 20.76139664372619, -10.74828155168057, 

7.328613269111193, 22.673669256586543, 20.0, 56.382241704779176, 71.06778862833441, 57.382241704779176, 

4.540740072982984, 3.6158490269839225, 20.0, 4.234169437377435, 30.0712091454455, 5.234169437377435, 

0.8048379413895896, 14.994394806488925, 20.0, -4.357841081610843, 36.4228071528308, -3.357841081610843, 

0.15661769148436186, 10.442972112578614, 20.0, -9.532498786135495, 33.841030447927054, -8.532498786135495, 

1.6511789811645026, 7.2825819276371, 20.0, -9.991026044523455, 27.404258030818536, -8.991026044523455, 

3.3318922460232767, 1.2378473183060623, 20.0, -7.660646742583902, 23.01178427332299, -6.660646742583902, 

0.6988740926798753, 0.0017436010828007099, 20.0, -19.50983140149808, 21.69467222778242, -18.50983140149808, 

1.9117519428293224, 0, 20.0, -16.345204509088312, 20.0077877195944, -15.345204509088312, 

14.350542756457493, 31.490873918110783, 20.0, 217.42895132302542, 204.02678029719544, 218.42895132302542, 

0.6353817876924445, 17.257122280796295, 20.0, -2.3391677030724587, 39.119305146157764, -1.3391677030724587, 

1.3381377467753492, 6.759944658283395, 20.0, -11.449442712371596, 27.198006300527005, -10.449442712371596, 

1.5655920974417135, 4.633325917543446, 20.0, -12.91559546688461, 24.822036143348534, -11.91559546688461, 

1.1273372632907104, 2.6549162928023673, 20.0, -16.074194401993843, 23.416456544843314, -15.074194401993845, 

1.3196984564212932, 0.0, 20.0, -18.258395984119257, 20.462810190195572, -17.258395984119257, 

0.7755199182714265, 21.180733826817843, 20.0, 1.7821649704535645, 42.68008529736785, 2.7821649704535645, 

5.588058269592185, 1.3203948090171558, 20.0, 12.546790033374762, 34.19455695500602, 13.546790033374762, 

1.0370938509879868, 0.0, 20.0, -18.924436344242906, 20.927188251805145, -17.924436344242906, 

27.470679371091048, 0.0, 20.0, 734.6382251092873, 668.7555076249231, 735.6382251092873, 

6.908989950646733, 5.285028897244443e-05, 20.0, 27.734194988426516, 44.098235185839584, 28.734194988426516, 

0.1584524292013168, 29.85120706275059, 20.0, 9.876314235070389, 53.24250451826512, 10.876314235070389, 

