Generation 561 at Fri May 24 19:48:08 2019
parameters:
1.2612992988780705, -100, 20.0, 
objectives:
-118.40912407864968, -79.45432127416197, 9982.59087592135, 

parameters:
4.87632433604613, -23.23993329446084, 0, 
objectives:
0.5386057358548904, -14.966691608329631, 564.8730385613053, 

parameters:
0.44851923478147904, 0.459102976020934, 20.0, 
objectives:
-19.339727520010104, 22.86619554086398, -18.58805495343976, 

parameters:
1.9973066371654076, -100, 0, 
objectives:
-96.01076619713501, -99.99999274579665, 10004.989233802866, 

parameters:
2.0466810630435583, -88.67290652851791, 0, 
objectives:
-84.48400315469681, -88.67072740687104, 7868.073255589095, 

parameters:
-1.0563308844842139, -23.6067484176314, 14.328260799903957, 
objectives:
-36.81917428002016, 0.062670857724612, 545.0661449909538, 

parameters:
2.2646956131714195, -39.787399499560394, 10.100044443171077, 
objectives:
-44.758597722413604, -29.617291288757123, 1579.0659607147654, 

parameters:
2.7447802574108318, -84.17538971435589, 11.844616176613798, 
objectives:
-88.48618722949742, -71.77607590591315, 7082.1854360485495, 

parameters:
-1.5517604235711797, -28.32094933778711, 9.381636640395186, 
objectives:
-35.294625566020486, -6.324310590945396, 796.1024951652707, 

parameters:
3.3052285682621485, -21.730508423956763, 11.24240677796697, 
objectives:
-22.048379313467482, -8.784480030582134, 472.8971254741452, 

parameters:
3.8603132120086925, -4.6623048184717035, 17.311645019306596, 
objectives:
-7.071931742969431, 16.11010544760899, 20.327459295846737, 

parameters:
-1.00435680406349, -91.46854727286063, 20, 
objectives:
-110.459814682992, -62.44238746673804, 8348.50387279741, 

parameters:
1.3601727329719866, -75.12032031684635, 0.08877585632648674, 
objectives:
-73.35902630965235, -74.62216552888732, 5645.823818512792, 

parameters:
2.1523474931656232, -58.89042494841262, 0, 
objectives:
-54.25782521707628, -58.86721518973877, 3473.7147503359565, 

parameters:
-0.33640562870419277, -46.719699553530546, 0.7973830216152685, 
objectives:
-47.40391382812195, -40.46352527007465, 2183.046112097571, 

parameters:
1.0323735418699913, -98.0300885143157, 0, 
objectives:
-96.9642933843625, -97.09378755184247, 9611.964049254522, 

parameters:
1.1936753780026756, -91.21454534126536, 9.077664878206908, 
objectives:
-98.86734931142243, -81.48672106701933, 8313.440477843598, 

parameters:
0.13341200128759967, -34.632324664897105, 13.75052230056135, 
objectives:
-48.36504820337089, -17.39765160739859, 1186.6651881563664, 

parameters:
0.9024802216795018, -80.02880285456811, 13.54622086183662, 
objectives:
-92.76055316588204, -65.27803232892683, 6392.877536024016, 

parameters:
1.9389413487383793, -5.579468992736919, 3.0912700043733854, 
objectives:
-4.911245443262899, -2.4844708294696454, 32.79869779038675, 

parameters:
3.6130322074797077, -79.00921667966465, 9.162112135346062, 
objectives:
-75.11732708272503, -67.24523164195172, 6247.348209931138, 

parameters:
2.539499794791124, -54.97580811866085, 17.390268607190574, 
objectives:
-65.91701751810726, -37.29447948289061, 3012.3982689003697, 

parameters:
1.7723393380760366, -95.20157344335112, 2.531580127096249, 
objectives:
-94.59196684115557, -92.61816393926722, 9064.949192691975, 

parameters:
-0.805251402290564, -42.66424234392302, 13.143645319968702, 
objectives:
-55.15945784300081, -21.651161593901147, 1808.7423592819164, 

parameters:
4.02196423200806, -31.540940618307687, 0.27059663816718355, 
objectives:
-15.635340972922684, -27.182004624620557, 1011.7365347329967, 

parameters:
0.8696901847102153, -70.94223835349436, 18.504886174288508, 
objectives:
-88.69076351040158, -51.15975190066542, 5016.052657447099, 

parameters:
3.3623051635460564, -64.71796892553638, 8.208815512930437, 
objectives:
-61.62168842565834, -54.6532780539817, 4192.511782346571, 

parameters:
1.6372138254879127, -55.04871076819826, 18.470812764237145, 
objectives:
-70.83905442206664, -36.446284195544, 3015.570213586879, 

parameters:
1.6254167361593201, -69.65701015665947, 13.333668108179609, 
objectives:
-80.34869869865226, -56.18302942693032, 4842.407375422967, 

parameters:
-2.335360769856967, -46.04071337783894, 17.00247868328494, 
objectives:
-57.58928213573696, -10.242881689739203, 2109.1987195824195, 

parameters:
-1.3486805315163233, -93.8414405613105, 10.628459401570822, 
objectives:
-102.65096078679018, -71.99931985758325, 8798.406446396493, 

parameters:
3.622738943623122, -62.82838446384686, 15.76328958361231, 
objectives:
-65.46743659381559, -44.431813201083465, 3945.7668422069846, 

parameters:
-0.741884425632167, -94.7119120115312, 11.237768767498531, 
objectives:
-105.39928827803416, -75.95621304050842, 8960.658900613525, 

parameters:
1.1510266144747008, 1.3785485472650674, 15.296322762674432, 
objectives:
-12.592911948180273, 17.39562711926979, -11.071064398278713, 

parameters:
1.7539138786199646, -56.61133236715233, 10.237401698407627, 
objectives:
-63.77252017194422, -46.313372289608836, 3198.6817645793967, 

parameters:
2.939894186797689, -67.90517364794039, 15.849621567011987, 
objectives:
-75.11181738538554, -51.172150998552304, 4604.905964419492, 

parameters:
3.15334741426188, -70.00511759632816, 2.117743661673436, 
objectives:
-62.17926134296952, -66.55716367667017, 4909.542345929093, 

