Generation 565 at Fri May 24 19:48:08 2019
parameters:
1.2612992988780705, -100, 20.0, 
objectives:
-118.40912407864968, -79.45432127416197, 9982.59087592135, 

parameters:
4.87632433604613, -23.23993329446084, 0, 
objectives:
0.5386057358548904, -14.966691608329631, 564.8730385613053, 

parameters:
0.44851923478147904, 0.459102976020934, 20.0, 
objectives:
-19.339727520010104, 22.86619554086398, -18.58805495343976, 

parameters:
1.9973066371654076, -100, 0, 
objectives:
-96.01076619713501, -99.99999274579665, 10004.989233802866, 

parameters:
3.8603132120086925, -4.6623048184717035, 17.311645019306596, 
objectives:
-7.071931742969431, 16.11010544760899, 20.327459295846737, 

parameters:
1.7723393380760366, -95.20157344335112, 2.531580127096249, 
objectives:
-94.59196684115557, -92.61816393926722, 9064.949192691975, 

parameters:
-0.33640562870419277, -46.719699553530546, 0.7973830216152685, 
objectives:
-47.40391382812195, -40.46352527007465, 2183.046112097571, 

parameters:
-0.04685092680580194, -29.757747612257976, 6.78040864145797, 
objectives:
-36.53596124437338, -18.787740254234233, 879.74532932273, 

parameters:
-1.00435680406349, -91.46854727286063, 20, 
objectives:
-110.459814682992, -62.44238746673804, 8348.50387279741, 

parameters:
0.9024802216795018, -80.02880285456811, 13.54622086183662, 
objectives:
-92.76055316588204, -65.27803232892683, 6392.877536024016, 

parameters:
2.7447802574108318, -84.17538971435589, 11.844616176613798, 
objectives:
-88.48618722949742, -71.77607590591315, 7082.1854360485495, 

parameters:
1.35217108628955, -92.30283142526284, 10.013305710691194, 
objectives:
-100.48777048935658, -81.86984341313237, 8512.627750056396, 

parameters:
3.3623051635460564, -64.71796892553638, 8.208815512930437, 
objectives:
-61.62168842565834, -54.6532780539817, 4192.511782346571, 

parameters:
4.02196423200806, -31.540940618307687, 0.27059663816718355, 
objectives:
-15.635340972922684, -27.182004624620557, 1011.7365347329967, 

parameters:
1.6254167361593201, -69.65701015665947, 13.333668108179609, 
objectives:
-80.34869869865226, -56.18302942693032, 4842.407375422967, 

parameters:
-0.5175169894693942, -52.56357005600644, 0.012170935731069601, 
objectives:
-52.307917157348044, -46.213507328008326, 2764.184549931356, 

parameters:
2.2646956131714195, -39.787399499560394, 10.100044443171077, 
objectives:
-44.758597722413604, -29.617291288757123, 1579.0659607147654, 

parameters:
2.64600978828216, -59.425434071654585, 7.181247903496182, 
objectives:
-59.605314175465764, -51.82685752160204, 3532.2023345007547, 

parameters:
2.2330469487637545, -25.381429469782386, 7.333476738041462, 
objectives:
-27.728407532440734, -17.99364185141283, 642.8699838668795, 

parameters:
-0.5184525847507245, -24.07627927852643, 20, 
objectives:
-43.80748619589173, 2.2663241431111736, 560.936016980236, 

parameters:
1.3601727329719866, -75.12032031684635, 0.08877585632648674, 
objectives:
-73.35902630965235, -74.62216552888732, 5645.823818512792, 

parameters:
1.9389413487383793, -5.579468992736919, 3.0912700043733854, 
objectives:
-4.911245443262899, -2.4844708294696454, 32.79869779038675, 

parameters:
2.1579968496668895, -27.34934187900339, 20, 
objectives:
-42.69239147583117, -7.324378874498727, 733.6434516177809, 

parameters:
-1.157154656062739, -73.16637982006507, 18.437118980878942, 
objectives:
-90.26449190289634, -44.7616353168875, 5337.221023891195, 

parameters:
2.0986901774671187, -86.80150800978599, 9.385132414589119, 
objectives:
-91.78213996337814, -77.40663584406838, 7530.5211608193495, 

parameters:
-0.4387429120682016, -57.665166012374144, 20, 
objectives:
-77.47267066948406, -31.717699021211253, 3306.46386657756, 

parameters:
3.4412420284757026, -14.438971097448373, 11.898260729729602, 
objectives:
-14.495085128630407, -0.4635317830740142, 209.42777232176746, 

parameters:
2.539499794791124, -54.97580811866085, 17.390268607190574, 
objectives:
-65.91701751810726, -37.29447948289061, 3012.3982689003697, 

parameters:
3.3052285682621485, -21.730508423956763, 11.24240677796697, 
objectives:
-22.048379313467482, -8.784480030582134, 472.8971254741452, 

parameters:
0.06119386179818631, -100, 5.229029039944935, 
objectives:
-105.22528435122315, -91.01200171852604, 9995.774715648777, 

parameters:
0.9310222532951488, -77.09782818702045, 2.6033124678549386, 
objectives:
-78.8343382187446, -73.35180229621534, 5943.338601123601, 

parameters:
2.0466810630435583, -88.67290652851791, 0, 
objectives:
-84.48400315469681, -88.67072740687104, 7868.073255589095, 

parameters:
1.6372138254879127, -55.04871076819826, 18.470812764237145, 
objectives:
-70.83905442206664, -36.446284195544, 3015.570213586879, 

parameters:
-1.0520538703519229, -52.0722122080988, 12.120817349377013, 
objectives:
-63.08621221135335, -30.63636203119163, 2701.501284242019, 

parameters:
0.8696901847102153, -70.94223835349436, 18.504886174288508, 
objectives:
-88.69076351040158, -51.15975190066542, 5016.052657447099, 

parameters:
1.160670318605285, -90.21564054385173, 3.475663834006087, 
objectives:
-92.34414878936653, -86.0355023957755, 8137.73329049195, 

parameters:
2.625716247741486, -16.058854836248543, 5.738822059698828, 
objectives:
-14.903291082293741, -9.92851195386203, 260.04238240565803, 

parameters:
2.387625244432463, -89.30232917514057, 1.6378491977948855, 
objectives:
-85.23942406508428, -87.51422664722435, 7979.9689012152185, 

parameters:
-0.1861138872210235, -59.51151334217954, 20, 
objectives:
-79.47687496316303, -34.73241941427893, 3522.65485865543, 

