Generation 569 at Fri May 24 19:48:08 2019
parameters:
1.2612992988780705, -100, 20.0, 
objectives:
-118.40912407864968, -79.45432127416197, 9982.59087592135, 

parameters:
4.064732619387053, -2.332795815309268, 0.01539694565321148, 
objectives:
14.173858506146654, 1.9457219199048648, 22.948590637380356, 

parameters:
0.44851923478147904, 0.459102976020934, 20.0, 
objectives:
-19.339727520010104, 22.86619554086398, -18.58805495343976, 

parameters:
1.9973066371654076, -100, 0, 
objectives:
-96.01076619713501, -99.99999274579665, 10004.989233802866, 

parameters:
2.0986901774671187, -86.80150800978599, 9.385132414589119, 
objectives:
-91.78213996337814, -77.40663584406838, 7530.5211608193495, 

parameters:
0.9024802216795018, -80.02880285456811, 13.54622086183662, 
objectives:
-92.76055316588204, -65.27803232892683, 6392.877536024016, 

parameters:
-1.00435680406349, -91.46854727286063, 20, 
objectives:
-110.459814682992, -62.44238746673804, 8348.50387279741, 

parameters:
3.8603132120086925, -4.6623048184717035, 17.311645019306596, 
objectives:
-7.071931742969431, 16.11010544760899, 20.327459295846737, 

parameters:
0.1654248572151874, -98.72966028340542, 5.019182800570701, 
objectives:
-103.72147770059146, -90.3448115283108, 9743.554002259456, 

parameters:
-0.8310622997885189, -74.75442552021946, 12.311582745389567, 
objectives:
-86.37534371947925, -54.42792902954604, 5577.603216658778, 

parameters:
-0.5184525847507245, -24.07627927852643, 20, 
objectives:
-43.80748619589173, 2.2663241431111736, 560.936016980236, 

parameters:
-1.6808424105369366, -65.80657467099509, 1.308392775540863, 
objectives:
-64.28973623747633, -50.949581044246855, 4333.022108362772, 

parameters:
-1.3464651290767762, -59.938501648392446, 0.3112552528674429, 
objectives:
-58.436788557440146, -48.42841753539816, 3595.125692945296, 

parameters:
1.35217108628955, -92.30283142526284, 10.013305710691194, 
objectives:
-100.48777048935658, -81.86984341313237, 8512.627750056396, 

parameters:
1.6254167361593201, -69.65701015665947, 13.333668108179609, 
objectives:
-80.34869869865226, -56.18302942693032, 4842.407375422967, 

parameters:
2.616481532121254, -6.69382677186961, 1.8449247390683905, 
objectives:
-1.6927759030064158, -4.46885255335465, 50.808367720661515, 

parameters:
4.972695849995686, -17.540334842943306, 3.0187962134098, 
objectives:
4.168572960211215, -5.6846180129519315, 330.3722542057255, 

parameters:
0.07368716443016149, -76.49799827067181, 5.504351301157569, 
objectives:
-81.99691977362762, -67.28296582903313, 5847.444817916751, 

parameters:
1.7723393380760366, -95.20157344335112, 2.531580127096249, 
objectives:
-94.59196684115557, -92.61816393926722, 9064.949192691975, 

parameters:
1.3601727329719866, -75.12032031684635, 0.08877585632648674, 
objectives:
-73.35902630965235, -74.62216552888732, 5645.823818512792, 

parameters:
3.261722303245363, -89.22745319067678, 16.204185959975593, 
objectives:
-94.79280676716414, -71.43132406019441, 7956.973049317929, 

parameters:
1.2160983117004225, -24.196694557431307, 10.327763004765139, 
objectives:
-33.04556245847583, -13.254429695747241, 577.6311596045813, 

parameters:
2.2330469487637545, -25.381429469782386, 7.333476738041462, 
objectives:
-27.728407532440734, -17.99364185141283, 642.8699838668795, 

parameters:
-1.7524241509137026, -62.47914680587714, 6.489384625656218, 
objectives:
-65.89754102682775, -41.90907517186051, 3901.225391369397, 

parameters:
4.02196423200806, -31.540940618307687, 0.27059663816718355, 
objectives:
-15.635340972922684, -27.182004624620557, 1011.7365347329967, 

parameters:
2.015569723121706, -57.4521177622359, 0.6498272160382167, 
objectives:
-54.03942366950921, -56.8020481299196, 3305.1585294585484, 

parameters:
-0.2707321443577777, -35.9531589152256, 0, 
objectives:
-35.87986302123704, -30.796934443805927, 1293.7029318774546, 

parameters:
-0.33640562870419277, -46.719699553530546, 0.7973830216152685, 
objectives:
-47.40391382812195, -40.46352527007465, 2183.046112097571, 

parameters:
2.5967013384451336, -41.61691955778269, 3.3355345097771574, 
objectives:
-38.209596226477096, -37.92533256070332, 1736.3753168102608, 

parameters:
1.9553643992878773, 0.38426698888076594, 16.874846761801376, 
objectives:
-12.667129838918168, 17.261106087533072, -11.903735709055443, 

parameters:
1.1802778752038656, -27.312218117634494, 0, 
objectives:
-25.91916225493874, -26.640273755754205, 748.3503143679376, 

parameters:
3.3052285682621485, -21.730508423956763, 11.24240677796697, 
objectives:
-22.048379313467482, -8.784480030582134, 472.8971254741452, 

parameters:
0.15102201215228916, -50.72005156276487, 16.2705704004543, 
objectives:
-66.96781431506464, -31.030761562765203, 2557.2758677772276, 

parameters:
3.44879803146937, -49.018464350628996, 14.490827918930895, 
objectives:
-51.61508440769289, -32.42862069570858, 2401.213227236822, 

parameters:
3.5916879469152736, -17.7124594723988, 16.605737871244305, 
objectives:
-21.41797503562665, 1.4267489192008647, 311.0257049981421, 

parameters:
-0.36161661159535496, -47.11114799614623, 19.242405859640417, 
objectives:
-66.22278728200494, -22.291509116342684, 2201.3486262289343, 

parameters:
2.7922074879739034, -53.983657919397764, 4.382380049568867, 
objectives:
-50.56961531306909, -48.97368516582698, 2918.6493649648855, 

parameters:
-0.3885040551845782, -100, 0, 
objectives:
-99.84906459910513, -94.29504837836683, 10001.150935400894, 

parameters:
-0.4387429120682016, -57.665166012374144, 20, 
objectives:
-77.47267066948406, -31.717699021211253, 3306.46386657756, 

parameters:
2.539499794791124, -54.97580811866085, 17.390268607190574, 
objectives:
-65.91701751810726, -37.29447948289061, 3012.3982689003697, 

parameters:
2.290553900306139, -41.68093021870805, 0.10940658904737344, 
objectives:
-36.54369963754776, -41.487102060677564, 1743.4371744779698, 

parameters:
0.06119386179818631, -100, 5.229029039944935, 
objectives:
-105.22528435122315, -91.01200171852604, 9995.774715648777, 

