Generation 57 at Fri May 24 19:55:16 2019
parameters:
0, 0.0, 20.0, 
objectives:
-20.0, 24.0, -19.0, 

parameters:
0, 0.0, 20.0, 
objectives:
-20.0, 24.0, -19.0, 

parameters:
1.9739355561194551, 0.0, 20.0, 
objectives:
-16.103578420287377, 20.0006793552348, -15.103578420287377, 

parameters:
1.3532022133510675, 0.0, 20.0, 
objectives:
-18.168843769781773, 20.41834737681396, -17.168843769781773, 

parameters:
0.8129219019056285, 0.0, 20.0, 
objectives:
-19.339157981402135, 21.40915441097535, -18.339157981402135, 

parameters:
0.5732527242791252, 0.0, 20.0, 
objectives:
-19.67138131410656, 22.035607788776936, -18.67138131410656, 

parameters:
0.6949219907833898, 0.0, 20.0, 
objectives:
-19.51708342672565, 21.70322861014079, -18.51708342672565, 

parameters:
1.1782001875089914, 0.0, 20.0, 
objectives:
-18.61184431815378, 20.675354931810258, -17.61184431815378, 

parameters:
1.2607457070311305, 0.0, 20.0, 
objectives:
-18.410520262202574, 20.546496909672904, -17.410520262202574, 

parameters:
0.9180775445803485, 0.0, 20.0, 
objectives:
-19.15713362213732, 21.170556199541288, -18.15713362213732, 

parameters:
1.5024070300472994, 0.0, 20.0, 
objectives:
-17.742773116064452, 20.24759876374635, -16.742773116064452, 

parameters:
1.7536519815823095, 0.0, 20.0, 
objectives:
-16.92470472749244, 20.060687346178323, -15.92470472749244, 

parameters:
1.7016360969818285, 0.0, 20.0, 
objectives:
-17.10443459344845, 20.089021018624237, -16.10443459344845, 

parameters:
1.657364122899112, 0.0, 20.0, 
objectives:
-17.25314416412686, 20.117399344276695, -16.25314416412686, 

parameters:
0.20420587593799708, 0.0, 20.0, 
objectives:
-19.958299960232395, 23.224876536015618, -18.958299960232395, 

parameters:
1.4129554698371054, 0.0, 20.0, 
objectives:
-18.003556840257403, 20.344621280394172, -17.003556840257403, 

parameters:
0.10910120406415912, 0.0, 20.0, 
objectives:
-19.98809692727175, 23.57549825647161, -18.98809692727175, 

parameters:
0.7397532410080607, 0.0, 20.0, 
objectives:
-19.45276514241807, 21.588221893549687, -18.45276514241807, 

parameters:
1.822872144484942, 0.0, 20.0, 
objectives:
-16.67713714486087, 20.03137427719936, -15.677137144860868, 

parameters:
1.1016458840180088, 0.0, 20.0, 
objectives:
-18.78637634622618, 20.807040117701785, -17.78637634622618, 

parameters:
0.3145860182478406, 0.0, 20.0, 
objectives:
-19.90103563712297, 22.840620289885667, -18.90103563712297, 

parameters:
1.4493508673700752, 0.0, 20.0, 
objectives:
-17.89938206325361, 20.303214467266088, -16.89938206325361, 

parameters:
1.5547876702679533, 0.0, 20.0, 
objectives:
-17.58263530038275, 20.198214018545436, -16.58263530038275, 

parameters:
1.604918061961462, 0.0, 20.0, 
objectives:
-17.424238014389864, 20.156089737764287, -16.424238014389864, 

parameters:
1.2375512050246216, 0.0, 20.0, 
objectives:
-18.468467014942107, 20.581328164959405, -17.468467014942107, 

parameters:
1.798954911528291, 0.0, 20.0, 
objectives:
-16.76376122628824, 20.040419127598597, -15.763761226288239, 

parameters:
1.8833167652129128, 0.0, 20.0, 
objectives:
-16.45311796186797, 20.01361497728038, -15.45311796186797, 

parameters:
1.945707614313232, 0.0, 20.0, 
objectives:
-16.21422187960351, 20.002947663143562, -15.214221879603512, 

parameters:
0.4111318348792174, 0.0, 20.0, 
objectives:
-19.830970614348846, 22.52450204613428, -18.83097061434885, 

parameters:
0.47737069952781086, 0.0, 20.0, 
objectives:
-19.772117215232328, 22.318399986656427, -18.772117215232328, 

parameters:
0.5125943302958116, 0.0, 20.0, 
objectives:
-19.73724705254859, 22.212375626268166, -18.73724705254859, 

parameters:
1.881805959653497, 0.0, 20.0, 
objectives:
-16.45880633021258, 20.01396983117343, -15.458806330212582, 

parameters:
0.1593822932385241, 0.0, 20.0, 
objectives:
-19.97459728460203, 23.387873542443874, -18.97459728460203, 

parameters:
0.9432396402105522, 0.0, 20.0, 
objectives:
-19.110298981135468, 21.116742458022323, -18.110298981135468, 

parameters:
1.5838663187981485, 0.0, 20.0, 
objectives:
-17.491367484176802, 20.173167240630605, -16.491367484176802, 

parameters:
1.0784930312734928, 0.0, 20.0, 
objectives:
-18.836852781494514, 20.849175093411517, -17.836852781494514, 

parameters:
1.0435795352121888, 0.0, 20.0, 
objectives:
-18.910941753686313, 20.914740105464933, -17.910941753686313, 

parameters:
0.37406342557254274, 0.0, 20.0, 
objectives:
-19.860076553648934, 22.643669744060894, -18.860076553648934, 

parameters:
0.9859172623746182, 0.0, 20.0, 
objectives:
-19.02796715175174, 21.02836379874979, -18.02796715175174, 

parameters:
1.024128399943805, 0.0, 20.0, 
objectives:
-18.951161020428543, 20.95232537979624, -17.951161020428543, 

parameters:
0.3428304603981242, 0.0, 20.0, 
objectives:
-19.88246727542321, 22.746210882984293, -18.88246727542321, 

parameters:
0.9964599567229356, 0.0, 20.0, 
objectives:
-19.007067554647726, 21.007092618460533, -18.007067554647726, 

parameters:
1.946373352816975, 0.0, 20.0, 
objectives:
-16.211630771444007, 20.002875817288093, -15.211630771444007, 

parameters:
0, 0.0, 20.0, 
objectives:
-20.0, 24.0, -19.0, 

parameters:
0, 0.0, 20.0, 
objectives:
-20.0, 24.0, -19.0, 

parameters:
0, 0.0, 20.0, 
objectives:
-20.0, 24.0, -19.0, 

