Generation 575 at Fri May 24 19:48:08 2019
parameters:
4.972695849995686, -17.540334842943306, 3.0187962134098, 
objectives:
4.168572960211215, -5.6846180129519315, 330.3722542057255, 

parameters:
1.2612992988780705, -100, 20.0, 
objectives:
-118.40912407864968, -79.45432127416197, 9982.59087592135, 

parameters:
0.44851923478147904, 0.459102976020934, 20.0, 
objectives:
-19.339727520010104, 22.86619554086398, -18.58805495343976, 

parameters:
1.9973066371654076, -100, 0, 
objectives:
-96.01076619713501, -99.99999274579665, 10004.989233802866, 

parameters:
-1.00435680406349, -91.46854727286063, 20, 
objectives:
-110.459814682992, -62.44238746673804, 8348.50387279741, 

parameters:
2.0986901774671187, -86.80150800978599, 9.385132414589119, 
objectives:
-91.78213996337814, -77.40663584406838, 7530.5211608193495, 

parameters:
-0.33640562870419277, -46.719699553530546, 0.7973830216152685, 
objectives:
-47.40391382812195, -40.46352527007465, 2183.046112097571, 

parameters:
4.02196423200806, -31.540940618307687, 0.27059663816718355, 
objectives:
-15.635340972922684, -27.182004624620557, 1011.7365347329967, 

parameters:
-0.5184525847507245, -24.07627927852643, 20, 
objectives:
-43.80748619589173, 2.2663241431111736, 560.936016980236, 

parameters:
-0.7139157077022098, -53.29608401386901, 2.8977205156784214, 
objectives:
-55.684128891843486, -43.0330250296778, 2839.0845263354095, 

parameters:
1.6254167361593201, -69.65701015665947, 13.333668108179609, 
objectives:
-80.34869869865226, -56.18302942693032, 4842.407375422967, 

parameters:
-0.42455135581262926, -95.52335047413713, 5.055824522073054, 
objectives:
-100.39893114248784, -84.58907667509122, 9120.834905136484, 

parameters:
2.015569723121706, -57.4521177622359, 0.6498272160382167, 
objectives:
-54.03942366950921, -56.8020481299196, 3305.1585294585484, 

parameters:
2.0239362878490623, -71.6099599098792, 0.6928039108481726, 
objectives:
-68.20644572345512, -70.91658305315504, 5132.38987248093, 

parameters:
2.5967013384451336, -41.61691955778269, 3.3355345097771574, 
objectives:
-38.209596226477096, -37.92533256070332, 1736.3753168102608, 

parameters:
-1.6808424105369366, -65.80657467099509, 1.308392775540863, 
objectives:
-64.28973623747633, -50.949581044246855, 4333.022108362772, 

parameters:
0.1654248572151874, -98.72966028340542, 5.019182800570701, 
objectives:
-103.72147770059146, -90.3448115283108, 9743.554002259456, 

parameters:
-0.4102792816051717, -72.85475159984662, 1.0185410733623554, 
objectives:
-73.70496358429452, -66.02676431114912, 5307.964618690906, 

parameters:
0.9024802216795018, -80.02880285456811, 13.54622086183662, 
objectives:
-92.76055316588204, -65.27803232892683, 6392.877536024016, 

parameters:
-0.21003029377707894, -87.9867359755654, 0.6536055060632782, 
objectives:
-88.59622875732458, -82.44889657008972, 7742.056214852094, 

parameters:
-0.36987785737315715, -13.956451236909423, 19.345683520380028, 
objectives:
-33.16532512791449, 11.005553342338192, 176.57365723722552, 

parameters:
3.8603132120086925, -4.6623048184717035, 17.311645019306596, 
objectives:
-7.071931742969431, 16.11010544760899, 20.327459295846737, 

parameters:
1.3767916681658787, -20.43763649088271, 7.938037556084273, 
objectives:
-26.480118749436002, -12.11121030993097, 412.6545030749072, 

parameters:
0.07368716443016149, -76.49799827067181, 5.504351301157569, 
objectives:
-81.99691977362762, -67.28296582903313, 5847.444817916751, 

parameters:
-0.2707321443577777, -35.9531589152256, 0, 
objectives:
-35.87986302123704, -30.796934443805927, 1293.7029318774546, 

parameters:
-1.3464651290767762, -59.938501648392446, 0.3112552528674429, 
objectives:
-58.436788557440146, -48.42841753539816, 3595.125692945296, 

parameters:
2.2330469487637545, -25.381429469782386, 7.333476738041462, 
objectives:
-27.728407532440734, -17.99364185141283, 642.8699838668795, 

parameters:
4.820640988309434, -23.74907644621657, 1.0863055997156477, 
objectives:
-1.596802507763258, -14.7067552615697, 587.1709059866921, 

parameters:
2.1767441230702635, 2.371734158001378, 20, 
objectives:
-12.89005086467769, 22.402972643041256, -8.636662106448561, 

parameters:
1.7723393380760366, -95.20157344335112, 2.531580127096249, 
objectives:
-94.59196684115557, -92.61816393926722, 9064.949192691975, 

parameters:
1.1564170051218639, -100.0, 6.191168523479207, 
objectives:
-104.85386823374418, -93.09719920727323, 9996.146131766256, 

parameters:
0.3547577370527044, -38.80416673015275, 20, 
objectives:
-58.678313678154, -16.097344626364816, 1486.8892086734925, 

parameters:
2.576295534755199, -78.61531810431538, 12.828330466839246, 
objectives:
-84.80634988875505, -65.45487109409736, 6175.1772088582575, 

parameters:
0.5284699585414716, -8.643919343866617, 20, 
objectives:
-28.364638846785795, 13.521481319048322, 55.99662212035231, 

parameters:
-1.7524241509137026, -62.47914680587714, 6.489384625656218, 
objectives:
-65.89754102682775, -41.90907517186051, 3901.225391369397, 

parameters:
3.0340368372634954, -34.53285201956511, 15.74882575770508, 
objectives:
-41.07629824739832, -17.714794081042143, 1186.974422377349, 

parameters:
2.909951765779482, -61.98116807691969, 10.89206335917051, 
objectives:
-64.40541215692707, -50.261092501703985, 3840.2409520993606, 

