Generation 578 at Fri May 24 19:48:08 2019
parameters:
1.2612992988780705, -100, 20.0, 
objectives:
-118.40912407864968, -79.45432127416197, 9982.59087592135, 

parameters:
3.4095939283416272, 0.7147933678259619, 0.03132102815568198, 
objectives:
12.308803095854369, 2.7330694387992245, 13.104939286716387, 

parameters:
0.44851923478147904, 0.459102976020934, 20.0, 
objectives:
-19.339727520010104, 22.86619554086398, -18.58805495343976, 

parameters:
1.9973066371654076, -100, 0, 
objectives:
-96.01076619713501, -99.99999274579665, 10004.989233802866, 

parameters:
-1.00435680406349, -91.46854727286063, 20, 
objectives:
-110.459814682992, -62.44238746673804, 8348.50387279741, 

parameters:
0.07368716443016149, -76.49799827067181, 5.504351301157569, 
objectives:
-81.99691977362762, -67.28296582903313, 5847.444817916751, 

parameters:
4.972695849995686, -17.540334842943306, 3.0187962134098, 
objectives:
4.168572960211215, -5.6846180129519315, 330.3722542057255, 

parameters:
-1.3464651290767762, -59.938501648392446, 0.3112552528674429, 
objectives:
-58.436788557440146, -48.42841753539816, 3595.125692945296, 

parameters:
0.5147494605615308, -88.13607001102218, 12.720818613859414, 
objectives:
-100.59192161773322, -73.2092822322605, 7756.510985381093, 

parameters:
2.5967013384451336, -41.61691955778269, 3.3355345097771574, 
objectives:
-38.209596226477096, -37.92533256070332, 1736.3753168102608, 

parameters:
-0.7139157077022098, -53.29608401386901, 2.8977205156784214, 
objectives:
-55.684128891843486, -43.0330250296778, 2839.0845263354095, 

parameters:
-1.6808424105369366, -65.80657467099509, 1.308392775540863, 
objectives:
-64.28973623747633, -50.949581044246855, 4333.022108362772, 

parameters:
0.9024802216795018, -80.02880285456811, 13.54622086183662, 
objectives:
-92.76055316588204, -65.27803232892683, 6392.877536024016, 

parameters:
2.0239362878490623, -71.6099599098792, 0.6928039108481726, 
objectives:
-68.20644572345512, -70.91658305315504, 5132.38987248093, 

parameters:
-0.36987785737315715, -13.956451236909423, 19.345683520380028, 
objectives:
-33.16532512791449, 11.005553342338192, 176.57365723722552, 

parameters:
0.1654248572151874, -98.72966028340542, 5.019182800570701, 
objectives:
-103.72147770059146, -90.3448115283108, 9743.554002259456, 

parameters:
2.012163370558187, -83.75512179563907, 10.822036082490603, 
objectives:
-90.52835644831359, -72.93293776556514, 7009.14719234966, 

parameters:
-0.2707321443577777, -35.9531589152256, 0, 
objectives:
-35.87986302123704, -30.796934443805927, 1293.7029318774546, 

parameters:
-0.33640562870419277, -46.719699553530546, 0.7973830216152685, 
objectives:
-47.40391382812195, -40.46352527007465, 2183.046112097571, 

parameters:
2.2330469487637545, -25.381429469782386, 7.333476738041462, 
objectives:
-27.728407532440734, -17.99364185141283, 642.8699838668795, 

parameters:
2.015569723121706, -57.4521177622359, 0.6498272160382167, 
objectives:
-54.03942366950921, -56.8020481299196, 3305.1585294585484, 

parameters:
4.820640988309434, -23.74907644621657, 1.0863055997156477, 
objectives:
-1.596802507763258, -14.7067552615697, 587.1709059866921, 

parameters:
1.7723393380760366, -95.20157344335112, 2.531580127096249, 
objectives:
-94.59196684115557, -92.61816393926722, 9064.949192691975, 

parameters:
-0.42455135581262926, -95.52335047413713, 5.055824522073054, 
objectives:
-100.39893114248784, -84.58907667509122, 9120.834905136484, 

parameters:
3.8603132120086925, -4.6623048184717035, 17.311645019306596, 
objectives:
-7.071931742969431, 16.11010544760899, 20.327459295846737, 

parameters:
4.02196423200806, -31.540940618307687, 0.27059663816718355, 
objectives:
-15.635340972922684, -27.182004624620557, 1011.7365347329967, 

parameters:
2.322697350065276, -96.4324769840194, 0.028563800352542586, 
objectives:
-91.06611780437169, -96.2997796039277, 9305.588976453078, 

parameters:
0.017847685116887835, -36.750756659844726, 8.16896243996132, 
objectives:
-44.91940055994201, -24.652866420486923, 1343.449471171024, 

parameters:
0.4933197418487084, -68.70797827252639, 7.909488787148243, 
objectives:
-76.37410269197696, -58.5284040850753, 4714.120153878508, 

parameters:
1.6254167361593201, -69.65701015665947, 13.333668108179609, 
objectives:
-80.34869869865226, -56.18302942693032, 4842.407375422967, 

parameters:
-1.55172154412787, -67.47337708763465, 4.310157624324488, 
objectives:
-69.37569496144856, -50.54849353628809, 4551.754297736326, 

parameters:
-0.2115298971209043, -27.292005027810006, 20, 
objectives:
-47.24726013043403, -2.401140541950408, 725.8982833353826, 

parameters:
2.0734935707004425, -46.37021469466162, 20, 
objectives:
-62.07083910692555, -26.364813389727317, 2135.4961864167485, 

parameters:
3.908728541072321, -24.175706596168695, 1.1382968548179708, 
objectives:
-10.03584464319331, -19.394165097846653, 599.6046513770099, 

parameters:
5.047640699777793, -10.636990139944624, 15.736697607583265, 
objectives:
-0.8950111134746379, 14.38782130258072, 123.88753826374912, 

parameters:
-2.2562687070508094, -17.08023028482556, 0.7155494327234376, 
objectives:
-12.705031239132266, 1.7511424545178462, 297.10946562836557, 

parameters:
5.327037317618386, -83.33006523618924, 0.4982939732386337, 
objectives:
-55.45103262612899, -71.76259395012526, 6972.778804877615, 

parameters:
-0.5184525847507245, -24.07627927852643, 20, 
objectives:
-43.80748619589173, 2.2663241431111736, 560.936016980236, 

parameters:
0.5760907929800619, -100, 7.5498379341055255, 
objectives:
-107.21795733234913, -90.42264463605832, 9993.78204266765, 

parameters:
-2.0765211817168283, -68.56370784772643, 13.396573031454981, 
objectives:
-77.64834066106276, -38.549109871285495, 4692.897401015047, 

