[!]Generation 58 at Sun May 26 02:43:07 2019
size of front generated: 50
[!!!]Points in the front:
parameters:
0, 0, 20.0, 
objectives:
-20.0, 24.0, -19.0, 

parameters:
0, 0, 20.0, 
objectives:
-20.0, 24.0, -19.0, 

parameters:
1.9795007331513772, 0.0, 20.0, 
objectives:
-16.08157684745316, 20.000420219941333, -15.08157684745316, 

parameters:
1.8691950872549494, 0, 20.0, 
objectives:
-16.50610972578196, 20.01710992519824, -15.506109725781961, 

parameters:
1.5957141340628629, 7.970874278823687e-05, 20.0, 
objectives:
-17.45361669360922, 20.163526770139327, -16.45361669360922, 

parameters:
1.508676529867385, 0.00034281588206772084, 20.0, 
objectives:
-17.723552312345237, 20.241741568185223, -16.723552312345237, 

parameters:
0.9233682434381809, 0.0, 20.0, 
objectives:
-19.14739108700989, 21.159135939237387, -18.14739108700989, 

parameters:
0.8246654150090902, 0, 20.0, 
objectives:
-19.319926953287887, 21.381411386675754, -18.319926953287887, 

parameters:
1.3760037750385659, 0.0, 20.0, 
objectives:
-18.106613611079617, 20.38937128876612, -17.106613611079617, 

parameters:
0.3671452018843387, 6.211965542743446e-05, 20.0, 
objectives:
-19.86514228107788, 22.666276911384763, -18.86514228107788, 

parameters:
1.306862119366931, 0.0003973571489257454, 20.0, 
objectives:
-18.29171404381485, 20.48083747871743, -17.29171404381485, 

parameters:
1.4168434919432737, 0.00026279886558886395, 20.0, 
objectives:
-17.9922917204724, 20.340334311754503, -16.9922917204724, 

parameters:
1.7480498127798965, 0.0004276082334124017, 20.0, 
objectives:
-16.943894243806756, 20.063906505073657, -15.943894243806756, 

parameters:
0.10223854943732757, 0.0, 20.0, 
objectives:
-19.989547279008953, 23.601498523241737, -18.989547279008953, 

parameters:
1.471467987460389, 0.0, 20.0, 
objectives:
-17.834781961879273, 20.279346088279173, -16.834781961879273, 

parameters:
1.942036834919947, 0.0002629209669274741, 20.0, 
objectives:
-16.228230010847188, 20.003622649473026, -15.228230010847188, 

parameters:
1.6756459218233255, 7.449947621032138e-06, 20.0, 
objectives:
-17.192203294729236, 20.105213017977462, -16.192203294729236, 

parameters:
1.6325744135354372, 0.00033144250043580335, 20.0, 
objectives:
-17.334369341768987, 20.135333004089265, -16.334369341768987, 

parameters:
1.7988894979094006, 0.0011046344056344238, 20.0, 
objectives:
-16.76289193990563, 20.04155006845677, -15.76289193990563, 

parameters:
1.2236881718862025, 6.208434006324064e-07, 20.0, 
objectives:
-18.502586637142404, 20.602660675312787, -17.502586637142404, 

parameters:
1.266477208612035, 4.246184815092365e-05, 20.0, 
objectives:
-18.395993018218117, 20.53809814733374, -17.395993018218117, 

parameters:
1.821471467435987, 0.00026361613951581594, 20.0, 
objectives:
-16.681978077177078, 20.032136053078975, -15.681978077177076, 

parameters:
1.7130658961674765, 0.0014622846149302383, 20.0, 
objectives:
-17.06394295077299, 20.083793464557104, -16.06394295077299, 

parameters:
0.45952453390632897, 0, 20.0, 
objectives:
-19.788837202738172, 22.373064661636512, -18.788837202738172, 

parameters:
0.5490756536740965, 0, 20.0, 
objectives:
-19.698515926542363, 22.10518145876125, -18.698515926542363, 

parameters:
0.7903659770311147, 0, 20.0, 
objectives:
-19.375321622351652, 21.46321446952389, -18.375321622351652, 

parameters:
1.180167774725914, 0.0, 20.0, 
objectives:
-18.607204023498483, 20.67212487759786, -17.607204023498483, 

parameters:
1.058668785905385, 0.0, 20.0, 
objectives:
-18.879220401749617, 20.886104454628843, -17.879220401749617, 

parameters:
0.9609501861903735, 0.00029399293260460105, 20.0, 
objectives:
-19.07628074672808, 21.079918508510424, -18.07628074672808, 

parameters:
0.15716824655536027, 4.5604857972443036e-05, 20.0, 
objectives:
-19.97525253741674, 23.396074476361818, -18.97525253741674, 

parameters:
0.6533156350095941, 0.00014447966516839352, 20.0, 
objectives:
-19.573034201386843, 21.81370325857478, -18.573034201386843, 

parameters:
0.6988740926798753, 0.0017436010828007099, 20.0, 
objectives:
-19.50983140149808, 21.69467222778242, -18.50983140149808, 

parameters:
0.2902670392106501, 6.518812567877629e-05, 20.0, 
objectives:
-19.915679857822205, 22.923251985335195, -18.915679857822205, 

parameters:
1.1443520876133522, 0.0, 20.0, 
objectives:
-18.690458299574964, 20.73213334997163, -17.690458299574964, 

parameters:
0.21733316108476533, 0, 20.0, 
objectives:
-19.952766297092904, 23.177901058568036, -18.952766297092904, 

parameters:
0.3028001146827021, 7.726299538701739e-05, 20.0, 
objectives:
-19.908234827552754, 22.880564713716435, -18.908234827552754, 

parameters:
0.4912199512161204, 6.93206564213213e-05, 20.0, 
objectives:
-19.758633638870812, 22.276486556264707, -18.758633638870812, 

parameters:
0.5959144252726225, 0.00010737326708157806, 20.0, 
objectives:
-19.644778624484918, 21.97156367442459, -18.644778624484918, 

parameters:
1.0164714459758746, 0.00015085818058064888, 20.0, 
objectives:
-18.966634941335133, 20.967479274761367, -17.966634941335133, 

parameters:
1.0029185560271443, 1.941698388510177e-05, 20.0, 
objectives:
-18.994134952992543, 20.99419082289888, -17.994134952992543, 

parameters:
0.7319349712390374, 0.001736789601408006, 20.0, 
objectives:
-19.4625344082759, 21.60972570676795, -18.4625344082759, 

parameters:
0.6156620524176418, 0, 20.0, 
objectives:
-19.6209602372129, 21.916391553116537, -18.6209602372129, 

parameters:
1.948438177878764, 4.1430566371791786e-05, 20.0, 
objectives:
-16.20354723641811, 20.002700052066835, -15.20354723641811, 

parameters:
1.098078962629262, 0.00023322800419730275, 20.0, 
objectives:
-18.793989363826846, 20.813694785656107, -17.793989363826846, 

parameters:
0.2104516212263694, 0.0, 20.0, 
objectives:
-19.955710115123193, 23.202483399971328, -18.955710115123193, 

parameters:
1.1221339460562103, 0.0, 20.0, 
objectives:
-18.740815407108318, 20.77064880866684, -17.740815407108318, 

parameters:
0.7303512414889448, 0.0, 20.0, 
objectives:
-19.466587064055556, 21.612007969988664, -18.466587064055556, 

parameters:
1.102798527229295, 0.0, 20.0, 
objectives:
-18.7838354083409, 20.804970482741922, -17.7838354083409, 

parameters:
0.4784189221010009, 0.0, 20.0, 
objectives:
-19.771115334975715, 22.31520897662028, -18.77111533497572, 

parameters:
0.48020615232466, 0.0, 20.0, 
objectives:
-19.769402051269545, 22.309773339431814, -18.769402051269545, 

size of all points: 80
[!!!]All points:
0, 0, 20.0, -20.0, 24.0, -19.0, 

0, 0, 20.0, -20.0, 24.0, -19.0, 

1.9795007331513772, 0.0, 20.0, -16.08157684745316, 20.000420219941333, -15.08157684745316, 

1.8691950872549494, 0, 20.0, -16.50610972578196, 20.01710992519824, -15.506109725781961, 

1.821471467435987, 0.00026361613951581594, 20.0, -16.681978077177078, 20.032136053078975, -15.681978077177076, 

1.942036834919947, 0.0002629209669274741, 20.0, -16.228230010847188, 20.003622649473026, -15.228230010847188, 

0.3671452018843387, 6.211965542743446e-05, 20.0, -19.86514228107788, 22.666276911384763, -18.86514228107788, 

1.7480498127798965, 0.0004276082334124017, 20.0, -16.943894243806756, 20.063906505073657, -15.943894243806756, 

1.4168434919432737, 0.00026279886558886395, 20.0, -17.9922917204724, 20.340334311754503, -16.9922917204724, 

0.10223854943732757, 0.0, 20.0, -19.989547279008953, 23.601498523241737, -18.989547279008953, 

1.471467987460389, 0.0, 20.0, -17.834781961879273, 20.279346088279173, -16.834781961879273, 

1.0164714459758746, 0.00015085818058064888, 20.0, -18.966634941335133, 20.967479274761367, -17.966634941335133, 

0.2104516212263694, 0.0, 20.0, -19.955710115123193, 23.202483399971328, -18.955710115123193, 

0.5490756536740965, 0, 20.0, -19.698515926542363, 22.10518145876125, -18.698515926542363, 

1.6325744135354372, 0.00033144250043580335, 20.0, -17.334369341768987, 20.135333004089265, -16.334369341768987, 

1.2236881718862025, 6.208434006324064e-07, 20.0, -18.502586637142404, 20.602660675312787, -17.502586637142404, 

1.3760037750385659, 0.0, 20.0, -18.106613611079617, 20.38937128876612, -17.106613611079617, 

0.9609501861903735, 0.00029399293260460105, 20.0, -19.07628074672808, 21.079918508510424, -18.07628074672808, 

0.6533156350095941, 0.00014447966516839352, 20.0, -19.573034201386843, 21.81370325857478, -18.573034201386843, 

1.266477208612035, 4.246184815092365e-05, 20.0, -18.395993018218117, 20.53809814733374, -17.395993018218117, 

0.4784189221010009, 0.0, 20.0, -19.771115334975715, 22.31520897662028, -18.77111533497572, 

0.5959144252726225, 0.00010737326708157806, 20.0, -19.644778624484918, 21.97156367442459, -18.644778624484918, 

1.102798527229295, 0.0, 20.0, -18.7838354083409, 20.804970482741922, -17.7838354083409, 

1.058668785905385, 0.0, 20.0, -18.879220401749617, 20.886104454628843, -17.879220401749617, 

0.7903659770311147, 0, 20.0, -19.375321622351652, 21.46321446952389, -18.375321622351652, 

1.180167774725914, 0.0, 20.0, -18.607204023498483, 20.67212487759786, -17.607204023498483, 

0.7319349712390374, 0.001736789601408006, 20.0, -19.4625344082759, 21.60972570676795, -18.4625344082759, 

1.1443520876133522, 0.0, 20.0, -18.690458299574964, 20.73213334997163, -17.690458299574964, 

1.7130658961674765, 0.0014622846149302383, 20.0, -17.06394295077299, 20.083793464557104, -16.06394295077299, 

0.15716824655536027, 4.5604857972443036e-05, 20.0, -19.97525253741674, 23.396074476361818, -18.97525253741674, 

0.6988740926798753, 0.0017436010828007099, 20.0, -19.50983140149808, 21.69467222778242, -18.50983140149808, 

0.8246654150090902, 0, 20.0, -19.319926953287887, 21.381411386675754, -18.319926953287887, 

0.2902670392106501, 6.518812567877629e-05, 20.0, -19.915679857822205, 22.923251985335195, -18.915679857822205, 

1.5957141340628629, 7.970874278823687e-05, 20.0, -17.45361669360922, 20.163526770139327, -16.45361669360922, 

0.9233682434381809, 0.0, 20.0, -19.14739108700989, 21.159135939237387, -18.14739108700989, 

1.306862119366931, 0.0003973571489257454, 20.0, -18.29171404381485, 20.48083747871743, -17.29171404381485, 

1.6756459218233255, 7.449947621032138e-06, 20.0, -17.192203294729236, 20.105213017977462, -16.192203294729236, 

1.508676529867385, 0.00034281588206772084, 20.0, -17.723552312345237, 20.241741568185223, -16.723552312345237, 

0.3028001146827021, 7.726299538701739e-05, 20.0, -19.908234827552754, 22.880564713716435, -18.908234827552754, 

0.48020615232466, 0.0, 20.0, -19.769402051269545, 22.309773339431814, -18.769402051269545, 

9.418187248163086, 0.5659577135333701, 20.0, 69.26820875499513, 75.59545976234278, 70.26820875499513, 

1.0029185560271443, 1.941698388510177e-05, 20.0, -18.994134952992543, 20.99419082289888, -17.994134952992543, 

1.4904971342603024, 19.727057915830294, 20.0, 1.9486396230684662, 39.98665108602726, 2.948639623068466, 

13.876283135294523, 0.00012864130749072657, 20.0, 172.5513622921667, 161.0462297509886, 173.5513622921667, 

9.177237354910643, 0.0001654166126170435, 20.0, 64.22185088497992, 71.51290146533734, 65.22185088497992, 

0.4912199512161204, 6.93206564213213e-05, 20.0, -19.758633638870812, 22.276486556264707, -18.758633638870812, 

2.064014403569061, 3.306276927250026, 20.0, -12.433567614609426, 23.31037477111433, -11.433567614609426, 

0, 2.723056891585772, 20.0, -17.27694310841423, 26.72305689158577, -16.27694310841423, 

13.028801877472084, 4.758444682959518e-06, 20.0, 149.74968312086477, 141.63447561097644, 150.74968312086477, 

1.129656134110223, 23.38694164093313, 20.0, 4.663064622265985, 44.144440085825096, 5.663064622265985, 

1.1221339460562103, 0.0, 20.0, -18.740815407108318, 20.77064880866684, -17.740815407108318, 

0.7481846591997553, 4.723585383624718, 20.0, -14.71663433211343, 26.29062703108755, -13.71663433211343, 

1.948438177878764, 4.1430566371791786e-05, 20.0, -16.20354723641811, 20.002700052066835, -15.20354723641811, 

11.509105388924171, 1.1878637040242145e-05, 20.0, 112.45951873200045, 110.42309717630376, 113.45951873200045, 

1.17327181340445, 15.43292100794531, 20.0, -3.1905122439253226, 36.11640050245688, -2.1905122439253226, 

1.2178251270724358, 16.781614715341995, 20.0, -1.7352872445290117, 37.393412247181246, -0.7352872445290117, 

9.954711492102854, 28.35907957179775, 20.0, 107.45536046280239, 111.63651449439097, 108.45536046280239, 

2.7319428286684713, 1.2189846160651904e-06, 20.0, -12.536487161902295, 20.53574152342382, -11.536487161902295, 

2.128770914912324, 1.5782372381473502, 20.0, -13.890097153675997, 21.59481918667471, -12.890097153675997, 

0.45952453390632897, 0, 20.0, -19.788837202738172, 22.373064661636512, -18.788837202738172, 

1.6806496833753515, 7.225272580958708, 20.0, -9.950144060811622, 27.327257205686973, -8.950144060811622, 

0.6216359803809217, 29.81304738989253, 20.0, 10.19947868199668, 51.71293476047299, 11.19947868199668, 

7.381378425550013, 6.516358907675829e-05, 20.0, 34.48481262476426, 48.959298922564216, 35.48481262476426, 

7.139043849517366, 4.072585742821167, 20.0, 35.038532828152896, 50.48235743008344, 36.038532828152896, 

2.31219403138707, 5.5453274141285265, 20.0, -9.108431347089482, 25.64279252736224, -8.108431347089482, 

0.21733316108476533, 0, 20.0, -19.952766297092904, 23.177901058568036, -18.952766297092904, 

3.0594178453347842, 6.1193685734265655, 20.0, -4.520593874220502, 27.241734744440365, -3.520593874220502, 

0.6156620524176418, 0, 20.0, -19.6209602372129, 21.916391553116537, -18.6209602372129, 

14.098588712609406, 3.177281098497677, 20.0, 181.94748478581502, 169.5531299353774, 182.94748478581502, 

16.69154141344805, 1.157937884444848e-05, 20.0, 258.60756633623015, 235.84140068243798, 259.60756633623015, 

1.7988894979094006, 0.0011046344056344238, 20.0, -16.76289193990563, 20.04155006845677, -15.76289193990563, 

22.25246414110397, 0.0001692746147246443, 20.0, 475.1723296257328, 430.1624730613169, 476.1723296257328, 

10.695607157666727, 17.095952859252026, 20.0, 111.49196533038375, 112.70953669971684, 112.49196533038375, 

3.4048014326875924, 17.610322746511844, 20.0, 9.202995542543327, 39.583789811792954, 10.202995542543327, 

5.109918812509505, 12.091413077736124, 20.0, 18.202683348174673, 41.76300809813666, 19.202683348174673, 

0.7303512414889448, 0.0, 20.0, -19.466587064055556, 21.612007969988664, -18.466587064055556, 

1.098078962629262, 0.00023322800419730275, 20.0, -18.793989363826846, 20.813694785656107, -17.793989363826846, 

1.0400381385564306, 19.873800122322987, 20.0, 0.955479451974913, 40.79532689774919, 1.955479451974913, 

1.684673111714016, 1.6538877320831755, 20.0, -15.50798877458464, 21.753318778559297, -14.50798877458464, 

1.3990731383522736, 0.45498655760787415, 20.0, -17.587607795933245, 20.81609965065766, -16.587607795933245, 

