Generation 587 at Fri May 24 19:48:08 2019
parameters:
1.2612992988780705, -100, 20.0, 
objectives:
-118.40912407864968, -79.45432127416197, 9982.59087592135, 

parameters:
2.321290066455595, -1.6751967248701145, 0, 
objectives:
3.713190847755307, -1.5719694180670738, 9.19467163964098, 

parameters:
0.44851923478147904, 0.459102976020934, 20.0, 
objectives:
-19.339727520010104, 22.86619554086398, -18.58805495343976, 

parameters:
1.9973066371654076, -100, 0, 
objectives:
-96.01076619713501, -99.99999274579665, 10004.989233802866, 

parameters:
-0.09556283447353875, -30.758987691208517, 9.67071092782508, 
objectives:
-40.420566363700985, -16.696893170156663, 937.4537451154246, 

parameters:
-1.9911281884254004, -61.2288464673224, 16.090923977003946, 
objectives:
-73.35517898158412, -29.208818273874634, 3737.845307204677, 

parameters:
2.960059999519582, -92.07244205707013, 6.132173674023073, 
objectives:
-89.44266053033735, -85.01855318036951, 8480.96436787927, 

parameters:
-0.34495097014920517, -15.016067932803844, 0, 
objectives:
-14.897076760996967, -9.517272880400146, 226.6012873343868, 

parameters:
2.015569723121706, -57.4521177622359, 0.6498272160382167, 
objectives:
-54.03942366950921, -56.8020481299196, 3305.1585294585484, 

parameters:
2.9734904332246184, -69.13879454314544, 5.148142760617786, 
objectives:
-65.44529194728489, -63.0429681589478, 4784.866413475138, 

parameters:
1.1419984073657208, -98.20529149083289, 13.248342222594772, 
objectives:
-110.14947335100182, -84.22078253527516, 9633.335094939286, 

parameters:
-0.04967010782107084, -6.210806714655209, 19.814430005601547, 
objectives:
-26.0227696006458, 17.80477084184158, 19.762157160815637, 

parameters:
2.0590764803102424, -86.03391671683238, 0, 
objectives:
-81.79412076506557, -86.03042668630653, 7407.0746215906165, 

parameters:
2.572995040463145, -82.37679263255863, 20, 
objectives:
-95.75648915431069, -62.04846931616328, 6773.556267905815, 

parameters:
0.6668765811625752, -77.00271169119232, 0.10747183582727966, 
objectives:
-76.66545915251652, -75.11802180551226, 5930.754860335562, 

parameters:
4.131094220804516, -14.353229017023068, 6.835924382093031, 
objectives:
-4.123213937951627, -2.975742056983629, 217.24519829418443, 

parameters:
2.9511589181491953, -34.25823137348482, 9.547694304352243, 
objectives:
-35.09658671766553, -23.80583378155783, 1173.7880614950388, 

parameters:
-1.2123779857352548, -55.66334745214995, 0.6827562703177992, 
objectives:
-54.87624334217227, -44.66121885859566, 3100.195353688746, 

parameters:
0.5147494605615308, -88.13607001102218, 12.720818613859414, 
objectives:
-100.59192161773322, -73.2092822322605, 7756.510985381093, 

parameters:
3.372526939115082, -69.99212007125068, 0, 
objectives:
-58.618182116193736, -68.10828987265407, 4911.2708100234295, 

parameters:
-0.33640562870419277, -46.719699553530546, 0.7973830216152685, 
objectives:
-47.40391382812195, -40.46352527007465, 2183.046112097571, 

parameters:
1.8092930357981587, -59.81339721453847, 9.997456113150857, 
objectives:
-66.53731203830161, -49.77957195519252, 3571.9185715203953, 

parameters:
-1.5201833781632674, -51.089760293028526, 0.07638027552973801, 
objectives:
-48.85518306531438, -38.62168900160184, 2613.398184026829, 

parameters:
-0.9318596415922404, -41.525698355366785, 0.0, 
objectives:
-40.65733596373837, -32.9298973973694, 1726.25198629254, 

parameters:
1.3649199351230306, -14.945310486931888, 19.476445657683897, 
objectives:
-32.55874971531953, 4.934461859556144, 206.74886632240862, 

parameters:
0.1654248572151874, -98.72966028340542, 5.019182800570701, 
objectives:
-103.72147770059146, -90.3448115283108, 9743.554002259456, 

parameters:
0.9024802216795018, -80.02880285456811, 13.54622086183662, 
objectives:
-92.76055316588204, -65.27803232892683, 6392.877536024016, 

parameters:
-0.7879980833383953, -8.257198821613, 1.5679363180897097, 
objectives:
-9.204194160357726, 1.083670809175275, 68.2343370409024, 

parameters:
1.1809352430798392, -33.69164863510188, 9.585100351675813, 
objectives:
-41.88214093842965, -23.43568120739738, 1127.9366954478344, 

parameters:
1.0028333614701654, -96.36624158123632, 8.993215906984016, 
objectives:
-104.3537827373428, -86.37868436925541, 9279.464975337092, 

parameters:
2.7080574371323825, -45.74904117764294, 10.68397346777919, 
objectives:
-49.099439562614116, -34.56372237558527, 2090.6243702886977, 

parameters:
0.4548759438174619, -3.315360966530818, 9.115742555792274, 
objectives:
-12.224191398059265, 8.187789938255435, 3.082787906867713, 

parameters:
2.996636592325888, -73.06122622969792, 6.71428683270391, 
objectives:
-70.79568219593531, -65.35365489983106, 5341.208322220863, 

parameters:
1.2997968845549808, -3.220331795497705, 17.028870609345258, 
objectives:
-18.559730463744128, 14.298823216726465, -3.9688617951529537, 

parameters:
2.322697350065276, -96.4324769840194, 0.028563800352542586, 
objectives:
-91.06611780437169, -96.2997796039277, 9305.588976453078, 

parameters:
0.0064203972940071186, -87.37364752206938, 13.507017460505379, 
objectives:
-100.88062376107334, -69.89227042923861, 7621.647305071816, 

parameters:
-2.3564947083885883, -96.81496296492308, 14.70550391472633, 
objectives:
-105.967399568986, -63.13041290597898, 9364.984617295366, 

parameters:
-2.023168534555472, -73.53778414328976, 9.28852125245726, 
objectives:
-78.73309447653168, -48.06337783339527, 5403.610386371836, 

parameters:
0.029917355351235297, -74.4103979330876, 3.4295854094537677, 
objectives:
-77.83908829439015, -67.09958689688756, 5534.478630199144, 

