Generation 589 at Fri May 24 19:48:08 2019
parameters:
1.2612992988780705, -100, 20.0, 
objectives:
-118.40912407864968, -79.45432127416197, 9982.59087592135, 

parameters:
2.321290066455595, -1.6751967248701145, 0, 
objectives:
3.713190847755307, -1.5719694180670738, 9.19467163964098, 

parameters:
0.44851923478147904, 0.459102976020934, 20.0, 
objectives:
-19.339727520010104, 22.86619554086398, -18.58805495343976, 

parameters:
1.9973066371654076, -100, 0, 
objectives:
-96.01076619713501, -99.99999274579665, 10004.989233802866, 

parameters:
-0.33640562870419277, -46.719699553530546, 0.7973830216152685, 
objectives:
-47.40391382812195, -40.46352527007465, 2183.046112097571, 

parameters:
-0.34495097014920517, -15.016067932803844, 0, 
objectives:
-14.897076760996967, -9.517272880400146, 226.6012873343868, 

parameters:
-1.469294761725616, -85.61333398533688, 2.3254730187189665, 
objectives:
-85.77997990722152, -71.25185482288111, 7330.476310162954, 

parameters:
4.131094220804516, -14.353229017023068, 6.835924382093031, 
objectives:
-4.123213937951627, -2.975742056983629, 217.24519829418443, 

parameters:
1.0028333614701654, -96.36624158123632, 8.993215906984016, 
objectives:
-104.3537827373428, -86.37868436925541, 9279.464975337092, 

parameters:
-0.9248307778189837, -65.59007627268987, 5.059068754063062, 
objectives:
-69.79383305915167, -51.97637243974961, 4298.854348670813, 

parameters:
-0.9318596415922404, -41.525698355366785, 0.0, 
objectives:
-40.65733596373837, -32.9298973973694, 1726.25198629254, 

parameters:
1.1419984073657208, -98.20529149083289, 13.248342222594772, 
objectives:
-110.14947335100182, -84.22078253527516, 9633.335094939286, 

parameters:
2.960059999519582, -92.07244205707013, 6.132173674023073, 
objectives:
-89.44266053033735, -85.01855318036951, 8480.96436787927, 

parameters:
3.372526939115082, -69.99212007125068, 0, 
objectives:
-58.618182116193736, -68.10828987265407, 4911.2708100234295, 

parameters:
2.1284966339785947, -10.217438498401378, 20, 
objectives:
-25.68694057754317, 9.79907288654245, 89.92654738947283, 

parameters:
-0.2092858531779329, -20.796129933420758, 8.201231455042635, 
objectives:
-28.953560820122977, -7.713954497325975, 425.32158932101663, 

parameters:
-2.4447118376872683, -29.796239822085813, 12.876530351616694, 
objectives:
-36.696154204374245, 2.835753849608217, 881.9159931529639, 

parameters:
1.8092930357981587, -59.81339721453847, 9.997456113150857, 
objectives:
-66.53731203830161, -49.77957195519252, 3571.9185715203953, 

parameters:
0.8103335425850182, -75.13142652897912, 5.35043842189778, 
objectives:
-79.82522450063851, -68.36568182718302, 5641.037454307728, 

parameters:
-1.2123779857352548, -55.66334745214995, 0.6827562703177992, 
objectives:
-54.87624334217227, -44.66121885859566, 3100.195353688746, 

parameters:
-0.8810081017709219, -50.97289272961021, 1.8830508111605757, 
objectives:
-52.07976826538478, -40.789634235979946, 2598.128917688575, 

parameters:
0.1654248572151874, -98.72966028340542, 5.019182800570701, 
objectives:
-103.72147770059146, -90.3448115283108, 9743.554002259456, 

parameters:
0.9024802216795018, -80.02880285456811, 13.54622086183662, 
objectives:
-92.76055316588204, -65.27803232892683, 6392.877536024016, 

parameters:
-0.09556283447353875, -30.758987691208517, 9.67071092782508, 
objectives:
-40.420566363700985, -16.696893170156663, 937.4537451154246, 

parameters:
2.9511589181491953, -34.25823137348482, 9.547694304352243, 
objectives:
-35.09658671766553, -23.80583378155783, 1173.7880614950388, 

parameters:
2.572995040463145, -82.37679263255863, 20, 
objectives:
-95.75648915431069, -62.04846931616328, 6773.556267905815, 

parameters:
2.556065037961476, -62.920683741099225, 3.2395190453563987, 
objectives:
-59.62673430816662, -59.37195636929973, 3963.306391880361, 

parameters:
-1.9911281884254004, -61.2288464673224, 16.090923977003946, 
objectives:
-73.35517898158412, -29.208818273874634, 3737.845307204677, 

parameters:
-0.04967010782107084, -6.210806714655209, 19.814430005601547, 
objectives:
-26.0227696006458, 17.80477084184158, 19.762157160815637, 

parameters:
0.6668765811625752, -77.00271169119232, 0.10747183582727966, 
objectives:
-76.66545915251652, -75.11802180551226, 5930.754860335562, 

parameters:
2.4831649692219084, -88.761706190134, 8.522350819797124, 
objectives:
-91.1179487455603, -80.00590698285367, 7877.284243228247, 

parameters:
1.1809352430798392, -33.69164863510188, 9.585100351675813, 
objectives:
-41.88214093842965, -23.43568120739738, 1127.9366954478344, 

parameters:
0.5147494605615308, -88.13607001102218, 12.720818613859414, 
objectives:
-100.59192161773322, -73.2092822322605, 7756.510985381093, 

parameters:
2.015569723121706, -57.4521177622359, 0.6498272160382167, 
objectives:
-54.03942366950921, -56.8020481299196, 3305.1585294585484, 

parameters:
1.494140842344923, -100.0, 0, 
objectives:
-97.76754314323681, -99.7441065126165, 10003.232456856764, 

parameters:
1.0354824398074152, -75.88361784244186, 0, 
objectives:
-74.81139395929235, -74.95332371852201, 5760.39568074091, 

