Generation 592 at Fri May 24 19:48:08 2019
parameters:
1.2612992988780705, -100, 20.0, 
objectives:
-118.40912407864968, -79.45432127416197, 9982.59087592135, 

parameters:
2.321290066455595, -1.6751967248701145, 0, 
objectives:
3.713190847755307, -1.5719694180670738, 9.19467163964098, 

parameters:
0.44851923478147904, 0.459102976020934, 20.0, 
objectives:
-19.339727520010104, 22.86619554086398, -18.58805495343976, 

parameters:
1.9973066371654076, -100, 0, 
objectives:
-96.01076619713501, -99.99999274579665, 10004.989233802866, 

parameters:
-1.469294761725616, -85.61333398533688, 2.3254730187189665, 
objectives:
-85.77997990722152, -71.25185482288111, 7330.476310162954, 

parameters:
-1.2123779857352548, -55.66334745214995, 0.6827562703177992, 
objectives:
-54.87624334217227, -44.66121885859566, 3100.195353688746, 

parameters:
1.0196897663244782, -13.27881927599394, 0.127351715479641, 
objectives:
-12.366403771926711, -12.190459406265342, 178.23945686857542, 

parameters:
1.1419984073657208, -98.20529149083289, 13.248342222594772, 
objectives:
-110.14947335100182, -84.22078253527516, 9633.335094939286, 

parameters:
2.9511589181491953, -34.25823137348482, 9.547694304352243, 
objectives:
-35.09658671766553, -23.80583378155783, 1173.7880614950388, 

parameters:
-0.33640562870419277, -46.719699553530546, 0.7973830216152685, 
objectives:
-47.40391382812195, -40.46352527007465, 2183.046112097571, 

parameters:
2.1284966339785947, -10.217438498401378, 20, 
objectives:
-25.68694057754317, 9.79907288654245, 89.92654738947283, 

parameters:
1.8092930357981587, -59.81339721453847, 9.997456113150857, 
objectives:
-66.53731203830161, -49.77957195519252, 3571.9185715203953, 

parameters:
2.0413228948422137, -92.26074785290463, 1.1020103653778746, 
objectives:
-89.19575905727551, -91.1570299058886, 8516.110583172876, 

parameters:
3.372526939115082, -69.99212007125068, 0, 
objectives:
-58.618182116193736, -68.10828987265407, 4911.2708100234295, 

parameters:
1.0028333614701654, -96.36624158123632, 8.993215906984016, 
objectives:
-104.3537827373428, -86.37868436925541, 9279.464975337092, 

parameters:
-0.8810081017709219, -50.97289272961021, 1.8830508111605757, 
objectives:
-52.07976826538478, -40.789634235979946, 2598.128917688575, 

parameters:
3.005328865744696, -22.440890389354806, 19.169055956914743, 
objectives:
-32.57794475499125, -2.2611483041405442, 494.4565071014004, 

parameters:
4.513280880523796, -2.951947384647082, 15.372494118644404, 
objectives:
2.045262803210168, 18.73712751840379, 14.711203549581995, 

parameters:
-0.9318596415922404, -41.525698355366785, 0.0, 
objectives:
-40.65733596373837, -32.9298973973694, 1726.25198629254, 

parameters:
0.8103335425850182, -75.13142652897912, 5.35043842189778, 
objectives:
-79.82522450063851, -68.36568182718302, 5641.037454307728, 

parameters:
2.572995040463145, -82.37679263255863, 20, 
objectives:
-95.75648915431069, -62.04846931616328, 6773.556267905815, 

parameters:
-1.9911281884254004, -61.2288464673224, 16.090923977003946, 
objectives:
-73.35517898158412, -29.208818273874634, 3737.845307204677, 

parameters:
1.166404188353939, -89.69348024810363, 2.7438557739978306, 
objectives:
-91.07683729149186, -86.25474249691193, 8044.537041973567, 

parameters:
3.782669311238807, -41.58793880288816, 1.8141520085823548, 
objectives:
-29.093503693282642, -36.59587692107316, 1743.0510889823763, 

parameters:
3.172757797178892, -13.996384652408512, 0.05043162462546375, 
objectives:
-3.980424237474521, -12.570592176939162, 206.9147437531105, 

parameters:
0.9024802216795018, -80.02880285456811, 13.54622086183662, 
objectives:
-92.76055316588204, -65.27803232892683, 6392.877536024016, 

parameters:
-0.09556283447353875, -30.758987691208517, 9.67071092782508, 
objectives:
-40.420566363700985, -16.696893170156663, 937.4537451154246, 

parameters:
0.6668765811625752, -77.00271169119232, 0.10747183582727966, 
objectives:
-76.66545915251652, -75.11802180551226, 5930.754860335562, 

parameters:
2.1811949019576975, -65.60620094709901, 8.73099610165185, 
objectives:
-69.57958584842461, -56.8423732529517, 4301.20021780981, 

parameters:
2.556065037961476, -62.920683741099225, 3.2395190453563987, 
objectives:
-59.62673430816662, -59.37195636929973, 3963.306391880361, 

parameters:
-0.30705965680061587, -100, 0.21388638424907463, 
objectives:
-100.11960075141457, -94.46358935571395, 10000.880399248586, 

parameters:
-2.4447118376872683, -29.796239822085813, 12.876530351616694, 
objectives:
-36.696154204374245, 2.835753849608217, 881.9159931529639, 

parameters:
0.1654248572151874, -98.72966028340542, 5.019182800570701, 
objectives:
-103.72147770059146, -90.3448115283108, 9743.554002259456, 

parameters:
-0.9248307778189837, -65.59007627268987, 5.059068754063062, 
objectives:
-69.79383305915167, -51.97637243974961, 4298.854348670813, 

parameters:
1.5584417957645251, -15.040145982115861, 20, 
objectives:
-32.6114051513301, 5.154827665611796, 209.63473199414165, 

parameters:
-0.9846928317786836, -78.14593313085976, 0.7929666292056836, 
objectives:
-77.96927978710912, -68.44457520158302, 6107.9635182365555, 

parameters:
5.166839300715288, -62.47900671068886, 0.8448106398375087, 
objectives:
-36.62758899111032, -51.60532491429645, 3930.4776972738823, 

