Generation 594 at Fri May 24 19:48:08 2019
parameters:
2.321290066455595, -1.6751967248701145, 0, 
objectives:
3.713190847755307, -1.5719694180670738, 9.19467163964098, 

parameters:
1.2612992988780705, -100, 20.0, 
objectives:
-118.40912407864968, -79.45432127416197, 9982.59087592135, 

parameters:
0.44851923478147904, 0.459102976020934, 20.0, 
objectives:
-19.339727520010104, 22.86619554086398, -18.58805495343976, 

parameters:
1.9973066371654076, -100, 0, 
objectives:
-96.01076619713501, -99.99999274579665, 10004.989233802866, 

parameters:
-1.469294761725616, -85.61333398533688, 2.3254730187189665, 
objectives:
-85.77997990722152, -71.25185482288111, 7330.476310162954, 

parameters:
2.0413228948422137, -92.26074785290463, 1.1020103653778746, 
objectives:
-89.19575905727551, -91.1570299058886, 8516.110583172876, 

parameters:
0.17940477635619123, -90.33996749294083, 6.588987873560086, 
objectives:
-96.8967692927215, -80.43641265102609, 8155.752924825825, 

parameters:
1.0028333614701654, -96.36624158123632, 8.993215906984016, 
objectives:
-104.3537827373428, -86.37868436925541, 9279.464975337092, 

parameters:
1.1419984073657208, -98.20529149083289, 13.248342222594772, 
objectives:
-110.14947335100182, -84.22078253527516, 9633.335094939286, 

parameters:
2.556065037961476, -62.920683741099225, 3.2395190453563987, 
objectives:
-59.62673430816662, -59.37195636929973, 3963.306391880361, 

parameters:
0.6668765811625752, -77.00271169119232, 0.10747183582727966, 
objectives:
-76.66545915251652, -75.11802180551226, 5930.754860335562, 

parameters:
0.8103335425850182, -75.13142652897912, 5.35043842189778, 
objectives:
-79.82522450063851, -68.36568182718302, 5641.037454307728, 

parameters:
3.372526939115082, -69.99212007125068, 0, 
objectives:
-58.618182116193736, -68.10828987265407, 4911.2708100234295, 

parameters:
2.9511589181491953, -34.25823137348482, 9.547694304352243, 
objectives:
-35.09658671766553, -23.80583378155783, 1173.7880614950388, 

parameters:
0.9024802216795018, -80.02880285456811, 13.54622086183662, 
objectives:
-92.76055316588204, -65.27803232892683, 6392.877536024016, 

parameters:
3.3046215037151416, -40.993481855645854, 11.396481959230467, 
objectives:
-41.46944053205979, -27.894962628459428, 1680.9895959727519, 

parameters:
2.1811949019576975, -65.60620094709901, 8.73099610165185, 
objectives:
-69.57958584842461, -56.8423732529517, 4301.20021780981, 

parameters:
4.513280880523796, -2.951947384647082, 15.372494118644404, 
objectives:
2.045262803210168, 18.73712751840379, 14.711203549581995, 

parameters:
2.572995040463145, -82.37679263255863, 20, 
objectives:
-95.75648915431069, -62.04846931616328, 6773.556267905815, 

parameters:
1.0196897663244782, -13.27881927599394, 0.127351715479641, 
objectives:
-12.366403771926711, -12.190459406265342, 178.23945686857542, 

parameters:
3.4849854919941565, -65.4703926993022, 14.374775875509783, 
objectives:
-67.70004469540223, -48.89043491235928, 4285.142668204742, 

parameters:
2.1284966339785947, -10.217438498401378, 20, 
objectives:
-25.68694057754317, 9.79907288654245, 89.92654738947283, 

parameters:
3.005328865744696, -22.440890389354806, 19.169055956914743, 
objectives:
-32.57794475499125, -2.2611483041405442, 494.4565071014004, 

parameters:
3.3484745959102287, -58.08662555015704, 1.922595922565286, 
objectives:
-48.796939353266154, -54.3456458917765, 3384.345754001047, 

parameters:
2.1916391351503823, -53.9785490002106, 5.972841472577609, 
objectives:
-55.14810837406549, -47.96898196951181, 2913.514192794282, 

parameters:
3.412452787115025, -8.726085943250252, 10.97344230383222, 
objectives:
-8.054694222793369, 4.2423792364109705, 77.81596760944653, 

parameters:
3.782669311238807, -41.58793880288816, 1.8141520085823548, 
objectives:
-29.093503693282642, -36.59587692107316, 1743.0510889823763, 

parameters:
-0.09556283447353875, -30.758987691208517, 9.67071092782508, 
objectives:
-40.420566363700985, -16.696893170156663, 937.4537451154246, 

parameters:
-0.33640562870419277, -46.719699553530546, 0.7973830216152685, 
objectives:
-47.40391382812195, -40.46352527007465, 2183.046112097571, 

parameters:
-0.8810081017709219, -50.97289272961021, 1.8830508111605757, 
objectives:
-52.07976826538478, -40.789634235979946, 2598.128917688575, 

parameters:
0.036552299424657875, -50.05468892917874, 0, 
objectives:
-50.053352858585505, -46.19956205628414, 2506.473219867442, 

parameters:
-0.08558349218270198, -99.52036839554661, 5.887159537698495, 
objectives:
-105.40020339911092, -89.28355035498312, 9899.423890581747, 

parameters:
3.172757797178892, -13.996384652408512, 0.05043162462546375, 
objectives:
-3.980424237474521, -12.570592176939162, 206.9147437531105, 

parameters:
5.059215347431999, -27.964189795640088, 2.8589711137825295, 
objectives:
-5.227500977731139, -15.746420139894074, 805.7325997444901, 

parameters:
-1.184497490682727, -10.049323034842207, 8.220879172420645, 
objectives:
-16.867167901829177, 8.312580405743022, 95.17104859162322, 

parameters:
0.027404322720132157, -57.81796423793652, 19.194413608514637, 
objectives:
-77.01162684954741, -34.73241692339867, 3324.723326007696, 

parameters:
4.213385414719163, -45.97065726278345, 7.635491973548158, 
objectives:
-35.85353258336343, -33.43609029514377, 2124.4184538517247, 

parameters:
-0.9318596415922404, -41.525698355366785, 0.0, 
objectives:
-40.65733596373837, -32.9298973973694, 1726.25198629254, 

parameters:
2.3698234230071025, -21.803241764524476, 19.62513838768499, 
objectives:
-35.81231709597637, -2.0413340126347954, 462.37227611085245, 

