Generation 599 at Fri May 24 19:48:08 2019
parameters:
2.321290066455595, -1.6751967248701145, 0, 
objectives:
3.713190847755307, -1.5719694180670738, 9.19467163964098, 

parameters:
1.2612992988780705, -100, 20.0, 
objectives:
-118.40912407864968, -79.45432127416197, 9982.59087592135, 

parameters:
-3.5874705724666147, -26.444820077363566, 20, 
objectives:
-33.574874969049624, 24.77500732081683, 693.198454032445, 

parameters:
0.44851923478147904, 0.459102976020934, 20.0, 
objectives:
-19.339727520010104, 22.86619554086398, -18.58805495343976, 

parameters:
1.9973066371654076, -100, 0, 
objectives:
-96.01076619713501, -99.99999274579665, 10004.989233802866, 

parameters:
1.0196897663244782, -13.27881927599394, 0.127351715479641, 
objectives:
-12.366403771926711, -12.190459406265342, 178.23945686857542, 

parameters:
2.120714841220647, -66.16017011854977, 20, 
objectives:
-81.66273868077626, -46.14559804565884, 4362.66554155322, 

parameters:
2.1284966339785947, -10.217438498401378, 20, 
objectives:
-25.68694057754317, 9.79907288654245, 89.92654738947283, 

parameters:
3.3046215037151416, -40.993481855645854, 11.396481959230467, 
objectives:
-41.46944053205979, -27.894962628459428, 1680.9895959727519, 

parameters:
1.0028333614701654, -96.36624158123632, 8.993215906984016, 
objectives:
-104.3537827373428, -86.37868436925541, 9279.464975337092, 

parameters:
2.0413228948422137, -92.26074785290463, 1.1020103653778746, 
objectives:
-89.19575905727551, -91.1570299058886, 8516.110583172876, 

parameters:
0.6668765811625752, -77.00271169119232, 0.10747183582727966, 
objectives:
-76.66545915251652, -75.11802180551226, 5930.754860335562, 

parameters:
0.8103335425850182, -75.13142652897912, 5.35043842189778, 
objectives:
-79.82522450063851, -68.36568182718302, 5641.037454307728, 

parameters:
-0.33640562870419277, -46.719699553530546, 0.7973830216152685, 
objectives:
-47.40391382812195, -40.46352527007465, 2183.046112097571, 

parameters:
2.556065037961476, -62.920683741099225, 3.2395190453563987, 
objectives:
-59.62673430816662, -59.37195636929973, 3963.306391880361, 

parameters:
-1.0764297308688922, -56.06986947502998, 11.36742250469839, 
objectives:
-66.2785910142299, -35.23802708135755, 3134.621541407699, 

parameters:
2.1906414623105426, -58.09535012848792, 1.4556805274405997, 
objectives:
-54.752120639534446, -56.60332543389542, 3379.412936040555, 

parameters:
3.412452787115025, -8.726085943250252, 10.97344230383222, 
objectives:
-8.054694222793369, 4.2423792364109705, 77.81596760944653, 

parameters:
2.9511589181491953, -34.25823137348482, 9.547694304352243, 
objectives:
-35.09658671766553, -23.80583378155783, 1173.7880614950388, 

parameters:
1.2794330237566465, -85.48104717182969, 7.870672809192588, 
objectives:
-91.7147711187432, -77.09115759538462, 7301.775701645659, 

parameters:
4.884240482844502, -25.85148074855844, 1.3718636999180012, 
objectives:
-3.3675393542193452, -16.16077388576135, 691.7829982874268, 

parameters:
4.513280880523796, -2.951947384647082, 15.372494118644404, 
objectives:
2.045262803210168, 18.73712751840379, 14.711203549581995, 

parameters:
-0.25116942955680177, -49.61568956827134, 8.800964877533037, 
objectives:
-58.3535683634605, -35.746960890167216, 2453.9787725398805, 

parameters:
-1.2183132946204545, -43.29137357746659, 10.055195252151028, 
objectives:
-51.862281545768674, -22.878637862984796, 1866.57211825547, 

parameters:
3.372526939115082, -69.99212007125068, 0, 
objectives:
-58.618182116193736, -68.10828987265407, 4911.2708100234295, 

parameters:
-1.22430239147734, -58.95273707495761, 8.040903029311446, 
objectives:
-65.49472375849193, -40.51570813395967, 3469.8832219455476, 

parameters:
-0.09556283447353875, -30.758987691208517, 9.67071092782508, 
objectives:
-40.420566363700985, -16.696893170156663, 937.4537451154246, 

parameters:
2.572995040463145, -82.37679263255863, 20, 
objectives:
-95.75648915431069, -62.04846931616328, 6773.556267905815, 

parameters:
1.1419984073657208, -98.20529149083289, 13.248342222594772, 
objectives:
-110.14947335100182, -84.22078253527516, 9633.335094939286, 

parameters:
0.17940477635619123, -90.33996749294083, 6.588987873560086, 
objectives:
-96.8967692927215, -80.43641265102609, 8155.752924825825, 

parameters:
2.324465172570997, -79.73631454299952, 14.484272629394095, 
objectives:
-88.81744883389811, -65.1467642653939, 6349.798722609259, 

parameters:
4.99835643360062, -89.68979086633179, 2.8757699138382447, 
objectives:
-67.58199374285333, -77.82387964957933, 8067.366382769812, 

parameters:
-1.291986686548078, -95.13677695758656, 0.9607378656355436, 
objectives:
-94.42828522500463, -83.33886274754121, 9052.714821610156, 

parameters:
2.1811949019576975, -65.60620094709901, 8.73099610165185, 
objectives:
-69.57958584842461, -56.8423732529517, 4301.20021780981, 

parameters:
1.0203758078371212, -97.91122039490519, 16.637097883667245, 
objectives:
-113.50715148935316, -80.31445895336716, 9572.011148125248, 

parameters:
0.9024802216795018, -80.02880285456811, 13.54622086183662, 
objectives:
-92.76055316588204, -65.27803232892683, 6392.877536024016, 

parameters:
2.3539431617921416, -76.78677665933998, 19.12118811643075, 
objectives:
-90.36691636682275, -57.540312781129806, 5883.628930023876, 

