[!]Generation 6 at Sun May 26 02:43:06 2019
size of front generated: 13
[!!!]Points in the front:
parameters:
0, 0.0, 20.0, 
objectives:
-20.0, 24.0, -19.0, 

parameters:
0.025741689044826276, 0.0, 20.0, 
objectives:
-19.99933736544512, 23.897695878375576, -18.99933736544512, 

parameters:
0.11618047130254154, 0, 20.0, 
objectives:
-19.986502098087918, 23.548776016701915, -18.986502098087918, 

parameters:
0.32143995325450336, 0.0, 20.0, 
objectives:
-19.896676356451742, 22.817563830530244, -18.896676356451742, 

parameters:
0.3666080040257206, 0, 20.0, 
objectives:
-19.86559857138428, 22.66796941251284, -18.86559857138428, 

parameters:
0.5000496572434621, 0.0056553455948692355, 20.0, 
objectives:
-19.744294994695828, 22.255506376330324, -18.744294994695828, 

parameters:
0.730241080035333, 0.058954203178791575, 20.0, 
objectives:
-19.407793761850037, 21.67124191800863, -18.407793761850037, 

parameters:
0.8082626923044107, 0, 20.0, 
objectives:
-19.346711420228825, 21.42023781055353, -18.346711420228825, 

parameters:
0.8902730361535138, 0.08951731790246856, 20.0, 
objectives:
-19.117896603195536, 21.32101125219041, -18.117896603195536, 

parameters:
1.1597927164830402, 0, 20.0, 
objectives:
-18.65488085479289, 20.70594827927495, -17.65488085479289, 

parameters:
1.165350627487272, 0, 20.0, 
objectives:
-18.64195791501502, 20.696639575035892, -17.64195791501502, 

parameters:
1.3220892405615696, 0.06055993740043943, 20.0, 
objectives:
-18.191520102590893, 20.520122935162828, -17.191520102590893, 

parameters:
1.8666644896369697, 0.0, 20.0, 
objectives:
-16.515563683128352, 20.01777835832377, -15.515563683128352, 

size of all points: 80
[!!!]All points:
0, 0.0, 20.0, -20.0, 24.0, -19.0, 

0.025741689044826276, 0.0, 20.0, -19.99933736544512, 23.897695878375576, -18.99933736544512, 

0.11618047130254154, 0, 20.0, -19.986502098087918, 23.548776016701915, -18.986502098087918, 

0.3666080040257206, 0, 20.0, -19.86559857138428, 22.66796941251284, -18.86559857138428, 

0.5000496572434621, 0.0056553455948692355, 20.0, -19.744294994695828, 22.255506376330324, -18.744294994695828, 

0.8082626923044107, 0, 20.0, -19.346711420228825, 21.42023781055353, -18.346711420228825, 

0.8902730361535138, 0.08951731790246856, 20.0, -19.117896603195536, 21.32101125219041, -18.117896603195536, 

1.1597927164830402, 0, 20.0, -18.65488085479289, 20.70594827927495, -17.65488085479289, 

1.165350627487272, 0, 20.0, -18.64195791501502, 20.696639575035892, -17.64195791501502, 

2.1695612891392844, 0.3304334259420232, 20.0, -14.962570386726263, 20.359184456716598, -13.962570386726263, 

2.323828527932759, 0, 20.0, -14.599820972765865, 20.104864915503097, -13.599820972765865, 

0, 0.306016513405956, 20.0, -19.693983486594043, 24.306016513405957, -18.693983486594043, 

0.4251809948195791, 0.48748563575498605, 20.0, -19.331735485889247, 22.967540534832438, -18.331735485889247, 

1.0367999214852315, 1.1398227396934377, 20.0, -17.78522318311478, 22.067577130944294, -16.78522318311478, 

1.8455417870118183, 0.8508832750033991, 20.0, -15.743092237389826, 20.874740614562903, -14.743092237389826, 

2.5524108902791225, 0, 20.0, -13.485198647184538, 20.305157791698974, -12.485198647184538, 

0, 0.5977991727525526, 20.0, -19.402200827247448, 24.597799172752552, -18.402200827247448, 

1.0353654611429746, 1.1843647791980882, 20.0, -17.743653582674106, 22.114884572753994, -16.743653582674106, 

2.637373395337189, 0.0, 20.0, -13.044261573567589, 20.406244845083656, -12.044261573567589, 

0.1202675528407841, 1.3002028864978121, 20.0, -18.685332829235875, 24.833596959400985, -17.685332829235875, 

1.4948336481035656, 2.998091654791879, 20.0, -14.767380709705506, 23.253284697880233, -13.767380709705506, 

2.712206435128869, 0.0, 20.0, -12.643936253245553, 20.50723800623897, -11.643936253245553, 

0.022278527064811864, 2.0145103232303634, 20.0, -17.98499334400146, 25.925892547739295, -16.98499334400146, 

0.16112659777721164, 1.996473557392318, 20.0, -17.977564662096423, 25.377928946794732, -16.977564662096423, 

1.5866583988892855, 4.463578239635063, 20.0, -13.018936885599025, 24.63442951884383, -12.018936885599025, 

2.136179504642384, 2.9376073692087035, 20.0, -12.499129754737115, 22.956152226693348, -11.499129754737115, 

2.761983994187561, 0.0, 20.0, -12.371444415851727, 20.580619607398027, -11.371444415851727, 

0.031379228588204335, 2.295032531321983, 20.0, -17.703982812691226, 26.170500272955955, -16.703982812691226, 

2.8313891131334232, 0.39864712336816704, 20.0, -11.58458856666136, 21.089854980804947, -10.58458856666136, 

0, 2.9902739463064494, 20.0, -17.00972605369355, 26.99027394630645, -16.00972605369355, 

2.4722549248851595, 3.0028100623994316, 20.0, -10.885145523981642, 23.22583477647772, -9.885145523981642, 

3.09056417764587, 0, 20.0, -10.448413063852106, 21.18933022556441, -9.448413063852106, 

0.01175299361932624, 3.368595428126026, 20.0, -16.631266439014958, 27.32172158650774, -15.631266439014958, 

3.268736532552086, 0.0, 20.0, -9.315361480759366, 21.60969238903229, -8.315361480759366, 

0.10637147809471834, 3.9396571995903074, 20.0, -16.04902790905764, 27.52548617856349, -15.049027909057639, 

2.529454161427252, 5.147934330655722, 20.0, -8.453927314582636, 25.428256039708355, -7.453927314582636, 

3.450833612646792, 1.0691959958272859, 20.0, -7.022551381999806, 23.174114167413027, -6.022551381999806, 

3.6517660696247782, 0, 20.0, -6.664604572737199, 22.728331148763687, -5.664604572737199, 

0, 4.29767368960168, 20.0, -15.70232631039832, 28.29767368960168, -14.70232631039832, 

3.1388271161653796, 3.853396833211394, 20.0, -6.294367501613532, 25.15032403372495, -5.294367501613532, 

25.323820461288953, 34.50920164319936, 20.0, 655.8050843987965, 598.5098025536406, 656.8050843987965, 

9.320269107716795, 2.2453750228191565, 20.0, 69.11279126307919, 75.831714832212, 70.11279126307919, 

0.730241080035333, 0.058954203178791575, 20.0, -19.407793761850037, 21.67124191800863, -18.407793761850037, 

0.11970688437399937, 0.024489278868253705, 20.0, -19.961180982965217, 23.559991479538787, -18.961180982965217, 

13.164767910046681, 3.9874548991547574, 20.0, 157.2985690245496, 148.6394973843629, 158.2985690245496, 

4.700582685947184, 0.27844463130418684, 20.0, 2.3739222187306304, 27.571591474941894, 3.3739222187306304, 

0.8018252466881919, 7.510970192435195, 20.0, -11.846106081338226, 28.94659293190901, -10.846106081338224, 

1.8666644896369697, 0.0, 20.0, -16.515563683128352, 20.01777835832377, -15.515563683128352, 

2.558469939607935, 5.93147615862875, 20.0, -7.5227554094938185, 26.24336483207444, -6.5227554094938185, 

0.3207689325471281, 0.39608438763901843, 20.0, -19.501022904273558, 23.21590136553793, -18.501022904273558, 

2.5247543118711184, 2.6920942822585063, 20.0, -10.933521382429689, 22.967461370085836, -9.933521382429689, 

4.804510691171078, 0.2112871363354864, 20.0, 3.2946101179126757, 28.076567353228363, 4.294610117912676, 

8.54484468722858, 46.105608891590954, 20.0, 99.11997962044944, 108.94060087153511, 100.11997962044944, 

8.322353448765593, 0, 20.0, 49.26156692618056, 59.97215313111819, 50.26156692618056, 

6.264809142018512, 15.140285592668052, 20.0, 34.38811917858678, 53.32888261051273, 35.38811917858678, 

9.242087004959133, 0.017858252015546045, 20.0, 65.43403045925002, 72.46568243941348, 66.43403045925002, 

8.501106575189684, 19.289137199646287, 20.0, 71.55795020237957, 81.55352390162084, 72.55795020237957, 

0.048587974799993904, 13.714006535173151, 20.0, -6.2836326735316845, 37.52201542726834, -5.2836326735316845, 

12.820171594107203, 30.632081477623135, 20.0, 174.98888117997635, 167.70819480354754, 175.98888117997635, 

1.2819451102859583, 7.734146776899534, 20.0, -10.622469957314388, 28.24974960154178, -9.622469957314388, 

1.8682706588563034, 0.7508709511843995, 20.0, -15.758693794072235, 20.768223570502553, -14.758693794072235, 

1.6270184841855564, 5.382806913787663, 20.0, -11.970003938330871, 25.521922124926903, -10.970003938330871, 

3.901071114131777, 0.3837912261635234, 20.0, -4.397852936323133, 23.99786260714976, -3.397852936323133, 

1.3220892405615696, 0.06055993740043943, 20.0, -18.191520102590893, 20.520122935162828, -17.191520102590893, 

14.61866786672445, 0.0, 20.0, 193.705450197602, 179.2307787307042, 194.705450197602, 

0.2893608154964151, 2.4109693987850345, 20.0, -17.505300919670216, 25.337255818344126, -16.505300919670216, 

19.553660069127453, 0.0, 20.0, 362.34562209898945, 328.1309818224796, 363.34562209898945, 

0.32143995325450336, 0.0, 20.0, -19.896676356451742, 22.817563830530244, -18.896676356451742, 

23.647783721924725, 1.2103013917342142, 20.0, 540.4279763506622, 489.8368414629633, 541.4279763506622, 

1.291991361401937, 22.110675498126454, 20.0, 3.779917176063684, 42.61195173045594, 4.779917176063684, 

0.43364163790677956, 27.683344703294818, 20.0, 7.871389773421292, 50.136823221794174, 8.871389773421292, 

0, 40.30487469531215, 20.0, 20.30487469531215, 64.30487469531215, 21.30487469531215, 

9.477790933480705, 5.991320568792357, 20.0, 75.81984154756141, 81.90867781363859, 76.81984154756141, 

6.7077849601407, 0.0, 20.0, 24.994379071489767, 42.16323923092697, 25.994379071489767, 

3.286338513217241, 0.0, 20.0, -9.199979176545094, 21.65466677058594, -8.199979176545094, 

0.5032065513357958, 31.294086113955643, 20.0, 11.547302947262907, 53.534476741919725, 12.547302947262907, 

0.015308245221429824, 0.23782697855895846, 20.0, -19.76193867906928, 24.176828340045, -18.76193867906928, 

0.0005973523244941262, 0.008750712825072286, 20.0, -19.99124893034513, 24.006361660356895, -18.99124893034513, 

12.984671803579765, 23.490657465487853, 20.0, 172.09235931216725, 164.1536720978482, 173.09235931216725, 

15.669761681809089, 0, 20.0, 225.5414311646924, 206.86238443745603, 226.5414311646924, 

