[!]Generation 60 at Sun May 26 02:43:07 2019
size of front generated: 51
[!!!]Points in the front:
parameters:
0, 0, 20.0, 
objectives:
-20.0, 24.0, -19.0, 

parameters:
0, 0, 20.0, 
objectives:
-20.0, 24.0, -19.0, 

parameters:
1.9795007331513772, 0.0, 20.0, 
objectives:
-16.08157684745316, 20.000420219941333, -15.08157684745316, 

parameters:
1.5957141340628629, 7.970874278823687e-05, 20.0, 
objectives:
-17.45361669360922, 20.163526770139327, -16.45361669360922, 

parameters:
1.508676529867385, 0.00034281588206772084, 20.0, 
objectives:
-17.723552312345237, 20.241741568185223, -16.723552312345237, 

parameters:
1.942036834919947, 0.0002629209669274741, 20.0, 
objectives:
-16.228230010847188, 20.003622649473026, -15.228230010847188, 

parameters:
1.8691950872549494, 0, 20.0, 
objectives:
-16.50610972578196, 20.01710992519824, -15.506109725781961, 

parameters:
1.2236881718862025, 6.208434006324064e-07, 20.0, 
objectives:
-18.502586637142404, 20.602660675312787, -17.502586637142404, 

parameters:
0.4912199512161204, 6.93206564213213e-05, 20.0, 
objectives:
-19.758633638870812, 22.276486556264707, -18.758633638870812, 

parameters:
1.4168434919432737, 0.00026279886558886395, 20.0, 
objectives:
-17.9922917204724, 20.340334311754503, -16.9922917204724, 

parameters:
1.7988894979094006, 0.0011046344056344238, 20.0, 
objectives:
-16.76289193990563, 20.04155006845677, -15.76289193990563, 

parameters:
1.058668785905385, 0.0, 20.0, 
objectives:
-18.879220401749617, 20.886104454628843, -17.879220401749617, 

parameters:
1.471467987460389, 0.0, 20.0, 
objectives:
-17.834781961879273, 20.279346088279173, -16.834781961879273, 

parameters:
0.5959144252726225, 0.00010737326708157806, 20.0, 
objectives:
-19.644778624484918, 21.97156367442459, -18.644778624484918, 

parameters:
1.6756459218233255, 7.449947621032138e-06, 20.0, 
objectives:
-17.192203294729236, 20.105213017977462, -16.192203294729236, 

parameters:
1.6325744135354372, 0.00033144250043580335, 20.0, 
objectives:
-17.334369341768987, 20.135333004089265, -16.334369341768987, 

parameters:
1.1443520876133522, 0.0, 20.0, 
objectives:
-18.690458299574964, 20.73213334997163, -17.690458299574964, 

parameters:
0.15716824655536027, 4.5604857972443036e-05, 20.0, 
objectives:
-19.97525253741674, 23.396074476361818, -18.97525253741674, 

parameters:
1.266477208612035, 4.246184815092365e-05, 20.0, 
objectives:
-18.395993018218117, 20.53809814733374, -17.395993018218117, 

parameters:
1.306862119366931, 0.0003973571489257454, 20.0, 
objectives:
-18.29171404381485, 20.48083747871743, -17.29171404381485, 

parameters:
0.7903659770311147, 0, 20.0, 
objectives:
-19.375321622351652, 21.46321446952389, -18.375321622351652, 

parameters:
1.7480498127798965, 0.0004276082334124017, 20.0, 
objectives:
-16.943894243806756, 20.063906505073657, -15.943894243806756, 

parameters:
0.7288415593505353, 2.9492422817631684e-05, 20.0, 
objectives:
-19.468760488940664, 21.615873273657197, -18.468760488940664, 

parameters:
0.3671452018843387, 6.211965542743446e-05, 20.0, 
objectives:
-19.86514228107788, 22.666276911384763, -18.86514228107788, 

parameters:
0.8389622651877038, 0.00010013604686274248, 20.0, 
objectives:
-19.296042181544255, 21.34810875770493, -18.296042181544255, 

parameters:
0.9101559237713089, 0.0, 20.0, 
objectives:
-19.171616194423994, 21.187760110490768, -18.171616194423997, 

parameters:
1.3760037750385659, 0.0, 20.0, 
objectives:
-18.106613611079617, 20.38937128876612, -17.106613611079617, 

parameters:
0.6533156350095941, 0.00014447966516839352, 20.0, 
objectives:
-19.573034201386843, 21.81370325857478, -18.573034201386843, 

parameters:
1.347400710264584, 4.330723204782992e-06, 20.0, 
objectives:
-18.18450699525529, 20.425890163686375, -17.18450699525529, 

parameters:
1.1224266161666243, 3.729866377015825e-06, 20.0, 
objectives:
-18.740154761454363, 20.77013877387914, -17.740154761454363, 

parameters:
0.40857300810202796, 4.767173508169202e-05, 20.0, 
objectives:
-19.83302042531538, 22.53268754227651, -18.83302042531538, 

parameters:
0.9609501861903735, 0.00029399293260460105, 20.0, 
objectives:
-19.07628074672808, 21.079918508510424, -18.07628074672808, 

parameters:
0.07291849588007203, 4.7429258151439674e-05, 20.0, 
objectives:
-19.994635463700437, 23.713690552779276, -18.994635463700437, 

parameters:
0.6988740926798753, 0.0017436010828007099, 20.0, 
objectives:
-19.50983140149808, 21.69467222778242, -18.50983140149808, 

parameters:
0.45952453390632897, 0, 20.0, 
objectives:
-19.788837202738172, 22.373064661636512, -18.788837202738172, 

parameters:
1.7130658961674765, 0.0014622846149302383, 20.0, 
objectives:
-17.06394295077299, 20.083793464557104, -16.06394295077299, 

parameters:
1.0164714459758746, 0.00015085818058064888, 20.0, 
objectives:
-18.966634941335133, 20.967479274761367, -17.966634941335133, 

parameters:
0.22981608181858532, 0.00012328962752977132, 20.0, 
objectives:
-19.947061278910024, 23.133674393815635, -18.947061278910024, 

parameters:
0.3028001146827021, 7.726299538701739e-05, 20.0, 
objectives:
-19.908234827552754, 22.880564713716435, -18.908234827552754, 

parameters:
0.10223854943732757, 0.0, 20.0, 
objectives:
-19.989547279008953, 23.601498523241737, -18.989547279008953, 

parameters:
0.9942844971289618, 0.0, 20.0, 
objectives:
-19.01139833876901, 21.011463672715145, -18.01139833876901, 

parameters:
1.833698438633255, 0.0004686861657163267, 20.0, 
objectives:
-16.637081349988247, 20.028124895478733, -15.637081349988247, 

parameters:
0.6101032221115018, 0.00013743824044922526, 20.0, 
objectives:
-19.627636620128715, 21.93195049142528, -18.627636620128715, 

parameters:
0.9233682434381809, 0.0, 20.0, 
objectives:
-19.14739108700989, 21.159135939237387, -18.14739108700989, 

parameters:
1.8387873981437428, 2.0549439058854787e-05, 20.0, 
objectives:
-16.618840354988706, 20.026010052436323, -15.618840354988706, 

parameters:
0.8246654150090902, 0, 20.0, 
objectives:
-19.319926953287887, 21.381411386675754, -18.319926953287887, 

parameters:
0.24406858682334015, 5.258423807638829e-06, 20.0, 
objectives:
-19.94042526650225, 23.08330038620439, -18.94042526650225, 

parameters:
0.2902670392106501, 6.518812567877629e-05, 20.0, 
objectives:
-19.915679857822205, 22.923251985335195, -18.915679857822205, 

parameters:
1.729002737739181, 0.0, 20.0, 
objectives:
-17.010549532890415, 20.07343951615286, -16.010549532890415, 

parameters:
1.133212486406654, 2.4434538087198015e-05, 20.0, 
objectives:
-18.715805026113962, 20.751345028259422, -17.715805026113962, 

parameters:
0, 0, 20.0, 
objectives:
-20.0, 24.0, -19.0, 

size of all points: 80
[!!!]All points:
0, 0, 20.0, -20.0, 24.0, -19.0, 

0, 0, 20.0, -20.0, 24.0, -19.0, 

1.9795007331513772, 0.0, 20.0, -16.08157684745316, 20.000420219941333, -15.08157684745316, 

1.5957141340628629, 7.970874278823687e-05, 20.0, -17.45361669360922, 20.163526770139327, -16.45361669360922, 

1.508676529867385, 0.00034281588206772084, 20.0, -17.723552312345237, 20.241741568185223, -16.723552312345237, 

1.942036834919947, 0.0002629209669274741, 20.0, -16.228230010847188, 20.003622649473026, -15.228230010847188, 

1.8691950872549494, 0, 20.0, -16.50610972578196, 20.01710992519824, -15.506109725781961, 

0.9233682434381809, 0.0, 20.0, -19.14739108700989, 21.159135939237387, -18.14739108700989, 

0.8246654150090902, 0, 20.0, -19.319926953287887, 21.381411386675754, -18.319926953287887, 

1.4168434919432737, 0.00026279886558886395, 20.0, -17.9922917204724, 20.340334311754503, -16.9922917204724, 

1.058668785905385, 0.0, 20.0, -18.879220401749617, 20.886104454628843, -17.879220401749617, 

1.7480498127798965, 0.0004276082334124017, 20.0, -16.943894243806756, 20.063906505073657, -15.943894243806756, 

0.10223854943732757, 0.0, 20.0, -19.989547279008953, 23.601498523241737, -18.989547279008953, 

1.471467987460389, 0.0, 20.0, -17.834781961879273, 20.279346088279173, -16.834781961879273, 

1.6756459218233255, 7.449947621032138e-06, 20.0, -17.192203294729236, 20.105213017977462, -16.192203294729236, 

1.6325744135354372, 0.00033144250043580335, 20.0, -17.334369341768987, 20.135333004089265, -16.334369341768987, 

1.7988894979094006, 0.0011046344056344238, 20.0, -16.76289193990563, 20.04155006845677, -15.76289193990563, 

1.266477208612035, 4.246184815092365e-05, 20.0, -18.395993018218117, 20.53809814733374, -17.395993018218117, 

1.7130658961674765, 0.0014622846149302383, 20.0, -17.06394295077299, 20.083793464557104, -16.06394295077299, 

1.306862119366931, 0.0003973571489257454, 20.0, -18.29171404381485, 20.48083747871743, -17.29171404381485, 

1.1224266161666243, 3.729866377015825e-06, 20.0, -18.740154761454363, 20.77013877387914, -17.740154761454363, 

0.7903659770311147, 0, 20.0, -19.375321622351652, 21.46321446952389, -18.375321622351652, 

0.7288415593505353, 2.9492422817631684e-05, 20.0, -19.468760488940664, 21.615873273657197, -18.468760488940664, 

0.3671452018843387, 6.211965542743446e-05, 20.0, -19.86514228107788, 22.666276911384763, -18.86514228107788, 

0.15716824655536027, 4.5604857972443036e-05, 20.0, -19.97525253741674, 23.396074476361818, -18.97525253741674, 

1.3760037750385659, 0.0, 20.0, -18.106613611079617, 20.38937128876612, -17.106613611079617, 

0.9609501861903735, 0.00029399293260460105, 20.0, -19.07628074672808, 21.079918508510424, -18.07628074672808, 

1.347400710264584, 4.330723204782992e-06, 20.0, -18.18450699525529, 20.425890163686375, -17.18450699525529, 

0.40857300810202796, 4.767173508169202e-05, 20.0, -19.83302042531538, 22.53268754227651, -18.83302042531538, 

0.6988740926798753, 0.0017436010828007099, 20.0, -19.50983140149808, 21.69467222778242, -18.50983140149808, 

0.45952453390632897, 0, 20.0, -19.788837202738172, 22.373064661636512, -18.788837202738172, 

0.4912199512161204, 6.93206564213213e-05, 20.0, -19.758633638870812, 22.276486556264707, -18.758633638870812, 

0.2902670392106501, 6.518812567877629e-05, 20.0, -19.915679857822205, 22.923251985335195, -18.915679857822205, 

1.8387873981437428, 2.0549439058854787e-05, 20.0, -16.618840354988706, 20.026010052436323, -15.618840354988706, 

1.2236881718862025, 6.208434006324064e-07, 20.0, -18.502586637142404, 20.602660675312787, -17.502586637142404, 

0.5959144252726225, 0.00010737326708157806, 20.0, -19.644778624484918, 21.97156367442459, -18.644778624484918, 

1.1443520876133522, 0.0, 20.0, -18.690458299574964, 20.73213334997163, -17.690458299574964, 

0.3028001146827021, 7.726299538701739e-05, 20.0, -19.908234827552754, 22.880564713716435, -18.908234827552754, 

1.0164714459758746, 0.00015085818058064888, 20.0, -18.966634941335133, 20.967479274761367, -17.966634941335133, 

0.6533156350095941, 0.00014447966516839352, 20.0, -19.573034201386843, 21.81370325857478, -18.573034201386843, 

14.985070329202344, 6.51275984828021e-05, 20.0, 204.55239789873892, 188.61211658192954, 205.55239789873892, 

1.1291968019720589, 6.474775714087737, 20.0, -12.250138868328339, 27.233073923783426, -11.250138868328339, 

6.667501823724281, 2.3015176477649838e-05, 20.0, 24.4556035845431, 41.785596289645966, 25.4556035845431, 

4.472734338176314, 3.967672015791445e-06, 20.0, 0.005356427573520506, 26.114419074868266, 1.0053564275735205, 

5.166932781886896, 36.67097482785207, 20.0, 43.36816920038953, 66.70043807284193, 44.36816920038953, 

2.453681891819416, 69.37826587658625, 20.0, 55.39882070282876, 89.5840931355511, 56.39882070282876, 

1.0679970159131897, 13.577309026802896, 20.0, -5.282073347197626, 34.44593858914961, -4.2820733471976276, 

4.156490731326466, 0.2770789723143508, 20.0, -2.446505828082831, 24.927531246611306, -1.446505828082831, 

0.8389622651877038, 0.00010013604686274248, 20.0, -19.296042181544255, 21.34810875770493, -18.296042181544255, 

8.221718994950171, 2.5553542978536096e-06, 20.0, 47.59666578727875, 58.70978980747807, 48.59666578727875, 

1.133212486406654, 2.4434538087198015e-05, 20.0, -18.715805026113962, 20.751345028259422, -17.715805026113962, 

5.839339205094551, 1.3027506938663454e-05, 20.0, 14.097895379661203, 34.740538559282996, 15.097895379661203, 

0.07291849588007203, 4.7429258151439674e-05, 20.0, -19.994635463700437, 23.713690552779276, -18.994635463700437, 

0, 0.09436159725601495, 20.0, -19.905638402743985, 24.094361597256015, -18.905638402743985, 

17.748452305943125, 0.001234739745195816, 20.0, 295.00879399608306, 268.0149847723105, 296.00879399608306, 

7.560266830800323, 0.00020518543115128555, 20.0, 37.15783973833071, 50.91677241512942, 38.15783973833071, 

13.543332579936846, 13.519805746781248, 20.0, 176.9416631175601, 166.76833279781272, 177.9416631175601, 

0.24406858682334015, 5.258423807638829e-06, 20.0, -19.94042526650225, 23.08330038620439, -18.94042526650225, 

0.6101032221115018, 0.00013743824044922526, 20.0, -19.627636620128715, 21.93195049142528, -18.627636620128715, 

1.1182560528433325, 9.874217909529884, 20.0, -8.875285490749366, 30.651690297877302, -7.875285490749366, 

0.1325418903350083, 29.427232079491198, 20.0, 9.444799432184777, 52.914631870844744, 10.444799432184777, 

3.5132309403609163, 4.87300449386061e-06, 20.0, -7.657203486686257, 22.289872751870078, -6.657203486686257, 

0.9101559237713089, 0.0, 20.0, -19.171616194423994, 21.187760110490768, -18.171616194423997, 

5.095771359308348, 0.0, 20.0, 5.966885746347245, 29.583800309113855, 6.966885746347245, 

1.729002737739181, 0.0, 20.0, -17.010549532890415, 20.07343951615286, -16.010549532890415, 

0.9942844971289618, 0.0, 20.0, -19.01139833876901, 21.011463672715145, -18.01139833876901, 

1.113782658416813, 18.970483100540953, 20.0, 0.21099491073097454, 39.75586427706372, 1.2109949107309745, 

4.9118240144327325, 3.5411233740713235, 20.0, 7.667138522829408, 32.01984246509848, 8.667138522829408, 

1.1406956064064453, 1.6560970305236224, 20.0, -17.042716503001408, 22.394501071372808, -16.042716503001408, 

2.998775262447678, 0, 20.0, -11.00734692533186, 20.99755202487743, -10.00734692533186, 

8.351404660206526, 0.00019949745496938907, 20.0, 49.74615929597425, 60.34054065514815, 50.74615929597425, 

0.22981608181858532, 0.00012328962752977132, 20.0, -19.947061278910024, 23.133674393815635, -18.947061278910024, 

6.506975958577162, 0.0003147563919019213, 20.0, 22.341050881893082, 40.31314704758444, 23.341050881893082, 

4.796462422966385, 3.883182264424887, 20.0, 6.889234039353447, 31.70338434748791, 7.889234039353447, 

30.049121264462528, 39.390357113054094, 20.0, 922.3400458794281, 846.143560821578, 923.3400458794281, 

2.5315037289350024, 6.910942951571686, 20.0, -6.680545918816492, 27.1934391654435, -5.680545918816492, 

1.833698438633255, 0.0004686861657163267, 20.0, -16.637081349988247, 20.028124895478733, -15.637081349988247, 

0, 0, 20.0, -20.0, 24.0, -19.0, 

1.096955374647336, 4.821780075832311, 20.0, -13.974908830200011, 25.637269671210646, -12.974908830200011, 

0.4668312733329197, 20.919344472445452, 20.0, 1.1372759102070873, 43.26995081687541, 2.1372759102070873, 

