Generation 603 at Fri May 24 19:48:08 2019
parameters:
2.321290066455595, -1.6751967248701145, 0, 
objectives:
3.713190847755307, -1.5719694180670738, 9.19467163964098, 

parameters:
1.2612992988780705, -100, 20.0, 
objectives:
-118.40912407864968, -79.45432127416197, 9982.59087592135, 

parameters:
0.44851923478147904, 0.459102976020934, 20.0, 
objectives:
-19.339727520010104, 22.86619554086398, -18.58805495343976, 

parameters:
1.9973066371654076, -100, 0, 
objectives:
-96.01076619713501, -99.99999274579665, 10004.989233802866, 

parameters:
1.5390577658547528, -49.62497677482704, 0.6904567660982354, 
objectives:
-47.94673473428745, -48.722052265509994, 2465.3165619426627, 

parameters:
-1.22430239147734, -58.95273707495761, 8.040903029311446, 
objectives:
-65.49472375849193, -40.51570813395967, 3469.8832219455476, 

parameters:
0.6668765811625752, -77.00271169119232, 0.10747183582727966, 
objectives:
-76.66545915251652, -75.11802180551226, 5930.754860335562, 

parameters:
2.1284966339785947, -10.217438498401378, 20, 
objectives:
-25.68694057754317, 9.79907288654245, 89.92654738947283, 

parameters:
3.372526939115082, -69.99212007125068, 0, 
objectives:
-58.618182116193736, -68.10828987265407, 4911.2708100234295, 

parameters:
2.9511589181491953, -34.25823137348482, 9.547694304352243, 
objectives:
-35.09658671766553, -23.80583378155783, 1173.7880614950388, 

parameters:
2.4791174929226725, -64.32972041565428, 12.758340119407057, 
objectives:
-70.94203699134614, -51.341826724222706, 4132.700612180555, 

parameters:
-1.8304577860176776, -59.69322468006126, 12.491125103090349, 
objectives:
-68.83377407675887, -32.52969272650747, 3555.1405233075775, 

parameters:
1.1419984073657208, -98.20529149083289, 13.248342222594772, 
objectives:
-110.14947335100182, -84.22078253527516, 9633.335094939286, 

parameters:
2.120714841220647, -66.16017011854977, 20, 
objectives:
-81.66273868077626, -46.14559804565884, 4362.66554155322, 

parameters:
0.4884277486693729, -73.68458079997913, 12.577277236679684, 
objectives:
-86.02329637098859, -58.82245289230671, 5418.078732097643, 

parameters:
-1.8371246903276877, -31.524835505707518, 0, 
objectives:
-28.149808377895916, -16.801309616585165, 998.190280789729, 

parameters:
3.3046215037151416, -40.993481855645854, 11.396481959230467, 
objectives:
-41.46944053205979, -27.894962628459428, 1680.9895959727519, 

parameters:
0.14342400338819683, -21.662276183970647, 20, 
objectives:
-41.64170573922275, 1.7845982472244621, 450.2747799153698, 

parameters:
3.9362688485823565, -2.279637042695724, 19.134761581826833, 
objectives:
-5.9201861762026855, 20.604261593121553, 2.5561959129235454, 

parameters:
1.0196897663244782, -13.27881927599394, 0.127351715479641, 
objectives:
-12.366403771926711, -12.190459406265342, 178.23945686857542, 

parameters:
2.572995040463145, -82.37679263255863, 20, 
objectives:
-95.75648915431069, -62.04846931616328, 6773.556267905815, 

parameters:
-1.6486733288044428, -39.4626357098687, 20, 
objectives:
-56.74451196475758, -6.149818649539803, 1541.0177409149155, 

parameters:
-0.37725894417280004, -86.16177505240177, 16.72877139610972, 
objectives:
-102.74822213755311, -63.781643568642465, 7408.265033095532, 

parameters:
4.884240482844502, -25.85148074855844, 1.3718636999180012, 
objectives:
-3.3675393542193452, -16.16077388576135, 691.7829982874268, 

parameters:
1.3131011751389075, -89.21090602408947, 16.93408965092974, 
objectives:
-104.42076097886802, -71.80498637756418, 7944.375898684144, 

parameters:
0.17940477635619123, -90.33996749294083, 6.588987873560086, 
objectives:
-96.8967692927215, -80.43641265102609, 8155.752924825825, 

parameters:
2.0413228948422137, -92.26074785290463, 1.1020103653778746, 
objectives:
-89.19575905727551, -91.1570299058886, 8516.110583172876, 

parameters:
-1.858434990916618, -38.31497369982215, 11.481985196889958, 
objectives:
-46.34317828124885, -11.945467923802468, 1461.0090050366362, 

parameters:
2.0690202992950946, -95.60373245610128, 2.904600744903833, 
objectives:
-94.22748820210995, -92.69436790948266, 9142.449903791787, 

parameters:
1.2794330237566465, -85.48104717182969, 7.870672809192588, 
objectives:
-91.7147711187432, -77.09115759538462, 7301.775701645659, 

parameters:
1.1143941869914311, -99.66481409545298, 10.199286135938056, 
objectives:
-108.62222582739074, -88.68123030348036, 9925.117756949267, 

parameters:
0.5072837194497425, -74.54024906194388, 10.056578466422033, 
objectives:
-84.33949075634716, -62.25546870130206, 5547.449488522222, 

parameters:
1.0028333614701654, -96.36624158123632, 8.993215906984016, 
objectives:
-104.3537827373428, -86.37868436925541, 9279.464975337092, 

parameters:
1.778720611831342, -93.93193606953382, 1.8840267998085032, 
objectives:
-92.65211585438867, -91.99894470209702, 8825.488433986133, 

parameters:
3.9388491547092612, -59.49814552885337, 13.255578229186868, 
objectives:
-57.23919109448637, -42.483431254949686, 3543.2882758069813, 

parameters:
-1.2576980982335693, -40.16689117975193, 2.940977857539436, 
objectives:
-41.52606453099103, -26.613316422977878, 1613.0199736947943, 

