Generation 606 at Fri May 24 19:48:08 2019
parameters:
1.2612992988780705, -100, 20.0, 
objectives:
-118.40912407864968, -79.45432127416197, 9982.59087592135, 

parameters:
2.321290066455595, -1.6751967248701145, 0, 
objectives:
3.713190847755307, -1.5719694180670738, 9.19467163964098, 

parameters:
0.44851923478147904, 0.459102976020934, 20.0, 
objectives:
-19.339727520010104, 22.86619554086398, -18.58805495343976, 

parameters:
1.9973066371654076, -100, 0, 
objectives:
-96.01076619713501, -99.99999274579665, 10004.989233802866, 

parameters:
2.9511589181491953, -34.25823137348482, 9.547694304352243, 
objectives:
-35.09658671766553, -23.80583378155783, 1173.7880614950388, 

parameters:
2.0690202992950946, -95.60373245610128, 2.904600744903833, 
objectives:
-94.22748820210995, -92.69436790948266, 9142.449903791787, 

parameters:
-1.22430239147734, -58.95273707495761, 8.040903029311446, 
objectives:
-65.49472375849193, -40.51570813395967, 3469.8832219455476, 

parameters:
1.0196897663244782, -13.27881927599394, 0.127351715479641, 
objectives:
-12.366403771926711, -12.190459406265342, 178.23945686857542, 

parameters:
2.1284966339785947, -10.217438498401378, 20, 
objectives:
-25.68694057754317, 9.79907288654245, 89.92654738947283, 

parameters:
2.810252317549094, -76.94172518499488, 7.068788911225215, 
objectives:
-76.11299600793004, -69.21642745567598, 5921.85780362034, 

parameters:
-0.4743123449093929, -87.91579242499498, 16.89936834314211, 
objectives:
-104.59018856760365, -64.89420250168185, 7713.5121615721955, 

parameters:
2.572995040463145, -82.37679263255863, 20, 
objectives:
-95.75648915431069, -62.04846931616328, 6773.556267905815, 

parameters:
1.1419984073657208, -98.20529149083289, 13.248342222594772, 
objectives:
-110.14947335100182, -84.22078253527516, 9633.335094939286, 

parameters:
4.884240482844502, -25.85148074855844, 1.3718636999180012, 
objectives:
-3.3675393542193452, -16.16077388576135, 691.7829982874268, 

parameters:
2.120714841220647, -66.16017011854977, 20, 
objectives:
-81.66273868077626, -46.14559804565884, 4362.66554155322, 

parameters:
0.4884277486693729, -73.68458079997913, 12.577277236679684, 
objectives:
-86.02329637098859, -58.82245289230671, 5418.078732097643, 

parameters:
-2.2236581543864338, -44.93839714364321, 20.0, 
objectives:
-59.99374155607393, -7.099108938528193, 2005.4041934273694, 

parameters:
3.9362688485823565, -2.279637042695724, 19.134761581826833, 
objectives:
-5.9201861762026855, 20.604261593121553, 2.5561959129235454, 

parameters:
1.556903797922907, -79.59759776697476, 5.296443078283017, 
objectives:
-82.470091409271, -74.1048204443966, 6333.905076630809, 

parameters:
-1.4445497621401235, -26.64280433800171, 20, 
objectives:
-44.55608032270263, 5.222118725857873, 692.9257470083418, 

parameters:
3.6195462634191897, -61.759431714889345, 4.230142808577911, 
objectives:
-52.888459370435434, -54.906358806956376, 3824.098378090534, 

parameters:
1.5390577658547528, -49.62497677482704, 0.6904567660982354, 
objectives:
-47.94673473428745, -48.722052265509994, 2465.3165619426627, 

parameters:
1.1449231802941593, -92.86201161917285, 8.666076381000401, 
objectives:
-100.21723891139837, -83.46477887057418, 8616.997974667169, 

parameters:
0.8813332272915316, -90.2868671442241, 13.637768066330715, 
objectives:
-103.1478869530267, -75.39768372953142, 8139.8573589099715, 

parameters:
2.0413228948422137, -92.26074785290463, 1.1020103653778746, 
objectives:
-89.19575905727551, -91.1570299058886, 8516.110583172876, 

parameters:
1.848211554948703, -98.67083147703961, 10.420542908426544, 
objectives:
-105.67548843362025, -88.22724883656198, 9729.92832741377, 

parameters:
-1.3236344420792665, -55.506903292254364, 15.797504526630792, 
objectives:
-69.55239968262667, -28.662852861048012, 3067.9708167053063, 

parameters:
-1.6486733288044428, -39.4626357098687, 20, 
objectives:
-56.74451196475758, -6.149818649539803, 1541.0177409149155, 

parameters:
0.14342400338819683, -21.662276183970647, 20, 
objectives:
-41.64170573922275, 1.7845982472244621, 450.2747799153698, 

parameters:
3.3273356894906767, -69.4316556482165, 14.807975635498117, 
objectives:
-73.16846849315623, -52.861859980122695, 4818.017993207575, 

parameters:
-1.8304577860176776, -59.69322468006126, 12.491125103090349, 
objectives:
-68.83377407675887, -32.52969272650747, 3555.1405233075775, 

parameters:
-0.4445464052237069, -50.39074743154103, 17.51490618426371, 
objectives:
-67.70803210940743, -26.90003411998517, 2522.910142031493, 

parameters:
2.4791174929226725, -64.32972041565428, 12.758340119407057, 
objectives:
-70.94203699134614, -51.341826724222706, 4132.700612180555, 

parameters:
3.3046215037151416, -40.993481855645854, 11.396481959230467, 
objectives:
-41.46944053205979, -27.894962628459428, 1680.9895959727519, 

parameters:
3.317080530730384, -35.559787602662425, 3.287154819962276, 
objectives:
-27.843919175274134, -30.53793165827112, 1273.2143627738524, 

parameters:
-1.6479627912695427, -70.83180956142431, 0.5494566719808176, 
objectives:
-68.66548487199623, -56.97472036295641, 5020.311570435308, 

parameters:
-1.8887817569807965, -13.327820950585163, 20.0, 
objectives:
-29.7603244250817, 21.794802602841486, 162.19830781636026, 

parameters:
3.372526939115082, -69.99212007125068, 0, 
objectives:
-58.618182116193736, -68.10828987265407, 4911.2708100234295, 

