Generation 607 at Fri May 24 19:48:08 2019
parameters:
2.321290066455595, -1.6751967248701145, 0, 
objectives:
3.713190847755307, -1.5719694180670738, 9.19467163964098, 

parameters:
1.2612992988780705, -100, 20.0, 
objectives:
-118.40912407864968, -79.45432127416197, 9982.59087592135, 

parameters:
0.44851923478147904, 0.459102976020934, 20.0, 
objectives:
-19.339727520010104, 22.86619554086398, -18.58805495343976, 

parameters:
1.9973066371654076, -100, 0, 
objectives:
-96.01076619713501, -99.99999274579665, 10004.989233802866, 

parameters:
2.9511589181491953, -34.25823137348482, 9.547694304352243, 
objectives:
-35.09658671766553, -23.80583378155783, 1173.7880614950388, 

parameters:
2.1284966339785947, -10.217438498401378, 20, 
objectives:
-25.68694057754317, 9.79907288654245, 89.92654738947283, 

parameters:
1.0196897663244782, -13.27881927599394, 0.127351715479641, 
objectives:
-12.366403771926711, -12.190459406265342, 178.23945686857542, 

parameters:
2.0690202992950946, -95.60373245610128, 2.904600744903833, 
objectives:
-94.22748820210995, -92.69436790948266, 9142.449903791787, 

parameters:
-1.6486733288044428, -39.4626357098687, 20, 
objectives:
-56.74451196475758, -6.149818649539803, 1541.0177409149155, 

parameters:
-1.3236344420792665, -55.506903292254364, 15.797504526630792, 
objectives:
-69.55239968262667, -28.662852861048012, 3067.9708167053063, 

parameters:
-1.22430239147734, -58.95273707495761, 8.040903029311446, 
objectives:
-65.49472375849193, -40.51570813395967, 3469.8832219455476, 

parameters:
3.6195462634191897, -61.759431714889345, 4.230142808577911, 
objectives:
-52.888459370435434, -54.906358806956376, 3824.098378090534, 

parameters:
2.572995040463145, -82.37679263255863, 20, 
objectives:
-95.75648915431069, -62.04846931616328, 6773.556267905815, 

parameters:
0.37300850168099675, -42.11895046181511, 20, 
objectives:
-61.979815119488805, -19.471849126212796, 1755.1451233471614, 

parameters:
0.14342400338819683, -21.662276183970647, 20, 
objectives:
-41.64170573922275, 1.7845982472244621, 450.2747799153698, 

parameters:
1.1419984073657208, -98.20529149083289, 13.248342222594772, 
objectives:
-110.14947335100182, -84.22078253527516, 9633.335094939286, 

parameters:
3.9362688485823565, -2.279637042695724, 19.134761581826833, 
objectives:
-5.9201861762026855, 20.604261593121553, 2.5561959129235454, 

parameters:
2.120714841220647, -66.16017011854977, 20, 
objectives:
-81.66273868077626, -46.14559804565884, 4362.66554155322, 

parameters:
-1.4445497621401235, -26.64280433800171, 20, 
objectives:
-44.55608032270263, 5.222118725857873, 692.9257470083418, 

parameters:
1.5390577658547528, -49.62497677482704, 0.6904567660982354, 
objectives:
-47.94673473428745, -48.722052265509994, 2465.3165619426627, 

parameters:
4.884240482844502, -25.85148074855844, 1.3718636999180012, 
objectives:
-3.3675393542193452, -16.16077388576135, 691.7829982874268, 

parameters:
0.5011965406761142, -87.3624686645262, 0, 
objectives:
-87.11127069214051, -85.11605685484496, 7633.452129132709, 

parameters:
-2.468048589083216, -74.82233834077635, 20, 
objectives:
-88.73107450270071, -34.85888014636784, 5585.473578619687, 

parameters:
1.1449231802941593, -92.86201161917285, 8.666076381000401, 
objectives:
-100.21723891139837, -83.46477887057418, 8616.997974667169, 

parameters:
1.556903797922907, -79.59759776697476, 5.296443078283017, 
objectives:
-82.470091409271, -74.1048204443966, 6333.905076630809, 

parameters:
-1.0092523406882243, -48.391604045550615, 20, 
objectives:
-67.37301375836596, -19.33600439561306, 2323.765932388535, 

parameters:
3.3273356894906767, -69.4316556482165, 14.807975635498117, 
objectives:
-73.16846849315623, -52.861859980122695, 4818.017993207575, 

parameters:
1.848211554948703, -98.67083147703961, 10.420542908426544, 
objectives:
-105.67548843362025, -88.22724883656198, 9729.92832741377, 

parameters:
2.072940848127232, -70.99400503402349, 3.805676315611566, 
objectives:
-70.5025975898006, -67.1830083510864, 5041.640158215175, 

parameters:
1.963992464628603, -76.48927419312326, 4.0193777309163154, 
objectives:
-76.65138552292164, -72.46859991960342, 5851.446955260994, 

parameters:
0.4884277486693729, -73.68458079997913, 12.577277236679684, 
objectives:
-86.02329637098859, -58.82245289230671, 5418.078732097643, 

parameters:
0.8813332272915316, -90.2868671442241, 13.637768066330715, 
objectives:
-103.1478869530267, -75.39768372953142, 8139.8573589099715, 

parameters:
-0.4743123449093929, -87.91579242499498, 16.89936834314211, 
objectives:
-104.59018856760365, -64.89420250168185, 7713.5121615721955, 

parameters:
2.0413228948422137, -92.26074785290463, 1.1020103653778746, 
objectives:
-89.19575905727551, -91.1570299058886, 8516.110583172876, 

parameters:
2.0319336911873385, -68.73297109436709, 20.0, 
objectives:
-84.60421656898488, -48.731951333734244, 4709.350069984484, 

parameters:
0.4841122549132131, -91.19896214293894, 10.436607813822395, 
objectives:
-101.40120528140417, -78.46443867341225, 8308.048452810744, 

parameters:
1.3916827480713887, -76.30724968753655, 6.42275503179359, 
objectives:
-80.7932238480506, -69.51444477674899, 5819.310380715533, 

parameters:
-0.6723191817028003, -3.985563938067477, 18.738565562517557, 
objectives:
-22.27211641849951, 21.894291433346805, -1.4018325760081005, 

parameters:
1.0600085532789394, -73.98026472431457, 3.3901572039039585, 
objectives:
-76.24680379519401, -69.70652360050185, 5471.813029608782, 

