Generation 610 at Fri May 24 19:48:09 2019
parameters:
0.8487506695176061, -100.0, 20, 
objectives:
-119.27962230099341, -78.67462497906384, 9981.720377699006, 

parameters:
2.321290066455595, -1.6751967248701145, 0, 
objectives:
3.713190847755307, -1.5719694180670738, 9.19467163964098, 

parameters:
0.44851923478147904, 0.459102976020934, 20.0, 
objectives:
-19.339727520010104, 22.86619554086398, -18.58805495343976, 

parameters:
1.9973066371654076, -100, 0, 
objectives:
-96.01076619713501, -99.99999274579665, 10004.989233802866, 

parameters:
0.5011965406761142, -87.3624686645262, 0, 
objectives:
-87.11127069214051, -85.11605685484496, 7633.452129132709, 

parameters:
4.884240482844502, -25.85148074855844, 1.3718636999180012, 
objectives:
-3.3675393542193452, -16.16077388576135, 691.7829982874268, 

parameters:
1.5390577658547528, -49.62497677482704, 0.6904567660982354, 
objectives:
-47.94673473428745, -48.722052265509994, 2465.3165619426627, 

parameters:
0.37300850168099675, -42.11895046181511, 20, 
objectives:
-61.979815119488805, -19.471849126212796, 1755.1451233471614, 

parameters:
-2.468048589083216, -74.82233834077635, 20, 
objectives:
-88.73107450270071, -34.85888014636784, 5585.473578619687, 

parameters:
1.1449231802941593, -92.86201161917285, 8.666076381000401, 
objectives:
-100.21723891139837, -83.46477887057418, 8616.997974667169, 

parameters:
2.120714841220647, -66.16017011854977, 20, 
objectives:
-81.66273868077626, -46.14559804565884, 4362.66554155322, 

parameters:
3.6195462634191897, -61.759431714889345, 4.230142808577911, 
objectives:
-52.888459370435434, -54.906358806956376, 3824.098378090534, 

parameters:
2.9511589181491953, -34.25823137348482, 9.547694304352243, 
objectives:
-35.09658671766553, -23.80583378155783, 1173.7880614950388, 

parameters:
2.572995040463145, -82.37679263255863, 20, 
objectives:
-95.75648915431069, -62.04846931616328, 6773.556267905815, 

parameters:
-1.22430239147734, -58.95273707495761, 8.040903029311446, 
objectives:
-65.49472375849193, -40.51570813395967, 3469.8832219455476, 

parameters:
1.963992464628603, -76.48927419312326, 4.0193777309163154, 
objectives:
-76.65138552292164, -72.46859991960342, 5851.446955260994, 

parameters:
0.14342400338819683, -21.662276183970647, 20, 
objectives:
-41.64170573922275, 1.7845982472244621, 450.2747799153698, 

parameters:
2.823129245964235, -72.70898305069024, 4.110174625608525, 
objectives:
-68.84909893688017, -67.92126666952007, 5291.45610037937, 

parameters:
1.0196897663244782, -13.27881927599394, 0.127351715479641, 
objectives:
-12.366403771926711, -12.190459406265342, 178.23945686857542, 

parameters:
1.556903797922907, -79.59759776697476, 5.296443078283017, 
objectives:
-82.470091409271, -74.1048204443966, 6333.905076630809, 

parameters:
0.6338826592051223, -4.838546008875831, 15.606668677432328, 
objectives:
-20.0434074606672, 12.634399257376966, 9.206666028216862, 

parameters:
3.3273356894906767, -69.4316556482165, 14.807975635498117, 
objectives:
-73.16846849315623, -52.861859980122695, 4818.017993207575, 

parameters:
-1.6486733288044428, -39.4626357098687, 20, 
objectives:
-56.74451196475758, -6.149818649539803, 1541.0177409149155, 

parameters:
2.1782536634032765, -94.51560454096544, 3.63520144431142, 
objectives:
-93.40601696314707, -90.84862872813733, 8935.309089321987, 

parameters:
-0.7750583030856675, -70.10507860784024, 1.9803039870898353, 
objectives:
-71.48466722174804, -60.42382603522571, 4914.342457997552, 

parameters:
2.1284966339785947, -10.217438498401378, 20, 
objectives:
-25.68694057754317, 9.79907288654245, 89.92654738947283, 

parameters:
1.848211554948703, -98.67083147703961, 10.420542908426544, 
objectives:
-105.67548843362025, -88.22724883656198, 9729.92832741377, 

parameters:
2.768882340259546, -97.63387442870064, 20.0, 
objectives:
-109.96716501449946, -77.04269437553764, 9521.040145373485, 

parameters:
3.0517445971747783, -15.151905089871278, 8.567046323153875, 
objectives:
-14.405806326639702, -5.478692069031066, 231.3263266156987, 

parameters:
1.686559878613433, -38.320062835834776, 0.3154768535361624, 
objectives:
-35.79105546522238, -37.90634127260379, 1471.956223112938, 

parameters:
0.1463423663966852, -14.356927826297216, 14.662195189815947, 
objectives:
-28.99770692791058, 3.7413139861345712, 192.48059750789395, 

parameters:
1.8555237534078453, -55.45368004979758, 17.842402179141843, 
objectives:
-69.85311382947869, -37.59040448482639, 3061.7111972856374, 

parameters:
1.1419984073657208, -98.20529149083289, 13.248342222594772, 
objectives:
-110.14947335100182, -84.22078253527516, 9633.335094939286, 

parameters:
-0.3968579810763607, -55.74612106366625, 0, 
objectives:
-55.58862480652225, -50.001192882216806, 3108.787509902078, 

parameters:
0.6488700041349614, -15.734323417836299, 19.54458545163893, 
objectives:
-34.85787658720913, 5.6358142995288905, 229.44538024769892, 

parameters:
2.0690202992950946, -95.60373245610128, 2.904600744903833, 
objectives:
-94.22748820210995, -92.69436790948266, 9142.449903791787, 

parameters:
2.3715698331544126, -100, 4.338543449609378, 
objectives:
-98.71419997608133, -95.52339240948022, 10002.28580002392, 

parameters:
3.1635153841864545, -9.606403484642502, 19.7143343363056, 
objectives:
-19.312908234963732, 11.461698900901652, 83.57648315943038, 

parameters:
0.6646249369118888, -100, 4.50749199560361, 
objectives:
-104.06576568883848, -93.7092814452788, 9996.93423431116, 

