Generation 611 at Fri May 24 19:48:09 2019
parameters:
0.8487506695176061, -100.0, 20, 
objectives:
-119.27962230099341, -78.67462497906384, 9981.720377699006, 

parameters:
2.321290066455595, -1.6751967248701145, 0, 
objectives:
3.713190847755307, -1.5719694180670738, 9.19467163964098, 

parameters:
0.44851923478147904, 0.459102976020934, 20.0, 
objectives:
-19.339727520010104, 22.86619554086398, -18.58805495343976, 

parameters:
1.9973066371654076, -100, 0, 
objectives:
-96.01076619713501, -99.99999274579665, 10004.989233802866, 

parameters:
1.5390577658547528, -49.62497677482704, 0.6904567660982354, 
objectives:
-47.94673473428745, -48.722052265509994, 2465.3165619426627, 

parameters:
-1.22430239147734, -58.95273707495761, 8.040903029311446, 
objectives:
-65.49472375849193, -40.51570813395967, 3469.8832219455476, 

parameters:
2.1782536634032765, -94.51560454096544, 3.63520144431142, 
objectives:
-93.40601696314707, -90.84862872813733, 8935.309089321987, 

parameters:
2.768882340259546, -97.63387442870064, 20.0, 
objectives:
-109.96716501449946, -77.04269437553764, 9521.040145373485, 

parameters:
1.1449231802941593, -92.86201161917285, 8.666076381000401, 
objectives:
-100.21723891139837, -83.46477887057418, 8616.997974667169, 

parameters:
3.6195462634191897, -61.759431714889345, 4.230142808577911, 
objectives:
-52.888459370435434, -54.906358806956376, 3824.098378090534, 

parameters:
0.14342400338819683, -21.662276183970647, 20, 
objectives:
-41.64170573922275, 1.7845982472244621, 450.2747799153698, 

parameters:
2.120714841220647, -66.16017011854977, 20, 
objectives:
-81.66273868077626, -46.14559804565884, 4362.66554155322, 

parameters:
0.37300850168099675, -42.11895046181511, 20, 
objectives:
-61.979815119488805, -19.471849126212796, 1755.1451233471614, 

parameters:
4.884240482844502, -25.85148074855844, 1.3718636999180012, 
objectives:
-3.3675393542193452, -16.16077388576135, 691.7829982874268, 

parameters:
2.572995040463145, -82.37679263255863, 20, 
objectives:
-95.75648915431069, -62.04846931616328, 6773.556267905815, 

parameters:
0.5011965406761142, -87.3624686645262, 0, 
objectives:
-87.11127069214051, -85.11605685484496, 7633.452129132709, 

parameters:
2.24714836701336, -88.58106448599484, 19.684099769980904, 
objectives:
-103.21548847260493, -68.83588240069658, 7832.9705614853665, 

parameters:
-2.468048589083216, -74.82233834077635, 20, 
objectives:
-88.73107450270071, -34.85888014636784, 5585.473578619687, 

parameters:
2.823129245964235, -72.70898305069024, 4.110174625608525, 
objectives:
-68.84909893688017, -67.92126666952007, 5291.45610037937, 

parameters:
2.9511589181491953, -34.25823137348482, 9.547694304352243, 
objectives:
-35.09658671766553, -23.80583378155783, 1173.7880614950388, 

parameters:
0.6146354614077656, -6.662930914260734, 20, 
objectives:
-26.285154163840797, 15.25630399052814, 25.77242511863132, 

parameters:
1.963992464628603, -76.48927419312326, 4.0193777309163154, 
objectives:
-76.65138552292164, -72.46859991960342, 5851.446955260994, 

parameters:
0.5176493566405471, -40.40022184371485, 8.376821528303104, 
objectives:
-48.509082515587586, -29.826036885543566, 1625.069064349502, 

parameters:
2.1284966339785947, -10.217438498401378, 20, 
objectives:
-25.68694057754317, 9.79907288654245, 89.92654738947283, 

parameters:
1.848211554948703, -98.67083147703961, 10.420542908426544, 
objectives:
-105.67548843362025, -88.22724883656198, 9729.92832741377, 

parameters:
3.3273356894906767, -69.4316556482165, 14.807975635498117, 
objectives:
-73.16846849315623, -52.861859980122695, 4818.017993207575, 

parameters:
0.26225981080811556, -27.950153432694893, 6.729909383012204, 
objectives:
-34.61128260734199, -18.200503084550043, 775.549947736539, 

parameters:
-1.6486733288044428, -39.4626357098687, 20, 
objectives:
-56.74451196475758, -6.149818649539803, 1541.0177409149155, 

parameters:
-0.7750583030856675, -70.10507860784024, 1.9803039870898353, 
objectives:
-71.48466722174804, -60.42382603522571, 4914.342457997552, 

parameters:
1.686559878613433, -38.320062835834776, 0.3154768535361624, 
objectives:
-35.79105546522238, -37.90634127260379, 1471.956223112938, 

parameters:
1.0196897663244782, -13.27881927599394, 0.127351715479641, 
objectives:
-12.366403771926711, -12.190459406265342, 178.23945686857542, 

parameters:
1.556903797922907, -79.59759776697476, 5.296443078283017, 
objectives:
-82.470091409271, -74.1048204443966, 6333.905076630809, 

parameters:
2.246219379207614, -80.48584814383459, 8.250472886777583, 
objectives:
-83.69081953108433, -72.17475127435962, 6475.766780045151, 

parameters:
3.0517445971747783, -15.151905089871278, 8.567046323153875, 
objectives:
-14.405806326639702, -5.478692069031066, 231.3263266156987, 

parameters:
0.6338826592051223, -4.838546008875831, 15.606668677432328, 
objectives:
-20.0434074606672, 12.634399257376966, 9.206666028216862, 

parameters:
4.128660627027813, -20.945121342371223, 14.380020702484982, 
objectives:
-18.27930347168651, -2.0339045748277993, 442.36392591733926, 

parameters:
-0.1005633266815511, -8.516872541130866, 2.136383983703709, 
objectives:
-10.643143542161315, -1.9681222680276909, 71.41084688083848, 

