Generation 616 at Fri May 24 19:48:09 2019
parameters:
2.321290066455595, -1.6751967248701145, 0, 
objectives:
3.713190847755307, -1.5719694180670738, 9.19467163964098, 

parameters:
0.8487506695176061, -100.0, 20, 
objectives:
-119.27962230099341, -78.67462497906384, 9981.720377699006, 

parameters:
0.44851923478147904, 0.459102976020934, 20.0, 
objectives:
-19.339727520010104, 22.86619554086398, -18.58805495343976, 

parameters:
1.9973066371654076, -100, 0, 
objectives:
-96.01076619713501, -99.99999274579665, 10004.989233802866, 

parameters:
4.884240482844502, -25.85148074855844, 1.3718636999180012, 
objectives:
-3.3675393542193452, -16.16077388576135, 691.7829982874268, 

parameters:
1.589948359780334, -15.321627444941683, 19.096409744365108, 
objectives:
-31.890101402538615, 3.9429246470702637, 219.18379360399328, 

parameters:
2.9511589181491953, -34.25823137348482, 9.547694304352243, 
objectives:
-35.09658671766553, -23.80583378155783, 1173.7880614950388, 

parameters:
0.1890827039629981, -30.062510844893605, 13.62124613739956, 
objectives:
-43.648004713355206, -13.16184325440808, 891.169064430884, 

parameters:
2.369599486848693, 4.427744894037684, 6.736737926475167, 
objectives:
3.3060086956361054, 11.301086601191667, 19.483188648275203, 

parameters:
-0.4819300123668624, -55.0972358200112, 18.636969516849593, 
objectives:
-73.50194880004086, -30.300289716874236, 3018.3006820258956, 

parameters:
-1.6486733288044428, -39.4626357098687, 20, 
objectives:
-56.74451196475758, -6.149818649539803, 1541.0177409149155, 

parameters:
-1.22430239147734, -58.95273707495761, 8.040903029311446, 
objectives:
-65.49472375849193, -40.51570813395967, 3469.8832219455476, 

parameters:
2.768882340259546, -97.63387442870064, 20.0, 
objectives:
-109.96716501449946, -77.04269437553764, 9521.040145373485, 

parameters:
1.963992464628603, -76.48927419312326, 4.0193777309163154, 
objectives:
-76.65138552292164, -72.46859991960342, 5851.446955260994, 

parameters:
3.6195462634191897, -61.759431714889345, 4.230142808577911, 
objectives:
-52.888459370435434, -54.906358806956376, 3824.098378090534, 

parameters:
-0.7750583030856675, -70.10507860784024, 1.9803039870898353, 
objectives:
-71.48466722174804, -60.42382603522571, 4914.342457997552, 

parameters:
2.1782536634032765, -94.51560454096544, 3.63520144431142, 
objectives:
-93.40601696314707, -90.84862872813733, 8935.309089321987, 

parameters:
1.5262267290512739, -83.44166690194976, 20.0, 
objectives:
-101.1122988734792, -63.2172057896843, 6945.841143404408, 

parameters:
0.321966395855968, -81.50185571195908, 1.499802737220692, 
objectives:
-82.89799608911929, -77.18625619810179, 6642.156344115837, 

parameters:
1.1449231802941593, -92.86201161917285, 8.666076381000401, 
objectives:
-100.21723891139837, -83.46477887057418, 8616.997974667169, 

parameters:
2.120714841220647, -66.16017011854977, 20, 
objectives:
-81.66273868077626, -46.14559804565884, 4362.66554155322, 

parameters:
0.37300850168099675, -42.11895046181511, 20, 
objectives:
-61.979815119488805, -19.471849126212796, 1755.1451233471614, 

parameters:
-2.468048589083216, -74.82233834077635, 20, 
objectives:
-88.73107450270071, -34.85888014636784, 5585.473578619687, 

parameters:
2.24714836701336, -88.58106448599484, 19.684099769980904, 
objectives:
-103.21548847260493, -68.83588240069658, 7832.9705614853665, 

parameters:
3.9484575817926726, -44.8890577707478, 20, 
objectives:
-49.29874049553176, -21.09257082270245, 2011.617824820749, 

parameters:
1.848211554948703, -98.67083147703961, 10.420542908426544, 
objectives:
-105.67548843362025, -88.22724883656198, 9729.92832741377, 

parameters:
1.0707965384119904, -99.59056586827765, 19.639533756925236, 
objectives:
-118.08349439852778, -79.08761303832527, 9900.7878814335, 

parameters:
2.9889759372390543, -64.39688664057539, 13.49905795590711, 
objectives:
-68.96196744308841, -49.91975528023041, 4143.393928196604, 

parameters:
2.823129245964235, -72.70898305069024, 4.110174625608525, 
objectives:
-68.84909893688017, -67.92126666952007, 5291.45610037937, 

parameters:
1.5390577658547528, -49.62497677482704, 0.6904567660982354, 
objectives:
-47.94673473428745, -48.722052265509994, 2465.3165619426627, 

parameters:
-1.7182208040277527, -50.07943010918376, 1.0334862091264956, 
objectives:
-48.160633586916475, -35.22077795255248, 2510.8681165828884, 

parameters:
2.384253761530432, -90.83173062141125, 20.0, 
objectives:
-105.14706462203924, -70.68407966816096, 8237.087953679991, 

parameters:
0.3282020781437178, -74.51348122040415, 6.224962378309069, 
objectives:
-80.63072699461536, -65.49361055057209, 5547.14163780931, 

parameters:
1.1951834317489043, -99.65394319454546, 5.844277274825357, 
objectives:
-104.06975703384373, -93.16193621118863, 9927.492580382393, 

parameters:
0.2960722954217213, -89.14885693127762, 9.108620959891967, 
objectives:
-98.1698190870533, -77.13686634895626, 7939.497729997631, 

