Generation 618 at Fri May 24 19:48:09 2019
parameters:
2.321290066455595, -1.6751967248701145, 0, 
objectives:
3.713190847755307, -1.5719694180670738, 9.19467163964098, 

parameters:
0.8487506695176061, -100.0, 20, 
objectives:
-119.27962230099341, -78.67462497906384, 9981.720377699006, 

parameters:
0.44851923478147904, 0.459102976020934, 20.0, 
objectives:
-19.339727520010104, 22.86619554086398, -18.58805495343976, 

parameters:
1.9973066371654076, -100, 0, 
objectives:
-96.01076619713501, -99.99999274579665, 10004.989233802866, 

parameters:
1.5390577658547528, -49.62497677482704, 0.6904567660982354, 
objectives:
-47.94673473428745, -48.722052265509994, 2465.3165619426627, 

parameters:
3.6195462634191897, -61.759431714889345, 4.230142808577911, 
objectives:
-52.888459370435434, -54.906358806956376, 3824.098378090534, 

parameters:
0.1890827039629981, -30.062510844893605, 13.62124613739956, 
objectives:
-43.648004713355206, -13.16184325440808, 891.169064430884, 

parameters:
2.014060412307813, -1.0267219878022864, 16.989369188348565, 
objectives:
-13.959651831725335, 15.962844895740545, -10.87877180368637, 

parameters:
2.9511589181491953, -34.25823137348482, 9.547694304352243, 
objectives:
-35.09658671766553, -23.80583378155783, 1173.7880614950388, 

parameters:
2.768882340259546, -97.63387442870064, 20.0, 
objectives:
-109.96716501449946, -77.04269437553764, 9521.040145373485, 

parameters:
2.228467557773835, -12.377196595642259, 16.575784448812307, 
objectives:
-23.986913388404083, 4.250785278125189, 142.5852787744165, 

parameters:
1.963992464628603, -76.48927419312326, 4.0193777309163154, 
objectives:
-76.65138552292164, -72.46859991960342, 5851.446955260994, 

parameters:
1.5262267290512739, -83.44166690194976, 20.0, 
objectives:
-101.1122988734792, -63.2172057896843, 6945.841143404408, 

parameters:
1.1449231802941593, -92.86201161917285, 8.666076381000401, 
objectives:
-100.21723891139837, -83.46477887057418, 8616.997974667169, 

parameters:
-2.468048589083216, -74.82233834077635, 20, 
objectives:
-88.73107450270071, -34.85888014636784, 5585.473578619687, 

parameters:
0.37300850168099675, -42.11895046181511, 20, 
objectives:
-61.979815119488805, -19.471849126212796, 1755.1451233471614, 

parameters:
2.120714841220647, -66.16017011854977, 20, 
objectives:
-81.66273868077626, -46.14559804565884, 4362.66554155322, 

parameters:
2.823129245964235, -72.70898305069024, 4.110174625608525, 
objectives:
-68.84909893688017, -67.92126666952007, 5291.45610037937, 

parameters:
-0.4819300123668624, -55.0972358200112, 18.636969516849593, 
objectives:
-73.50194880004086, -30.300289716874236, 3018.3006820258956, 

parameters:
2.1782536634032765, -94.51560454096544, 3.63520144431142, 
objectives:
-93.40601696314707, -90.84862872813733, 8935.309089321987, 

parameters:
2.24714836701336, -88.58106448599484, 19.684099769980904, 
objectives:
-103.21548847260493, -68.83588240069658, 7832.9705614853665, 

parameters:
0.321966395855968, -81.50185571195908, 1.499802737220692, 
objectives:
-82.89799608911929, -77.18625619810179, 6642.156344115837, 

parameters:
0.42491942856501963, -38.76899200308725, 20.0, 
objectives:
-58.58843548231523, -16.288113196575303, 1484.215297456215, 

parameters:
2.1334817628606313, -88.76402747934517, 2.7842538505760808, 
objectives:
-86.99653689746235, -85.96195624775271, 7881.820064935827, 

parameters:
1.4784875877511696, -57.78028264288973, 16.859235410992625, 
objectives:
-72.45359250674808, -40.64907203576751, 3324.8877524283653, 

parameters:
1.0707965384119904, -99.59056586827765, 19.639533756925236, 
objectives:
-118.08349439852778, -79.08761303832527, 9900.7878814335, 

parameters:
1.848211554948703, -98.67083147703961, 10.420542908426544, 
objectives:
-105.67548843362025, -88.22724883656198, 9729.92832741377, 

parameters:
-0.7750583030856675, -70.10507860784024, 1.9803039870898353, 
objectives:
-71.48466722174804, -60.42382603522571, 4914.342457997552, 

parameters:
4.87524565905019, -25.804579009134592, 3.6114760346483075, 
objectives:
-5.648034807695177, -13.926065374599323, 687.0328420401091, 

parameters:
1.5345745321293198, -4.819882256930033, 7.779946443017634, 
objectives:
-10.244909705287746, 3.1766850522302432, 18.806237522311235, 

parameters:
-1.0292027567151147, -59.58203598891345, 3.9447480970320834, 
objectives:
-62.46752577151554, -46.461218550590914, 3548.133522801575, 

parameters:
2.60552925814023, -93.95078230493648, 0, 
objectives:
-87.1619995899117, -93.58411662247262, 8834.53827842459, 

parameters:
4.884240482844502, -25.85148074855844, 1.3718636999180012, 
objectives:
-3.3675393542193452, -16.16077388576135, 691.7829982874268, 

parameters:
0.5584526388198539, -30.936048369149134, 0.3786097078217724, 
objectives:
-31.00278872716605, -28.479379866801917, 957.9723483403179, 

parameters:
-1.1751278175880069, -58.28483204123272, 20, 
objectives:
-76.90390665356357, -28.203395383211543, 3379.5025714623775, 

parameters:
2.3291579384166243, -68.4974152074061, 6.983368932761518, 
objectives:
-70.05580743807845, -61.4057013262219, 4691.337497865117, 

parameters:
1.589948359780334, -15.321627444941683, 19.096409744365108, 
objectives:
-31.890101402538615, 3.9429246470702637, 219.18379360399328, 

