Generation 620 at Fri May 24 19:48:09 2019
parameters:
5.025230400886232, -19.027711416697397, 0.46763078521065726, 
objectives:
5.7575983800831505, -9.408061653040466, 387.839111553897, 

parameters:
0.8487506695176061, -100.0, 20, 
objectives:
-119.27962230099341, -78.67462497906384, 9981.720377699006, 

parameters:
0.44851923478147904, 0.459102976020934, 20.0, 
objectives:
-19.339727520010104, 22.86619554086398, -18.58805495343976, 

parameters:
1.9973066371654076, -100, 0, 
objectives:
-96.01076619713501, -99.99999274579665, 10004.989233802866, 

parameters:
-2.468048589083216, -74.82233834077635, 20, 
objectives:
-88.73107450270071, -34.85888014636784, 5585.473578619687, 

parameters:
-0.2437356248209701, -67.6318210505175, 0.48707397925235707, 
objectives:
-68.05948797496299, -62.11039751717439, 4574.635551684777, 

parameters:
3.6195462634191897, -61.759431714889345, 4.230142808577911, 
objectives:
-52.888459370435434, -54.906358806956376, 3824.098378090534, 

parameters:
2.1782536634032765, -94.51560454096544, 3.63520144431142, 
objectives:
-93.40601696314707, -90.84862872813733, 8935.309089321987, 

parameters:
0.8911361898510592, -97.03970232828077, 18.47607712580963, 
objectives:
-114.72165574522813, -77.3340462530131, 9400.021874544393, 

parameters:
1.4784875877511696, -57.78028264288973, 16.859235410992625, 
objectives:
-72.45359250674808, -40.64907203576751, 3324.8877524283653, 

parameters:
1.5262267290512739, -83.44166690194976, 20.0, 
objectives:
-101.1122988734792, -63.2172057896843, 6945.841143404408, 

parameters:
1.1449231802941593, -92.86201161917285, 8.666076381000401, 
objectives:
-100.21723891139837, -83.46477887057418, 8616.997974667169, 

parameters:
1.963992464628603, -76.48927419312326, 4.0193777309163154, 
objectives:
-76.65138552292164, -72.46859991960342, 5851.446955260994, 

parameters:
-0.8617503026265657, -79.28160815096103, 5.4114965899074985, 
objectives:
-83.95049115679156, -65.6804967664703, 6281.904507996701, 

parameters:
0.37300850168099675, -42.11895046181511, 20, 
objectives:
-61.979815119488805, -19.471849126212796, 1755.1451233471614, 

parameters:
-0.4819300123668624, -55.0972358200112, 18.636969516849593, 
objectives:
-73.50194880004086, -30.300289716874236, 3018.3006820258956, 

parameters:
2.24714836701336, -88.58106448599484, 19.684099769980904, 
objectives:
-103.21548847260493, -68.83588240069658, 7832.9705614853665, 

parameters:
0.8279076446729481, -10.094516451804612, 17.932444973103138, 
objectives:
-27.341530356799844, 9.211729010714642, 85.65224849075875, 

parameters:
4.87524565905019, -25.804579009134592, 3.6114760346483075, 
objectives:
-5.648034807695177, -13.926065374599323, 687.0328420401091, 

parameters:
2.321290066455595, -1.6751967248701145, 0, 
objectives:
3.713190847755307, -1.5719694180670738, 9.19467163964098, 

parameters:
0.42491942856501963, -38.76899200308725, 20.0, 
objectives:
-58.58843548231523, -16.288113196575303, 1484.215297456215, 

parameters:
1.5390577658547528, -49.62497677482704, 0.6904567660982354, 
objectives:
-47.94673473428745, -48.722052265509994, 2465.3165619426627, 

parameters:
2.120714841220647, -66.16017011854977, 20, 
objectives:
-81.66273868077626, -46.14559804565884, 4362.66554155322, 

parameters:
4.429592185968126, -65.66579341944876, 0.5637516248180615, 
objectives:
-46.60825811027694, -59.199123604513325, 4332.053960714892, 

parameters:
2.1334817628606313, -88.76402747934517, 2.7842538505760808, 
objectives:
-86.99653689746235, -85.96195624775271, 7881.820064935827, 

parameters:
2.9511589181491953, -34.25823137348482, 9.547694304352243, 
objectives:
-35.09658671766553, -23.80583378155783, 1173.7880614950388, 

parameters:
4.026971455903641, -13.718373554980978, 13.610806779023, 
objectives:
-11.11268122734129, 4.001046507090146, 191.79946532164115, 

parameters:
2.963843636447773, -49.990927332829465, 0, 
objectives:
-41.206558231517505, -49.0619327773086, 2508.877184697548, 

parameters:
1.848211554948703, -98.67083147703961, 10.420542908426544, 
objectives:
-105.67548843362025, -88.22724883656198, 9729.92832741377, 

parameters:
2.5024585326412656, -24.511841123772047, 20, 
objectives:
-38.24954241618297, -4.259376546748033, 588.0926539846315, 

parameters:
4.011082231756846, -31.5044479625788, 1.4907172096183858, 
objectives:
-16.906384502281707, -25.96927901007232, 1008.1283048871326, 

parameters:
2.014060412307813, -1.0267219878022864, 16.989369188348565, 
objectives:
-13.959651831725335, 15.962844895740545, -10.87877180368637, 

parameters:
2.6204611819189587, -41.87302906147361, 19.764960814155202, 
objectives:
-54.77117306968471, -21.723096169050137, 1741.4524187748023, 

parameters:
0.1890827039629981, -30.062510844893605, 13.62124613739956, 
objectives:
-43.648004713355206, -13.16184325440808, 891.169064430884, 

parameters:
2.2675626156998563, -100.0, 13.416095768370935, 
objectives:
-108.27425555225136, -86.51231447830891, 9992.72574444775, 

parameters:
0.028836079720135466, -6.256528929839629, 20, 
objectives:
-26.255697410346002, 17.628958270773456, 20.144985769413836, 

parameters:
2.228467557773835, -12.377196595642259, 16.575784448812307, 
objectives:
-23.986913388404083, 4.250785278125189, 142.5852787744165, 

parameters:
-1.5109221711539056, -23.329329629673936, 0.7914240751682364, 
objectives:
-21.83786789755774, -10.211331062605645, 546.7490827020983, 

parameters:
0.6575307011387088, -33.96906802231686, 8.570731097735413, 
objectives:
-42.10745249711231, -23.59611310619632, 1146.7591978299945, 

