Generation 622 at Fri May 24 19:48:09 2019
parameters:
2.321290066455595, -1.6751967248701145, 0, 
objectives:
3.713190847755307, -1.5719694180670738, 9.19467163964098, 

parameters:
0.8487506695176061, -100.0, 20, 
objectives:
-119.27962230099341, -78.67462497906384, 9981.720377699006, 

parameters:
-2.2264170804712755, -7.51328686463019, 17.359575739733693, 
objectives:
-19.915929588149645, 27.708890213202842, 45.046836786705086, 

parameters:
0.44851923478147904, 0.459102976020934, 20.0, 
objectives:
-19.339727520010104, 22.86619554086398, -18.58805495343976, 

parameters:
1.9973066371654076, -100, 0, 
objectives:
-96.01076619713501, -99.99999274579665, 10004.989233802866, 

parameters:
3.6195462634191897, -61.759431714889345, 4.230142808577911, 
objectives:
-52.888459370435434, -54.906358806956376, 3824.098378090534, 

parameters:
2.9511589181491953, -34.25823137348482, 9.547694304352243, 
objectives:
-35.09658671766553, -23.80583378155783, 1173.7880614950388, 

parameters:
0.8911361898510592, -97.03970232828077, 18.47607712580963, 
objectives:
-114.72165574522813, -77.3340462530131, 9400.021874544393, 

parameters:
-2.468048589083216, -74.82233834077635, 20, 
objectives:
-88.73107450270071, -34.85888014636784, 5585.473578619687, 

parameters:
0.8279076446729481, -10.094516451804612, 17.932444973103138, 
objectives:
-27.341530356799844, 9.211729010714642, 85.65224849075875, 

parameters:
2.1782536634032765, -94.51560454096544, 3.63520144431142, 
objectives:
-93.40601696314707, -90.84862872813733, 8935.309089321987, 

parameters:
-0.2437356248209701, -67.6318210505175, 0.48707397925235707, 
objectives:
-68.05948797496299, -62.11039751717439, 4574.635551684777, 

parameters:
2.963843636447773, -49.990927332829465, 0, 
objectives:
-41.206558231517505, -49.0619327773086, 2508.877184697548, 

parameters:
1.1449231802941593, -92.86201161917285, 8.666076381000401, 
objectives:
-100.21723891139837, -83.46477887057418, 8616.997974667169, 

parameters:
1.963992464628603, -76.48927419312326, 4.0193777309163154, 
objectives:
-76.65138552292164, -72.46859991960342, 5851.446955260994, 

parameters:
-0.4819300123668624, -55.0972358200112, 18.636969516849593, 
objectives:
-73.50194880004086, -30.300289716874236, 3018.3006820258956, 

parameters:
-0.8617503026265657, -79.28160815096103, 5.4114965899074985, 
objectives:
-83.95049115679156, -65.6804967664703, 6281.904507996701, 

parameters:
1.5262267290512739, -83.44166690194976, 20.0, 
objectives:
-101.1122988734792, -63.2172057896843, 6945.841143404408, 

parameters:
1.848211554948703, -98.67083147703961, 10.420542908426544, 
objectives:
-105.67548843362025, -88.22724883656198, 9729.92832741377, 

parameters:
1.9948358206527625, -15.930971225935167, 4.674969446788749, 
objectives:
-16.626570721364537, -11.255975110398088, 254.10024470614485, 

parameters:
1.4784875877511696, -57.78028264288973, 16.859235410992625, 
objectives:
-72.45359250674808, -40.64907203576751, 3324.8877524283653, 

parameters:
2.24714836701336, -88.58106448599484, 19.684099769980904, 
objectives:
-103.21548847260493, -68.83588240069658, 7832.9705614853665, 

parameters:
3.636486035734276, -42.573340400169066, 2.684095728259706, 
objectives:
-32.033405440338385, -37.211158126756075, 1824.0292477884982, 

parameters:
1.5390577658547528, -49.62497677482704, 0.6904567660982354, 
objectives:
-47.94673473428745, -48.722052265509994, 2465.3165619426627, 

parameters:
0.42491942856501963, -38.76899200308725, 20.0, 
objectives:
-58.58843548231523, -16.288113196575303, 1484.215297456215, 

parameters:
2.7339058600065655, -8.83267870638588, 3.127625583071689, 
objectives:
-4.48606303807933, -5.166435311962214, 83.36282879854907, 

parameters:
2.1334817628606313, -88.76402747934517, 2.7842538505760808, 
objectives:
-86.99653689746235, -85.96195624775271, 7881.820064935827, 

parameters:
4.026971455903641, -13.718373554980978, 13.610806779023, 
objectives:
-11.11268122734129, 4.001046507090146, 191.79946532164115, 

parameters:
4.87524565905019, -25.804579009134592, 3.6114760346483075, 
objectives:
-5.648034807695177, -13.926065374599323, 687.0328420401091, 

parameters:
0.37300850168099675, -42.11895046181511, 20, 
objectives:
-61.979815119488805, -19.471849126212796, 1755.1451233471614, 

parameters:
2.120714841220647, -66.16017011854977, 20, 
objectives:
-81.66273868077626, -46.14559804565884, 4362.66554155322, 

parameters:
1.1540389179299004, -65.0908650913348, 0.7450645680798857, 
objectives:
-64.50412383531787, -63.630150370877715, 4238.407459594365, 

parameters:
-2.0382018597675415, -10.61770343815108, 0.3993353198201689, 
objectives:
-6.862771936811384, 6.08870614189912, 117.49055780186497, 

parameters:
-1.582947796628698, -65.95935943850826, 5.86579274023576, 
objectives:
-69.31942845189236, -47.256051784906056, 4348.277028524945, 

