Generation 625 at Fri May 24 19:48:09 2019
parameters:
0.8487506695176061, -100.0, 20, 
objectives:
-119.27962230099341, -78.67462497906384, 9981.720377699006, 

parameters:
2.321290066455595, -1.6751967248701145, 0, 
objectives:
3.713190847755307, -1.5719694180670738, 9.19467163964098, 

parameters:
-2.2264170804712755, -7.51328686463019, 17.359575739733693, 
objectives:
-19.915929588149645, 27.708890213202842, 45.046836786705086, 

parameters:
0.44851923478147904, 0.459102976020934, 20.0, 
objectives:
-19.339727520010104, 22.86619554086398, -18.58805495343976, 

parameters:
1.9973066371654076, -100, 0, 
objectives:
-96.01076619713501, -99.99999274579665, 10004.989233802866, 

parameters:
2.9511589181491953, -34.25823137348482, 9.547694304352243, 
objectives:
-35.09658671766553, -23.80583378155783, 1173.7880614950388, 

parameters:
4.87524565905019, -25.804579009134592, 3.6114760346483075, 
objectives:
-5.648034807695177, -13.926065374599323, 687.0328420401091, 

parameters:
2.24714836701336, -88.58106448599484, 19.684099769980904, 
objectives:
-103.21548847260493, -68.83588240069658, 7832.9705614853665, 

parameters:
-2.077920664465856, -43.25326700406028, 5.881601145977248, 
objectives:
-44.8171138622233, -20.742228912405388, 1870.2812596663664, 

parameters:
0.8911361898510592, -97.03970232828077, 18.47607712580963, 
objectives:
-114.72165574522813, -77.3340462530131, 9400.021874544393, 

parameters:
1.963992464628603, -76.48927419312326, 4.0193777309163154, 
objectives:
-76.65138552292164, -72.46859991960342, 5851.446955260994, 

parameters:
-0.8617503026265657, -79.28160815096103, 5.4114965899074985, 
objectives:
-83.95049115679156, -65.6804967664703, 6281.904507996701, 

parameters:
3.4143534839137217, -22.228317051928133, 12.918095604241143, 
objectives:
-23.488602943055508, -7.3098256702281095, 493.83779306991164, 

parameters:
-2.468048589083216, -74.82233834077635, 20, 
objectives:
-88.73107450270071, -34.85888014636784, 5585.473578619687, 

parameters:
1.1449231802941593, -92.86201161917285, 8.666076381000401, 
objectives:
-100.21723891139837, -83.46477887057418, 8616.997974667169, 

parameters:
0.8279076446729481, -10.094516451804612, 17.932444973103138, 
objectives:
-27.341530356799844, 9.211729010714642, 85.65224849075875, 

parameters:
4.026971455903641, -13.718373554980978, 13.610806779023, 
objectives:
-11.11268122734129, 4.001046507090146, 191.79946532164115, 

parameters:
3.1060561445361348, -4.6065156745413125, 17.151722336039573, 
objectives:
-12.110653237570208, 13.768566856364398, 14.715849096765908, 

parameters:
0.8335781019142918, -48.652288232089134, 0.34369588608225055, 
objectives:
-48.30113166618035, -46.948052301673016, 2368.396306784188, 

parameters:
1.5262267290512739, -83.44166690194976, 20.0, 
objectives:
-101.1122988734792, -63.2172057896843, 6945.841143404408, 

parameters:
-0.4819300123668624, -55.0972358200112, 18.636969516849593, 
objectives:
-73.50194880004086, -30.300289716874236, 3018.3006820258956, 

parameters:
3.6195462634191897, -61.759431714889345, 4.230142808577911, 
objectives:
-52.888459370435434, -54.906358806956376, 3824.098378090534, 

parameters:
-1.8934067868068734, -58.349669353651734, 0, 
objectives:
-54.7646800933254, -43.19105294609791, 3409.2689029408107, 

parameters:
-0.004192276951867635, -63.567936273159546, 0.7683883336998056, 
objectives:
-64.33630703167331, -58.78276125646623, 4041.114151269959, 

parameters:
3.4303105756070256, -57.16140403713981, 16.10351615520203, 
objectives:
-61.49788954722044, -39.01209953924448, 3264.0896259870624, 

parameters:
-0.2437356248209701, -67.6318210505175, 0.48707397925235707, 
objectives:
-68.05948797496299, -62.11039751717439, 4574.635551684777, 

parameters:
-1.162949262205643, -81.86853026889808, 12.60653017928955, 
objectives:
-93.12260946172299, -59.257752054321315, 6692.2021691966565, 

parameters:
2.1334817628606313, -88.76402747934517, 2.7842538505760808, 
objectives:
-86.99653689746235, -85.96195624775271, 7881.820064935827, 

parameters:
0.012654530315180934, -95.21517305759906, 3.3916383568812685, 
objectives:
-98.60665127734283, -87.87399268484101, 9063.537702168793, 

parameters:
0.9507971222322769, -96.63883588595907, 3.209731094621836, 
objectives:
-98.94455181293571, -92.32827811262116, 9337.758885466355, 

parameters:
-0.9792880541368234, -70.20165354549466, 19.317326032067907, 
objectives:
-88.55997448458749, -42.00817020390437, 4910.913839582571, 

parameters:
3.045384900533082, -51.00374559046158, 0, 
objectives:
-41.729376398066684, -49.910916000199016, 2611.6564334489235, 

parameters:
2.963843636447773, -49.990927332829465, 0, 
objectives:
-41.206558231517505, -49.0619327773086, 2508.877184697548, 

parameters:
-0.43862902350062516, -67.83684957117812, 6.1509944985294345, 
objectives:
-73.79544864945044, -55.738943558389074, 4596.879560664378, 

parameters:
1.4784875877511696, -57.78028264288973, 16.859235410992625, 
objectives:
-72.45359250674808, -40.64907203576751, 3324.8877524283653, 

