Generation 629 at Fri May 24 19:48:09 2019
parameters:
0.8487506695176061, -100.0, 20, 
objectives:
-119.27962230099341, -78.67462497906384, 9981.720377699006, 

parameters:
2.321290066455595, -1.6751967248701145, 0, 
objectives:
3.713190847755307, -1.5719694180670738, 9.19467163964098, 

parameters:
-2.2264170804712755, -7.51328686463019, 17.359575739733693, 
objectives:
-19.915929588149645, 27.708890213202842, 45.046836786705086, 

parameters:
0.44851923478147904, 0.459102976020934, 20.0, 
objectives:
-19.339727520010104, 22.86619554086398, -18.58805495343976, 

parameters:
1.9973066371654076, -100, 0, 
objectives:
-96.01076619713501, -99.99999274579665, 10004.989233802866, 

parameters:
0.8335781019142918, -48.652288232089134, 0.34369588608225055, 
objectives:
-48.30113166618035, -46.948052301673016, 2368.396306784188, 

parameters:
0.8911361898510592, -97.03970232828077, 18.47607712580963, 
objectives:
-114.72165574522813, -77.3340462530131, 9400.021874544393, 

parameters:
4.87524565905019, -25.804579009134592, 3.6114760346483075, 
objectives:
-5.648034807695177, -13.926065374599323, 687.0328420401091, 

parameters:
3.2430803327991273, -36.57093579202724, 6.349245918702734, 
objectives:
-32.402611665741475, -28.676441159532516, 1342.601668830865, 

parameters:
1.963992464628603, -76.48927419312326, 4.0193777309163154, 
objectives:
-76.65138552292164, -72.46859991960342, 5851.446955260994, 

parameters:
1.672874860360201, -63.65137246628583, 5.340239873435471, 
objectives:
-66.19310204129613, -58.204121735865996, 4049.955487266839, 

parameters:
2.58182888017398, -44.086008841771076, 0, 
objectives:
-37.42016847527065, -43.74748399596657, 1951.2420159632177, 

parameters:
-1.954611569462883, -29.046365308144324, 18.405918997337206, 
objectives:
-43.63177791800338, 4.9985063545225685, 830.1059250043112, 

parameters:
3.4143534839137217, -22.228317051928133, 12.918095604241143, 
objectives:
-23.488602943055508, -7.3098256702281095, 493.83779306991164, 

parameters:
0.012654530315180934, -95.21517305759906, 3.3916383568812685, 
objectives:
-98.60665127734283, -87.87399268484101, 9063.537702168793, 

parameters:
1.7653243765494904, -73.16745772547101, 20.0, 
objectives:
-90.05108757103116, -53.11238507722912, 5337.593240163027, 

parameters:
0.9986732231373466, -88.96677699950928, 17.391389171067196, 
objectives:
-105.36081796396493, -70.57273251437994, 7899.693368715957, 

parameters:
1.147894632122039, -53.00419046958354, 7.872729755737405, 
objectives:
-59.559258138866355, -44.405377155879705, 2803.8891396666077, 

parameters:
3.1060561445361348, -4.6065156745413125, 17.151722336039573, 
objectives:
-12.110653237570208, 13.768566856364398, 14.715849096765908, 

parameters:
1.5262267290512739, -83.44166690194976, 20.0, 
objectives:
-101.1122988734792, -63.2172057896843, 6945.841143404408, 

parameters:
2.9511589181491953, -34.25823137348482, 9.547694304352243, 
objectives:
-35.09658671766553, -23.80583378155783, 1173.7880614950388, 

parameters:
3.4303105756070256, -57.16140403713981, 16.10351615520203, 
objectives:
-61.49788954722044, -39.01209953924448, 3264.0896259870624, 

parameters:
3.019249812786864, -68.03106591540504, 14.34552822318422, 
objectives:
-73.26072470657574, -52.646667511354764, 4623.996270795014, 

parameters:
1.1449231802941593, -92.86201161917285, 8.666076381000401, 
objectives:
-100.21723891139837, -83.46477887057418, 8616.997974667169, 

parameters:
-0.8617503026265657, -79.28160815096103, 5.4114965899074985, 
objectives:
-83.95049115679156, -65.6804967664703, 6281.904507996701, 

parameters:
-0.4819300123668624, -55.0972358200112, 18.636969516849593, 
objectives:
-73.50194880004086, -30.300289716874236, 3018.3006820258956, 

parameters:
0.6408934342550079, -61.17766183396256, 9.168652048780766, 
objectives:
-69.93556948867214, -50.16183912813065, 3734.94839981597, 

parameters:
4.326511506091534, -1.1820271268380615, 16.833455914063702, 
objectives:
0.703218771440671, 21.06408457520194, 4.282434026859775, 

parameters:
4.026971455903641, -13.718373554980978, 13.610806779023, 
objectives:
-11.11268122734129, 4.001046507090146, 191.79946532164115, 

parameters:
1.1467894549467506, -59.47557828322126, 4.738282854599051, 
objectives:
-62.89873508384324, -54.009327194432146, 3534.921255322958, 

parameters:
2.1334817628606313, -88.76402747934517, 2.7842538505760808, 
objectives:
-86.99653689746235, -85.96195624775271, 7881.820064935827, 

parameters:
-0.2081419854461959, -85.50955048654619, 13.41891843634656, 
objectives:
-98.88514583678726, -67.21474102230937, 7299.50762906095, 

parameters:
2.234651673167602, -86.09443623160226, 1.5561819669435224, 
objectives:
-82.65695009815502, -84.48319285693837, 7416.689436170875, 

parameters:
1.9906686201703323, -24.74933729797101, 14.246555448137466, 
objectives:
-35.033131190777624, -10.50269477518402, 603.2459027959325, 

parameters:
1.4626647257809118, -86.35752755212498, 20.0, 
objectives:
-104.21813945208123, -66.06879835520488, 7440.761953016069, 

