Generation 639 at Fri May 24 19:48:09 2019
parameters:
0.8487506695176061, -100.0, 20, 
objectives:
-119.27962230099341, -78.67462497906384, 9981.720377699006, 

parameters:
2.321290066455595, -1.6751967248701145, 0, 
objectives:
3.713190847755307, -1.5719694180670738, 9.19467163964098, 

parameters:
0.44851923478147904, 0.459102976020934, 20.0, 
objectives:
-19.339727520010104, 22.86619554086398, -18.58805495343976, 

parameters:
1.9973066371654076, -100, 0, 
objectives:
-96.01076619713501, -99.99999274579665, 10004.989233802866, 

parameters:
0.012654530315180934, -95.21517305759906, 3.3916383568812685, 
objectives:
-98.60665127734283, -87.87399268484101, 9063.537702168793, 

parameters:
-1.3924845232798784, -69.18009255627783, 3.517821994289484, 
objectives:
-70.75890140299333, -54.15331932129484, 4785.3063972484515, 

parameters:
1.5262267290512739, -83.44166690194976, 20.0, 
objectives:
-101.1122988734792, -63.2172057896843, 6945.841143404408, 

parameters:
3.4303105756070256, -57.16140403713981, 16.10351615520203, 
objectives:
-61.49788954722044, -39.01209953924448, 3264.0896259870624, 

parameters:
2.58182888017398, -44.086008841771076, 0, 
objectives:
-37.42016847527065, -43.74748399596657, 1951.2420159632177, 

parameters:
1.963992464628603, -76.48927419312326, 4.0193777309163154, 
objectives:
-76.65138552292164, -72.46859991960342, 5851.446955260994, 

parameters:
1.672874860360201, -63.65137246628583, 5.340239873435471, 
objectives:
-66.19310204129613, -58.204121735865996, 4049.955487266839, 

parameters:
1.7653243765494904, -73.16745772547101, 20.0, 
objectives:
-90.05108757103116, -53.11238507722912, 5337.593240163027, 

parameters:
3.017485481131639, -52.608342064438524, 1.8181141037742623, 
objectives:
-45.32123753937255, -49.75495125635058, 2775.924759294038, 

parameters:
0.3084337092092928, -39.056390760152986, 6.018064699237317, 
objectives:
-44.9793241064137, -30.17692954477624, 1520.4787258635026, 

parameters:
2.1274208134069905, -98.01763900919906, 14.102405553198498, 
objectives:
-107.59412524508029, -83.89899739231126, 9598.88107070178, 

parameters:
-1.672749156626053, -16.809394794598106, 13.172943365614868, 
objectives:
-27.184248419219802, 9.852634938514147, 273.1808997360402, 

parameters:
-0.28592640141648595, -78.34263498155934, 3.6591258347525963, 
objectives:
-81.92000690928496, -69.45804963411382, 6134.99108392612, 

parameters:
-2.2586972715865317, -22.347168641670127, 6.806935707775791, 
objectives:
-24.052390984773474, 2.5962695171242327, 498.6907239561413, 

parameters:
2.139114747424647, -89.1624789391729, 13.80783171968333, 
objectives:
-98.39449875620663, -75.33529430653854, 7941.715630761417, 

parameters:
4.87524565905019, -25.804579009134592, 3.6114760346483075, 
objectives:
-5.648034807695177, -13.926065374599323, 687.0328420401091, 

parameters:
3.784485749574238, -46.345240847043854, 15.4514617304773, 
objectives:
-47.47437018879067, -27.709389726133026, 2147.7522198287556, 

parameters:
-0.881548401481798, -33.90195824684226, 18.950583103984307, 
objectives:
-52.07541376667146, -6.648053952775648, 1132.1693174508068, 

parameters:
0.8911361898510592, -97.03970232828077, 18.47607712580963, 
objectives:
-114.72165574522813, -77.3340462530131, 9400.021874544393, 

parameters:
0.668589559187524, -38.518276489702274, 17.460601382803684, 
objectives:
-55.53186587385139, -19.285021344994117, 1467.6440343530019, 

parameters:
-3.8839327230053966, -59.72716537843016, 20, 
objectives:
-64.64223198159804, -5.106501089576454, 3563.419217539178, 

parameters:
2.7932448800428835, -29.139058726911493, 7.525444868468974, 
objectives:
-28.862286635494684, -20.98437641872827, 850.3615155818136, 

parameters:
0.6209205512483325, -2.448910293532413, 18.54557384368148, 
objectives:
-20.608941806251362, 17.99852367611827, -11.162869886949938, 

parameters:
1.479989809856669, -81.29624135585694, 2.7924158983735508, 
objectives:
-81.89828741695091, -78.23341485963049, 6609.47681252865, 

parameters:
4.557349888443422, -18.047265819536957, 9.402012260897369, 
objectives:
-6.679840074739051, -2.1052151067180027, 338.0712293058249, 

parameters:
4.358352079454346, -34.57146257673702, 1.4876764548861696, 
objectives:
-17.063906183139167, -27.52196159118421, 1213.693581088326, 

parameters:
3.1353198623276994, -27.8361974183615, 14.809487288221174, 
objectives:
-32.81545406747609, -11.737758940344541, 770.874630064881, 

parameters:
4.4637796730069095, -61.93501217535663, 13.213096554177913, 
objectives:
-55.22277976038487, -42.65170534405668, 3843.6579655765463, 

parameters:
2.6072490798649706, -86.64537012269528, 8.047133193733938, 
objectives:
-87.8947555519725, -78.22948548396448, 7507.1707782695785, 

parameters:
4.522762838371635, -27.525658398105655, 7.919751491037507, 
objectives:
-14.990026196987712, -13.241574568399239, 771.1975024503224, 

parameters:
-2.988936725856238, -21.916230122889743, 17.621500844032877, 
objectives:
-30.603988215750412, 20.594760375740293, 472.6333847065991, 

parameters:
1.4442419016241923, -87.11002589755586, 0, 
objectives:
-85.02419122714879, -86.80115883364556, 7591.24244654326, 

parameters:
1.7089752867018613, -100, 13.398995743680484, 
objectives:
-110.47839921312278, -86.51630887256925, 9990.521600786877, 

parameters:
0.11444163799461649, -88.2290151444813, 9.237459486882935, 
objectives:
-97.45337774285734, -75.43622532106993, 7776.134750766733, 

