Generation 645 at Fri May 24 19:48:09 2019
parameters:
0.8487506695176061, -100.0, 20, 
objectives:
-119.27962230099341, -78.67462497906384, 9981.720377699006, 

parameters:
2.321290066455595, -1.6751967248701145, 0, 
objectives:
3.713190847755307, -1.5719694180670738, 9.19467163964098, 

parameters:
0.44851923478147904, 0.459102976020934, 20.0, 
objectives:
-19.339727520010104, 22.86619554086398, -18.58805495343976, 

parameters:
1.9973066371654076, -100, 0, 
objectives:
-96.01076619713501, -99.99999274579665, 10004.989233802866, 

parameters:
1.7653243765494904, -73.16745772547101, 20.0, 
objectives:
-90.05108757103116, -53.11238507722912, 5337.593240163027, 

parameters:
1.963992464628603, -76.48927419312326, 4.0193777309163154, 
objectives:
-76.65138552292164, -72.46859991960342, 5851.446955260994, 

parameters:
1.5262267290512739, -83.44166690194976, 20.0, 
objectives:
-101.1122988734792, -63.2172057896843, 6945.841143404408, 

parameters:
1.672874860360201, -63.65137246628583, 5.340239873435471, 
objectives:
-66.19310204129613, -58.204121735865996, 4049.955487266839, 

parameters:
0.9492411450996877, -91.53450445750869, 17.5723156319417, 
objectives:
-108.20576133790021, -72.85809465441557, 8362.894249401286, 

parameters:
-1.3924845232798784, -69.18009255627783, 3.517821994289484, 
objectives:
-70.75890140299333, -54.15331932129484, 4785.3063972484515, 

parameters:
2.1274208134069905, -98.01763900919906, 14.102405553198498, 
objectives:
-107.59412524508029, -83.89899739231126, 9598.88107070178, 

parameters:
3.200847269601349, -24.299661812990124, 12.274047167438992, 
objectives:
-26.328285737114705, -10.583580480642118, 589.4449403015659, 

parameters:
3.4303105756070256, -57.16140403713981, 16.10351615520203, 
objectives:
-61.49788954722044, -39.01209953924448, 3264.0896259870624, 

parameters:
2.58182888017398, -44.086008841771076, 0, 
objectives:
-37.42016847527065, -43.74748399596657, 1951.2420159632177, 

parameters:
1.0470712472224681, -95.50083050208842, 0, 
objectives:
-94.4044723053284, -94.59275729421827, 9122.504984785382, 

parameters:
0.2779167824219728, -35.94094157069762, 17.018098799631783, 
objectives:
-52.881802632377614, -15.957272162801946, 1275.81041992662, 

parameters:
0.6649201989824085, -84.645244620601, 15.530348291026144, 
objectives:
-99.73347404061235, -67.3324582544897, 7150.729207461372, 

parameters:
2.139114747424647, -89.1624789391729, 13.80783171968333, 
objectives:
-98.39449875620663, -75.33529430653854, 7941.715630761417, 

parameters:
-0.04875367098276506, -3.134863033187436, 5.9116311718766665, 
objectives:
-9.044117284629806, 6.974159743054586, 4.918111985402761, 

parameters:
2.7932448800428835, -29.139058726911493, 7.525444868468974, 
objectives:
-28.862286635494684, -20.98437641872827, 850.3615155818136, 

parameters:
0.012654530315180934, -95.21517305759906, 3.3916383568812685, 
objectives:
-98.60665127734283, -87.87399268484101, 9063.537702168793, 

parameters:
2.183906327198545, -50.254807985978786, 4.150097754129179, 
objectives:
-49.635458894130124, -46.07088869466595, 2527.165074799446, 

parameters:
3.017485481131639, -52.608342064438524, 1.8181141037742623, 
objectives:
-45.32123753937255, -49.75495125635058, 2775.924759294038, 

parameters:
1.8139595633788896, -41.75401770286702, 3.454104649960663, 
objectives:
-41.91767305525395, -38.26530200884818, 1744.2343389789453, 

parameters:
4.394707168025499, -34.951151801458266, 4.798064148982759, 
objectives:
-20.435764857746328, -24.418465231882806, 1237.0983991922915, 

parameters:
3.9790438454214785, -18.032701062186657, 10.150883802246295, 
objectives:
-12.350794940646406, -3.9652027178397304, 331.86021371972805, 

parameters:
-1.2409241062603389, -77.38077543532205, 20, 
objectives:
-95.84088279782402, -46.877186372782674, 5970.324299609239, 

parameters:
0.40177683707522105, -60.10185741735137, 3.137012485608284, 
objectives:
-63.07744527614948, -54.4105276532338, 3610.257677156835, 

parameters:
0.3084337092092928, -39.056390760152986, 6.018064699237317, 
objectives:
-44.9793241064137, -30.17692954477624, 1520.4787258635026, 

parameters:
-1.7286590175134804, -14.470221766194634, 20, 
objectives:
-31.48195976736396, 19.43267630268996, 193.3755799616836, 

parameters:
3.1910848941162393, -9.908322229935855, 5.206087673208033, 
objectives:
-4.931387101687037, -3.2835513317359295, 104.15178454048987, 

parameters:
-0.7230078725469236, -11.612668050934767, 4.795277753428039, 
objectives:
-15.885205420597977, 0.5973815764457946, 131.58152189153788, 

parameters:
1.2226628208061237, -2.608371436630523, 17.987672215080597, 
objectives:
-19.101139278329534, 15.983553868607167, -8.689166290269032, 

parameters:
2.5436488835746824, -37.18970800392876, 9.016868986451996, 
objectives:
-39.73642734747003, -27.877284908864766, 1381.5276620739414, 

