Generation 646 at Fri May 24 19:48:09 2019
parameters:
0.8487506695176061, -100.0, 20, 
objectives:
-119.27962230099341, -78.67462497906384, 9981.720377699006, 

parameters:
2.321290066455595, -1.6751967248701145, 0, 
objectives:
3.713190847755307, -1.5719694180670738, 9.19467163964098, 

parameters:
0.44851923478147904, 0.459102976020934, 20.0, 
objectives:
-19.339727520010104, 22.86619554086398, -18.58805495343976, 

parameters:
1.9973066371654076, -100, 0, 
objectives:
-96.01076619713501, -99.99999274579665, 10004.989233802866, 

parameters:
1.5262267290512739, -83.44166690194976, 20.0, 
objectives:
-101.1122988734792, -63.2172057896843, 6945.841143404408, 

parameters:
1.672874860360201, -63.65137246628583, 5.340239873435471, 
objectives:
-66.19310204129613, -58.204121735865996, 4049.955487266839, 

parameters:
1.963992464628603, -76.48927419312326, 4.0193777309163154, 
objectives:
-76.65138552292164, -72.46859991960342, 5851.446955260994, 

parameters:
-1.3924845232798784, -69.18009255627783, 3.517821994289484, 
objectives:
-70.75890140299333, -54.15331932129484, 4785.3063972484515, 

parameters:
-0.04875367098276506, -3.134863033187436, 5.9116311718766665, 
objectives:
-9.044117284629806, 6.974159743054586, 4.918111985402761, 

parameters:
3.200847269601349, -24.299661812990124, 12.274047167438992, 
objectives:
-26.328285737114705, -10.583580480642118, 589.4449403015659, 

parameters:
1.7653243765494904, -73.16745772547101, 20.0, 
objectives:
-90.05108757103116, -53.11238507722912, 5337.593240163027, 

parameters:
-1.7286590175134804, -14.470221766194634, 20, 
objectives:
-31.48195976736396, 19.43267630268996, 193.3755799616836, 

parameters:
0.9492411450996877, -91.53450445750869, 17.5723156319417, 
objectives:
-108.20576133790021, -72.85809465441557, 8362.894249401286, 

parameters:
1.0470712472224681, -95.50083050208842, 0, 
objectives:
-94.4044723053284, -94.59275729421827, 9122.504984785382, 

parameters:
2.1274208134069905, -98.01763900919906, 14.102405553198498, 
objectives:
-107.59412524508029, -83.89899739231126, 9598.88107070178, 

parameters:
2.9242835935902933, -7.103570937990433, 17.493661762625674, 
objectives:
-16.045798164874746, 11.244390986015429, 42.51849284417797, 

parameters:
2.7932448800428835, -29.139058726911493, 7.525444868468974, 
objectives:
-28.862286635494684, -20.98437641872827, 850.3615155818136, 

parameters:
2.147488274873504, -0.949720577985945, 0.5040959571446901, 
objectives:
3.157889355588543, -0.4238718296160926, 6.009579109824445, 

parameters:
2.58182888017398, -44.086008841771076, 0, 
objectives:
-37.42016847527065, -43.74748399596657, 1951.2420159632177, 

parameters:
3.9790438454214785, -18.032701062186657, 10.150883802246295, 
objectives:
-12.350794940646406, -3.9652027178397304, 331.86021371972805, 

parameters:
4.394707168025499, -34.951151801458266, 4.798064148982759, 
objectives:
-20.435764857746328, -24.418465231882806, 1237.0983991922915, 

parameters:
3.017485481131639, -52.608342064438524, 1.8181141037742623, 
objectives:
-45.32123753937255, -49.75495125635058, 2775.924759294038, 

parameters:
2.139114747424647, -89.1624789391729, 13.80783171968333, 
objectives:
-98.39449875620663, -75.33529430653854, 7941.715630761417, 

parameters:
3.7819161703517437, -85.63772331236763, 14.60108468459461, 
objectives:
-85.93591807739423, -67.861413389612, 7334.521459360607, 

parameters:
-1.2409241062603389, -77.38077543532205, 20, 
objectives:
-95.84088279782402, -46.877186372782674, 5970.324299609239, 

parameters:
0.40177683707522105, -60.10185741735137, 3.137012485608284, 
objectives:
-63.07744527614948, -54.4105276532338, 3610.257677156835, 

parameters:
0.2779167824219728, -35.94094157069762, 17.018098799631783, 
objectives:
-52.881802632377614, -15.957272162801946, 1275.81041992662, 

parameters:
3.4303105756070256, -57.16140403713981, 16.10351615520203, 
objectives:
-61.49788954722044, -39.01209953924448, 3264.0896259870624, 

parameters:
-0.2413650901327481, -100, 14.754341425516431, 
objectives:
-114.69608431878164, -80.22194110721779, 9986.30391568122, 

parameters:
0.012654530315180934, -95.21517305759906, 3.3916383568812685, 
objectives:
-98.60665127734283, -87.87399268484101, 9063.537702168793, 

parameters:
0.773144944688791, -86.19085218130681, 1.4992500849368886, 
objectives:
-87.09234916074587, -83.18642876962726, 7428.961502760442, 

parameters:
0.3084337092092928, -39.056390760152986, 6.018064699237317, 
objectives:
-44.9793241064137, -30.17692954477624, 1520.4787258635026, 

parameters:
-0.33993800310432176, -46.37689937085956, 11.584411842150176, 
objectives:
-57.84575336705518, -29.317177670337543, 2140.3479412586385, 

parameters:
1.1710297164665175, -40.67838613194883, 3.238738047446787, 
objectives:
-42.545813582547964, -36.75245635352046, 1653.8636708493275, 

parameters:
2.183906327198545, -50.254807985978786, 4.150097754129179, 
objectives:
-49.635458894130124, -46.07088869466595, 2527.165074799446, 

parameters:
0.02904456101090669, -50.15546224370209, 5.929483757745188, 
objectives:
-56.08410241492296, -40.341313143476214, 2510.641752708205, 

parameters:
0.6649201989824085, -84.645244620601, 15.530348291026144, 
objectives:
-99.73347404061235, -67.3324582544897, 7150.729207461372, 

parameters:
1.8139595633788896, -41.75401770286702, 3.454104649960663, 
objectives:
-41.91767305525395, -38.26530200884818, 1744.2343389789453, 

parameters:
1.1797815973439614, -47.33321060880606, 6.669767651436352, 
objectives:
-52.61109364281094, -39.99068472931409, 2236.154943503586, 

parameters:
-1.166614479460298, -100.0, 0.6307482157871473, 
objectives:
-99.26975887210072, -89.34180452268524, 10001.7302411279, 

