Generation 655 at Fri May 24 19:48:09 2019
parameters:
0.8487506695176061, -100.0, 20, 
objectives:
-119.27962230099341, -78.67462497906384, 9981.720377699006, 

parameters:
2.321290066455595, -1.6751967248701145, 0, 
objectives:
3.713190847755307, -1.5719694180670738, 9.19467163964098, 

parameters:
0.44851923478147904, 0.459102976020934, 20.0, 
objectives:
-19.339727520010104, 22.86619554086398, -18.58805495343976, 

parameters:
1.9973066371654076, -100, 0, 
objectives:
-96.01076619713501, -99.99999274579665, 10004.989233802866, 

parameters:
-1.2432178872787314, -65.37989639017593, 13.924956721499159, 
objectives:
-77.7592623964253, -40.93647740431206, 4263.15148598389, 

parameters:
1.1167255398409803, -55.486980609612246, 10.700036581291723, 
objectives:
-64.93994125957084, -44.00677025635132, 3070.3520565215267, 

parameters:
1.6855480299553673, -86.14455711477898, 19.965797002940146, 
objectives:
-103.2692819564327, -66.07988007037387, 7404.759995659763, 

parameters:
0.9492411450996877, -91.53450445750869, 17.5723156319417, 
objectives:
-108.20576133790021, -72.85809465441557, 8362.894249401286, 

parameters:
4.32567813791395, -74.52706029518933, 0, 
objectives:
-55.81556894236263, -69.11828149401843, 5573.994207595612, 

parameters:
3.356317867787224, -80.61393334752617, 12.318385659497078, 
objectives:
-81.66744937739547, -66.45594952955021, 6498.5527337295225, 

parameters:
3.7667284440072026, -42.15026397316823, 16.721561080744852, 
objectives:
-44.68358188302016, -22.307373497559265, 1775.1114350979117, 

parameters:
-2.06821469030878, -14.067922724557462, 0, 
objectives:
-9.790410719348419, 2.482448041886702, 203.1839617893293, 

parameters:
0.012654530315180934, -95.21517305759906, 3.3916383568812685, 
objectives:
-98.60665127734283, -87.87399268484101, 9063.537702168793, 

parameters:
2.1274208134069905, -98.01763900919906, 14.102405553198498, 
objectives:
-107.59412524508029, -83.89899739231126, 9598.88107070178, 

parameters:
1.0470712472224681, -95.50083050208842, 0, 
objectives:
-94.4044723053284, -94.59275729421827, 9122.504984785382, 

parameters:
2.946876766992913, -31.267495211362913, 0, 
objectives:
-22.58341253152031, -30.370919599491963, 987.3403394724453, 

parameters:
2.58182888017398, -44.086008841771076, 0, 
objectives:
-37.42016847527065, -43.74748399596657, 1951.2420159632177, 

parameters:
-1.8519608321613275, -69.51488278186028, 0, 
objectives:
-66.0851238580006, -54.67728052935529, 4836.7486870996345, 

parameters:
1.7653243765494904, -73.16745772547101, 20.0, 
objectives:
-90.05108757103116, -53.11238507722912, 5337.593240163027, 

parameters:
-0.8521946669191696, -82.8044888257246, 4.593019820022818, 
objectives:
-86.67127289542195, -70.07645458769963, 6853.716585619853, 

parameters:
1.9790566465050659, -4.610053349561598, 0.0, 
objectives:
-0.6933881394857209, -4.609614725505985, 26.16925709587999, 

parameters:
2.139114747424647, -89.1624789391729, 13.80783171968333, 
objectives:
-98.39449875620663, -75.33529430653854, 7941.715630761417, 

parameters:
-0.6544860469151578, -34.77406035453687, 16.906660991935404, 
objectives:
-51.25236936086564, -10.821103189334206, 1193.756964534644, 

parameters:
-1.7286590175134804, -14.470221766194634, 20, 
objectives:
-31.48195976736396, 19.43267630268996, 193.3755799616836, 

parameters:
2.9242835935902933, -7.103570937990433, 17.493661762625674, 
objectives:
-16.045798164874746, 11.244390986015429, 42.51849284417797, 

parameters:
-0.6024625542580371, -50.48992962093857, 19.645132989998128, 
objectives:
-69.77210148165358, -24.071985284625175, 2530.9508212666146, 

parameters:
1.6181468531866656, -74.37744800820604, 16.18956852377659, 
objectives:
-87.94861729350473, -58.042067658698215, 5519.433602928094, 

parameters:
0.3451497543475396, -51.20749018509019, 0.2644967099344186, 
objectives:
-51.35285854209844, -48.20446413961976, 2623.0616826990995, 

parameters:
0.5546250589493278, -24.252481176433204, 3.340086252405363, 
objectives:
-27.284958472824023, -18.823286203810607, 586.150365916856, 

parameters:
0.2779167824219728, -35.94094157069762, 17.018098799631783, 
objectives:
-52.881802632377614, -15.957272162801946, 1275.81041992662, 

parameters:
-2.355442211173599, -20.404297761782296, 14.691012977154674, 
objectives:
-29.547202728758595, 13.256592070245151, 408.1924621844977, 

parameters:
2.2293816493520096, -26.06396608374331, 0, 
objectives:
-21.093823545275825, -26.011350142683863, 685.300470552989, 

parameters:
0.6024886370800704, -48.64789156958613, 17.012388684411142, 
objectives:
-65.29728769618667, -29.682464875684666, 2350.9679580396087, 

parameters:
3.9790438454214785, -18.032701062186657, 10.150883802246295, 
objectives:
-12.350794940646406, -3.9652027178397304, 331.86021371972805, 

parameters:
0.024997401820425313, -18.22329066505611, 0.3385393608398468, 
objectives:
-18.56120515579818, -13.984116041400192, 332.7504081723791, 

