Generation 658 at Fri May 24 19:48:09 2019
parameters:
0.8487506695176061, -100.0, 20, 
objectives:
-119.27962230099341, -78.67462497906384, 9981.720377699006, 

parameters:
2.321290066455595, -1.6751967248701145, 0, 
objectives:
3.713190847755307, -1.5719694180670738, 9.19467163964098, 

parameters:
0.44851923478147904, 0.459102976020934, 20.0, 
objectives:
-19.339727520010104, 22.86619554086398, -18.58805495343976, 

parameters:
1.9973066371654076, -100, 0, 
objectives:
-96.01076619713501, -99.99999274579665, 10004.989233802866, 

parameters:
-1.2432178872787314, -65.37989639017593, 13.924956721499159, 
objectives:
-77.7592623964253, -40.93647740431206, 4263.15148598389, 

parameters:
0.012654530315180934, -95.21517305759906, 3.3916383568812685, 
objectives:
-98.60665127734283, -87.87399268484101, 9063.537702168793, 

parameters:
3.7940035512881853, -56.361514926493605, 3.1480436229480495, 
objectives:
-45.11509560225429, -49.995022561510936, 3188.866784133601, 

parameters:
0.9492411450996877, -91.53450445750869, 17.5723156319417, 
objectives:
-108.20576133790021, -72.85809465441557, 8362.894249401286, 

parameters:
1.6855480299553673, -86.14455711477898, 19.965797002940146, 
objectives:
-103.2692819564327, -66.07988007037387, 7404.759995659763, 

parameters:
0.5546250589493278, -24.252481176433204, 3.340086252405363, 
objectives:
-27.284958472824023, -18.823286203810607, 586.150365916856, 

parameters:
1.9790566465050659, -4.610053349561598, 0.0, 
objectives:
-0.6933881394857209, -4.609614725505985, 26.16925709587999, 

parameters:
1.0358964443505334, -11.17938859652401, 3.520407820230996, 
objectives:
-13.626714973336929, -6.72948511027707, 123.53140301527816, 

parameters:
-1.8519608321613275, -69.51488278186028, 0, 
objectives:
-66.0851238580006, -54.67728052935529, 4836.7486870996345, 

parameters:
-0.6544860469151578, -34.77406035453687, 16.906660991935404, 
objectives:
-51.25236936086564, -10.821103189334206, 1193.756964534644, 

parameters:
3.356317867787224, -80.61393334752617, 12.318385659497078, 
objectives:
-81.66744937739547, -66.45594952955021, 6498.5527337295225, 

parameters:
4.310463852908312, -39.27444601502727, 0.0, 
objectives:
-20.6943473877981, -33.93620279943135, 1562.0622084145207, 

parameters:
1.1167255398409803, -55.486980609612246, 10.700036581291723, 
objectives:
-64.93994125957084, -44.00677025635132, 3070.3520565215267, 

parameters:
2.1274208134069905, -98.01763900919906, 14.102405553198498, 
objectives:
-107.59412524508029, -83.89899739231126, 9598.88107070178, 

parameters:
1.1337324361237502, -14.23408775834779, 20, 
objectives:
-32.9487385216287, 6.516331733876303, 184.89460354906552, 

parameters:
2.139114747424647, -89.1624789391729, 13.80783171968333, 
objectives:
-98.39449875620663, -75.33529430653854, 7941.715630761417, 

parameters:
-0.8767843124970452, -76.543563435123, 8.36465348684024, 
objectives:
-84.13946619132233, -59.90302196765367, 5852.3212005905, 

parameters:
-0.6024625542580371, -50.48992962093857, 19.645132989998128, 
objectives:
-69.77210148165358, -24.071985284625175, 2530.9508212666146, 

parameters:
1.155214255582155, -6.033812401025198, 14.767596735021016, 
objectives:
-19.466889159745982, 9.44744728796743, 23.973815332044687, 

parameters:
1.7653243765494904, -73.16745772547101, 20.0, 
objectives:
-90.05108757103116, -53.11238507722912, 5337.593240163027, 

parameters:
-1.7310380822227227, -27.142265199852297, 20, 
objectives:
-44.14577235774698, 6.7783799711439165, 720.6990530212183, 

parameters:
1.0806987981010598, -51.90800644041722, 20, 
objectives:
-70.74009654820014, -31.06289174060438, 2676.6090425106127, 

parameters:
1.6593750471201907, -16.239087028640633, 2.339876520961741, 
objectives:
-15.825438002597238, -13.78318514915452, 265.12159654980786, 

parameters:
-0.8521946669191696, -82.8044888257246, 4.593019820022818, 
objectives:
-86.67127289542195, -70.07645458769963, 6853.716585619853, 

parameters:
2.58182888017398, -44.086008841771076, 0, 
objectives:
-37.42016847527065, -43.74748399596657, 1951.2420159632177, 

parameters:
0.9925669834364069, -36.37589572914908, 2.651026458649529, 
objectives:
-38.041732971190555, -32.709947987637136, 1322.5399528558846, 

parameters:
4.32567813791395, -74.52706029518933, 0, 
objectives:
-55.81556894236263, -69.11828149401843, 5573.994207595612, 

parameters:
-1.002455088807083, -41.813014955889514, 3.750375769737726, 
objectives:
-44.558474520552025, -29.04790262584824, 1746.5827601367778, 

parameters:
1.7414050859190144, -51.7355154268665, 9.319736404357023, 
objectives:
-58.02276015795891, -42.348907692920925, 2671.276311752449, 

parameters:
0.17963000058572742, -76.56489485617672, 15.677698812269032, 
objectives:
-92.21032673133531, -57.57344910914017, 5847.537692462238, 

parameters:
0.9604669167565574, -48.47363371347616, 5.219983039783014, 
objectives:
-52.77112005507533, -42.173021642535524, 2346.395679046653, 

parameters:
-1.1008141274184344, -82.6490888256613, 14.017809978608522, 
objectives:
-95.45510706114581, -59.01623059425502, 6819.065865476566, 

parameters:
0.2779167824219728, -35.94094157069762, 17.018098799631783, 
objectives:
-52.881802632377614, -15.957272162801946, 1275.81041992662, 

parameters:
1.6181468531866656, -74.37744800820604, 16.18956852377659, 
objectives:
-87.94861729350473, -58.042067658698215, 5519.433602928094, 

parameters:
-0.7619084141962364, -100, 8.691979527323896, 
objectives:
-108.11147509570087, -83.67988238426814, 9992.8885249043, 

