[!]Generation 66 at Sun May 26 02:43:07 2019
size of front generated: 51
[!!!]Points in the front:
parameters:
0, 0, 20.0, 
objectives:
-20.0, 24.0, -19.0, 

parameters:
0, 0, 20.0, 
objectives:
-20.0, 24.0, -19.0, 

parameters:
1.9795007331513772, 0.0, 20.0, 
objectives:
-16.08157684745316, 20.000420219941333, -15.08157684745316, 

parameters:
1.6756459218233255, 7.449947621032138e-06, 20.0, 
objectives:
-17.192203294729236, 20.105213017977462, -16.192203294729236, 

parameters:
1.8691950872549494, 0, 20.0, 
objectives:
-16.50610972578196, 20.01710992519824, -15.506109725781961, 

parameters:
1.7988894979094006, 0.0011046344056344238, 20.0, 
objectives:
-16.76289193990563, 20.04155006845677, -15.76289193990563, 

parameters:
1.2236881718862025, 6.208434006324064e-07, 20.0, 
objectives:
-18.502586637142404, 20.602660675312787, -17.502586637142404, 

parameters:
0.6533156350095941, 0.00014447966516839352, 20.0, 
objectives:
-19.573034201386843, 21.81370325857478, -18.573034201386843, 

parameters:
1.5957141340628629, 7.970874278823687e-05, 20.0, 
objectives:
-17.45361669360922, 20.163526770139327, -16.45361669360922, 

parameters:
1.1443520876133522, 0.0, 20.0, 
objectives:
-18.690458299574964, 20.73213334997163, -17.690458299574964, 

parameters:
1.3630494544309866, 3.7834041383413403e-06, 20.0, 
objectives:
-18.14209240137125, 20.405709780904804, -17.14209240137125, 

parameters:
0.2309422431106718, 2.653914114969909e-07, 20.0, 
objectives:
-19.9466654149556, 23.129565612601713, -18.9466654149556, 

parameters:
1.306862119366931, 0.0003973571489257454, 20.0, 
objectives:
-18.29171404381485, 20.48083747871743, -17.29171404381485, 

parameters:
0.9609501861903735, 0.00029399293260460105, 20.0, 
objectives:
-19.07628074672808, 21.079918508510424, -18.07628074672808, 

parameters:
0.3028001146827021, 7.726299538701739e-05, 20.0, 
objectives:
-19.908234827552754, 22.880564713716435, -18.908234827552754, 

parameters:
1.9088676896490926, 0.00010050829306632032, 20.0, 
objectives:
-16.356123635120667, 20.00840560628296, -15.35612363512067, 

parameters:
0.36233334941976697, 2.6020342060294175e-07, 20.0, 
objectives:
-19.868714283694832, 22.6819523186261, -18.868714283694832, 

parameters:
1.942036834919947, 0.0002629209669274741, 20.0, 
objectives:
-16.228230010847188, 20.003622649473026, -15.228230010847188, 

parameters:
1.0393924203757627, 0.00022807329625502775, 20.0, 
objectives:
-18.919435323169157, 20.92299499532779, -17.919435323169157, 

parameters:
1.266477208612035, 4.246184815092365e-05, 20.0, 
objectives:
-18.395993018218117, 20.53809814733374, -17.395993018218117, 

parameters:
1.7130658961674765, 0.0014622846149302383, 20.0, 
objectives:
-17.06394295077299, 20.083793464557104, -16.06394295077299, 

parameters:
0.5596596669657066, 5.817092328055471e-06, 20.0, 
objectives:
-19.686775240079506, 22.074586092057668, -18.686775240079506, 

parameters:
0.4912199512161204, 6.93206564213213e-05, 20.0, 
objectives:
-19.758633638870812, 22.276486556264707, -18.758633638870812, 

parameters:
1.1061934112784393, 5.527861645735643e-05, 20.0, 
objectives:
-18.77628085822771, 20.79894549665853, -17.77628085822771, 

parameters:
0.7430805587380231, 0.00015449262439507216, 20.0, 
objectives:
-19.447676790601193, 21.580000974446715, -18.447676790601193, 

parameters:
0.6988740926798753, 0.0017436010828007099, 20.0, 
objectives:
-19.50983140149808, 21.69467222778242, -18.50983140149808, 

parameters:
1.402810440022295, 0.0, 20.0, 
objectives:
-18.032122869364457, 20.356635370546364, -17.032122869364457, 

parameters:
1.4322694616897922, 0.007898879910168017, 20.0, 
objectives:
-17.940705309200666, 20.330216844040166, -16.940705309200666, 

parameters:
1.0164714459758746, 0.00015085818058064888, 20.0, 
objectives:
-18.966634941335133, 20.967479274761367, -17.966634941335133, 

parameters:
0.9101559237713089, 0.0, 20.0, 
objectives:
-19.171616194423994, 21.187760110490768, -18.171616194423997, 

parameters:
0.15716824655536027, 4.5604857972443036e-05, 20.0, 
objectives:
-19.97525253741674, 23.396074476361818, -18.97525253741674, 

parameters:
0.8389622651877038, 0.00010013604686274248, 20.0, 
objectives:
-19.296042181544255, 21.34810875770493, -18.296042181544255, 

parameters:
0.8812854445444098, 8.503177430402576e-05, 20.0, 
objectives:
-19.22325093345986, 21.251607288362504, -18.22325093345986, 

parameters:
1.577962964204505, 8.413927950741496e-05, 20.0, 
objectives:
-17.509948744319423, 20.178199398862557, -16.509948744319423, 

parameters:
1.7480498127798965, 0.0004276082334124017, 20.0, 
objectives:
-16.943894243806756, 20.063906505073657, -15.943894243806756, 

parameters:
0.08646002945351702, 0.0, 20.0, 
objectives:
-19.9925246633069, 23.661635218879034, -18.992524663306895, 

parameters:
1.4890063845424226, 0.000257298278033477, 20.0, 
objectives:
-17.78260268851387, 20.26137177331644, -16.78260268851387, 

parameters:
1.7661198059263532, 0.00011518854874778142, 20.0, 
objectives:
-16.880705642565914, 20.054815133728674, -15.880705642565914, 

parameters:
1.471467987460389, 0.0, 20.0, 
objectives:
-17.834781961879273, 20.279346088279173, -16.834781961879273, 

parameters:
1.5392795031166053, 7.52442130319795e-05, 20.0, 
objectives:
-17.630543367072065, 20.212338620461512, -16.630543367072065, 

parameters:
0.42286961133471224, 5.1951266222813235e-05, 20.0, 
objectives:
-19.821129340543408, 22.487392214117744, -18.821129340543408, 

parameters:
1.5266606963610085, 0.00023402676815724433, 20.0, 
objectives:
-17.669073091418362, 20.224284123137604, -16.669073091418362, 

parameters:
0.009923021616560689, 0.0, 20.0, 
objectives:
-19.999901533641996, 23.96040637989176, -18.999901533641996, 

parameters:
0.437779438721733, 1.9645647309733415e-05, 20.0, 
objectives:
-19.808329517385175, 22.440552727727894, -18.808329517385175, 

parameters:
0.7903659770311147, 0, 20.0, 
objectives:
-19.375321622351652, 21.46321446952389, -18.375321622351652, 

parameters:
0.5424625254442279, 6.175216370875137e-07, 20.0, 
objectives:
-19.705733790967034, 22.124416107256053, -18.705733790967034, 

parameters:
0.8029386632460136, 0.0, 20.0, 
objectives:
-19.355289503064704, 21.43295584395124, -18.355289503064704, 

parameters:
1.1217003495852012, 6.917854511880366e-05, 20.0, 
objectives:
-18.74171914719532, 20.771479454463876, -17.74171914719532, 

parameters:
0.12409253802691389, 6.819169124156006e-05, 20.0, 
objectives:
-19.984532850314796, 23.51909699757755, -18.984532850314796, 

parameters:
0.10545070640392504, 0, 20.0, 
objectives:
-19.988880148518913, 23.589317025865387, -18.988880148518913, 

parameters:
0.552189693467239, 6.628085241648486e-05, 20.0, 
objectives:
-19.69502026157614, 22.096220964554902, -18.69502026157614, 

size of all points: 80
[!!!]All points:
0, 0, 20.0, -20.0, 24.0, -19.0, 

0, 0, 20.0, -20.0, 24.0, -19.0, 

1.9795007331513772, 0.0, 20.0, -16.08157684745316, 20.000420219941333, -15.08157684745316, 

1.6756459218233255, 7.449947621032138e-06, 20.0, -17.192203294729236, 20.105213017977462, -16.192203294729236, 

1.8691950872549494, 0, 20.0, -16.50610972578196, 20.01710992519824, -15.506109725781961, 

1.2236881718862025, 6.208434006324064e-07, 20.0, -18.502586637142404, 20.602660675312787, -17.502586637142404, 

1.1443520876133522, 0.0, 20.0, -18.690458299574964, 20.73213334997163, -17.690458299574964, 

0.6533156350095941, 0.00014447966516839352, 20.0, -19.573034201386843, 21.81370325857478, -18.573034201386843, 

0.9101559237713089, 0.0, 20.0, -19.171616194423994, 21.187760110490768, -18.171616194423997, 

1.5957141340628629, 7.970874278823687e-05, 20.0, -17.45361669360922, 20.163526770139327, -16.45361669360922, 

0.8389622651877038, 0.00010013604686274248, 20.0, -19.296042181544255, 21.34810875770493, -18.296042181544255, 

1.7988894979094006, 0.0011046344056344238, 20.0, -16.76289193990563, 20.04155006845677, -15.76289193990563, 

1.1061934112784393, 5.527861645735643e-05, 20.0, -18.77628085822771, 20.79894549665853, -17.77628085822771, 

0.10545070640392504, 0, 20.0, -19.988880148518913, 23.589317025865387, -18.988880148518913, 

1.5266606963610085, 0.00023402676815724433, 20.0, -17.669073091418362, 20.224284123137604, -16.669073091418362, 

0.3028001146827021, 7.726299538701739e-05, 20.0, -19.908234827552754, 22.880564713716435, -18.908234827552754, 

0.5596596669657066, 5.817092328055471e-06, 20.0, -19.686775240079506, 22.074586092057668, -18.686775240079506, 

1.9088676896490926, 0.00010050829306632032, 20.0, -16.356123635120667, 20.00840560628296, -15.35612363512067, 

1.942036834919947, 0.0002629209669274741, 20.0, -16.228230010847188, 20.003622649473026, -15.228230010847188, 

1.0393924203757627, 0.00022807329625502775, 20.0, -18.919435323169157, 20.92299499532779, -17.919435323169157, 

1.266477208612035, 4.246184815092365e-05, 20.0, -18.395993018218117, 20.53809814733374, -17.395993018218117, 

1.7130658961674765, 0.0014622846149302383, 20.0, -17.06394295077299, 20.083793464557104, -16.06394295077299, 

0.7903659770311147, 0, 20.0, -19.375321622351652, 21.46321446952389, -18.375321622351652, 

1.7480498127798965, 0.0004276082334124017, 20.0, -16.943894243806756, 20.063906505073657, -15.943894243806756, 

0.7430805587380231, 0.00015449262439507216, 20.0, -19.447676790601193, 21.580000974446715, -18.447676790601193, 

0.6988740926798753, 0.0017436010828007099, 20.0, -19.50983140149808, 21.69467222778242, -18.50983140149808, 

1.0164714459758746, 0.00015085818058064888, 20.0, -18.966634941335133, 20.967479274761367, -17.966634941335133, 

0.15716824655536027, 4.5604857972443036e-05, 20.0, -19.97525253741674, 23.396074476361818, -18.97525253741674, 

0.437779438721733, 1.9645647309733415e-05, 20.0, -19.808329517385175, 22.440552727727894, -18.808329517385175, 

1.306862119366931, 0.0003973571489257454, 20.0, -18.29171404381485, 20.48083747871743, -17.29171404381485, 

0.2309422431106718, 2.653914114969909e-07, 20.0, -19.9466654149556, 23.129565612601713, -18.9466654149556, 

1.577962964204505, 8.413927950741496e-05, 20.0, -17.509948744319423, 20.178199398862557, -16.509948744319423, 

1.4890063845424226, 0.000257298278033477, 20.0, -17.78260268851387, 20.26137177331644, -16.78260268851387, 

1.471467987460389, 0.0, 20.0, -17.834781961879273, 20.279346088279173, -16.834781961879273, 

1.4322694616897922, 0.007898879910168017, 20.0, -17.940705309200666, 20.330216844040166, -16.940705309200666, 

1.3630494544309866, 3.7834041383413403e-06, 20.0, -18.14209240137125, 20.405709780904804, -17.14209240137125, 

1.402810440022295, 0.0, 20.0, -18.032122869364457, 20.356635370546364, -17.032122869364457, 

0.5424625254442279, 6.175216370875137e-07, 20.0, -19.705733790967034, 22.124416107256053, -18.705733790967034, 

0.9609501861903735, 0.00029399293260460105, 20.0, -19.07628074672808, 21.079918508510424, -18.07628074672808, 

0.4912199512161204, 6.93206564213213e-05, 20.0, -19.758633638870812, 22.276486556264707, -18.758633638870812, 

3.9954010217035627, 17.141672127604757, 20.0, 13.104901451834628, 41.12329736502038, 14.104901451834628, 

0.6773188419595231, 15.876046648862209, 20.0, -3.665192537464403, 37.625532094697505, -2.665192537464403, 

2.898294109993717, 0.0001725757435389472, 20.0, -11.599718676232188, 20.80710488379294, -10.599718676232188, 

13.17393809083769, 2.4359079496177997e-05, 20.0, 153.55266918030372, 144.85691681695295, 154.55266918030372, 

12.929552236411391, 0.00041215838190158575, 20.0, 147.1737331924727, 139.45552424682714, 148.1737331924727, 

0.552189693467239, 6.628085241648486e-05, 20.0, -19.69502026157614, 22.096220964554902, -18.69502026157614, 

10.525995018774324, 24.042881546273563, 20.0, 114.83945268153545, 116.73547260643815, 115.83945268153545, 

1.1242908107747405, 32.69508940216509, 20.0, 13.959119229357611, 53.46195598625865, 14.959119229357611, 

5.952672341282765, 14.818664888747627, 20.0, 30.252972891420463, 50.4422835262894, 31.252972891420463, 

0.12409253802691389, 6.819169124156006e-05, 20.0, -19.984532850314796, 23.51909699757755, -18.984532850314796, 

0.36233334941976697, 2.6020342060294175e-07, 20.0, -19.868714283694832, 22.6819523186261, -18.868714283694832, 

0, 7.588914828101608, 20.0, -12.411085171898392, 31.588914828101608, -11.411085171898392, 

0.44206475946571927, 16.91027685290545, 20.0, -2.894301895533065, 39.33743906660406, -1.894301895533065, 

0.16012885164507668, 10.051632915127348, 20.0, -9.922725835743481, 33.436758757676216, -8.922725835743481, 

0.42286961133471224, 5.1951266222813235e-05, 20.0, -19.821129340543408, 22.487392214117744, -18.821129340543408, 

7.423990622689603, 6.911422649677929, 20.0, 42.02705941546109, 56.33109692470268, 43.02705941546109, 

1.1217003495852012, 6.917854511880366e-05, 20.0, -18.74171914719532, 20.771479454463876, -17.74171914719532, 

0.037928142437487974, 0.6349518625131679, 20.0, -19.363609593498072, 24.484677836751974, -18.363609593498072, 

1.5498731886830317, 12.714144414499641, 20.0, -4.88374868450185, 32.91675856076602, -3.8837486845018496, 

11.72498691802898, 0.00011028197456008142, 20.0, 117.47542850992531, 114.57548083780937, 118.47542850992531, 

14.356739964333388, 6.296571885128356e-05, 20.0, 186.1160453692063, 172.68908551187275, 187.1160453692063, 

5.123516091910679, 0.7342226190481309, 20.0, 6.984639763115801, 30.49057539547309, 7.984639763115801, 

1.5392795031166053, 7.52442130319795e-05, 20.0, -17.630543367072065, 20.212338620461512, -16.630543367072065, 

7.962702690343295, 3.501658851945253, 20.0, 46.9062929867456, 59.055482225372415, 47.9062929867456, 

9.185059129885254, 3.0107329521945383, 20.0, 67.37604417168299, 74.63580765214198, 68.37604417168299, 

0, 25.133913960721824, 20.0, 5.133913960721824, 49.13391396072183, 6.133913960721824, 

2.2881708276526993, 3.622369122836767, 20.0, -11.141905140642395, 23.70541154874681, -10.141905140642395, 

0, 23.739165929709106, 20.0, 3.739165929709106, 47.7391659297091, 4.739165929709106, 

28.05683373643488, 17.48622244348976, 20.0, 784.67214175744, 716.4448068117006, 785.67214175744, 

13.646353243781736, 34.528093473533524, 20.0, 200.7510503276058, 190.16563735247888, 201.7510503276058, 

0.08646002945351702, 0.0, 20.0, -19.9925246633069, 23.661635218879034, -18.992524663306895, 

0.009923021616560689, 0.0, 20.0, -19.999901533641996, 23.96040637989176, -18.999901533641996, 

0.8812854445444098, 8.503177430402576e-05, 20.0, -19.22325093345986, 21.251607288362504, -18.22325093345986, 

7.63281783042389, 5.160584040109373, 20.0, 43.420492072546224, 56.88922075085067, 44.420492072546224, 

1.1193068218983815, 0.8904574390909099, 20.0, -17.856694799360834, 21.66607791304564, -16.856694799360834, 

0.32082190053226106, 9.79780952001371, 20.0, -10.099263788125159, 32.61744860974579, -9.099263788125159, 

1.7661198059263532, 0.00011518854874778142, 20.0, -16.880705642565914, 20.054815133728674, -15.880705642565914, 

2.5380018496975265, 0, 20.0, -13.558546610931934, 20.28944599027796, -12.558546610931934, 

0.8029386632460136, 0.0, 20.0, -19.355289503064704, 21.43295584395124, -18.355289503064704, 

0.17255419923041404, 1.3819114571424707, 20.0, -18.58831359118548, 24.721469611892864, -17.58831359118548, 

