Generation 664 at Fri May 24 19:48:09 2019
parameters:
0.8487506695176061, -100.0, 20, 
objectives:
-119.27962230099341, -78.67462497906384, 9981.720377699006, 

parameters:
2.321290066455595, -1.6751967248701145, 0, 
objectives:
3.713190847755307, -1.5719694180670738, 9.19467163964098, 

parameters:
-2.453271524984646, -13.580356411464438, 17.65496672793149, 
objectives:
-25.21678196409544, 23.90623759170613, 173.78965470977226, 

parameters:
0.44851923478147904, 0.459102976020934, 20.0, 
objectives:
-19.339727520010104, 22.86619554086398, -18.58805495343976, 

parameters:
1.9973066371654076, -100, 0, 
objectives:
-96.01076619713501, -99.99999274579665, 10004.989233802866, 

parameters:
0.5623678674303441, -58.4370641261161, 6.740079919906647, 
objectives:
-64.86088642770459, -49.630198057612674, 3409.4666413782165, 

parameters:
0.9492411450996877, -91.53450445750869, 17.5723156319417, 
objectives:
-108.20576133790021, -72.85809465441557, 8362.894249401286, 

parameters:
-0.0955138806486604, -70.149995416311, 5.969456641218457, 
objectives:
-76.11032915613289, -59.78936035110134, 4916.061523168633, 

parameters:
1.6855480299553673, -86.14455711477898, 19.965797002940146, 
objectives:
-103.2692819564327, -66.07988007037387, 7404.759995659763, 

parameters:
-0.23709012202193147, -60.30868710429989, 20, 
objectives:
-80.25247537833951, -35.30411489025179, 3618.1939519703087, 

parameters:
3.576794092992137, -72.85638506944747, 0, 
objectives:
-60.06292908578402, -70.37010545775257, 5321.846301371271, 

parameters:
-0.6024625542580371, -50.48992962093857, 19.645132989998128, 
objectives:
-69.77210148165358, -24.071985284625175, 2530.9508212666146, 

parameters:
-0.8767843124970452, -76.543563435123, 8.36465348684024, 
objectives:
-84.13946619132233, -59.90302196765367, 5852.3212005905, 

parameters:
3.1954134221694, -99.00099252384977, 3.3437808013317114, 
objectives:
-92.13410638660113, -94.2281984726153, 9809.063406844609, 

parameters:
3.356317867787224, -80.61393334752617, 12.318385659497078, 
objectives:
-81.66744937739547, -66.45594952955021, 6498.5527337295225, 

parameters:
2.315253195297478, -16.579804062524623, 0.498422389159372, 
objectives:
-11.717829093348815, -15.981997096219981, 280.75187772088384, 

parameters:
1.1337324361237502, -14.23408775834779, 20, 
objectives:
-32.9487385216287, 6.516331733876303, 184.89460354906552, 

parameters:
0.012654530315180934, -95.21517305759906, 3.3916383568812685, 
objectives:
-98.60665127734283, -87.87399268484101, 9063.537702168793, 

parameters:
2.1274208134069905, -98.01763900919906, 14.102405553198498, 
objectives:
-107.59412524508029, -83.89899739231126, 9598.88107070178, 

parameters:
2.58182888017398, -44.086008841771076, 0, 
objectives:
-37.42016847527065, -43.74748399596657, 1951.2420159632177, 

parameters:
1.9790566465050659, -4.610053349561598, 0.0, 
objectives:
-0.6933881394857209, -4.609614725505985, 26.16925709587999, 

parameters:
1.1577442348491989, -29.00481021701645, 20, 
objectives:
-47.664438503689894, -8.295415443086686, 823.6193874384684, 

parameters:
0.5546250589493278, -24.252481176433204, 3.340086252405363, 
objectives:
-27.284958472824023, -18.823286203810607, 586.150365916856, 

parameters:
3.987829225216244, -77.9950934727404, 8.100704854660426, 
objectives:
-70.19301639791203, -65.94292358945616, 6092.036682896339, 

parameters:
3.502338225725035, -46.710111360736434, 14.018276069829703, 
objectives:
-48.46201438319135, -30.434815146432086, 2181.0826003099437, 

parameters:
0.8142223031329443, -94.09086907605565, 1.59300601993061, 
objectives:
-95.02091713706714, -91.09179430973771, 8853.161595426434, 

parameters:
2.40552306436146, -3.37937619408358, 17.87810370137199, 
objectives:
-15.470938682280623, 14.66317646301752, 0.3286209729417777, 

parameters:
4.310463852908312, -39.27444601502727, 0.0, 
objectives:
-20.6943473877981, -33.93620279943135, 1562.0622084145207, 

parameters:
-0.9355871969011129, -36.132002105083195, 2.1762178862049337, 
objectives:
-37.432896588282844, -25.338112028268526, 1305.2206816385367, 

parameters:
2.267416919938467, -8.86184922455468, 20.0, 
objectives:
-23.720669735731434, 11.209662584514696, 64.67355116756363, 

parameters:
-0.6544860469151578, -34.77406035453687, 16.906660991935404, 
objectives:
-51.25236936086564, -10.821103189334206, 1193.756964534644, 

parameters:
1.1095708138857818, -25.927682946738756, 12.589368370272005, 
objectives:
-37.285903925983604, -12.545450440982723, 661.8865220073628, 

parameters:
-0.7040267154430082, -36.82386054028146, 18.264300749338403, 
objectives:
-54.592507673562395, -11.247799313113553, 1339.228057956817, 

parameters:
-0.3450855714148837, -35.87383117744905, 20, 
objectives:
-55.754747125850315, -10.374404840190778, 1268.050847399714, 

parameters:
1.0358964443505334, -11.17938859652401, 3.520407820230996, 
objectives:
-13.626714973336929, -6.72948511027707, 123.53140301527816, 

parameters:
-1.8141727544915247, -59.63561637389539, 20, 
objectives:
-76.34439359075603, -25.087702572789922, 3540.697963077559, 

