Generation 669 at Fri May 24 19:48:09 2019
parameters:
0.8487506695176061, -100.0, 20, 
objectives:
-119.27962230099341, -78.67462497906384, 9981.720377699006, 

parameters:
2.321290066455595, -1.6751967248701145, 0, 
objectives:
3.713190847755307, -1.5719694180670738, 9.19467163964098, 

parameters:
0.44851923478147904, 0.459102976020934, 20.0, 
objectives:
-19.339727520010104, 22.86619554086398, -18.58805495343976, 

parameters:
1.9973066371654076, -100, 0, 
objectives:
-96.01076619713501, -99.99999274579665, 10004.989233802866, 

parameters:
2.8139439375326463, -45.81091516397462, 11.232086299552046, 
objectives:
-49.124720979949934, -33.91632413097643, 2096.3261423449044, 

parameters:
0.35269312139531617, -53.146988359511326, 20, 
objectives:
-73.02259592163176, -30.433368407213017, 2805.726764123912, 

parameters:
0.21226357554430386, -62.41747706358237, 16.62043100935093, 
objectives:
-78.99285224743045, -42.6010445309058, 3880.3660677989833, 

parameters:
-0.9355871969011129, -36.132002105083195, 2.1762178862049337, 
objectives:
-37.432896588282844, -25.338112028268526, 1305.2206816385367, 

parameters:
-0.9658701928923061, -8.053553939855792, 0.26395397723295344, 
objectives:
-7.384602687570925, 1.0067860384642082, 66.52868231445161, 

parameters:
2.40552306436146, -3.37937619408358, 17.87810370137199, 
objectives:
-15.470938682280623, 14.66317646301752, 0.3286209729417777, 

parameters:
2.1274208134069905, -98.01763900919906, 14.102405553198498, 
objectives:
-107.59412524508029, -83.89899739231126, 9598.88107070178, 

parameters:
1.3535526709746568, -69.13983077713719, 1.0291823953412882, 
objectives:
-68.33690833937585, -67.6927542325919, 4782.119122328929, 

parameters:
-0.8767843124970452, -76.543563435123, 8.36465348684024, 
objectives:
-84.13946619132233, -59.90302196765367, 5852.3212005905, 

parameters:
0.012654530315180934, -95.21517305759906, 3.3916383568812685, 
objectives:
-98.60665127734283, -87.87399268484101, 9063.537702168793, 

parameters:
1.1337324361237502, -14.23408775834779, 20, 
objectives:
-32.9487385216287, 6.516331733876303, 184.89460354906552, 

parameters:
-1.6795028327159045, -84.22963627937912, 11.413815059779463, 
objectives:
-92.82272157405784, -59.27708012363529, 7087.038542461821, 

parameters:
-2.2847550835195234, -31.07610438883989, 0, 
objectives:
-25.855998597171585, -12.716978263093495, 971.9443697777422, 

parameters:
0.8142223031329443, -94.09086907605565, 1.59300601993061, 
objectives:
-95.02091713706714, -91.09179430973771, 8853.161595426434, 

parameters:
0.9492411450996877, -91.53450445750869, 17.5723156319417, 
objectives:
-108.20576133790021, -72.85809465441557, 8362.894249401286, 

parameters:
3.356317867787224, -80.61393334752617, 12.318385659497078, 
objectives:
-81.66744937739547, -66.45594952955021, 6498.5527337295225, 

parameters:
3.576794092992137, -72.85638506944747, 0, 
objectives:
-60.06292908578402, -70.37010545775257, 5321.846301371271, 

parameters:
-0.2448612853198564, -92.70292333235072, 20, 
objectives:
-112.64296628330223, -67.6635211420228, 8574.891951412745, 

parameters:
-0.30388071298014596, -26.87362564987879, 17.86339688280656, 
objectives:
-44.64467904496402, -3.7023624274303266, 705.4207021747379, 

parameters:
0.198810362162345, -37.935312872149225, 18.361408549103942, 
objectives:
-56.257195861150045, -16.32962021159154, 1421.7660797188498, 

parameters:
3.7084716410851186, -37.73267302391914, 16.815335283428897, 
objectives:
-40.79524639461549, -17.998462392098165, 1421.6920401592988, 

parameters:
-0.3223081713213276, -61.135762233065144, 0.7226777611184785, 
objectives:
-61.75455743688312, -55.01996922936086, 3737.9626286140565, 

parameters:
0.5623678674303441, -58.4370641261161, 6.740079919906647, 
objectives:
-64.86088642770459, -49.630198057612674, 3409.4666413782165, 

parameters:
5.296789290708301, -55.5110730623038, 0.05252037111089683, 
objectives:
-27.507616643252547, -44.58973306386396, 3110.482688947482, 

parameters:
-1.3651989652029242, -86.9020475766335, 4.021516087743987, 
objectives:
-89.05979544978636, -71.55596741348668, 7550.80812513832, 

parameters:
1.9873825677248862, -54.24052427320684, 14.13675568143803, 
objectives:
-64.4275904841481, -40.103609392171585, 2932.847407221399, 

parameters:
3.565397862548884, -77.53460592023295, 5.452455475913461, 
objectives:
-70.27499947787827, -69.63167997624687, 6019.874721648176, 

parameters:
1.6855480299553673, -86.14455711477898, 19.965797002940146, 
objectives:
-103.2692819564327, -66.07988007037387, 7404.759995659763, 

parameters:
2.315253195297478, -16.579804062524623, 0.498422389159372, 
objectives:
-11.717829093348815, -15.981997096219981, 280.75187772088384, 

parameters:
1.1577442348491989, -29.00481021701645, 20, 
objectives:
-47.664438503689894, -8.295415443086686, 823.6193874384684, 

parameters:
-0.25388532731666613, -56.94864572207179, 0, 
objectives:
-56.8841879626451, -51.868646653378434, 3244.2127073374722, 

parameters:
-0.15300066294716375, -88.65993009078696, 13.6832622656975, 
objectives:
-102.31978315362218, -70.34125597043854, 7847.923350640395, 

parameters:
-0.23347027267692422, -19.808001097203878, 13.658014265092591, 
objectives:
-33.41150699407263, -1.1615973731797524, 379.7534015699612, 

parameters:
-0.054298761223363634, -88.60626519266, 16.564014486163245, 
objectives:
-105.16733132335285, -67.8221073061329, 7835.509165261299, 

parameters:
0.059642685335426354, -19.31762448699949, 8.014265534882663, 
objectives:
-27.328332771968135, -7.538372443544514, 366.15990753575375, 

