Generation 67 at Fri May 24 19:55:16 2019
parameters:
0, 0.0, 20.0, 
objectives:
-20.0, 24.0, -19.0, 

parameters:
0, 0.0, 20.0, 
objectives:
-20.0, 24.0, -19.0, 

parameters:
1.9739355561194551, 0.0, 20.0, 
objectives:
-16.103578420287377, 20.0006793552348, -15.103578420287377, 

parameters:
1.5953245174828792, 0.0, 20.0, 
objectives:
-17.45493968391802, 20.163762246150466, -16.45493968391802, 

parameters:
1.4825195324945888, 0.0, 20.0, 
objectives:
-17.802135835772027, 20.267786034249617, -16.802135835772027, 

parameters:
1.7016360969818285, 0.0, 20.0, 
objectives:
-17.10443459344845, 20.089021018624237, -16.10443459344845, 

parameters:
0.7126946262288519, 0.0, 20.0, 
objectives:
-19.492066369744517, 21.657155125340076, -18.492066369744517, 

parameters:
0.27447202989203884, 0.0, 20.0, 
objectives:
-19.924665104806945, 22.9774467756249, -18.924665104806945, 

parameters:
0.16624389257425082, 0.0, 20.0, 
objectives:
-19.972362968181763, 23.362661461521235, -18.972362968181763, 

parameters:
1.382188581739987, 0.0, 20.0, 
objectives:
-18.089554724507604, 20.381690948532448, -17.089554724507604, 

parameters:
0.4118653305032504, 0.0, 20.0, 
objectives:
-19.83036694952945, 22.52217172845755, -18.83036694952945, 

parameters:
1.1708830121455676, 0.0, 20.0, 
objectives:
-18.629032971868924, 20.687434979548808, -17.629032971868924, 

parameters:
1.7536519815823095, 0.0, 20.0, 
objectives:
-16.92470472749244, 20.060687346178323, -15.92470472749244, 

parameters:
0.5779332724679311, 0.0, 20.0, 
objectives:
-19.665993132574506, 22.022273777553767, -18.665993132574506, 

parameters:
1.9262043884348685, 0.0, 20.0, 
objectives:
-16.289736653974256, 20.00544579228627, -15.289736653974254, 

parameters:
1.0258952461578088, 0.0, 20.0, 
objectives:
-18.947538943910807, 20.948880071457957, -17.947538943910807, 

parameters:
0.029136948782468454, 0.0, 20.0, 
objectives:
-19.999151038215647, 23.884301166654478, -18.999151038215647, 

parameters:
1.798954911528291, 0.0, 20.0, 
objectives:
-16.76376122628824, 20.040419127598597, -15.763761226288239, 

parameters:
0.8881528672795997, 0.0, 20.0, 
objectives:
-19.211184484343026, 21.236204046538575, -18.211184484343026, 

parameters:
1.8833167652129128, 0.0, 20.0, 
objectives:
-16.45311796186797, 20.01361497728038, -15.45311796186797, 

parameters:
1.842663182040502, 0.0, 20.0, 
objectives:
-16.604592397552373, 20.02475487428562, -15.604592397552372, 

parameters:
1.2607457070311305, 0.0, 20.0, 
objectives:
-18.410520262202574, 20.546496909672904, -17.410520262202574, 

parameters:
0.48206504210452755, 0.0, 20.0, 
objectives:
-19.76761329518076, 22.304126536401128, -18.76761329518076, 

parameters:
0.8129219019056285, 0.0, 20.0, 
objectives:
-19.339157981402135, 21.40915441097535, -18.339157981402135, 

parameters:
0.9589209004043646, 0.0, 20.0, 
objectives:
-19.080470706767684, 21.083845691614858, -18.080470706767684, 

parameters:
0.7884867612354861, 0.0, 20.0, 
objectives:
-19.378288627356373, 21.467764327701683, -18.378288627356373, 

parameters:
1.1098839660927804, 0.0, 20.0, 
objectives:
-18.76815758181016, 20.79230655381872, -17.768157581810158, 

parameters:
1.331601498959274, 0.0, 20.0, 
objectives:
-18.226837447969416, 20.44675655619349, -17.226837447969416, 

parameters:
0.5369750889650502, 0.0, 20.0, 
objectives:
-19.711657753830977, 22.14044189030882, -18.711657753830977, 

parameters:
0.9312126483610365, 0.0, 20.0, 
objectives:
-19.132843003532425, 21.14230640302343, -18.132843003532425, 

parameters:
1.0728799851876034, 0.0, 20.0, 
objectives:
-18.84892853738385, 20.85955152186574, -17.84892853738385, 

parameters:
1.3082409113773963, 0.0, 20.0, 
objectives:
-18.28850571779844, 20.478530636691975, -17.28850571779844, 

parameters:
1.293858666212787, 0.0, 20.0, 
objectives:
-18.325929751866067, 20.498635583282784, -17.32592975186607, 

parameters:
1.088027685121803, 0.0, 20.0, 
objectives:
-18.81619575640849, 20.831693503104297, -17.81619575640849, 

parameters:
1.2708562233540066, 0.0, 20.0, 
objectives:
-18.38492445956239, 20.531650647021582, -17.38492445956239, 

parameters:
0.5732527242791252, 0.0, 20.0, 
objectives:
-19.67138131410656, 22.035607788776936, -18.67138131410656, 

parameters:
0, 0.0, 20.0, 
objectives:
-20.0, 24.0, -19.0, 

parameters:
0, 0.0, 20.0, 
objectives:
-20.0, 24.0, -19.0, 

parameters:
0, 0.0, 20.0, 
objectives:
-20.0, 24.0, -19.0, 

