Generation 678 at Fri May 24 19:48:09 2019
parameters:
0.8487506695176061, -100.0, 20, 
objectives:
-119.27962230099341, -78.67462497906384, 9981.720377699006, 

parameters:
2.321290066455595, -1.6751967248701145, 0, 
objectives:
3.713190847755307, -1.5719694180670738, 9.19467163964098, 

parameters:
0.44851923478147904, 0.459102976020934, 20.0, 
objectives:
-19.339727520010104, 22.86619554086398, -18.58805495343976, 

parameters:
1.9973066371654076, -100, 0, 
objectives:
-96.01076619713501, -99.99999274579665, 10004.989233802866, 

parameters:
-0.2448612853198564, -92.70292333235072, 20, 
objectives:
-112.64296628330223, -67.6635211420228, 8574.891951412745, 

parameters:
-0.8338011115573238, -66.43186625780355, 5.522812816578373, 
objectives:
-71.25945478074769, -52.87862470136165, 4409.365265971754, 

parameters:
3.576794092992137, -72.85638506944747, 0, 
objectives:
-60.06292908578402, -70.37010545775257, 5321.846301371271, 

parameters:
-1.6795028327159045, -84.22963627937912, 11.413815059779463, 
objectives:
-92.82272157405784, -59.27708012363529, 7087.038542461821, 

parameters:
2.847635693426773, -47.190634383347266, 12.174152501548146, 
objectives:
-51.25575784241724, -34.297995613028036, 2223.8908500436874, 

parameters:
2.1274208134069905, -98.01763900919906, 14.102405553198498, 
objectives:
-107.59412524508029, -83.89899739231126, 9598.88107070178, 

parameters:
2.4859213918757903, -7.702435111801146, 12.777877930795764, 
objectives:
-14.300507876011242, 5.311562418077124, 53.729433887297034, 

parameters:
-2.782715287828382, -75.91592419332986, 13.277716012717232, 
objectives:
-81.4501358329333, -39.763842656185304, 5758.6933344878025, 

parameters:
0.198810362162345, -37.935312872149225, 18.361408549103942, 
objectives:
-56.257195861150045, -16.32962021159154, 1421.7660797188498, 

parameters:
4.1856974219269745, -2.3535602161461995, 16.744996846027604, 
objectives:
-1.5784941542476822, 19.168709850099628, 7.314311752924663, 

parameters:
-0.4131329033880313, -9.263768496275896, 10.499766333621066, 
objectives:
-19.592856034035137, 7.059208246759119, 76.48831921483452, 

parameters:
-0.7333532571316308, -90.97677780221939, 10.90945534275054, 
objectives:
-101.34842614522435, -72.59610243119675, 8267.402450931393, 

parameters:
-0.9355871969011129, -36.132002105083195, 2.1762178862049337, 
objectives:
-37.432896588282844, -25.338112028268526, 1305.2206816385367, 

parameters:
2.534577492213791, -77.73753660874773, 14.598902783055152, 
objectives:
-85.91235632776613, -62.852860730511, 6035.949778277375, 

parameters:
0.012654530315180934, -95.21517305759906, 3.3916383568812685, 
objectives:
-98.60665127734283, -87.87399268484101, 9063.537702168793, 

parameters:
0.32965237249901636, -24.03465582370463, 9.982041506641929, 
objectives:
-33.90802664365233, -11.262553120364535, 568.7913097439912, 

parameters:
-1.4017940253551109, -87.96749433903544, 20, 
objectives:
-106.00246784951416, -56.39529174809371, 7721.245086777754, 

parameters:
5.296789290708301, -55.5110730623038, 0.05252037111089683, 
objectives:
-27.507616643252547, -44.58973306386396, 3110.482688947482, 

parameters:
2.8072192084399905, -9.464296553897924, 1.724142959732084, 
objectives:
-3.307959829395561, -7.088550743691355, 96.72924598462649, 

parameters:
0.7770418067075542, -62.63472484297206, 12.52894366622104, 
objectives:
-74.55987453982176, -48.6101544342099, 3912.183606457972, 

parameters:
0.6493889944363634, -26.01677813110099, 19.309055584741074, 
objectives:
-44.90412764974699, -4.8835724580102955, 658.9853948042887, 

parameters:
-1.619289851973363, -51.97215874071078, 16.684541086174406, 
objectives:
-66.03460020218128, -22.18835862193901, 2688.0428427081697, 

parameters:
2.5343194862404888, -96.01476534285571, 1.9380672536661798, 
objectives:
-91.53005733818364, -93.79120077581324, 9224.319871848316, 

parameters:
1.3867089444676322, -58.90731595364975, 12.3532798324328, 
objectives:
-69.33763408941601, -46.17791020242095, 3460.641554727352, 

parameters:
0.3302052988643423, -42.84835222251998, 20, 
objectives:
-62.739316683121885, -20.060137878579255, 1817.090323724531, 

parameters:
1.39144006771301, -30.1129053114423, 20, 
objectives:
-48.176799849405114, -9.742560120257156, 889.7231717579272, 

parameters:
0.974246575475721, -78.80616102531886, 20, 
objectives:
-97.85700463549269, -57.75399093739557, 6192.360171938311, 

parameters:
0.21226357554430386, -62.41747706358237, 16.62043100935093, 
objectives:
-78.99285224743045, -42.6010445309058, 3880.3660677989833, 

parameters:
0.35269312139531617, -53.146988359511326, 20, 
objectives:
-73.02259592163176, -30.433368407213017, 2805.726764123912, 

parameters:
-1.3651989652029242, -86.9020475766335, 4.021516087743987, 
objectives:
-89.05979544978636, -71.55596741348668, 7550.80812513832, 

parameters:
1.5199791415313033, -16.52305712593507, 13.655129032802414, 
objectives:
-27.867849568047244, -2.63750806856763, 262.66662434480145, 

parameters:
5.556441657606672, -44.09738937730406, 4.7406829519034925, 
objectives:
-17.964028434820776, -26.708429161440478, 1971.7131108360525, 

parameters:
0.9527916627511177, -99.9318067603492, 2.111688004427287, 
objectives:
-101.13568281216845, -96.72347345431834, 9986.162126335956, 

parameters:
1.233514539410304, -100, 2.8626902884374377, 
objectives:
-101.34113216950082, -96.54980975026717, 9999.6588678305, 

