[!]Generation 68 at Sun May 26 02:43:07 2019
size of front generated: 52
[!!!]Points in the front:
parameters:
0, 0, 20.0, 
objectives:
-20.0, 24.0, -19.0, 

parameters:
0, 0, 20.0, 
objectives:
-20.0, 24.0, -19.0, 

parameters:
1.9795007331513772, 0.0, 20.0, 
objectives:
-16.08157684745316, 20.000420219941333, -15.08157684745316, 

parameters:
0.8389622651877038, 0.00010013604686274248, 20.0, 
objectives:
-19.296042181544255, 21.34810875770493, -18.296042181544255, 

parameters:
1.1452487804084694, 3.954976495338016e-06, 20.0, 
objectives:
-18.68840127599642, 20.730603602369705, -17.68840127599642, 

parameters:
0.5596596669657066, 5.817092328055471e-06, 20.0, 
objectives:
-19.686775240079506, 22.074586092057668, -18.686775240079506, 

parameters:
1.2236881718862025, 6.208434006324064e-07, 20.0, 
objectives:
-18.502586637142404, 20.602660675312787, -17.502586637142404, 

parameters:
0.36233334941976697, 2.6020342060294175e-07, 20.0, 
objectives:
-19.868714283694832, 22.6819523186261, -18.868714283694832, 

parameters:
0.08646002945351702, 0.0, 20.0, 
objectives:
-19.9925246633069, 23.661635218879034, -18.992524663306895, 

parameters:
0.4666777162402703, 5.714364507200019e-06, 20.0, 
objectives:
-19.78220619480026, 22.351082940238662, -18.78220619480026, 

parameters:
0.2309422431106718, 2.653914114969909e-07, 20.0, 
objectives:
-19.9466654149556, 23.129565612601713, -18.9466654149556, 

parameters:
1.0164714459758746, 0.00015085818058064888, 20.0, 
objectives:
-18.966634941335133, 20.967479274761367, -17.966634941335133, 

parameters:
0.3028001146827021, 7.726299538701739e-05, 20.0, 
objectives:
-19.908234827552754, 22.880564713716435, -18.908234827552754, 

parameters:
1.8691950872549494, 0, 20.0, 
objectives:
-16.50610972578196, 20.01710992519824, -15.506109725781961, 

parameters:
1.7988894979094006, 0.0011046344056344238, 20.0, 
objectives:
-16.76289193990563, 20.04155006845677, -15.76289193990563, 

parameters:
1.306862119366931, 0.0003973571489257454, 20.0, 
objectives:
-18.29171404381485, 20.48083747871743, -17.29171404381485, 

parameters:
1.6756459218233255, 7.449947621032138e-06, 20.0, 
objectives:
-17.192203294729236, 20.105213017977462, -16.192203294729236, 

parameters:
1.6337339350199458, 0.0, 20.0, 
objectives:
-17.330913429564244, 20.134150830355974, -16.330913429564244, 

parameters:
1.942036834919947, 0.0002629209669274741, 20.0, 
objectives:
-16.228230010847188, 20.003622649473026, -15.228230010847188, 

parameters:
0.6533156350095941, 0.00014447966516839352, 20.0, 
objectives:
-19.573034201386843, 21.81370325857478, -18.573034201386843, 

parameters:
0.9609501861903735, 0.00029399293260460105, 20.0, 
objectives:
-19.07628074672808, 21.079918508510424, -18.07628074672808, 

parameters:
1.266477208612035, 4.246184815092365e-05, 20.0, 
objectives:
-18.395993018218117, 20.53809814733374, -17.395993018218117, 

parameters:
1.7130658961674765, 0.0014622846149302383, 20.0, 
objectives:
-17.06394295077299, 20.083793464557104, -16.06394295077299, 

parameters:
0.7550683521916386, 7.465869780945176e-05, 20.0, 
objectives:
-19.429797124820794, 21.549929466412653, -18.429797124820794, 

parameters:
1.0886472508413292, 4.576678184770219e-05, 20.0, 
objectives:
-18.814801396453767, 20.830609600180914, -17.814801396453767, 

parameters:
1.9088676896490926, 0.00010050829306632032, 20.0, 
objectives:
-16.356123635120667, 20.00840560628296, -15.35612363512067, 

parameters:
0.9101559237713089, 0.0, 20.0, 
objectives:
-19.171616194423994, 21.187760110490768, -18.171616194423997, 

parameters:
1.423799442211554, 1.4719410758326191e-05, 20.0, 
objectives:
-17.97278042894731, 20.332021802206473, -16.97278042894731, 

parameters:
1.471467987460389, 0.0, 20.0, 
objectives:
-17.834781961879273, 20.279346088279173, -16.834781961879273, 

parameters:
1.0604006903478833, 0, 20.0, 
objectives:
-18.875550375909732, 20.882846862698734, -17.875550375909732, 

parameters:
1.5392795031166053, 7.52442130319795e-05, 20.0, 
objectives:
-17.630543367072065, 20.212338620461512, -16.630543367072065, 

parameters:
1.577962964204505, 8.413927950741496e-05, 20.0, 
objectives:
-17.509948744319423, 20.178199398862557, -16.509948744319423, 

parameters:
1.5957141340628629, 7.970874278823687e-05, 20.0, 
objectives:
-17.45361669360922, 20.163526770139327, -16.45361669360922, 

parameters:
1.7480498127798965, 0.0004276082334124017, 20.0, 
objectives:
-16.943894243806756, 20.063906505073657, -15.943894243806756, 

parameters:
0.6988740926798753, 0.0017436010828007099, 20.0, 
objectives:
-19.50983140149808, 21.69467222778242, -18.50983140149808, 

parameters:
1.3553195347724192, 4.001589667042299e-05, 20.0, 
objectives:
-18.1630689427676, 20.41565291814272, -17.1630689427676, 

parameters:
1.5190481991293663, 7.161684919849622e-05, 20.0, 
objectives:
-17.69242095187263, 20.231386251609905, -16.69242095187263, 

parameters:
0.5000098972744363, 6.0351363739124174e-05, 20.0, 
objectives:
-19.749929751263867, 22.250030659638384, -18.749929751263867, 

parameters:
1.4890063845424226, 0.000257298278033477, 20.0, 
objectives:
-17.78260268851387, 20.26137177331644, -16.78260268851387, 

parameters:
1.7661198059263532, 0.00011518854874778142, 20.0, 
objectives:
-16.880705642565914, 20.054815133728674, -15.880705642565914, 

parameters:
0.16270092393543095, 0, 20.0, 
objectives:
-19.973528409350557, 23.37566789490772, -18.973528409350557, 

parameters:
0.15716824655536027, 4.5604857972443036e-05, 20.0, 
objectives:
-19.97525253741674, 23.396074476361818, -18.97525253741674, 

parameters:
1.8763519642005038, 0.00028267560344538933, 20.0, 
objectives:
-16.479020630837468, 20.01557151236052, -15.479020630837466, 

parameters:
0.7430805587380231, 0.00015449262439507216, 20.0, 
objectives:
-19.447676790601193, 21.580000974446715, -18.447676790601193, 

parameters:
0.9242902744302511, 0.000316561783128292, 20.0, 
objectives:
-19.14537092681052, 21.157467975468474, -18.14537092681052, 

parameters:
1.3907555497160695, 5.037310079806768e-05, 20.0, 
objectives:
-18.065748627833155, 20.371229173302567, -17.065748627833155, 

parameters:
1.7919750270382284, 6.120596709305336e-06, 20.0, 
objectives:
-16.78881938187463, 20.043280509972455, -15.788819381874632, 

parameters:
1.3630494544309866, 3.7834041383413403e-06, 20.0, 
objectives:
-18.14209240137125, 20.405709780904804, -17.14209240137125, 

parameters:
1.402810440022295, 0.0, 20.0, 
objectives:
-18.032122869364457, 20.356635370546364, -17.032122869364457, 

parameters:
0.6726416472704584, 0, 20.0, 
objectives:
-19.547553214357283, 21.76188019656088, -18.547553214357283, 

parameters:
0.4912199512161204, 6.93206564213213e-05, 20.0, 
objectives:
-19.758633638870812, 22.276486556264707, -18.758633638870812, 

parameters:
0.6666600493510233, 0, 20.0, 
objectives:
-19.555564378599293, 21.777795423996615, -18.555564378599293, 

size of all points: 80
[!!!]All points:
0, 0, 20.0, -20.0, 24.0, -19.0, 

0, 0, 20.0, -20.0, 24.0, -19.0, 

1.9795007331513772, 0.0, 20.0, -16.08157684745316, 20.000420219941333, -15.08157684745316, 

0.36233334941976697, 2.6020342060294175e-07, 20.0, -19.868714283694832, 22.6819523186261, -18.868714283694832, 

1.6756459218233255, 7.449947621032138e-06, 20.0, -17.192203294729236, 20.105213017977462, -16.192203294729236, 

1.8691950872549494, 0, 20.0, -16.50610972578196, 20.01710992519824, -15.506109725781961, 

1.7988894979094006, 0.0011046344056344238, 20.0, -16.76289193990563, 20.04155006845677, -15.76289193990563, 

0.5596596669657066, 5.817092328055471e-06, 20.0, -19.686775240079506, 22.074586092057668, -18.686775240079506, 

0.6533156350095941, 0.00014447966516839352, 20.0, -19.573034201386843, 21.81370325857478, -18.573034201386843, 

1.5957141340628629, 7.970874278823687e-05, 20.0, -17.45361669360922, 20.163526770139327, -16.45361669360922, 

0.8389622651877038, 0.00010013604686274248, 20.0, -19.296042181544255, 21.34810875770493, -18.296042181544255, 

0.4912199512161204, 6.93206564213213e-05, 20.0, -19.758633638870812, 22.276486556264707, -18.758633638870812, 

0.08646002945351702, 0.0, 20.0, -19.9925246633069, 23.661635218879034, -18.992524663306895, 

1.3630494544309866, 3.7834041383413403e-06, 20.0, -18.14209240137125, 20.405709780904804, -17.14209240137125, 

0.2309422431106718, 2.653914114969909e-07, 20.0, -19.9466654149556, 23.129565612601713, -18.9466654149556, 

1.306862119366931, 0.0003973571489257454, 20.0, -18.29171404381485, 20.48083747871743, -17.29171404381485, 

1.5392795031166053, 7.52442130319795e-05, 20.0, -17.630543367072065, 20.212338620461512, -16.630543367072065, 

0.9609501861903735, 0.00029399293260460105, 20.0, -19.07628074672808, 21.079918508510424, -18.07628074672808, 

0.15716824655536027, 4.5604857972443036e-05, 20.0, -19.97525253741674, 23.396074476361818, -18.97525253741674, 

1.2236881718862025, 6.208434006324064e-07, 20.0, -18.502586637142404, 20.602660675312787, -17.502586637142404, 

0.3028001146827021, 7.726299538701739e-05, 20.0, -19.908234827552754, 22.880564713716435, -18.908234827552754, 

1.9088676896490926, 0.00010050829306632032, 20.0, -16.356123635120667, 20.00840560628296, -15.35612363512067, 

1.942036834919947, 0.0002629209669274741, 20.0, -16.228230010847188, 20.003622649473026, -15.228230010847188, 

1.7130658961674765, 0.0014622846149302383, 20.0, -17.06394295077299, 20.083793464557104, -16.06394295077299, 

0.7550683521916386, 7.465869780945176e-05, 20.0, -19.429797124820794, 21.549929466412653, -18.429797124820794, 

1.1452487804084694, 3.954976495338016e-06, 20.0, -18.68840127599642, 20.730603602369705, -17.68840127599642, 

0.6988740926798753, 0.0017436010828007099, 20.0, -19.50983140149808, 21.69467222778242, -18.50983140149808, 

1.402810440022295, 0.0, 20.0, -18.032122869364457, 20.356635370546364, -17.032122869364457, 

1.4890063845424226, 0.000257298278033477, 20.0, -17.78260268851387, 20.26137177331644, -16.78260268851387, 

1.0164714459758746, 0.00015085818058064888, 20.0, -18.966634941335133, 20.967479274761367, -17.966634941335133, 

1.266477208612035, 4.246184815092365e-05, 20.0, -18.395993018218117, 20.53809814733374, -17.395993018218117, 

0.9101559237713089, 0.0, 20.0, -19.171616194423994, 21.187760110490768, -18.171616194423997, 

1.577962964204505, 8.413927950741496e-05, 20.0, -17.509948744319423, 20.178199398862557, -16.509948744319423, 

1.7480498127798965, 0.0004276082334124017, 20.0, -16.943894243806756, 20.063906505073657, -15.943894243806756, 

1.7661198059263532, 0.00011518854874778142, 20.0, -16.880705642565914, 20.054815133728674, -15.880705642565914, 

1.471467987460389, 0.0, 20.0, -17.834781961879273, 20.279346088279173, -16.834781961879273, 

0.5000098972744363, 6.0351363739124174e-05, 20.0, -19.749929751263867, 22.250030659638384, -18.749929751263867, 

0.7430805587380231, 0.00015449262439507216, 20.0, -19.447676790601193, 21.580000974446715, -18.447676790601193, 

1.0604006903478833, 0, 20.0, -18.875550375909732, 20.882846862698734, -17.875550375909732, 

1.0886472508413292, 4.576678184770219e-05, 20.0, -18.814801396453767, 20.830609600180914, -17.814801396453767, 

1.5190481991293663, 7.161684919849622e-05, 20.0, -17.69242095187263, 20.231386251609905, -16.69242095187263, 

0.4666777162402703, 5.714364507200019e-06, 20.0, -19.78220619480026, 22.351082940238662, -18.78220619480026, 

0.5888371740454676, 9.05608050462652, 20.0, -10.597190277835628, 31.0474610259825, -9.597190277835628, 

0.04610272608091222, 43.956310980938454, 20.0, 23.958436442290548, 67.7740255379669, 24.958436442290548, 

5.954285548464396, 9.914770877660636, 20.0, 25.368287270312592, 45.55114507645501, 26.368287270312592, 

10.668617386021747, 35.99256520223093, 20.0, 129.8119621315564, 131.13749258746944, 130.8119621315564, 

1.091938315320332, 0.3671096900321639, 20.0, -18.440561025503232, 21.191685713215442, -17.440561025503232, 

0, 7.397011537935227e-08, 20.0, -19.999999926029883, 24.000000073970114, -18.999999926029886, 

18.16963324894831, 2.599000119829259e-07, 20.0, 310.13557266118784, 281.45703966539463, 311.13557266118784, 

0.6726416472704584, 0, 20.0, -19.547553214357283, 21.76188019656088, -18.547553214357283, 

2.1729907904346057, 9.225849583123754, 20.0, -6.052261441562633, 29.255775396698944, -5.052261441562633, 

11.095461689078297, 8.968343289990635, 20.0, 112.07761338379484, 111.69576662748167, 113.07761338379484, 

1.7919750270382284, 6.120596709305336e-06, 20.0, -16.78881938187463, 20.043280509972455, -15.788819381874632, 

4.935358652720205, 1.382323148117519e-06, 20.0, 4.357766413303345, 28.616331802422525, 5.357766413303345, 

2.8253346482225163, 8.212661707323262, 20.0, -3.8048224182300885, 28.893838988879846, -2.8048224182300885, 

16.52762976260607, 1.8837817470639828e-05, 20.0, 253.16256440759952, 231.05204535717522, 254.16256440759952, 

1.8763519642005038, 0.00028267560344538933, 20.0, -16.479020630837468, 20.01557151236052, -15.479020630837466, 

0.6666600493510233, 0, 20.0, -19.555564378599293, 21.777795423996615, -18.555564378599293, 

0.9242902744302511, 0.000316561783128292, 20.0, -19.14537092681052, 21.157467975468474, -18.14537092681052, 

0.8128152721767224, 6.535397008134447, 20.0, -12.803934325181835, 27.944804586111275, -11.803934325181833, 

1.5074185557404933, 1.9521418770202372, 20.0, -15.775547420789007, 22.194778356249017, -14.775547420789007, 

7.6582882016370935, 10.126464948019999, 20.0, 48.77584312735391, 62.142690320805535, 49.77584312735391, 

0.9023031982728362, 16.74157768261701, 20.0, -2.4442712557696, 37.946515951139055, -1.4442712557695998, 

0.3361098343094312, 5.989302727346083, 20.0, -13.897727451934404, 28.757833210827872, -12.897727451934404, 

1.3553195347724192, 4.001589667042299e-05, 20.0, -18.1630689427676, 20.41565291814272, -17.1630689427676, 

0.16270092393543095, 0, 20.0, -19.973528409350557, 23.37566789490772, -18.973528409350557, 

1.3907555497160695, 5.037310079806768e-05, 20.0, -18.065748627833155, 20.371229173302567, -17.065748627833155, 

11.049775534504027, 3.2687266916896114, 20.0, 105.36626605461336, 105.16716391659726, 106.36626605461336, 

4.885932172415462, 1.4162741248952357, 20.0, 5.288607318339711, 29.74487862867786, 6.288607318339711, 

7.456425549084462, 1.3574565424661968e-05, 20.0, 35.59829554360494, 49.77259334726709, 36.59829554360494, 

14.898483402107038, 0.0007927017442361043, 20.0, 201.96560038460314, 186.371666776175, 202.96560038460314, 

1.6978469558104616, 22.920742767581395, 20.0, 5.803427052936247, 43.012039229694395, 6.803427052936247, 

4.113623159878547, 5.6839931626478574e-05, 20.0, -3.0780476585792087, 24.467459701906602, -2.0780476585792087, 

1.423799442211554, 1.4719410758326191e-05, 20.0, -17.97278042894731, 20.332021802206473, -16.97278042894731, 

2.0066090880678753, 0.7254107636216965, 20.0, -15.248109204061713, 20.725454443666784, -14.248109204061713, 

0.3071980496420867, 11.757432584356458, 20.0, -8.14819677393964, 34.62301102749201, -7.14819677393964, 

2.1206513797747144, 1.652161315156422, 20.0, -13.850676410303178, 21.666718070597966, -12.850676410303178, 

2.290752024543512, 36.80801277941174, 20.0, 22.05555761736194, 56.89254951918789, 23.05555761736194, 

1.6337339350199458, 0.0, 20.0, -17.330913429564244, 20.134150830355974, -16.330913429564244, 

0, 24.065314205068532, 20.0, 4.065314205068532, 48.06531420506853, 5.065314205068532, 

