Generation 684 at Fri May 24 19:48:09 2019
parameters:
0.8487506695176061, -100.0, 20, 
objectives:
-119.27962230099341, -78.67462497906384, 9981.720377699006, 

parameters:
2.321290066455595, -1.6751967248701145, 0, 
objectives:
3.713190847755307, -1.5719694180670738, 9.19467163964098, 

parameters:
0.44851923478147904, 0.459102976020934, 20.0, 
objectives:
-19.339727520010104, 22.86619554086398, -18.58805495343976, 

parameters:
1.9973066371654076, -100, 0, 
objectives:
-96.01076619713501, -99.99999274579665, 10004.989233802866, 

parameters:
2.1274208134069905, -98.01763900919906, 14.102405553198498, 
objectives:
-107.59412524508029, -83.89899739231126, 9598.88107070178, 

parameters:
-0.7333532571316308, -90.97677780221939, 10.90945534275054, 
objectives:
-101.34842614522435, -72.59610243119675, 8267.402450931393, 

parameters:
2.5343194862404888, -96.01476534285571, 1.9380672536661798, 
objectives:
-91.53005733818364, -93.79120077581324, 9224.319871848316, 

parameters:
-0.2448612853198564, -92.70292333235072, 20, 
objectives:
-112.64296628330223, -67.6635211420228, 8574.891951412745, 

parameters:
-1.6795028327159045, -84.22963627937912, 11.413815059779463, 
objectives:
-92.82272157405784, -59.27708012363529, 7087.038542461821, 

parameters:
-1.4017940253551109, -87.96749433903544, 20, 
objectives:
-106.00246784951416, -56.39529174809371, 7721.245086777754, 

parameters:
2.4859213918757903, -7.702435111801146, 12.777877930795764, 
objectives:
-14.300507876011242, 5.311562418077124, 53.729433887297034, 

parameters:
4.1856974219269745, -2.3535602161461995, 16.744996846027604, 
objectives:
-1.5784941542476822, 19.168709850099628, 7.314311752924663, 

parameters:
0.198810362162345, -37.935312872149225, 18.361408549103942, 
objectives:
-56.257195861150045, -16.32962021159154, 1421.7660797188498, 

parameters:
-1.6582076718672734, -74.07667034947075, 18.27377187868954, 
objectives:
-89.6007895451208, -42.420415100272635, 5472.828970868508, 

parameters:
2.7865976202047213, -43.59513838687796, 6.67468139251441, 
objectives:
-42.504693482461754, -36.301721178251825, 1902.6265358754567, 

parameters:
-0.9355871969011129, -36.132002105083195, 2.1762178862049337, 
objectives:
-37.432896588282844, -25.338112028268526, 1305.2206816385367, 

parameters:
2.534577492213791, -77.73753660874773, 14.598902783055152, 
objectives:
-85.91235632776613, -62.852860730511, 6035.949778277375, 

parameters:
2.6621927851305003, -60.58971395673125, 6.925413259780961, 
objectives:
-60.42785679131132, -53.2258014122714, 3672.2752945239336, 

parameters:
2.847635693426773, -47.190634383347266, 12.174152501548146, 
objectives:
-51.25575784241724, -34.297995613028036, 2223.8908500436874, 

parameters:
0.7770418067075542, -62.63472484297206, 12.52894366622104, 
objectives:
-74.55987453982176, -48.6101544342099, 3912.183606457972, 

parameters:
3.3997314620364727, -22.623405385872285, 20.0, 
objectives:
-31.065231371911633, -0.6641572200575254, 504.37664526747574, 

parameters:
0.8100047035906766, -78.641393890672, 11.657221966799765, 
objectives:
-89.64250823763275, -65.56808311839592, 6174.467718720864, 

parameters:
-1.4105797628575414, -70.56710168720232, 8.42404004179269, 
objectives:
-77.00140646161178, -50.51100732659623, 4974.281535757544, 

parameters:
5.466100648949317, -41.969823277866375, 1.559828377716694, 
objectives:
-13.651395351138923, -28.396141191502803, 1790.7844939020617, 

parameters:
1.6354013640839726, -54.81310086008638, 15.894001472915487, 
objectives:
-68.03256471135415, -38.78616722185906, 2992.2565620467344, 

parameters:
0.3302052988643423, -42.84835222251998, 20, 
objectives:
-62.739316683121885, -20.060137878579255, 1817.090323724531, 

parameters:
1.6343179040191151, -51.72369738105104, 20, 
objectives:
-69.0527023696536, -31.58997398573007, 2659.0118657779435, 

parameters:
0.40612276867322183, -16.247606694414273, 10.330272306555486, 
objectives:
-26.412943297734955, -3.376889759316871, 254.81938669305478, 

parameters:
2.3437036169055467, -67.91801164705663, 20.0, 
objectives:
-82.42506500316048, -47.79987947078267, 4599.349252733617, 

parameters:
0.27719197205707374, -31.373143569752372, 20, 
objectives:
-51.296308180379484, -8.405076068607777, 965.3509728376675, 

parameters:
2.8072192084399905, -9.464296553897924, 1.724142959732084, 
objectives:
-3.307959829395561, -7.088550743691355, 96.72924598462649, 

parameters:
-0.36602834967939474, -67.59509520571007, 12.13259836795702, 
objectives:
-79.59371682089807, -49.86440668626645, 4558.09827425382, 

parameters:
3.7393748249748775, -54.41300502388335, 11.24541160926363, 
objectives:
-51.67549255149109, -40.14216863286333, 2964.5126282015467, 

parameters:
2.095351638100135, -26.074332268603357, 0, 
objectives:
-21.683833781314437, -26.06524033371498, 685.2613017408192, 

parameters:
3.3673094354945574, -50.21080264456007, 20, 
objectives:
-58.872029810189396, -28.341267552167622, 2513.463475045331, 

parameters:
2.116428764587221, -100, 1.1533096508694227, 
objectives:
-96.67403893529723, -98.83313469190728, 10004.325961064702, 

parameters:
3.786760236075093, -26.761079086391433, 16.967571573393723, 
objectives:
-29.389097574265662, -6.600995371778588, 714.5273353802228, 

