Generation 688 at Fri May 24 19:48:09 2019
parameters:
0.8487506695176061, -100.0, 20, 
objectives:
-119.27962230099341, -78.67462497906384, 9981.720377699006, 

parameters:
2.321290066455595, -1.6751967248701145, 0, 
objectives:
3.713190847755307, -1.5719694180670738, 9.19467163964098, 

parameters:
0.44851923478147904, 0.459102976020934, 20.0, 
objectives:
-19.339727520010104, 22.86619554086398, -18.58805495343976, 

parameters:
1.9973066371654076, -100, 0, 
objectives:
-96.01076619713501, -99.99999274579665, 10004.989233802866, 

parameters:
2.847635693426773, -47.190634383347266, 12.174152501548146, 
objectives:
-51.25575784241724, -34.297995613028036, 2223.8908500436874, 

parameters:
2.4859213918757903, -7.702435111801146, 12.777877930795764, 
objectives:
-14.300507876011242, 5.311562418077124, 53.729433887297034, 

parameters:
-0.9210260904093476, -83.37463681383838, 12.778309181264728, 
objectives:
-95.30465693588839, -62.06393421172153, 6940.4000437174045, 

parameters:
-1.0618231456155887, -64.37256183688581, 18.582385338053694, 
objectives:
-81.82747878237451, -36.41541552380478, 4127.371800498198, 

parameters:
2.1274208134069905, -98.01763900919906, 14.102405553198498, 
objectives:
-107.59412524508029, -83.89899739231126, 9598.88107070178, 

parameters:
2.5343194862404888, -96.01476534285571, 1.9380672536661798, 
objectives:
-91.53005733818364, -93.79120077581324, 9224.319871848316, 

parameters:
-0.2448612853198564, -92.70292333235072, 20, 
objectives:
-112.64296628330223, -67.6635211420228, 8574.891951412745, 

parameters:
4.570512920334078, -3.30367953102688, 15.340948756356187, 
objectives:
2.2449600675576775, 18.64480589893374, 17.462938042310544, 

parameters:
3.6065381272418104, -55.317095371013465, 9.571433582320164, 
objectives:
-51.88141169008476, -43.164697034411674, 3064.416723966728, 

parameters:
-0.7333532571316308, -90.97677780221939, 10.90945534275054, 
objectives:
-101.34842614522435, -72.59610243119675, 8267.402450931393, 

parameters:
4.080129785422935, -75.80218177501851, 14.029947393484994, 
objectives:
-73.1846701026081, -57.445294457329844, 5749.588273525359, 

parameters:
-1.101197824118272, -27.587932662013493, 9.06533797992175, 
objectives:
-35.44063399409242, -8.905166737775836, 754.2413272317119, 

parameters:
-1.4017940253551109, -87.96749433903544, 20, 
objectives:
-106.00246784951416, -56.39529174809371, 7721.245086777754, 

parameters:
2.6621927851305003, -60.58971395673125, 6.925413259780961, 
objectives:
-60.42785679131132, -53.2258014122714, 3672.2752945239336, 

parameters:
0.8100047035906766, -78.641393890672, 11.657221966799765, 
objectives:
-89.64250823763275, -65.56808311839592, 6174.467718720864, 

parameters:
0.198810362162345, -37.935312872149225, 18.361408549103942, 
objectives:
-56.257195861150045, -16.32962021159154, 1421.7660797188498, 

parameters:
-1.4105797628575414, -70.56710168720232, 8.42404004179269, 
objectives:
-77.00140646161178, -50.51100732659623, 4974.281535757544, 

parameters:
2.7865976202047213, -43.59513838687796, 6.67468139251441, 
objectives:
-42.504693482461754, -36.301721178251825, 1902.6265358754567, 

parameters:
-1.8847051003693691, -21.009967214454285, 20.0, 
objectives:
-37.45785389909597, 14.080966502381505, 425.97083566780225, 

parameters:
0.3302052988643423, -42.84835222251998, 20, 
objectives:
-62.739316683121885, -20.060137878579255, 1817.090323724531, 

parameters:
2.0966231487643183, -10.837717184592734, 19.063803864080146, 
objectives:
-25.505692420738477, 8.235422712364544, 103.7881385370709, 

parameters:
3.0518860013807476, -95.1511581550587, 18.299220066230287, 
objectives:
-104.13637005586521, -75.74547392892762, 9045.757686348186, 

parameters:
1.003337849003882, -41.11026240838018, 14.073933194335766, 
objectives:
-54.17750876347221, -26.042993770816203, 1677.9864289307845, 

parameters:
3.2423650307854954, -30.079480216386354, 7.646608534616096, 
objectives:
-27.213157758141822, -20.889400812051612, 908.6414525462227, 

parameters:
0.7770418067075542, -62.63472484297206, 12.52894366622104, 
objectives:
-74.55987453982176, -48.6101544342099, 3912.183606457972, 

parameters:
-1.6582076718672734, -74.07667034947075, 18.27377187868954, 
objectives:
-89.6007895451208, -42.420415100272635, 5472.828970868508, 

parameters:
0.6289295321262274, -70.94273900319547, 18.78791209562313, 
objectives:
-89.33509874243808, -50.27499267969674, 5015.479857536269, 

parameters:
-0.9355871969011129, -36.132002105083195, 2.1762178862049337, 
objectives:
-37.432896588282844, -25.338112028268526, 1305.2206816385367, 

parameters:
2.574067205407809, -17.9222051232199, 15.222977910916047, 
objectives:
-26.51936105617998, -2.3696740559791216, 313.6082805458096, 

parameters:
0.27719197205707374, -31.373143569752372, 20, 
objectives:
-51.296308180379484, -8.405076068607777, 965.3509728376675, 

