Generation 694 at Fri May 24 19:48:09 2019
parameters:
2.321290066455595, -1.6751967248701145, 0, 
objectives:
3.713190847755307, -1.5719694180670738, 9.19467163964098, 

parameters:
0.8487506695176061, -100.0, 20, 
objectives:
-119.27962230099341, -78.67462497906384, 9981.720377699006, 

parameters:
-1.3219323392972635, -5.24845011474817, 17.328293980278993, 
objectives:
-20.829238985347228, 23.11507833239981, 12.965439736401024, 

parameters:
0.44851923478147904, 0.459102976020934, 20.0, 
objectives:
-19.339727520010104, 22.86619554086398, -18.58805495343976, 

parameters:
1.9973066371654076, -100, 0, 
objectives:
-96.01076619713501, -99.99999274579665, 10004.989233802866, 

parameters:
-0.9507709164615219, -52.88092148016357, 14.352609031020704, 
objectives:
-66.32956517559519, -29.821263447707693, 2783.9432128957933, 

parameters:
-1.8847051003693691, -21.009967214454285, 20.0, 
objectives:
-37.45785389909597, 14.080966502381505, 425.97083566780225, 

parameters:
2.5343194862404888, -96.01476534285571, 1.9380672536661798, 
objectives:
-91.53005733818364, -93.79120077581324, 9224.319871848316, 

parameters:
-0.9210260904093476, -83.37463681383838, 12.778309181264728, 
objectives:
-95.30465693588839, -62.06393421172153, 6940.4000437174045, 

parameters:
2.1274208134069905, -98.01763900919906, 14.102405553198498, 
objectives:
-107.59412524508029, -83.89899739231126, 9598.88107070178, 

parameters:
2.0002964803005066, -34.40656220011978, 10.921166109530146, 
objectives:
-41.32654230054733, -23.485396002689065, 1177.8915423302838, 

parameters:
-0.7333532571316308, -90.97677780221939, 10.90945534275054, 
objectives:
-101.34842614522435, -72.59610243119675, 8267.402450931393, 

parameters:
0.198810362162345, -37.935312872149225, 18.361408549103942, 
objectives:
-56.257195861150045, -16.32962021159154, 1421.7660797188498, 

parameters:
-1.4017940253551109, -87.96749433903544, 20, 
objectives:
-106.00246784951416, -56.39529174809371, 7721.245086777754, 

parameters:
2.847635693426773, -47.190634383347266, 12.174152501548146, 
objectives:
-51.25575784241724, -34.297995613028036, 2223.8908500436874, 

parameters:
0.02108996438733801, -78.16482961119397, 0, 
objectives:
-78.16438482459611, -74.24874468214546, 6110.741032933583, 

parameters:
-0.2448612853198564, -92.70292333235072, 20, 
objectives:
-112.64296628330223, -67.6635211420228, 8574.891951412745, 

parameters:
-0.06945354067827447, -81.0104424436015, 6.7106094849273745, 
objectives:
-87.71622813421614, -70.01719500164829, 6556.985999217457, 

parameters:
0.3302052988643423, -42.84835222251998, 20, 
objectives:
-62.739316683121885, -20.060137878579255, 1817.090323724531, 

parameters:
-1.6132742609999622, -60.25955653237551, 2.1485824786738226, 
objectives:
-59.80548516984436, -45.055223168496866, 3632.668224841091, 

parameters:
1.1055797336818904, -68.17960506647353, 13.707047467045989, 
objectives:
-80.66434598599139, -53.672569986626975, 4636.973806100785, 

parameters:
4.624969885585427, -23.157071667709552, 4.077832830208863, 
objectives:
-5.844558055346334, -12.188771937270317, 554.5624818357996, 

parameters:
-0.5204437979768124, -10.643235552437673, 1.9242984943151762, 
objectives:
-12.29667229990032, -2.3663001193627182, 112.62502627721061, 

parameters:
3.2423650307854954, -30.079480216386354, 7.646608534616096, 
objectives:
-27.213157758141822, -20.889400812051612, 908.6414525462227, 

parameters:
3.0898411965190506, -53.114526597049064, 3.8816415048116486, 
objectives:
-47.44904948215443, -48.04513125860734, 2827.818412743527, 

parameters:
0.7635700219682581, -95.1511083128929, 14.92983674381311, 
objectives:
-109.49790587825741, -78.69251247850421, 9040.386615606512, 

parameters:
0.24852535316883895, -57.308467925680276, 17.31465397935819, 
objectives:
-74.56135705387078, -36.926150507829746, 3268.007606860534, 

parameters:
-1.6582076718672734, -74.07667034947075, 18.27377187868954, 
objectives:
-89.6007895451208, -42.420415100272635, 5472.828970868508, 

parameters:
3.5207307597729818, -74.16176397453152, 13.063617496929226, 
objectives:
-74.82983638864911, -58.785524433882586, 5500.299163400004, 

parameters:
-1.0361092457487895, -64.26679745634546, 20, 
objectives:
-83.19327508721933, -35.048838104224174, 4112.294777664058, 

parameters:
1.95806272271372, -1.2817011060439034, 19.811376720823134, 
objectives:
-17.259068200785972, 18.531434350005416, -13.334609369507902, 

parameters:
0.7770418067075542, -62.63472484297206, 12.52894366622104, 
objectives:
-74.55987453982176, -48.6101544342099, 3912.183606457972, 

parameters:
1.8688953230043954, -21.26674231294117, 13.46566556819893, 
objectives:
-31.239638152792395, -7.783888308412116, 443.30143276519107, 

parameters:
-1.0244344922554183, -71.31588886525566, 12.198465789010907, 
objectives:
-82.46488862534395, -49.97021907830046, 5075.807004881408, 

parameters:
2.91814120340393, -11.035410617644835, 1.9273049814068974, 
objectives:
-4.447167516047997, -8.265122366849923, 129.3685306016252, 

parameters:
-1.101197824118272, -27.587932662013493, 9.06533797992175, 
objectives:
-35.44063399409242, -8.905166737775836, 754.2413272317119, 

parameters:
4.950807545837684, -69.42195720159049, 4.5855551987250545, 
objectives:
-49.49701704439219, -56.12913683029282, 4840.333081856659, 

parameters:
1.039485721325471, -92.94237222130548, 14.760716270650969, 
objectives:
-106.62255792711692, -77.25906827111685, 8625.604368417884, 

