Generation 696 at Fri May 24 19:48:09 2019
parameters:
0.8487506695176061, -100.0, 20, 
objectives:
-119.27962230099341, -78.67462497906384, 9981.720377699006, 

parameters:
2.321290066455595, -1.6751967248701145, 0, 
objectives:
3.713190847755307, -1.5719694180670738, 9.19467163964098, 

parameters:
-0.09310337269809921, -0.38187417318528993, 20, 
objectives:
-20.37320593517753, 23.999207555614866, -18.84550387784629, 

parameters:
1.9973066371654076, -100, 0, 
objectives:
-96.01076619713501, -99.99999274579665, 10004.989233802866, 

parameters:
-0.2448612853198564, -92.70292333235072, 20, 
objectives:
-112.64296628330223, -67.6635211420228, 8574.891951412745, 

parameters:
4.624969885585427, -23.157071667709552, 4.077832830208863, 
objectives:
-5.844558055346334, -12.188771937270317, 554.5624818357996, 

parameters:
-1.8847051003693691, -21.009967214454285, 20.0, 
objectives:
-37.45785389909597, 14.080966502381505, 425.97083566780225, 

parameters:
-0.08531094766020786, -89.84270764155562, 13.942802196398857, 
objectives:
-103.7782318801638, -71.55138369672525, 8058.776592127429, 

parameters:
2.5343194862404888, -96.01476534285571, 1.9380672536661798, 
objectives:
-91.53005733818364, -93.79120077581324, 9224.319871848316, 

parameters:
-0.9507709164615219, -52.88092148016357, 14.352609031020704, 
objectives:
-66.32956517559519, -29.821263447707693, 2783.9432128957933, 

parameters:
-0.5204437979768124, -10.643235552437673, 1.9242984943151762, 
objectives:
-12.29667229990032, -2.3663001193627182, 112.62502627721061, 

parameters:
1.624745957021238, -84.63436087014398, 0.04161012771912076, 
objectives:
-82.03617157300624, -84.45193514565295, 7166.573229194897, 

parameters:
0.02108996438733801, -78.16482961119397, 0, 
objectives:
-78.16438482459611, -74.24874468214546, 6110.741032933583, 

parameters:
0.24852535316883895, -57.308467925680276, 17.31465397935819, 
objectives:
-74.56135705387078, -36.926150507829746, 3268.007606860534, 

parameters:
0.198810362162345, -37.935312872149225, 18.361408549103942, 
objectives:
-56.257195861150045, -16.32962021159154, 1421.7660797188498, 

parameters:
-1.6582076718672734, -74.07667034947075, 18.27377187868954, 
objectives:
-89.6007895451208, -42.420415100272635, 5472.828970868508, 

parameters:
2.0002964803005066, -34.40656220011978, 10.921166109530146, 
objectives:
-41.32654230054733, -23.485396002689065, 1177.8915423302838, 

parameters:
-0.32780334768703134, -14.792402614229886, 14.586324716610513, 
objectives:
-29.271272296085574, 5.212590527883577, 205.33630541961946, 

parameters:
2.847635693426773, -47.190634383347266, 12.174152501548146, 
objectives:
-51.25575784241724, -34.297995613028036, 2223.8908500436874, 

parameters:
-0.9210260904093476, -83.37463681383838, 12.778309181264728, 
objectives:
-95.30465693588839, -62.06393421172153, 6940.4000437174045, 

parameters:
-0.06945354067827447, -81.0104424436015, 6.7106094849273745, 
objectives:
-87.71622813421614, -70.01719500164829, 6556.985999217457, 

parameters:
1.1055797336818904, -68.17960506647353, 13.707047467045989, 
objectives:
-80.66434598599139, -53.672569986626975, 4636.973806100785, 

parameters:
2.1274208134069905, -98.01763900919906, 14.102405553198498, 
objectives:
-107.59412524508029, -83.89899739231126, 9598.88107070178, 

parameters:
4.675296737353931, -68.30636407018459, 4.229896958849685, 
objectives:
-50.677861446721955, -56.91925447843831, 4684.387875112066, 

parameters:
0.44851923478147904, 0.459102976020934, 20.0, 
objectives:
-19.339727520010104, 22.86619554086398, -18.58805495343976, 

parameters:
3.2423650307854954, -30.079480216386354, 7.646608534616096, 
objectives:
-27.213157758141822, -20.889400812051612, 908.6414525462227, 

parameters:
3.0898411965190506, -53.114526597049064, 3.8816415048116486, 
objectives:
-47.44904948215443, -48.04513125860734, 2827.818412743527, 

parameters:
-1.0361092457487895, -64.26679745634546, 20, 
objectives:
-83.19327508721933, -35.048838104224174, 4112.294777664058, 

parameters:
0.3302052988643423, -42.84835222251998, 20, 
objectives:
-62.739316683121885, -20.060137878579255, 1817.090323724531, 

parameters:
-1.5564705266719954, -26.726993330582253, 20, 
objectives:
-44.30439283018366, 5.921489276504326, 697.7547729933868, 

parameters:
3.5207307597729818, -74.16176397453152, 13.063617496929226, 
objectives:
-74.82983638864911, -58.785524433882586, 5500.299163400004, 

parameters:
-1.6132742609999622, -60.25955653237551, 2.1485824786738226, 
objectives:
-59.80548516984436, -45.055223168496866, 3632.668224841091, 

parameters:
4.160696046772954, -97.07601133698608, 11.813758049917173, 
objectives:
-91.57837779327116, -80.59364588052864, 9430.249610642366, 

parameters:
-1.7565782486047774, -61.94162675553861, 0, 
objectives:
-58.85605961206718, -47.82974661764807, 3840.8506922659276, 

parameters:
-0.8619504222105373, -41.89425811295346, 2.6912328143559536, 
objectives:
-43.84253239696049, -31.012265079406436, 1754.1805885507597, 

