Generation 707 at Fri May 24 19:48:09 2019
parameters:
0.6859381977114103, -100, 20.0, 
objectives:
-119.52948878892042, -78.27324157976607, 9981.470511211079, 

parameters:
2.321290066455595, -1.6751967248701145, 0, 
objectives:
3.713190847755307, -1.5719694180670738, 9.19467163964098, 

parameters:
-2.025156222141293, -6.444823254831149, 20, 
objectives:
-22.343565530753555, 29.757059357811617, 26.63700451008995, 

parameters:
-0.09310337269809921, -0.38187417318528993, 20, 
objectives:
-20.37320593517753, 23.999207555614866, -18.84550387784629, 

parameters:
1.9973066371654076, -100, 0, 
objectives:
-96.01076619713501, -99.99999274579665, 10004.989233802866, 

parameters:
1.1055797336818904, -68.17960506647353, 13.707047467045989, 
objectives:
-80.66434598599139, -53.672569986626975, 4636.973806100785, 

parameters:
4.624969885585427, -23.157071667709552, 4.077832830208863, 
objectives:
-5.844558055346334, -12.188771937270317, 554.5624818357996, 

parameters:
-0.9210260904093476, -83.37463681383838, 12.778309181264728, 
objectives:
-95.30465693588839, -62.06393421172153, 6940.4000437174045, 

parameters:
2.8634409577632933, -12.930086462613824, 20.0, 
objectives:
-24.73079234401746, 7.815443824929369, 156.3864300492656, 

parameters:
1.2621469037296404, -94.19827528784083, 11.578015913904652, 
objectives:
-104.18327639515117, -82.07583218226043, 8864.330066096534, 

parameters:
-0.6554415269662484, -36.6143875373138, 15.965116851853233, 
objectives:
-52.149900793895185, -13.597900982323731, 1326.0778614760188, 

parameters:
0.02108996438733801, -78.16482961119397, 0, 
objectives:
-78.16438482459611, -74.24874468214546, 6110.741032933583, 

parameters:
-1.6582076718672734, -74.07667034947075, 18.27377187868954, 
objectives:
-89.6007895451208, -42.420415100272635, 5472.828970868508, 

parameters:
-0.5204437979768124, -10.643235552437673, 1.9242984943151762, 
objectives:
-12.29667229990032, -2.3663001193627182, 112.62502627721061, 

parameters:
5.292634719553643, -62.92198368061152, 2.558008365457078, 
objectives:
-37.468009771443924, -49.52253191874434, 3985.63000421231, 

parameters:
-0.2448612853198564, -92.70292333235072, 20, 
objectives:
-112.64296628330223, -67.6635211420228, 8574.891951412745, 

parameters:
-0.9507709164615219, -52.88092148016357, 14.352609031020704, 
objectives:
-66.32956517559519, -29.821263447707693, 2783.9432128957933, 

parameters:
2.5343194862404888, -96.01476534285571, 1.9380672536661798, 
objectives:
-91.53005733818364, -93.79120077581324, 9224.319871848316, 

parameters:
1.4561595826659008, -31.55594054909801, 15.151686078485044, 
objectives:
-44.587225897393324, -16.108492071086843, 983.7460985899129, 

parameters:
0.13125346619257527, -58.20862898247302, 15.150827745618997, 
objectives:
-73.34222925570445, -39.56558762923676, 3374.110887745967, 

parameters:
0.2508144502910912, -89.51927662479706, 0, 
objectives:
-89.45636873632223, -86.4596265374866, 8014.763795315412, 

parameters:
0.488916177189549, -46.32450161728763, 15.025645820979085, 
objectives:
-61.111108409949075, -29.015481476749095, 2132.172843297423, 

parameters:
-0.06945354067827447, -81.0104424436015, 6.7106094849273745, 
objectives:
-87.71622813421614, -70.01719500164829, 6556.985999217457, 

parameters:
-1.5539565651466107, -12.08008906314339, 19.321137143709176, 
objectives:
-28.986445200490316, 19.871655347514483, 130.02219563612965, 

parameters:
3.4678823674074657, -43.49401221929588, 18.565229672928144, 
objectives:
-50.03303377804842, -22.77410390182199, 1886.1900773735072, 

parameters:
1.0649226965535254, -96.29777216779961, 6.932143606945884, 
objectives:
-102.09585542511066, -88.491258997433, 9268.46284122413, 

parameters:
-0.7754582408205841, -57.46627376614218, 13.534416463295301, 
objectives:
-70.39935474618093, -36.22868885630798, 3290.4395395851625, 

parameters:
-1.0043512235827579, -98.48167770566874, 15.836341159359739, 
objectives:
-113.3092974847163, -73.61921027166579, 9684.813223944166, 

parameters:
0.3302052988643423, -42.84835222251998, 20, 
objectives:
-62.739316683121885, -20.060137878579255, 1817.090323724531, 

parameters:
-1.5918011280587736, -24.02677780719764, 10.826680912484852, 
objectives:
-32.319627888393306, -0.29906155118850997, 569.9932017152493, 

parameters:
-1.9494897347992848, -86.68302935282495, 0, 
objectives:
-82.88251912673717, -71.08456018754002, 7518.748088008799, 

parameters:
-1.4313111161479735, -63.28148739890216, 18.90843193647157, 
objectives:
-80.14126782416497, -32.59915948662993, 3988.68686699215, 

parameters:
1.4719412553295328, -8.381959184777699, 12.7839781049957, 
objectives:
-18.99932623063232, 4.680864958040951, 60.63987272942461, 

parameters:
2.4824497118074116, -48.74514293945424, 0, 
objectives:
-42.58258636780154, -48.51238521503119, 2383.2515167594784, 

parameters:
0.08200897741725544, -86.68176634824948, 15.445358717541447, 
objectives:
-102.12039959341391, -67.55771806800003, 7499.289984007352, 

parameters:
3.0308886686577043, -49.16122888646256, 4.012625829115187, 
objectives:
-43.987568593780075, -44.08587161018052, 2423.0000859198435, 

parameters:
4.388263699076634, -46.3169067063396, 3.37064641897984, 
objectives:
-30.430694832685695, -37.24245679103256, 2162.1420587174202, 

parameters:
-2.0173099676273836, -9.988912494897203, 16.17060111544805, 
objectives:
-22.08997410485646, 22.320467996549176, 88.6773112207542, 

