Generation 709 at Fri May 24 19:48:09 2019
parameters:
0.6859381977114103, -100, 20.0, 
objectives:
-119.52948878892042, -78.27324157976607, 9981.470511211079, 

parameters:
2.321290066455595, -1.6751967248701145, 0, 
objectives:
3.713190847755307, -1.5719694180670738, 9.19467163964098, 

parameters:
-2.025156222141293, -6.444823254831149, 20, 
objectives:
-22.343565530753555, 29.757059357811617, 26.63700451008995, 

parameters:
-0.09310337269809921, -0.38187417318528993, 20, 
objectives:
-20.37320593517753, 23.999207555614866, -18.84550387784629, 

parameters:
1.9973066371654076, -100, 0, 
objectives:
-96.01076619713501, -99.99999274579665, 10004.989233802866, 

parameters:
5.292634719553643, -62.92198368061152, 2.558008365457078, 
objectives:
-37.468009771443924, -49.52253191874434, 3985.63000421231, 

parameters:
-0.9210260904093476, -83.37463681383838, 12.778309181264728, 
objectives:
-95.30465693588839, -62.06393421172153, 6940.4000437174045, 

parameters:
2.8634409577632933, -12.930086462613824, 20.0, 
objectives:
-24.73079234401746, 7.815443824929369, 156.3864300492656, 

parameters:
-0.9507709164615219, -52.88092148016357, 14.352609031020704, 
objectives:
-66.32956517559519, -29.821263447707693, 2783.9432128957933, 

parameters:
4.624969885585427, -23.157071667709552, 4.077832830208863, 
objectives:
-5.844558055346334, -12.188771937270317, 554.5624818357996, 

parameters:
-0.2448612853198564, -92.70292333235072, 20, 
objectives:
-112.64296628330223, -67.6635211420228, 8574.891951412745, 

parameters:
1.2621469037296404, -94.19827528784083, 11.578015913904652, 
objectives:
-104.18327639515117, -82.07583218226043, 8864.330066096534, 

parameters:
-1.964166519377219, -16.365013022743405, 19.181504831338376, 
objectives:
-31.688567738239364, 18.531108001946265, 253.49009651906528, 

parameters:
1.1055797336818904, -68.17960506647353, 13.707047467045989, 
objectives:
-80.66434598599139, -53.672569986626975, 4636.973806100785, 

parameters:
-1.6582076718672734, -74.07667034947075, 18.27377187868954, 
objectives:
-89.6007895451208, -42.420415100272635, 5472.828970868508, 

parameters:
0.2508144502910912, -89.51927662479706, 0, 
objectives:
-89.45636873632223, -86.4596265374866, 8014.763795315412, 

parameters:
-0.7754582408205841, -57.46627376614218, 13.534416463295301, 
objectives:
-70.39935474618093, -36.22868885630798, 3290.4395395851625, 

parameters:
4.248660941197068, -77.12828798340938, 14.741048863374159, 
objectives:
-73.81821705352998, -57.330763091569935, 5953.082878181612, 

parameters:
-0.06945354067827447, -81.0104424436015, 6.7106094849273745, 
objectives:
-87.71622813421614, -70.01719500164829, 6556.985999217457, 

parameters:
0.4738016474112581, -48.78044923829238, 8.704197784828533, 
objectives:
-57.26015902203129, -37.74697004201926, 2372.05251810588, 

parameters:
-1.3170302292528933, -69.424583041879, 17.478838605187665, 
objectives:
-85.16885302230074, -40.94305489491384, 4805.028460558332, 

parameters:
-1.5918011280587736, -24.02677780719764, 10.826680912484852, 
objectives:
-32.319627888393306, -0.29906155118850997, 569.9932017152493, 

parameters:
3.2577661091275845, -37.63291602878259, 17.429402650537842, 
objectives:
-44.44927865754015, -18.621537792974802, 1410.420006200644, 

parameters:
-0.9277159412771849, -17.013691192813376, 2.109635227699219, 
objectives:
-18.26266955281278, -6.3325353323056035, 289.21670964441597, 

parameters:
1.4561595826659008, -31.55594054909801, 15.151686078485044, 
objectives:
-44.587225897393324, -16.108492071086843, 983.7460985899129, 

parameters:
0.488916177189549, -46.32450161728763, 15.025645820979085, 
objectives:
-61.111108409949075, -29.015481476749095, 2132.172843297423, 

parameters:
-0.5204437979768124, -10.643235552437673, 1.9242984943151762, 
objectives:
-12.29667229990032, -2.3663001193627182, 112.62502627721061, 

parameters:
3.4678823674074657, -43.49401221929588, 18.565229672928144, 
objectives:
-50.03303377804842, -22.77410390182199, 1886.1900773735072, 

parameters:
-1.0043512235827579, -98.48167770566874, 15.836341159359739, 
objectives:
-113.3092974847163, -73.61921027166579, 9684.813223944166, 

parameters:
-0.6554415269662484, -36.6143875373138, 15.965116851853233, 
objectives:
-52.149900793895185, -13.597900982323731, 1326.0778614760188, 

parameters:
2.5343194862404888, -96.01476534285571, 1.9380672536661798, 
objectives:
-91.53005733818364, -93.79120077581324, 9224.319871848316, 

parameters:
0.02108996438733801, -78.16482961119397, 0, 
objectives:
-78.16438482459611, -74.24874468214546, 6110.741032933583, 

parameters:
0.13125346619257527, -58.20862898247302, 15.150827745618997, 
objectives:
-73.34222925570445, -39.56558762923676, 3374.110887745967, 

parameters:
-0.8989871050969054, -98.76782420824524, 0.26871113539252695, 
objectives:
-98.22835752850725, -90.09498683733459, 9756.622565510574, 

parameters:
5.411227202920937, -42.66984780728552, 5.693737906913379, 
objectives:
-19.08220587256735, -25.339638870424345, 1845.3035538316271, 

parameters:
1.5174886178486813, -90.19373719621079, 15.447742230346966, 
objectives:
-103.33870772125745, -74.51317773195825, 8122.765258894091, 

parameters:
1.0649226965535254, -96.29777216779961, 6.932143606945884, 
objectives:
-102.09585542511066, -88.491258997433, 9268.46284122413, 

parameters:
1.7293026877536537, -100, 5.015804090440216, 
objectives:
-102.02531630456821, -94.91091887470239, 9998.974683695431, 

