[!]Generation 71 at Sun May 26 02:43:07 2019
size of front generated: 53
[!!!]Points in the front:
parameters:
0, 0, 20.0, 
objectives:
-20.0, 24.0, -19.0, 

parameters:
0, 0, 20.0, 
objectives:
-20.0, 24.0, -19.0, 

parameters:
1.9897451504022683, 5.2048723696528845e-06, 20.0, 
objectives:
-16.040909031578284, 20.000110366812642, -15.040909031578286, 

parameters:
0.08646002945351702, 0.0, 20.0, 
objectives:
-19.9925246633069, 23.661635218879034, -18.992524663306895, 

parameters:
1.8691950872549494, 0, 20.0, 
objectives:
-16.50610972578196, 20.01710992519824, -15.506109725781961, 

parameters:
1.577962964204505, 8.413927950741496e-05, 20.0, 
objectives:
-17.509948744319423, 20.178199398862557, -16.509948744319423, 

parameters:
1.7988894979094006, 0.0011046344056344238, 20.0, 
objectives:
-16.76289193990563, 20.04155006845677, -15.76289193990563, 

parameters:
0.7550683521916386, 7.465869780945176e-05, 20.0, 
objectives:
-19.429797124820794, 21.549929466412653, -18.429797124820794, 

parameters:
0.5596596669657066, 5.817092328055471e-06, 20.0, 
objectives:
-19.686775240079506, 22.074586092057668, -18.686775240079506, 

parameters:
0.2060529432708671, 6.099541974013554e-06, 20.0, 
objectives:
-19.95753608502744, 23.218252141889092, -18.95753608502744, 

parameters:
1.5190481991293663, 7.161684919849622e-05, 20.0, 
objectives:
-17.69242095187263, 20.231386251609905, -16.69242095187263, 

parameters:
0.9609501861903735, 0.00029399293260460105, 20.0, 
objectives:
-19.07628074672808, 21.079918508510424, -18.07628074672808, 

parameters:
0.4666777162402703, 5.714364507200019e-06, 20.0, 
objectives:
-19.78220619480026, 22.351082940238662, -18.78220619480026, 

parameters:
1.423799442211554, 1.4719410758326191e-05, 20.0, 
objectives:
-17.97278042894731, 20.332021802206473, -16.97278042894731, 

parameters:
1.306862119366931, 0.0003973571489257454, 20.0, 
objectives:
-18.29171404381485, 20.48083747871743, -17.29171404381485, 

parameters:
1.9088676896490926, 0.00010050829306632032, 20.0, 
objectives:
-16.356123635120667, 20.00840560628296, -15.35612363512067, 

parameters:
0.8337168700082775, 0.0, 20.0, 
objectives:
-19.3049161806636, 21.36021633930329, -18.3049161806636, 

parameters:
1.942036834919947, 0.0002629209669274741, 20.0, 
objectives:
-16.228230010847188, 20.003622649473026, -15.228230010847188, 

parameters:
0.6989601121940958, 3.477234795523175e-05, 20.0, 
objectives:
-19.51141998921366, 21.692739562009955, -18.51141998921366, 

parameters:
0.3028001146827021, 7.726299538701739e-05, 20.0, 
objectives:
-19.908234827552754, 22.880564713716435, -18.908234827552754, 

parameters:
1.6756459218233255, 7.449947621032138e-06, 20.0, 
objectives:
-17.192203294729236, 20.105213017977462, -16.192203294729236, 

parameters:
1.7130658961674765, 0.0014622846149302383, 20.0, 
objectives:
-17.06394295077299, 20.083793464557104, -16.06394295077299, 

parameters:
0.37154892347163265, 0.00015722598845591414, 20.0, 
objectives:
-19.861794171478614, 22.652010134634853, -18.861794171478614, 

parameters:
1.1715842478324332, 0, 20.0, 
objectives:
-18.62739035023091, 20.686272658439357, -17.62739035023091, 

parameters:
1.266477208612035, 4.246184815092365e-05, 20.0, 
objectives:
-18.395993018218117, 20.53809814733374, -17.395993018218117, 

parameters:
0.6407975241024813, 0.00033751150916082415, 20.0, 
objectives:
-19.58904102159497, 21.847768881995105, -18.58904102159497, 

parameters:
1.0164714459758746, 0.00015085818058064888, 20.0, 
objectives:
-18.966634941335133, 20.967479274761367, -17.966634941335133, 

parameters:
0.9101559237713089, 0.0, 20.0, 
objectives:
-19.171616194423994, 21.187760110490768, -18.171616194423997, 

parameters:
0.5000098972744363, 6.0351363739124174e-05, 20.0, 
objectives:
-19.749929751263867, 22.250030659638384, -18.749929751263867, 

parameters:
1.6337339350199458, 0.0, 20.0, 
objectives:
-17.330913429564244, 20.134150830355974, -16.330913429564244, 

parameters:
1.0398266975769255, 2.6895429113228442e-06, 20.0, 
objectives:
-18.918757749463353, 20.921935460228944, -17.918757749463353, 

parameters:
0.24383131744603906, 0, 20.0, 
objectives:
-19.94054628863253, 23.084128441583314, -18.94054628863253, 

parameters:
1.0886472508413292, 4.576678184770219e-05, 20.0, 
objectives:
-18.814801396453767, 20.830609600180914, -17.814801396453767, 

parameters:
1.471467987460389, 0.0, 20.0, 
objectives:
-17.834781961879273, 20.279346088279173, -16.834781961879273, 

parameters:
1.3830316872681667, 0, 20.0, 
objectives:
-18.087223352012167, 20.380649898915166, -17.087223352012167, 

parameters:
1.7480498127798965, 0.0004276082334124017, 20.0, 
objectives:
-16.943894243806756, 20.063906505073657, -15.943894243806756, 

parameters:
1.2236881718862025, 6.208434006324064e-07, 20.0, 
objectives:
-18.502586637142404, 20.602660675312787, -17.502586637142404, 

parameters:
1.7661198059263532, 0.00011518854874778142, 20.0, 
objectives:
-16.880705642565914, 20.054815133728674, -15.880705642565914, 

parameters:
1.9795007331513772, 0.0, 20.0, 
objectives:
-16.08157684745316, 20.000420219941333, -15.08157684745316, 

parameters:
1.3553195347724192, 4.001589667042299e-05, 20.0, 
objectives:
-18.1630689427676, 20.41565291814272, -17.1630689427676, 

parameters:
1.4856215488881093, 4.0271152657428315e-06, 20.0, 
objectives:
-17.79292458636403, 20.264589218083533, -16.79292458636403, 

parameters:
0.36233334941976697, 2.6020342060294175e-07, 20.0, 
objectives:
-19.868714283694832, 22.6819523186261, -18.868714283694832, 

parameters:
0.8801723803647526, 0, 20.0, 
objectives:
-19.225296580843047, 21.254013897697945, -18.225296580843047, 

parameters:
0.6533156350095941, 0.00014447966516839352, 20.0, 
objectives:
-19.573034201386843, 21.81370325857478, -18.573034201386843, 

parameters:
1.6400148118829263, 0.0, 20.0, 
objectives:
-17.31035141680461, 20.129589335663685, -16.31035141680461, 

parameters:
1.2322956730381391, 1.1230866789449952e-05, 20.0, 
objectives:
-18.48143614334469, 20.589381164502754, -17.48143614334469, 

parameters:
0.8553665654723417, 2.11581661990591e-06, 20.0, 
objectives:
-19.26834592285543, 21.310187815255205, -18.26834592285543, 

parameters:
1.1098629850972195, 5.5147240472135415e-05, 20.0, 
objectives:
-18.768149007070615, 20.792399052540507, -17.76814900707062, 

parameters:
1.1452487804084694, 3.954976495338016e-06, 20.0, 
objectives:
-18.68840127599642, 20.730603602369705, -17.68840127599642, 

parameters:
1.3634508738458606, 0.00010401322346628491, 20.0, 
objectives:
-18.140897701385494, 20.405298803231066, -17.14089770138549, 

parameters:
1.1302503455188273, 0, 20.0, 
objectives:
-18.72253415645457, 20.75646446147012, -17.72253415645457, 

parameters:
1.1374248167984926, 9.161792076845555e-05, 20.0, 
objectives:
-18.706173168210146, 20.744127564595882, -17.706173168210146, 

parameters:
0, 0, 20.0, 
objectives:
-20.0, 24.0, -19.0, 

size of all points: 80
[!!!]All points:
0, 0, 20.0, -20.0, 24.0, -19.0, 

0, 0, 20.0, -20.0, 24.0, -19.0, 

1.9795007331513772, 0.0, 20.0, -16.08157684745316, 20.000420219941333, -15.08157684745316, 

0.08646002945351702, 0.0, 20.0, -19.9925246633069, 23.661635218879034, -18.992524663306895, 

1.1452487804084694, 3.954976495338016e-06, 20.0, -18.68840127599642, 20.730603602369705, -17.68840127599642, 

1.8691950872549494, 0, 20.0, -16.50610972578196, 20.01710992519824, -15.506109725781961, 

1.7988894979094006, 0.0011046344056344238, 20.0, -16.76289193990563, 20.04155006845677, -15.76289193990563, 

0.5596596669657066, 5.817092328055471e-06, 20.0, -19.686775240079506, 22.074586092057668, -18.686775240079506, 

1.2236881718862025, 6.208434006324064e-07, 20.0, -18.502586637142404, 20.602660675312787, -17.502586637142404, 

0.7550683521916386, 7.465869780945176e-05, 20.0, -19.429797124820794, 21.549929466412653, -18.429797124820794, 

1.423799442211554, 1.4719410758326191e-05, 20.0, -17.97278042894731, 20.332021802206473, -16.97278042894731, 

0.6533156350095941, 0.00014447966516839352, 20.0, -19.573034201386843, 21.81370325857478, -18.573034201386843, 

1.577962964204505, 8.413927950741496e-05, 20.0, -17.509948744319423, 20.178199398862557, -16.509948744319423, 

0.2060529432708671, 6.099541974013554e-06, 20.0, -19.95753608502744, 23.218252141889092, -18.95753608502744, 

1.471467987460389, 0.0, 20.0, -17.834781961879273, 20.279346088279173, -16.834781961879273, 

0.4666777162402703, 5.714364507200019e-06, 20.0, -19.78220619480026, 22.351082940238662, -18.78220619480026, 

1.306862119366931, 0.0003973571489257454, 20.0, -18.29171404381485, 20.48083747871743, -17.29171404381485, 

1.0164714459758746, 0.00015085818058064888, 20.0, -18.966634941335133, 20.967479274761367, -17.966634941335133, 

1.9088676896490926, 0.00010050829306632032, 20.0, -16.356123635120667, 20.00840560628296, -15.35612363512067, 

1.942036834919947, 0.0002629209669274741, 20.0, -16.228230010847188, 20.003622649473026, -15.228230010847188, 

1.6337339350199458, 0.0, 20.0, -17.330913429564244, 20.134150830355974, -16.330913429564244, 

0.6989601121940958, 3.477234795523175e-05, 20.0, -19.51141998921366, 21.692739562009955, -18.51141998921366, 

0.9101559237713089, 0.0, 20.0, -19.171616194423994, 21.187760110490768, -18.171616194423997, 

1.266477208612035, 4.246184815092365e-05, 20.0, -18.395993018218117, 20.53809814733374, -17.395993018218117, 

0.3028001146827021, 7.726299538701739e-05, 20.0, -19.908234827552754, 22.880564713716435, -18.908234827552754, 

1.7130658961674765, 0.0014622846149302383, 20.0, -17.06394295077299, 20.083793464557104, -16.06394295077299, 

0.37154892347163265, 0.00015722598845591414, 20.0, -19.861794171478614, 22.652010134634853, -18.861794171478614, 

0.8337168700082775, 0.0, 20.0, -19.3049161806636, 21.36021633930329, -18.3049161806636, 

1.3634508738458606, 0.00010401322346628491, 20.0, -18.140897701385494, 20.405298803231066, -17.14089770138549, 

0.5000098972744363, 6.0351363739124174e-05, 20.0, -19.749929751263867, 22.250030659638384, -18.749929751263867, 

0.24383131744603906, 0, 20.0, -19.94054628863253, 23.084128441583314, -18.94054628863253, 

1.0886472508413292, 4.576678184770219e-05, 20.0, -18.814801396453767, 20.830609600180914, -17.814801396453767, 

0.8553665654723417, 2.11581661990591e-06, 20.0, -19.26834592285543, 21.310187815255205, -18.26834592285543, 

1.7480498127798965, 0.0004276082334124017, 20.0, -16.943894243806756, 20.063906505073657, -15.943894243806756, 

0.9609501861903735, 0.00029399293260460105, 20.0, -19.07628074672808, 21.079918508510424, -18.07628074672808, 

1.7661198059263532, 0.00011518854874778142, 20.0, -16.880705642565914, 20.054815133728674, -15.880705642565914, 

1.3553195347724192, 4.001589667042299e-05, 20.0, -18.1630689427676, 20.41565291814272, -17.1630689427676, 

1.5190481991293663, 7.161684919849622e-05, 20.0, -17.69242095187263, 20.231386251609905, -16.69242095187263, 

0.36233334941976697, 2.6020342060294175e-07, 20.0, -19.868714283694832, 22.6819523186261, -18.868714283694832, 

1.6756459218233255, 7.449947621032138e-06, 20.0, -17.192203294729236, 20.105213017977462, -16.192203294729236, 

1.1374248167984926, 9.161792076845555e-05, 20.0, -18.706173168210146, 20.744127564595882, -17.706173168210146, 

0.854701785660846, 1.0909717503970797, 20.0, -18.17851310719108, 22.402679750165532, -17.17851310719108, 

1.6400148118829263, 0.0, 20.0, -17.31035141680461, 20.129589335663685, -16.31035141680461, 

7.471007157384139, 0.0, 20.0, 35.81594794568503, 49.93191931614847, 36.81594794568503, 

10.873967223114676, 5.933531383398418e-05, 20.0, 98.24322250468613, 98.74735361222743, 99.24322250468613, 

0.36635099068297566, 19.751529052848667, 20.0, -0.11425789877693404, 42.42033813849116, 0.885742101223066, 

1.4008830469202036, 6.496003556942115, 20.0, -11.541523131909452, 26.854944680409734, -10.541523131909452, 

1.1715842478324332, 0, 20.0, -18.62739035023091, 20.686272658439357, -17.62739035023091, 

3.7717246577512986, 0.0010254520643856212, 20.0, -5.7730676540464625, 23.14003371494834, -4.7730676540464625, 

0.6407975241024813, 0.00033751150916082415, 20.0, -19.58904102159497, 21.847768881995105, -18.58904102159497, 

6.439765033501318, 7.653740111728583, 20.0, 29.124313798434805, 47.36525366442954, 30.124313798434805, 

1.2322956730381391, 1.1230866789449952e-05, 20.0, -18.48143614334469, 20.589381164502754, -17.48143614334469, 

4.183867121277129, 0.645277419647424, 20.0, -1.8499784918488054, 25.41455302304268, -0.8499784918488054, 

1.1098629850972195, 5.5147240472135415e-05, 20.0, -18.768149007070615, 20.792399052540507, -17.76814900707062, 

1.2673907086819358, 6.023472510582748, 20.0, -12.370248280963953, 26.560188884308303, -11.370248280963953, 

1.0715525044765384, 10.952091476576523, 20.0, -7.899683753573536, 31.81410622852031, -6.899683753573534, 

1.544832581790506, 26.131217756610198, 20.0, 8.517725462371718, 46.338395135209694, 9.517725462371718, 

1.3628313443177151, 27.84411516576847, 20.0, 9.701424438823302, 48.25009906155244, 10.701424438823302, 

17.692669380278396, 9.549617874054016, 20.0, 302.5801676738948, 275.8094901527811, 303.5801676738948, 

0, 0, 20.0, -20.0, 24.0, -19.0, 

9.414705338696276, 7.084058848638098, 20.0, 75.72073546311425, 82.06191410832915, 76.72073546311425, 

1.3830316872681667, 0, 20.0, -18.087223352012167, 20.380649898915166, -17.087223352012167, 

1.0398266975769255, 2.6895429113228442e-06, 20.0, -18.918757749463353, 20.921935460228944, -17.918757749463353, 

1.1302503455188273, 0, 20.0, -18.72253415645457, 20.75646446147012, -17.72253415645457, 

1.4856215488881093, 4.0271152657428315e-06, 20.0, -17.79292458636403, 20.264589218083533, -16.79292458636403, 

0.8801723803647526, 0, 20.0, -19.225296580843047, 21.254013897697945, -18.225296580843047, 

1.9897451504022683, 5.2048723696528845e-06, 20.0, -16.040909031578284, 20.000110366812642, -15.040909031578286, 

16.43252141954447, 4.385163283544453, 20.0, 254.4129234873323, 232.68283780915442, 255.4129234873323, 

2.99686152520749, 2.6737036618514947, 20.0, -8.345117336879543, 23.667436562290497, -7.345117336879543, 

0.5374126796869652, 8.658191600507656, 20.0, -11.05299601120402, 30.79735327004812, -10.05299601120402, 

3.219669001986184, 3.7462021584408754e-06, 20.0, -9.633727771447129, 21.487596220608133, -8.633727771447129, 

0.14679565121855587, 41.0517044973637, 20.0, 21.073253460580382, 64.48607085570616, 22.073253460580382, 

9.582913160277776, 35.21268191646572, 20.0, 107.04490655389071, 112.7132539127796, 108.04490655389071, 

9.312148600240311, 1.1706277548503992e-05, 20.0, 66.71612325923513, 73.4675288582739, 67.71612325923513, 

8.654025640664536, 19.018422285406317, 20.0, 73.91058207468554, 83.29447951202741, 74.91058207468554, 

0, 39.01589199588023, 20.0, 19.01589199588023, 63.01589199588023, 20.01589199588023, 

3.765097218709414, 34.51545397093737, 20.0, 28.69141103727074, 57.631022162433084, 29.69141103727074, 

7.392434006605817, 4.152963447866761, 20.0, 38.80104398988889, 53.231307963465625, 39.80104398988889, 

1.0750413096397295, 46.283964343224234, 20.0, 27.439678160656136, 67.13951292209723, 28.439678160656136, 

3.0627995299109134, 33.746006792365286, 20.0, 23.1267477527878, 54.875549633144146, 24.1267477527878, 

