Generation 710 at Fri May 24 19:48:09 2019
parameters:
0.6859381977114103, -100, 20.0, 
objectives:
-119.52948878892042, -78.27324157976607, 9981.470511211079, 

parameters:
2.321290066455595, -1.6751967248701145, 0, 
objectives:
3.713190847755307, -1.5719694180670738, 9.19467163964098, 

parameters:
-2.025156222141293, -6.444823254831149, 20, 
objectives:
-22.343565530753555, 29.757059357811617, 26.63700451008995, 

parameters:
-0.09310337269809921, -0.38187417318528993, 20, 
objectives:
-20.37320593517753, 23.999207555614866, -18.84550387784629, 

parameters:
1.9973066371654076, -100, 0, 
objectives:
-96.01076619713501, -99.99999274579665, 10004.989233802866, 

parameters:
0.2508144502910912, -89.51927662479706, 0, 
objectives:
-89.45636873632223, -86.4596265374866, 8014.763795315412, 

parameters:
1.2621469037296404, -94.19827528784083, 11.578015913904652, 
objectives:
-104.18327639515117, -82.07583218226043, 8864.330066096534, 

parameters:
5.292634719553643, -62.92198368061152, 2.558008365457078, 
objectives:
-37.468009771443924, -49.52253191874434, 3985.63000421231, 

parameters:
-1.0043512235827579, -98.48167770566874, 15.836341159359739, 
objectives:
-113.3092974847163, -73.61921027166579, 9684.813223944166, 

parameters:
-0.06945354067827447, -81.0104424436015, 6.7106094849273745, 
objectives:
-87.71622813421614, -70.01719500164829, 6556.985999217457, 

parameters:
0.302972126024447, -84.26642429221766, 15.227448567831926, 
objectives:
-99.40208075090182, -66.15907211933575, 7086.694606537367, 

parameters:
-0.9507709164615219, -52.88092148016357, 14.352609031020704, 
objectives:
-66.32956517559519, -29.821263447707693, 2783.9432128957933, 

parameters:
4.624969885585427, -23.157071667709552, 4.077832830208863, 
objectives:
-5.844558055346334, -12.188771937270317, 554.5624818357996, 

parameters:
-1.6582076718672734, -74.07667034947075, 18.27377187868954, 
objectives:
-89.6007895451208, -42.420415100272635, 5472.828970868508, 

parameters:
-0.7754582408205841, -57.46627376614218, 13.534416463295301, 
objectives:
-70.39935474618093, -36.22868885630798, 3290.4395395851625, 

parameters:
2.313787624868792, -42.3204906006831, 14.211825242058978, 
objectives:
-51.178702669746116, -28.010202685103323, 1783.1657126134437, 

parameters:
2.8634409577632933, -12.930086462613824, 20.0, 
objectives:
-24.73079234401746, 7.815443824929369, 156.3864300492656, 

parameters:
1.9190242006649028, -36.06554625155719, 16.035356982794738, 
objectives:
-48.41824935161436, -20.023632188684488, 1289.3709233231534, 

parameters:
-1.3170302292528933, -69.424583041879, 17.478838605187665, 
objectives:
-85.16885302230074, -40.94305489491384, 4805.028460558332, 

parameters:
-0.9141227094188628, -74.22159829556651, 7.226445397871616, 
objectives:
-80.61242336556285, -58.503041732144155, 5503.454828478445, 

parameters:
-0.9210260904093476, -83.37463681383838, 12.778309181264728, 
objectives:
-95.30465693588839, -62.06393421172153, 6940.4000437174045, 

parameters:
0.4738016474112581, -48.78044923829238, 8.704197784828533, 
objectives:
-57.26015902203129, -37.74697004201926, 2372.05251810588, 

parameters:
4.108176969128472, -4.260872919498237, 12.52896459572127, 
objectives:
0.08728049445809205, 12.712501809386744, 23.503191450069757, 

parameters:
2.593747991186476, -66.46895953147045, 11.087017696834037, 
objectives:
-70.82844858652061, -55.02940515759843, 4414.763092141206, 

parameters:
1.4561595826659008, -31.55594054909801, 15.151686078485044, 
objectives:
-44.587225897393324, -16.108492071086843, 983.7460985899129, 

parameters:
-0.5204437979768124, -10.643235552437673, 1.9242984943151762, 
objectives:
-12.29667229990032, -2.3663001193627182, 112.62502627721061, 

parameters:
-0.2448612853198564, -92.70292333235072, 20, 
objectives:
-112.64296628330223, -67.6635211420228, 8574.891951412745, 

parameters:
-0.9277159412771849, -17.013691192813376, 2.109635227699219, 
objectives:
-18.26266955281278, -6.3325353323056035, 289.21670964441597, 

parameters:
0.488916177189549, -46.32450161728763, 15.025645820979085, 
objectives:
-61.111108409949075, -29.015481476749095, 2132.172843297423, 

parameters:
4.715960940133627, -47.23429431757306, 5.420374245248498, 
objectives:
-30.414380973955517, -34.43747624399303, 2248.898473022732, 

parameters:
-0.6554415269662484, -36.6143875373138, 15.965116851853233, 
objectives:
-52.149900793895185, -13.597900982323731, 1326.0778614760188, 

parameters:
-1.5918011280587736, -24.02677780719764, 10.826680912484852, 
objectives:
-32.319627888393306, -0.29906155118850997, 569.9932017152493, 

parameters:
0.8621815783836153, -68.66019013170573, 12.035364718591083, 
objectives:
-79.95219777619275, -55.330194652545046, 4703.929701277494, 

parameters:
-3.4635296289602113, -27.75859646061283, 20, 
objectives:
-35.76255896992757, 22.091559545913277, 763.5357149538323, 

parameters:
-1.1788020978145122, -29.49010377867761, 13.463394468797535, 
objectives:
-41.563923861663255, -5.921926532810133, 858.5924007941899, 

parameters:
1.1055797336818904, -68.17960506647353, 13.707047467045989, 
objectives:
-80.66434598599139, -53.672569986626975, 4636.973806100785, 

parameters:
-1.964166519377219, -16.365013022743405, 19.181504831338376, 
objectives:
-31.688567738239364, 18.531108001946265, 253.49009651906528, 

parameters:
-2.395151884404344, -91.89224975019484, 17.254167801167185, 
objectives:
-103.40966500199634, -55.32072186204459, 8433.668148900382, 

