Generation 712 at Fri May 24 19:48:09 2019
parameters:
0.6859381977114103, -100, 20.0, 
objectives:
-119.52948878892042, -78.27324157976607, 9981.470511211079, 

parameters:
2.321290066455595, -1.6751967248701145, 0, 
objectives:
3.713190847755307, -1.5719694180670738, 9.19467163964098, 

parameters:
-2.025156222141293, -6.444823254831149, 20, 
objectives:
-22.343565530753555, 29.757059357811617, 26.63700451008995, 

parameters:
-0.09310337269809921, -0.38187417318528993, 20, 
objectives:
-20.37320593517753, 23.999207555614866, -18.84550387784629, 

parameters:
1.9973066371654076, -100, 0, 
objectives:
-96.01076619713501, -99.99999274579665, 10004.989233802866, 

parameters:
-0.5980036549339633, -59.793239317845185, 0, 
objectives:
-59.43563094653081, -53.043616326794954, 3576.5890764924216, 

parameters:
2.313787624868792, -42.3204906006831, 14.211825242058978, 
objectives:
-51.178702669746116, -28.010202685103323, 1783.1657126134437, 

parameters:
0.2508144502910912, -89.51927662479706, 0, 
objectives:
-89.45636873632223, -86.4596265374866, 8014.763795315412, 

parameters:
1.2621469037296404, -94.19827528784083, 11.578015913904652, 
objectives:
-104.18327639515117, -82.07583218226043, 8864.330066096534, 

parameters:
-0.9507709164615219, -52.88092148016357, 14.352609031020704, 
objectives:
-66.32956517559519, -29.821263447707693, 2783.9432128957933, 

parameters:
2.593747991186476, -66.46895953147045, 11.087017696834037, 
objectives:
-70.82844858652061, -55.02940515759843, 4414.763092141206, 

parameters:
0.302972126024447, -84.26642429221766, 15.227448567831926, 
objectives:
-99.40208075090182, -66.15907211933575, 7086.694606537367, 

parameters:
4.715960940133627, -47.23429431757306, 5.420374245248498, 
objectives:
-30.414380973955517, -34.43747624399303, 2248.898473022732, 

parameters:
2.982640692123264, -79.54061218473953, 7.87448465829551, 
objectives:
-78.5189513447255, -70.70054479662753, 6328.730647563148, 

parameters:
-1.6582076718672734, -74.07667034947075, 18.27377187868954, 
objectives:
-89.6007895451208, -42.420415100272635, 5472.828970868508, 

parameters:
2.8634409577632933, -12.930086462613824, 20.0, 
objectives:
-24.73079234401746, 7.815443824929369, 156.3864300492656, 

parameters:
-1.0043512235827579, -98.48167770566874, 15.836341159359739, 
objectives:
-113.3092974847163, -73.61921027166579, 9684.813223944166, 

parameters:
3.5927419406284007, -0.8278157864257913, 11.628182971747284, 
objectives:
0.45179589377725193, 13.337194074758216, 2.9648906564587953, 

parameters:
1.9190242006649028, -36.06554625155719, 16.035356982794738, 
objectives:
-48.41824935161436, -20.023632188684488, 1289.3709233231534, 

parameters:
1.4561595826659008, -31.55594054909801, 15.151686078485044, 
objectives:
-44.587225897393324, -16.108492071086843, 983.7460985899129, 

parameters:
1.66168001200077, -75.75805626894032, 12.080276454110164, 
objectives:
-85.0771522607676, -63.563319400550355, 5730.963993656101, 

parameters:
-1.1469603238401396, -22.960762841807806, 13.466318974003643, 
objectives:
-35.11156383134797, 0.4089154120198728, 516.0458292882018, 

parameters:
0.4738016474112581, -48.78044923829238, 8.704197784828533, 
objectives:
-57.26015902203129, -37.74697004201926, 2372.05251810588, 

parameters:
-0.7754582408205841, -57.46627376614218, 13.534416463295301, 
objectives:
-70.39935474618093, -36.22868885630798, 3290.4395395851625, 

parameters:
4.624969885585427, -23.157071667709552, 4.077832830208863, 
objectives:
-5.844558055346334, -12.188771937270317, 554.5624818357996, 

parameters:
-0.5204437979768124, -10.643235552437673, 1.9242984943151762, 
objectives:
-12.29667229990032, -2.3663001193627182, 112.62502627721061, 

parameters:
-0.9277159412771849, -17.013691192813376, 2.109635227699219, 
objectives:
-18.26266955281278, -6.3325353323056035, 289.21670964441597, 

parameters:
0.3638712467776295, -24.729784441890654, 14.977738370666126, 
objectives:
-39.57512052832527, -7.075128774103538, 597.7169024559424, 

parameters:
1.7166113467102178, -31.03818051217788, 10.120845616306447, 
objectives:
-38.212271612830065, -20.837025767058037, 957.1945584058865, 

parameters:
0.04100940837464506, 4.284299143792203, 11.611319879305567, 
objectives:
-7.325338963938126, 19.733263161174428, 7.745581045768274, 

parameters:
0.10089858660620266, -71.70543735430934, 10.903206777250734, 
objectives:
-82.59846360678094, -57.19564439870429, 5131.77671992031, 

parameters:
-1.3170302292528933, -69.424583041879, 17.478838605187665, 
objectives:
-85.16885302230074, -40.94305489491384, 4805.028460558332, 

parameters:
-0.06945354067827447, -81.0104424436015, 6.7106094849273745, 
objectives:
-87.71622813421614, -70.01719500164829, 6556.985999217457, 

parameters:
-0.2448612853198564, -92.70292333235072, 20, 
objectives:
-112.64296628330223, -67.6635211420228, 8574.891951412745, 

parameters:
0.27369988339587814, -100, 0, 
objectives:
-99.92508837382908, -97.0198879074126, 10001.07491162617, 

parameters:
-1.3435893169833806, -91.34996814905595, 10.385405677442648, 
objectives:
-99.93014157378674, -69.78497295096791, 8337.236507408805, 

parameters:
-0.9141227094188628, -74.22159829556651, 7.226445397871616, 
objectives:
-80.61242336556285, -58.503041732144155, 5503.454828478445, 

parameters:
2.4271005123235785, -100, 14.71355600236933, 
objectives:
-108.82273910544795, -85.10402915000361, 9992.177260894552, 

parameters:
1.0109364247128236, -100, 14.40076027523777, 
objectives:
-113.37876782042663, -84.62099296880237, 9987.621232179574, 

