Generation 718 at Fri May 24 19:48:09 2019
parameters:
0.6859381977114103, -100, 20.0, 
objectives:
-119.52948878892042, -78.27324157976607, 9981.470511211079, 

parameters:
2.321290066455595, -1.6751967248701145, 0, 
objectives:
3.713190847755307, -1.5719694180670738, 9.19467163964098, 

parameters:
-2.025156222141293, -6.444823254831149, 20, 
objectives:
-22.343565530753555, 29.757059357811617, 26.63700451008995, 

parameters:
-0.09310337269809921, -0.38187417318528993, 20, 
objectives:
-20.37320593517753, 23.999207555614866, -18.84550387784629, 

parameters:
1.9973066371654076, -100, 0, 
objectives:
-96.01076619713501, -99.99999274579665, 10004.989233802866, 

parameters:
1.2621469037296404, -94.19827528784083, 11.578015913904652, 
objectives:
-104.18327639515117, -82.07583218226043, 8864.330066096534, 

parameters:
0.4738016474112581, -48.78044923829238, 8.704197784828533, 
objectives:
-57.26015902203129, -37.74697004201926, 2372.05251810588, 

parameters:
0.2508144502910912, -89.51927662479706, 0, 
objectives:
-89.45636873632223, -86.4596265374866, 8014.763795315412, 

parameters:
0.302972126024447, -84.26642429221766, 15.227448567831926, 
objectives:
-99.40208075090182, -66.15907211933575, 7086.694606537367, 

parameters:
-1.0043512235827579, -98.48167770566874, 15.836341159359739, 
objectives:
-113.3092974847163, -73.61921027166579, 9684.813223944166, 

parameters:
-0.5980036549339633, -59.793239317845185, 0, 
objectives:
-59.43563094653081, -53.043616326794954, 3576.5890764924216, 

parameters:
-1.6582076718672734, -74.07667034947075, 18.27377187868954, 
objectives:
-89.6007895451208, -42.420415100272635, 5472.828970868508, 

parameters:
3.3309420076482947, -96.02241492544486, 0, 
objectives:
-84.92724026712881, -94.251008297722, 9232.399342772613, 

parameters:
3.0008577179797715, -62.58556502722345, 16.0037534766571, 
objectives:
-69.58417146032178, -45.58009537892667, 3910.954343343717, 

parameters:
2.982640692123264, -79.54061218473953, 7.87448465829551, 
objectives:
-78.5189513447255, -70.70054479662753, 6328.730647563148, 

parameters:
0.8248078707363402, -38.55930185326305, 8.474758143973778, 
objectives:
-46.35375197360822, -28.703467168606018, 1480.0253092907103, 

parameters:
1.733881986980816, -68.242439773292, 16.876820869474102, 
objectives:
-82.11291389798957, -51.29480010696463, 4644.160112086689, 

parameters:
2.343719658123056, -22.28663163796182, 0.0, 
objectives:
-16.793609802089364, -22.168488434581587, 503.18697160207313, 

parameters:
0.5625729618648383, -77.20023123916386, 11.919328980198639, 
objectives:
-88.80307188194112, -63.21470576900319, 5949.272862737593, 

parameters:
-0.9507709164615219, -52.88092148016357, 14.352609031020704, 
objectives:
-66.32956517559519, -29.821263447707693, 2783.9432128957933, 

parameters:
2.3854766614254586, 4.636945747105097, 18.166259717929677, 
objectives:
-7.838815068619027, 22.95179772153849, 10.025505045871917, 

parameters:
4.764079296390353, -55.03110460822165, 0.5251531721521789, 
objectives:
-32.85980623807863, -46.865817079335685, 3051.593772771177, 

parameters:
-1.7038219021092744, -65.62216772579576, 2.3257817931961178, 
objectives:
-65.04494044488462, -49.578089250055285, 4307.846124313382, 

parameters:
0.3638712467776295, -24.729784441890654, 14.977738370666126, 
objectives:
-39.57512052832527, -7.075128774103538, 597.7169024559424, 

parameters:
1.1954029181430479, -28.824614372675775, 14.684956410170477, 
objectives:
-42.08058264614134, -13.492281498372575, 818.6024254600013, 

parameters:
3.384126937231212, 3.0568012361509496, 14.8432417314514, 
objectives:
-0.33412536800654635, 19.815850345971405, 6.9531071931764785, 

parameters:
2.8634409577632933, -12.930086462613824, 20.0, 
objectives:
-24.73079234401746, 7.815443824929369, 156.3864300492656, 

parameters:
0.8956122343944652, -80.97641399027161, 0, 
objectives:
-80.17429271587456, -79.75674165345242, 6558.981743998253, 

parameters:
3.5927419406284007, -0.8278157864257913, 11.628182971747284, 
objectives:
0.45179589377725193, 13.337194074758216, 2.9648906564587953, 

parameters:
0.5611101867543722, -16.34308901832979, 16.73183262820729, 
objectives:
-32.76007700485755, 2.459147504539539, 251.679570674524, 

parameters:
1.4561595826659008, -31.55594054909801, 15.151686078485044, 
objectives:
-44.587225897393324, -16.108492071086843, 983.7460985899129, 

parameters:
-1.1861370324817746, -34.5251461230564, 19.996680679128232, 
objectives:
-53.114905742359966, -4.376996254176401, 1174.395955199093, 

parameters:
1.66168001200077, -75.75805626894032, 12.080276454110164, 
objectives:
-85.0771522607676, -63.563319400550355, 5730.963993656101, 

parameters:
0.9258854711687015, -17.65188041722447, 10.828230832637628, 
objectives:
-27.62284734414081, -5.669927563540357, 302.61791533707634, 

parameters:
1.5500537942415666, -36.11614159719775, 17.658970247956766, 
objectives:
-51.372445080111845, -18.25471976116458, 1290.1193803859237, 

parameters:
1.9190242006649028, -36.06554625155719, 16.035356982794738, 
objectives:
-48.41824935161436, -20.023632188684488, 1289.3709233231534, 

parameters:
-0.9277159412771849, -17.013691192813376, 2.109635227699219, 
objectives:
-18.26266955281278, -6.3325353323056035, 289.21670964441597, 

parameters:
0.9392712347570418, -15.354028524499274, 8.950963696257244, 
objectives:
-23.4227617683145, -5.277919314828178, 228.67745868732214, 

