Generation 719 at Fri May 24 19:48:09 2019
parameters:
2.321290066455595, -1.6751967248701145, 0, 
objectives:
3.713190847755307, -1.5719694180670738, 9.19467163964098, 

parameters:
0.6859381977114103, -100, 20.0, 
objectives:
-119.52948878892042, -78.27324157976607, 9981.470511211079, 

parameters:
-2.025156222141293, -6.444823254831149, 20, 
objectives:
-22.343565530753555, 29.757059357811617, 26.63700451008995, 

parameters:
-0.09310337269809921, -0.38187417318528993, 20, 
objectives:
-20.37320593517753, 23.999207555614866, -18.84550387784629, 

parameters:
1.9973066371654076, -100, 0, 
objectives:
-96.01076619713501, -99.99999274579665, 10004.989233802866, 

parameters:
0.2508144502910912, -89.51927662479706, 0, 
objectives:
-89.45636873632223, -86.4596265374866, 8014.763795315412, 

parameters:
1.2621469037296404, -94.19827528784083, 11.578015913904652, 
objectives:
-104.18327639515117, -82.07583218226043, 8864.330066096534, 

parameters:
0.4738016474112581, -48.78044923829238, 8.704197784828533, 
objectives:
-57.26015902203129, -37.74697004201926, 2372.05251810588, 

parameters:
1.1954029181430479, -28.824614372675775, 14.684956410170477, 
objectives:
-42.08058264614134, -13.492281498372575, 818.6024254600013, 

parameters:
-1.6582076718672734, -74.07667034947075, 18.27377187868954, 
objectives:
-89.6007895451208, -42.420415100272635, 5472.828970868508, 

parameters:
-0.5980036549339633, -59.793239317845185, 0, 
objectives:
-59.43563094653081, -53.043616326794954, 3576.5890764924216, 

parameters:
0.302972126024447, -84.26642429221766, 15.227448567831926, 
objectives:
-99.40208075090182, -66.15907211933575, 7086.694606537367, 

parameters:
0.5625729618648383, -77.20023123916386, 11.919328980198639, 
objectives:
-88.80307188194112, -63.21470576900319, 5949.272862737593, 

parameters:
0.8248078707363402, -38.55930185326305, 8.474758143973778, 
objectives:
-46.35375197360822, -28.703467168606018, 1480.0253092907103, 

parameters:
3.0008577179797715, -62.58556502722345, 16.0037534766571, 
objectives:
-69.58417146032178, -45.58009537892667, 3910.954343343717, 

parameters:
2.982640692123264, -79.54061218473953, 7.87448465829551, 
objectives:
-78.5189513447255, -70.70054479662753, 6328.730647563148, 

parameters:
2.343719658123056, -22.28663163796182, 0.0, 
objectives:
-16.793609802089364, -22.168488434581587, 503.18697160207313, 

parameters:
0.3638712467776295, -24.729784441890654, 14.977738370666126, 
objectives:
-39.57512052832527, -7.075128774103538, 597.7169024559424, 

parameters:
-1.0043512235827579, -98.48167770566874, 15.836341159359739, 
objectives:
-113.3092974847163, -73.61921027166579, 9684.813223944166, 

parameters:
3.78747765315659, -46.41005339155973, 14.386572823179813, 
objectives:
-46.45163924157899, -28.82840420784573, 2154.8514699574057, 

parameters:
1.733881986980816, -68.242439773292, 16.876820869474102, 
objectives:
-82.11291389798957, -51.29480010696463, 4644.160112086689, 

parameters:
2.8634409577632933, -12.930086462613824, 20.0, 
objectives:
-24.73079234401746, 7.815443824929369, 156.3864300492656, 

parameters:
-0.9507709164615219, -52.88092148016357, 14.352609031020704, 
objectives:
-66.32956517559519, -29.821263447707693, 2783.9432128957933, 

parameters:
0.5611101867543722, -16.34308901832979, 16.73183262820729, 
objectives:
-32.76007700485755, 2.459147504539539, 251.679570674524, 

parameters:
3.745379270704019, -8.553083234925891, 20, 
objectives:
-14.525217353506521, 14.493265563677403, 68.18309870498972, 

parameters:
4.764079296390353, -55.03110460822165, 0.5251531721521789, 
objectives:
-32.85980623807863, -46.865817079335685, 3051.593772771177, 

parameters:
-1.7038219021092744, -65.62216772579576, 2.3257817931961178, 
objectives:
-65.04494044488462, -49.578089250055285, 4307.846124313382, 

parameters:
1.6972131551155054, -96.25295296248196, 18.38547120721537, 
objectives:
-111.7578916758002, -77.77580188183147, 9250.126015284446, 

parameters:
2.3854766614254586, 4.636945747105097, 18.166259717929677, 
objectives:
-7.838815068619027, 22.95179772153849, 10.025505045871917, 

parameters:
-1.0985694646868622, -1.95213863842865, 4.644031704793985, 
objectives:
-5.389315474480256, 12.293025793855163, 1.373668427594458, 

parameters:
3.3309420076482947, -96.02241492544486, 0, 
objectives:
-84.92724026712881, -94.251008297722, 9232.399342772613, 

parameters:
0.8956122343944652, -80.97641399027161, 0, 
objectives:
-80.17429271587456, -79.75674165345242, 6558.981743998253, 

parameters:
-0.40922108671420854, -100, 0.0, 
objectives:
-99.83253810218844, -94.1956537553316, 10001.167461897812, 

