[!]Generation 72 at Sun May 26 02:43:07 2019
size of front generated: 50
[!!!]Points in the front:
parameters:
0, 0, 20.0, 
objectives:
-20.0, 24.0, -19.0, 

parameters:
0, 0, 20.0, 
objectives:
-20.0, 24.0, -19.0, 

parameters:
1.9897451504022683, 5.2048723696528845e-06, 20.0, 
objectives:
-16.040909031578284, 20.000110366812642, -15.040909031578286, 

parameters:
0.08646002945351702, 0.0, 20.0, 
objectives:
-19.9925246633069, 23.661635218879034, -18.992524663306895, 

parameters:
1.8691950872549494, 0, 20.0, 
objectives:
-16.50610972578196, 20.01710992519824, -15.506109725781961, 

parameters:
0.37154892347163265, 0.00015722598845591414, 20.0, 
objectives:
-19.861794171478614, 22.652010134634853, -18.861794171478614, 

parameters:
0.6407975241024813, 0.00033751150916082415, 20.0, 
objectives:
-19.58904102159497, 21.847768881995105, -18.58904102159497, 

parameters:
0.2060529432708671, 6.099541974013554e-06, 20.0, 
objectives:
-19.95753608502744, 23.218252141889092, -18.95753608502744, 

parameters:
1.577962964204505, 8.413927950741496e-05, 20.0, 
objectives:
-17.509948744319423, 20.178199398862557, -16.509948744319423, 

parameters:
1.0886472508413292, 4.576678184770219e-05, 20.0, 
objectives:
-18.814801396453767, 20.830609600180914, -17.814801396453767, 

parameters:
0.9609501861903735, 0.00029399293260460105, 20.0, 
objectives:
-19.07628074672808, 21.079918508510424, -18.07628074672808, 

parameters:
0.6989601121940958, 3.477234795523175e-05, 20.0, 
objectives:
-19.51141998921366, 21.692739562009955, -18.51141998921366, 

parameters:
1.423799442211554, 1.4719410758326191e-05, 20.0, 
objectives:
-17.97278042894731, 20.332021802206473, -16.97278042894731, 

parameters:
1.7988894979094006, 0.0011046344056344238, 20.0, 
objectives:
-16.76289193990563, 20.04155006845677, -15.76289193990563, 

parameters:
0.4666777162402703, 5.714364507200019e-06, 20.0, 
objectives:
-19.78220619480026, 22.351082940238662, -18.78220619480026, 

parameters:
0.3028001146827021, 7.726299538701739e-05, 20.0, 
objectives:
-19.908234827552754, 22.880564713716435, -18.908234827552754, 

parameters:
1.6756459218233255, 7.449947621032138e-06, 20.0, 
objectives:
-17.192203294729236, 20.105213017977462, -16.192203294729236, 

parameters:
1.9088676896490926, 0.00010050829306632032, 20.0, 
objectives:
-16.356123635120667, 20.00840560628296, -15.35612363512067, 

parameters:
1.942036834919947, 0.0002629209669274741, 20.0, 
objectives:
-16.228230010847188, 20.003622649473026, -15.228230010847188, 

parameters:
0.5596596669657066, 5.817092328055471e-06, 20.0, 
objectives:
-19.686775240079506, 22.074586092057668, -18.686775240079506, 

parameters:
1.266477208612035, 4.246184815092365e-05, 20.0, 
objectives:
-18.395993018218117, 20.53809814733374, -17.395993018218117, 

parameters:
1.5190481991293663, 7.161684919849622e-05, 20.0, 
objectives:
-17.69242095187263, 20.231386251609905, -16.69242095187263, 

parameters:
1.471467987460389, 0.0, 20.0, 
objectives:
-17.834781961879273, 20.279346088279173, -16.834781961879273, 

parameters:
1.7130658961674765, 0.0014622846149302383, 20.0, 
objectives:
-17.06394295077299, 20.083793464557104, -16.06394295077299, 

parameters:
0.9101559237713089, 0.0, 20.0, 
objectives:
-19.171616194423994, 21.187760110490768, -18.171616194423997, 

parameters:
1.306862119366931, 0.0003973571489257454, 20.0, 
objectives:
-18.29171404381485, 20.48083747871743, -17.29171404381485, 

parameters:
1.1434029539068833, 7.99843326399184e-09, 20.0, 
objectives:
-18.692629676998582, 20.733758507373885, -17.692629676998582, 

parameters:
0.7550683521916386, 7.465869780945176e-05, 20.0, 
objectives:
-19.429797124820794, 21.549929466412653, -18.429797124820794, 

parameters:
1.0164714459758746, 0.00015085818058064888, 20.0, 
objectives:
-18.966634941335133, 20.967479274761367, -17.966634941335133, 

parameters:
1.3830316872681667, 0, 20.0, 
objectives:
-18.087223352012167, 20.380649898915166, -17.087223352012167, 

parameters:
1.6337339350199458, 0.0, 20.0, 
objectives:
-17.330913429564244, 20.134150830355974, -16.330913429564244, 

parameters:
1.0398266975769255, 2.6895429113228442e-06, 20.0, 
objectives:
-18.918757749463353, 20.921935460228944, -17.918757749463353, 

parameters:
0.8337168700082775, 0.0, 20.0, 
objectives:
-19.3049161806636, 21.36021633930329, -18.3049161806636, 

parameters:
0.7925931004332666, 0.0, 20.0, 
objectives:
-19.371796177145583, 21.45783142112135, -18.371796177145583, 

parameters:
0.8704202013169496, 1.314200290555911e-05, 20.0, 
objectives:
-19.242355531136454, 21.275963663595746, -18.242355531136454, 

parameters:
0.24383131744603906, 0, 20.0, 
objectives:
-19.94054628863253, 23.084128441583314, -18.94054628863253, 

parameters:
1.2236881718862025, 6.208434006324064e-07, 20.0, 
objectives:
-18.502586637142404, 20.602660675312787, -17.502586637142404, 

parameters:
1.6130090888977227, 5.594106940528137e-07, 20.0, 
objectives:
-17.398201119722643, 20.149762524686466, -16.398201119722643, 

parameters:
1.7480498127798965, 0.0004276082334124017, 20.0, 
objectives:
-16.943894243806756, 20.063906505073657, -15.943894243806756, 

parameters:
1.9795007331513772, 0.0, 20.0, 
objectives:
-16.08157684745316, 20.000420219941333, -15.08157684745316, 

parameters:
1.1715842478324332, 0, 20.0, 
objectives:
-18.62739035023091, 20.686272658439357, -17.62739035023091, 

parameters:
1.2014842631239486, 3.766897941608424e-05, 20.0, 
objectives:
-18.556397896486086, 20.637665051018118, -17.556397896486086, 

parameters:
1.5015783328681895, 3.7151911680430157e-07, 20.0, 
objectives:
-17.745262138741673, 20.24842452978557, -16.745262138741673, 

parameters:
1.7661198059263532, 0.00011518854874778142, 20.0, 
objectives:
-16.880705642565914, 20.054815133728674, -15.880705642565914, 

parameters:
1.3452543331745939, 6.491334997765556e-05, 20.0, 
objectives:
-18.190225865725, 20.428756801576622, -17.190225865725, 

parameters:
0.5354710192194181, 8.47401123903583e-06, 20.0, 
objectives:
-19.71326231356488, 22.144853609557448, -18.71326231356488, 

parameters:
1.3553195347724192, 4.001589667042299e-05, 20.0, 
objectives:
-18.1630689427676, 20.41565291814272, -17.1630689427676, 

parameters:
1.7918588781279872, 0.0009666800947445924, 20.0, 
objectives:
-16.788275080779165, 20.044289406708884, -15.788275080779165, 

parameters:
0.5000098972744363, 6.0351363739124174e-05, 20.0, 
objectives:
-19.749929751263867, 22.250030659638384, -18.749929751263867, 

parameters:
0.4927910742387552, 4.1615407494068555e-06, 20.0, 
objectives:
-19.757152795609866, 22.271682907435114, -18.757152795609866, 

size of all points: 80
[!!!]All points:
0, 0, 20.0, -20.0, 24.0, -19.0, 

0, 0, 20.0, -20.0, 24.0, -19.0, 

1.9897451504022683, 5.2048723696528845e-06, 20.0, -16.040909031578284, 20.000110366812642, -15.040909031578286, 

0.08646002945351702, 0.0, 20.0, -19.9925246633069, 23.661635218879034, -18.992524663306895, 

1.8691950872549494, 0, 20.0, -16.50610972578196, 20.01710992519824, -15.506109725781961, 

1.577962964204505, 8.413927950741496e-05, 20.0, -17.509948744319423, 20.178199398862557, -16.509948744319423, 

1.7988894979094006, 0.0011046344056344238, 20.0, -16.76289193990563, 20.04155006845677, -15.76289193990563, 

0.7550683521916386, 7.465869780945176e-05, 20.0, -19.429797124820794, 21.549929466412653, -18.429797124820794, 

0.5596596669657066, 5.817092328055471e-06, 20.0, -19.686775240079506, 22.074586092057668, -18.686775240079506, 

0.2060529432708671, 6.099541974013554e-06, 20.0, -19.95753608502744, 23.218252141889092, -18.95753608502744, 

1.5190481991293663, 7.161684919849622e-05, 20.0, -17.69242095187263, 20.231386251609905, -16.69242095187263, 

0.9609501861903735, 0.00029399293260460105, 20.0, -19.07628074672808, 21.079918508510424, -18.07628074672808, 

0.4666777162402703, 5.714364507200019e-06, 20.0, -19.78220619480026, 22.351082940238662, -18.78220619480026, 

1.423799442211554, 1.4719410758326191e-05, 20.0, -17.97278042894731, 20.332021802206473, -16.97278042894731, 

1.306862119366931, 0.0003973571489257454, 20.0, -18.29171404381485, 20.48083747871743, -17.29171404381485, 

1.9088676896490926, 0.00010050829306632032, 20.0, -16.356123635120667, 20.00840560628296, -15.35612363512067, 

0.8337168700082775, 0.0, 20.0, -19.3049161806636, 21.36021633930329, -18.3049161806636, 

1.942036834919947, 0.0002629209669274741, 20.0, -16.228230010847188, 20.003622649473026, -15.228230010847188, 

0.6989601121940958, 3.477234795523175e-05, 20.0, -19.51141998921366, 21.692739562009955, -18.51141998921366, 

0.3028001146827021, 7.726299538701739e-05, 20.0, -19.908234827552754, 22.880564713716435, -18.908234827552754, 

1.6756459218233255, 7.449947621032138e-06, 20.0, -17.192203294729236, 20.105213017977462, -16.192203294729236, 

1.7130658961674765, 0.0014622846149302383, 20.0, -17.06394295077299, 20.083793464557104, -16.06394295077299, 

0.37154892347163265, 0.00015722598845591414, 20.0, -19.861794171478614, 22.652010134634853, -18.861794171478614, 

1.1715842478324332, 0, 20.0, -18.62739035023091, 20.686272658439357, -17.62739035023091, 

1.266477208612035, 4.246184815092365e-05, 20.0, -18.395993018218117, 20.53809814733374, -17.395993018218117, 

0.6407975241024813, 0.00033751150916082415, 20.0, -19.58904102159497, 21.847768881995105, -18.58904102159497, 

1.0164714459758746, 0.00015085818058064888, 20.0, -18.966634941335133, 20.967479274761367, -17.966634941335133, 

0.9101559237713089, 0.0, 20.0, -19.171616194423994, 21.187760110490768, -18.171616194423997, 

0.5000098972744363, 6.0351363739124174e-05, 20.0, -19.749929751263867, 22.250030659638384, -18.749929751263867, 

1.6337339350199458, 0.0, 20.0, -17.330913429564244, 20.134150830355974, -16.330913429564244, 

1.0398266975769255, 2.6895429113228442e-06, 20.0, -18.918757749463353, 20.921935460228944, -17.918757749463353, 

0.24383131744603906, 0, 20.0, -19.94054628863253, 23.084128441583314, -18.94054628863253, 

1.0886472508413292, 4.576678184770219e-05, 20.0, -18.814801396453767, 20.830609600180914, -17.814801396453767, 

1.471467987460389, 0.0, 20.0, -17.834781961879273, 20.279346088279173, -16.834781961879273, 

1.3830316872681667, 0, 20.0, -18.087223352012167, 20.380649898915166, -17.087223352012167, 

1.7480498127798965, 0.0004276082334124017, 20.0, -16.943894243806756, 20.063906505073657, -15.943894243806756, 

1.2236881718862025, 6.208434006324064e-07, 20.0, -18.502586637142404, 20.602660675312787, -17.502586637142404, 

1.7661198059263532, 0.00011518854874778142, 20.0, -16.880705642565914, 20.054815133728674, -15.880705642565914, 

1.9795007331513772, 0.0, 20.0, -16.08157684745316, 20.000420219941333, -15.08157684745316, 

1.3553195347724192, 4.001589667042299e-05, 20.0, -18.1630689427676, 20.41565291814272, -17.1630689427676, 

0.956161319821379, 9.532875505318012, 20.0, -9.552880025159427, 30.622474695555056, -8.552880025159427, 

0.18788477328822772, 49.34763220581407, 20.0, 29.382932893847638, 72.63139380069472, 30.382932893847638, 

0.5354710192194181, 8.47401123903583e-06, 20.0, -19.71326231356488, 22.144853609557448, -18.71326231356488, 

0.14017429638953977, 0.035151713915111064, 20.0, -19.945199452716587, 23.494103361725255, -18.945199452716587, 

3.9015597671069893, 30.36030526695489, 20.0, 25.582473883262836, 53.976234814834875, 26.582473883262836, 

0.9637460900663145, 0.1944725891263864, 20.0, -18.876720884755503, 21.268294754979237, -17.876720884755503, 

1.196274990169728, 18.49424679875458, 20.0, -0.07467934913983498, 39.14022069018125, 0.925320650860165, 

18.396879112635048, 4.723191099121132e-05, 20.0, 318.4452083168187, 288.8576918662785, 319.4452083168187, 

7.015415615815639, 0.0006971532123050345, 20.0, 29.216753415842234, 45.15509095257967, 30.216753415842234, 

2.7348169401189306, 10.014584697593296, 20.0, -2.5061916064452348, 30.554540633079043, -1.5061916064452348, 

1.6322075339525959, 21.288847933370125, 20.0, 3.9529493672617377, 41.42411923145136, 4.952949367261738, 

0.8761127615774136, 21.267303263752147, 20.0, 2.03487683475095, 42.53042578844129, 3.03487683475095, 

15.205879682096926, 3.199207724950379e-06, 20.0, 211.21878010561585, 194.39526137722814, 212.21878010561585, 

1.5015783328681895, 3.7151911680430157e-07, 20.0, -17.745262138741673, 20.24842452978557, -16.745262138741673, 

1.3452543331745939, 6.491334997765556e-05, 20.0, -18.190225865725, 20.428756801576622, -17.190225865725, 

16.288078603978793, 6.913052977503249e-05, 20.0, 245.30157373992148, 224.14925932400632, 246.30157373992148, 

15.113764590688078, 2.9862821276976703e-05, 20.0, 208.42590996555802, 191.9708516028057, 209.42590996555802, 

0.6218460481595822, 5.037757207782695, 20.0, -14.575550284605615, 26.937065522756058, -13.575550284605615, 

1.2014842631239486, 3.766897941608424e-05, 20.0, -18.556397896486086, 20.637665051018118, -17.556397896486086, 

0.4927910742387552, 4.1615407494068555e-06, 20.0, -19.757152795609866, 22.271682907435114, -18.757152795609866, 

1.6130090888977227, 5.594106940528137e-07, 20.0, -17.398201119722643, 20.149762524686466, -16.398201119722643, 

1.1434029539068833, 7.99843326399184e-09, 20.0, -18.692629676998582, 20.733758507373885, -17.692629676998582, 

0.4755976885589635, 25.23885969623074, 20.0, 5.465052857593371, 47.56266210335751, 6.465052857593371, 

0.5663450418053012, 16.529686940464565, 20.0, -3.1495663531579865, 38.58505347962081, -2.1495663531579865, 

0.8687083129653079, 1.0989368394319077, 20.0, -18.146409027553062, 22.378757720585707, -17.146409027553062, 

0.7925931004332666, 0.0, 20.0, -19.371796177145583, 21.45783142112135, -18.371796177145583, 

2.7693917217400386, 0.0001027367494631266, 20.0, -12.330366754808281, 20.592066358231563, -11.330366754808281, 

21.088312141705458, 3.6201006108703346e-06, 20.0, 424.7169126061024, 384.3636640392806, 425.7169126061024, 

15.247007924038424, 0.0, 20.0, 212.4712506356905, 195.4832189395368, 213.4712506356905, 

0.5166734806973475, 26.56068745387573, 20.0, 6.827638939531642, 48.760945016742255, 7.827638939531642, 

2.9106488922350153, 8.201962670726038e-05, 20.0, -11.528041006504372, 20.829363424555567, -10.528041006504372, 

0.8704202013169496, 1.314200290555911e-05, 20.0, -19.242355531136454, 21.275963663595746, -18.242355531136454, 

1.7918588781279872, 0.0009666800947445924, 20.0, -16.788275080779165, 20.044289406708884, -15.788275080779165, 

1.9443973690736467, 1.4957593522042179, 20.0, -14.723559518935263, 21.49885100477015, -13.723559518935263, 

1.6615326495815979, 6.836824177974548, 20.0, -10.402485076399808, 26.9513843252738, -9.402485076399808, 

0, 0.00017328183479309363, 20.0, -19.999826718165206, 24.000173281834794, -18.999826718165206, 

1.3764552788753008, 1.551744738500144, 20.0, -16.553626126756175, 21.940552757742623, -15.553626126756175, 

0.2655376878672896, 27.93861924506198, 20.0, 8.009129508739885, 50.94697875727073, 9.009129508739885, 

2.583980044071484, 1.8397386066958534, 20.0, -11.483308525144476, 22.180771298569585, -10.483308525144476, 

7.6601367400365605, 1.9292419235316985e-06, 20.0, 38.67769680529987, 52.03714984515363, 39.67769680529987, 

