Generation 723 at Fri May 24 19:48:09 2019
parameters:
2.321290066455595, -1.6751967248701145, 0, 
objectives:
3.713190847755307, -1.5719694180670738, 9.19467163964098, 

parameters:
0.6859381977114103, -100, 20.0, 
objectives:
-119.52948878892042, -78.27324157976607, 9981.470511211079, 

parameters:
-2.025156222141293, -6.444823254831149, 20, 
objectives:
-22.343565530753555, 29.757059357811617, 26.63700451008995, 

parameters:
-0.09310337269809921, -0.38187417318528993, 20, 
objectives:
-20.37320593517753, 23.999207555614866, -18.84550387784629, 

parameters:
1.9973066371654076, -100, 0, 
objectives:
-96.01076619713501, -99.99999274579665, 10004.989233802866, 

parameters:
-0.5980036549339633, -59.793239317845185, 0, 
objectives:
-59.43563094653081, -53.043616326794954, 3576.5890764924216, 

parameters:
2.982640692123264, -79.54061218473953, 7.87448465829551, 
objectives:
-78.5189513447255, -70.70054479662753, 6328.730647563148, 

parameters:
-0.9507709164615219, -52.88092148016357, 14.352609031020704, 
objectives:
-66.32956517559519, -29.821263447707693, 2783.9432128957933, 

parameters:
1.1954029181430479, -28.824614372675775, 14.684956410170477, 
objectives:
-42.08058264614134, -13.492281498372575, 818.6024254600013, 

parameters:
0.2508144502910912, -89.51927662479706, 0, 
objectives:
-89.45636873632223, -86.4596265374866, 8014.763795315412, 

parameters:
4.764079296390353, -55.03110460822165, 0.5251531721521789, 
objectives:
-32.85980623807863, -46.865817079335685, 3051.593772771177, 

parameters:
2.343719658123056, -22.28663163796182, 0.0, 
objectives:
-16.793609802089364, -22.168488434581587, 503.18697160207313, 

parameters:
0.3638712467776295, -24.729784441890654, 14.977738370666126, 
objectives:
-39.57512052832527, -7.075128774103538, 597.7169024559424, 

parameters:
0.5625729618648383, -77.20023123916386, 11.919328980198639, 
objectives:
-88.80307188194112, -63.21470576900319, 5949.272862737593, 

parameters:
1.1306943719970295, -67.05751664855494, 17.01908979787981, 
objectives:
-82.798136683569, -49.28273457579748, 4481.969919036208, 

parameters:
0.25902125883354166, -95.39693645379415, 2.6087435061082695, 
objectives:
-97.93858794737471, -89.75718597049234, 9099.03383327566, 

parameters:
-0.011176898513190814, -93.79572534698458, 16.44274125216172, 
objectives:
-110.23834167608594, -73.30815157770972, 8782.195477037865, 

parameters:
0.8248078707363402, -38.55930185326305, 8.474758143973778, 
objectives:
-46.35375197360822, -28.703467168606018, 1480.0253092907103, 

parameters:
4.452950966610509, -72.21821146960674, 0, 
objectives:
-52.389439158569274, -66.20124302501131, 5236.298840179876, 

parameters:
-1.0043512235827579, -98.48167770566874, 15.836341159359739, 
objectives:
-113.3092974847163, -73.61921027166579, 9684.813223944166, 

parameters:
1.9438938216080393, -45.62994813158197, 13.41699091690607, 
objectives:
-55.26821585880214, -32.20980931142215, 2073.453898763641, 

parameters:
-1.6577436820179516, -13.455031950181944, 15.408661967450357, 
objectives:
-26.115579802361864, 15.332718860610653, 169.377336928237, 

parameters:
1.2621469037296404, -94.19827528784083, 11.578015913904652, 
objectives:
-104.18327639515117, -82.07583218226043, 8864.330066096534, 

parameters:
2.7273465353177992, -37.700570224033086, 15.43949445414506, 
objectives:
-45.70164555446814, -21.73204278744922, 1414.331919886815, 

parameters:
-0.6060064683360433, -79.25608903227717, 14.693941040003322, 
objectives:
-93.58278623261538, -57.77087827926455, 6268.200951491907, 

parameters:
-1.0985694646868622, -1.95213863842865, 4.644031704793985, 
objectives:
-5.389315474480256, 12.293025793855163, 1.373668427594458, 

parameters:
0.302972126024447, -84.26642429221766, 15.227448567831926, 
objectives:
-99.40208075090182, -66.15907211933575, 7086.694606537367, 

parameters:
1.4725989647798745, -86.0387327598507, 10.68609388525904, 
objectives:
-94.55627893403899, -75.0744870226404, 7395.145988746818, 

parameters:
-1.6582076718672734, -74.07667034947075, 18.27377187868954, 
objectives:
-89.6007895451208, -42.420415100272635, 5472.828970868508, 

parameters:
2.8634409577632933, -12.930086462613824, 20.0, 
objectives:
-24.73079234401746, 7.815443824929369, 156.3864300492656, 

parameters:
1.733881986980816, -68.242439773292, 16.876820869474102, 
objectives:
-82.11291389798957, -51.29480010696463, 4644.160112086689, 

parameters:
0.4738016474112581, -48.78044923829238, 8.704197784828533, 
objectives:
-57.26015902203129, -37.74697004201926, 2372.05251810588, 

parameters:
0.7632950473971578, -100, 1.5338973794087005, 
objectives:
-100.95127805002767, -96.9366634807989, 10000.048721949972, 

parameters:
2.3854766614254586, 4.636945747105097, 18.166259717929677, 
objectives:
-7.838815068619027, 22.95179772153849, 10.025505045871917, 

parameters:
2.858752053641692, -48.32324975081062, 2.7221043959824796, 
objectives:
-42.872890842592504, -44.863690265194315, 2341.5868253874364, 

parameters:
-1.3772853485069774, -7.686671128745125, 17.819642173773776, 
objectives:
-23.609398371306916, 21.53902737026855, 44.16218579892207, 

parameters:
3.6419486877253986, -54.576337766130145, 12.498155618025512, 
objectives:
-53.810703140130904, -39.382186654981474, 2980.342278588723, 

