Generation 728 at Fri May 24 19:48:09 2019
parameters:
2.321290066455595, -1.6751967248701145, 0, 
objectives:
3.713190847755307, -1.5719694180670738, 9.19467163964098, 

parameters:
0.6859381977114103, -100, 20.0, 
objectives:
-119.52948878892042, -78.27324157976607, 9981.470511211079, 

parameters:
-2.025156222141293, -6.444823254831149, 20, 
objectives:
-22.343565530753555, 29.757059357811617, 26.63700451008995, 

parameters:
-0.09310337269809921, -0.38187417318528993, 20, 
objectives:
-20.37320593517753, 23.999207555614866, -18.84550387784629, 

parameters:
1.9973066371654076, -100, 0, 
objectives:
-96.01076619713501, -99.99999274579665, 10004.989233802866, 

parameters:
1.1954029181430479, -28.824614372675775, 14.684956410170477, 
objectives:
-42.08058264614134, -13.492281498372575, 818.6024254600013, 

parameters:
1.9438938216080393, -45.62994813158197, 13.41699091690607, 
objectives:
-55.26821585880214, -32.20980931142215, 2073.453898763641, 

parameters:
3.444590072843822, -61.16428705688364, 18.498929758347064, 
objectives:
-67.79801604529649, -40.57851681997765, 3735.4362821884506, 

parameters:
1.1306943719970295, -67.05751664855494, 17.01908979787981, 
objectives:
-82.798136683569, -49.28273457579748, 4481.969919036208, 

parameters:
1.2621469037296404, -94.19827528784083, 11.578015913904652, 
objectives:
-104.18327639515117, -82.07583218226043, 8864.330066096534, 

parameters:
3.7127470039221615, -38.20826269292274, 0, 
objectives:
-24.423772377789753, -35.274760393478395, 1474.6558283265247, 

parameters:
0.40499920632684216, -55.5793974912402, 18.506560740069254, 
objectives:
-73.92193387418408, -34.528809219352944, 3071.7268891063336, 

parameters:
-1.0985694646868622, -1.95213863842865, 4.644031704793985, 
objectives:
-5.389315474480256, 12.293025793855163, 1.373668427594458, 

parameters:
4.464970974392825, -71.94836311501469, 9.842506012609551, 
objectives:
-61.85490332545382, -56.02977519780602, 5187.660414719567, 

parameters:
3.279329960019383, -47.848951051639794, 1.071650625614045, 
objectives:
-38.166596690573115, -45.14061527942255, 2300.2044711032877, 

parameters:
-0.6060064683360433, -79.25608903227717, 14.693941040003322, 
objectives:
-93.58278623261538, -57.77087827926455, 6268.200951491907, 

parameters:
4.807169225442995, -57.484430633426506, 0, 
objectives:
-34.3755546713803, -49.60423157315228, 3328.5686412112696, 

parameters:
-0.6648347171511864, -82.51776622684919, 0, 
objectives:
-82.07576102571969, -75.41642215711495, 6810.623748270062, 

parameters:
0.5625729618648383, -77.20023123916386, 11.919328980198639, 
objectives:
-88.80307188194112, -63.21470576900319, 5949.272862737593, 

parameters:
1.6961261246515478, -26.75350873344492, 0.0, 
objectives:
-23.876664902719444, -26.661169401325633, 719.6270733812391, 

parameters:
3.922856723072551, -92.30465164752779, 1.8398039536584565, 
objectives:
-78.75565073143073, -86.76746971640402, 8534.697716687551, 

parameters:
0.019865536196715494, -86.87363828076495, 13.295941310215444, 
objectives:
-100.16918495145201, -69.65676447580799, 7534.733481466502, 

parameters:
0.3830288993615015, -96.32370171465895, 16.306608394621172, 
objectives:
-112.48359897153404, -77.4024977797377, 9263.095614757716, 

parameters:
-1.0043512235827579, -98.48167770566874, 15.836341159359739, 
objectives:
-113.3092974847163, -73.61921027166579, 9684.813223944166, 

parameters:
3.3713107570502396, -86.69130638602375, 12.460011338714088, 
objectives:
-87.78558150413518, -72.35080185490797, 7515.2883277973315, 

parameters:
-1.6341315623517902, -4.547931566528305, 12.788005581520725, 
objectives:
-14.665551184974728, 21.446986227473882, 11.566061915378182, 

parameters:
3.6556120597226442, -10.469760794782442, 16.52408103372526, 
objectives:
-13.630342297318068, 8.795371531241875, 107.45530959742783, 

parameters:
-1.6582076718672734, -74.07667034947075, 18.27377187868954, 
objectives:
-89.6007895451208, -42.420415100272635, 5472.828970868508, 

parameters:
0.2508144502910912, -89.51927662479706, 0, 
objectives:
-89.45636873632223, -86.4596265374866, 8014.763795315412, 

parameters:
0.3638712467776295, -24.729784441890654, 14.977738370666126, 
objectives:
-39.57512052832527, -7.075128774103538, 597.7169024559424, 

parameters:
0.25902125883354166, -95.39693645379415, 2.6087435061082695, 
objectives:
-97.93858794737471, -89.75718597049234, 9099.03383327566, 

parameters:
-0.5980036549339633, -59.793239317845185, 0, 
objectives:
-59.43563094653081, -53.043616326794954, 3576.5890764924216, 

parameters:
0.31038629162139353, -19.869355449083614, 20, 
objectives:
-39.773015799057134, 2.9854390344572934, 375.88762561205516, 

parameters:
0.2521626878141685, -5.436798194498287, 4.531269981892789, 
objectives:
-9.904482155265411, 2.149407057263494, 26.091090646932713, 

parameters:
-2.627809276567705, -59.53438172523251, 2.7596370776463472, 
objectives:
-55.38863720886357, -35.35812594730005, 3549.488351922067, 

parameters:
-0.31474265901010867, -100, 0, 
objectives:
-99.90093705859924, -94.64196642255881, 10001.099062941401, 

