Generation 73 at Fri May 24 19:55:16 2019
parameters:
0, 0.0, 20.0, 
objectives:
-20.0, 24.0, -19.0, 

parameters:
0, 0.0, 20.0, 
objectives:
-20.0, 24.0, -19.0, 

parameters:
1.9739355561194551, 0.0, 20.0, 
objectives:
-16.103578420287377, 20.0006793552348, -15.103578420287377, 

parameters:
1.5318640401232198, 0.0, 20.0, 
objectives:
-17.653392562577366, 20.219151276929754, -16.653392562577366, 

parameters:
1.4195208342879009, 0.0, 20.0, 
objectives:
-17.984960601022582, 20.336956061825816, -16.984960601022582, 

parameters:
0.7884867612354861, 0.0, 20.0, 
objectives:
-19.378288627356373, 21.467764327701683, -18.378288627356373, 

parameters:
0.8881528672795997, 0.0, 20.0, 
objectives:
-19.211184484343026, 21.236204046538575, -18.211184484343026, 

parameters:
1.6065489370979602, 0.0, 20.0, 
objectives:
-17.419000512709413, 20.154803738898746, -16.419000512709413, 

parameters:
1.7536519815823095, 0.0, 20.0, 
objectives:
-16.92470472749244, 20.060687346178323, -15.92470472749244, 

parameters:
1.7016360969818285, 0.0, 20.0, 
objectives:
-17.10443459344845, 20.089021018624237, -16.10443459344845, 

parameters:
0.5779332724679311, 0.0, 20.0, 
objectives:
-19.665993132574506, 22.022273777553767, -18.665993132574506, 

parameters:
0.10187453708745806, 0.0, 20.0, 
objectives:
-19.989621578693217, 23.602880272956952, -18.989621578693217, 

parameters:
0.7126946262288519, 0.0, 20.0, 
objectives:
-19.492066369744517, 21.657155125340076, -18.492066369744517, 

parameters:
0.18872587803205787, 0.0, 20.0, 
objectives:
-19.96438254296103, 23.28071394491074, -18.96438254296103, 

parameters:
0.34365589588564516, 0.0, 20.0, 
objectives:
-19.881900625223036, 22.743475791234385, -18.881900625223036, 

parameters:
0.4915888115681732, 0.0, 20.0, 
objectives:
-19.75834044034099, 22.275304313386314, -18.75834044034099, 

parameters:
1.9262043884348685, 0.0, 20.0, 
objectives:
-16.289736653974256, 20.00544579228627, -15.289736653974254, 

parameters:
0.6450522036539589, 0.0, 20.0, 
objectives:
-19.583907654561173, 21.835883530822993, -18.583907654561173, 

parameters:
0.4312826964728296, 0.0, 20.0, 
objectives:
-19.813995235723127, 22.460873978385557, -18.813995235723127, 

parameters:
1.6453320799599507, 0.0, 20.0, 
objectives:
-17.29288234665466, 20.125789333505534, -16.29288234665466, 

parameters:
0.27447202989203884, 0.0, 20.0, 
objectives:
-19.924665104806945, 22.9774467756249, -18.924665104806945, 

parameters:
1.808693006276146, 0.0, 20.0, 
objectives:
-16.728629609047758, 20.03659836584766, -15.728629609047758, 

parameters:
0.9419326228542819, 0.0, 20.0, 
objectives:
-19.112762934002852, 21.11950657458002, -18.112762934002852, 

parameters:
1.8833167652129128, 0.0, 20.0, 
objectives:
-16.45311796186797, 20.01361497728038, -15.45311796186797, 

parameters:
1.1006783012132737, 0.0, 20.0, 
objectives:
-18.788507277238264, 20.808779517908643, -17.78850727723826, 

parameters:
1.842663182040502, 0.0, 20.0, 
objectives:
-16.604592397552373, 20.02475487428562, -15.604592397552372, 

parameters:
1.2572241675670388, 0.0, 20.0, 
objectives:
-18.419387392485365, 20.551715937246477, -17.419387392485365, 

parameters:
1.2266417264061746, 0.0, 20.0, 
objectives:
-18.49535007503928, 20.598083019336023, -17.49535007503928, 

parameters:
1.1708830121455676, 0.0, 20.0, 
objectives:
-18.629032971868924, 20.687434979548808, -17.629032971868924, 

parameters:
1.0004080913784656, 0.0, 20.0, 
objectives:
-18.999183650704495, 20.99918398378164, -17.999183650704495, 

parameters:
1.3119251524222002, 0.0, 20.0, 
objectives:
-18.278852394441987, 20.473446995869214, -17.278852394441987, 

parameters:
1.0472650481913333, 0.0, 20.0, 
objectives:
-18.903235918836806, 20.90770388839786, -17.903235918836806, 

parameters:
1.1407091322482956, 0.0, 20.0, 
objectives:
-18.69878267560534, 20.738380795401476, -17.69878267560534, 

parameters:
1.3710057221213092, 0.0, 20.0, 
objectives:
-18.120343309910627, 20.395633801604134, -17.120343309910627, 

parameters:
1.331601498959274, 0.0, 20.0, 
objectives:
-18.226837447969416, 20.44675655619349, -17.226837447969416, 

parameters:
1.026366545271686, 0.0, 20.0, 
objectives:
-18.946571714747066, 20.94796210416619, -17.946571714747066, 

parameters:
1.3643699840542127, 0.0, 20.0, 
objectives:
-18.13849454661191, 20.40402551717124, -17.13849454661191, 

parameters:
0, 0.0, 20.0, 
objectives:
-20.0, 24.0, -19.0, 

