Generation 731 at Fri May 24 19:48:09 2019
parameters:
0.6859381977114103, -100, 20.0, 
objectives:
-119.52948878892042, -78.27324157976607, 9981.470511211079, 

parameters:
2.321290066455595, -1.6751967248701145, 0, 
objectives:
3.713190847755307, -1.5719694180670738, 9.19467163964098, 

parameters:
-2.025156222141293, -6.444823254831149, 20, 
objectives:
-22.343565530753555, 29.757059357811617, 26.63700451008995, 

parameters:
-0.09310337269809921, -0.38187417318528993, 20, 
objectives:
-20.37320593517753, 23.999207555614866, -18.84550387784629, 

parameters:
1.9973066371654076, -100, 0, 
objectives:
-96.01076619713501, -99.99999274579665, 10004.989233802866, 

parameters:
-1.0985694646868622, -1.95213863842865, 4.644031704793985, 
objectives:
-5.389315474480256, 12.293025793855163, 1.373668427594458, 

parameters:
3.444590072843822, -61.16428705688364, 18.498929758347064, 
objectives:
-67.79801604529649, -40.57851681997765, 3735.4362821884506, 

parameters:
1.1306943719970295, -67.05751664855494, 17.01908979787981, 
objectives:
-82.798136683569, -49.28273457579748, 4481.969919036208, 

parameters:
3.922856723072551, -92.30465164752779, 1.8398039536584565, 
objectives:
-78.75565073143073, -86.76746971640402, 8534.697716687551, 

parameters:
3.108308488942506, -17.841615698596424, 4.450494957385105, 
objectives:
-12.630528993549484, -12.162773034549298, 324.53433744144934, 

parameters:
4.464970974392825, -71.94836311501469, 9.842506012609551, 
objectives:
-61.85490332545382, -56.02977519780602, 5187.660414719567, 

parameters:
1.2621469037296404, -94.19827528784083, 11.578015913904652, 
objectives:
-104.18327639515117, -82.07583218226043, 8864.330066096534, 

parameters:
3.7127470039221615, -38.20826269292274, 0, 
objectives:
-24.423772377789753, -35.274760393478395, 1474.6558283265247, 

parameters:
-3.1693123389563005, -48.5037406971546, 18.060441052280538, 
objectives:
-56.51964104757448, -3.721509587188198, 2345.596961266391, 

parameters:
4.807169225442995, -57.484430633426506, 0, 
objectives:
-34.3755546713803, -49.60423157315228, 3328.5686412112696, 

parameters:
0.019865536196715494, -86.87363828076495, 13.295941310215444, 
objectives:
-100.16918495145201, -69.65676447580799, 7534.733481466502, 

parameters:
0.5625729618648383, -77.20023123916386, 11.919328980198639, 
objectives:
-88.80307188194112, -63.21470576900319, 5949.272862737593, 

parameters:
1.8238733183555602, -36.503647262303424, 17.048070218243566, 
objectives:
-50.22520359913767, -19.424556436072777, 1319.794707113838, 

parameters:
0.7579820459177744, -95.90868542964765, 1.2470407285252525, 
objectives:
-96.5811893762392, -93.1190361028598, 9198.803436896516, 

parameters:
-0.6060064683360433, -79.25608903227717, 14.693941040003322, 
objectives:
-93.58278623261538, -57.77087827926455, 6268.200951491907, 

parameters:
1.9438938216080393, -45.62994813158197, 13.41699091690607, 
objectives:
-55.26821585880214, -32.20980931142215, 2073.453898763641, 

parameters:
-0.6648347171511864, -82.51776622684919, 0, 
objectives:
-82.07576102571969, -75.41642215711495, 6810.623748270062, 

parameters:
0.40499920632684216, -55.5793974912402, 18.506560740069254, 
objectives:
-73.92193387418408, -34.528809219352944, 3071.7268891063336, 

parameters:
3.347213765497529, -14.908533562692245, 17.59822994177998, 
objectives:
-21.30292351253608, 4.504681309033765, 216.8699830400773, 

parameters:
-1.0043512235827579, -98.48167770566874, 15.836341159359739, 
objectives:
-113.3092974847163, -73.61921027166579, 9684.813223944166, 

parameters:
-1.9576563783800085, -52.710599978387194, 7.362672867902275, 
objectives:
-56.24085435047754, -29.684883101152955, 2775.8770957094616, 

parameters:
2.9587187975399294, -38.28857291251396, 14.086200584390244, 
objectives:
-43.62075657398808, -23.28323059536731, 1461.682632015424, 

parameters:
0.3830288993615015, -96.32370171465895, 16.306608394621172, 
objectives:
-112.48359897153404, -77.4024977797377, 9263.095614757716, 

parameters:
3.3713107570502396, -86.69130638602375, 12.460011338714088, 
objectives:
-87.78558150413518, -72.35080185490797, 7515.2883277973315, 

parameters:
4.7811915066971755, -74.11991773531803, 15.134176013272768, 
objectives:
-66.39430152487759, -51.250715525120754, 5502.487821300752, 

parameters:
-0.3054717268635718, -29.12710648012562, 9.041041898669878, 
objectives:
-38.074835402882485, -14.770864698088442, 840.440602981819, 

parameters:
2.6176715224019906, -81.01449306154682, 13.730728505463304, 
objectives:
-87.89301736781576, -66.90224644649712, 6557.469561713148, 

parameters:
1.1954029181430479, -28.824614372675775, 14.684956410170477, 
objectives:
-42.08058264614134, -13.492281498372575, 818.6024254600013, 

parameters:
0.8511194381405707, -74.74536839310112, 3.1422065403563, 
objectives:
-77.16317063547669, -70.28323530732638, 5585.452293978024, 

parameters:
1.5809088459093537, -32.78492199208184, 12.0618518293427, 
objectives:
-42.347501042350096, -20.547432767302112, 1066.2885309766234, 

