Generation 735 at Fri May 24 19:48:09 2019
parameters:
2.321290066455595, -1.6751967248701145, 0, 
objectives:
3.713190847755307, -1.5719694180670738, 9.19467163964098, 

parameters:
0.6859381977114103, -100, 20.0, 
objectives:
-119.52948878892042, -78.27324157976607, 9981.470511211079, 

parameters:
-2.025156222141293, -6.444823254831149, 20, 
objectives:
-22.343565530753555, 29.757059357811617, 26.63700451008995, 

parameters:
-0.09310337269809921, -0.38187417318528993, 20, 
objectives:
-20.37320593517753, 23.999207555614866, -18.84550387784629, 

parameters:
1.9973066371654076, -100, 0, 
objectives:
-96.01076619713501, -99.99999274579665, 10004.989233802866, 

parameters:
-0.6060064683360433, -79.25608903227717, 14.693941040003322, 
objectives:
-93.58278623261538, -57.77087827926455, 6268.200951491907, 

parameters:
1.8238733183555602, -36.503647262303424, 17.048070218243566, 
objectives:
-50.22520359913767, -19.424556436072777, 1319.794707113838, 

parameters:
-0.15218094074684818, -54.07489087583088, 14.369321765889254, 
objectives:
-68.42105360299354, -35.07368630822764, 2910.747660505855, 

parameters:
0.7579820459177744, -95.90868542964765, 1.2470407285252525, 
objectives:
-96.5811893762392, -93.1190361028598, 9198.803436896516, 

parameters:
4.464970974392825, -71.94836311501469, 9.842506012609551, 
objectives:
-61.85490332545382, -56.02977519780602, 5187.660414719567, 

parameters:
-0.7271202755063757, -0.040055247563856256, 0, 
objectives:
0.4886486474886115, 7.397129749514114, 1.5303083179098698, 

parameters:
4.311251224222093, -27.962865803049795, 0.31799386360626, 
objectives:
-9.693972548299561, -22.30298971797541, 801.1907571741218, 

parameters:
2.9587187975399294, -38.28857291251396, 14.086200584390244, 
objectives:
-43.62075657398808, -23.28323059536731, 1461.682632015424, 

parameters:
3.0250906745422124, -44.2357469515982, 4.205776957367151, 
objectives:
-39.29035031976309, -38.979159103197645, 1962.7467049976647, 

parameters:
1.6121920901403914, -88.85253066244954, 0, 
objectives:
-86.25336732693829, -88.70213568749986, 7898.371368457047, 

parameters:
0.2240547305507125, -88.4291199840024, 16.92219874036915, 
objectives:
-105.3011182020894, -68.35293964355394, 7803.837262927006, 

parameters:
2.082543104453131, -65.8990310011655, 15.43630552028615, 
objectives:
-76.99835073954637, -50.455912116786585, 4332.582967154191, 

parameters:
-0.24144167965975383, -49.95685686187187, 15.785942643693447, 
objectives:
-65.6845054208884, -29.146853414862484, 2480.959898958538, 

parameters:
-1.0043512235827579, -98.48167770566874, 15.836341159359739, 
objectives:
-113.3092974847163, -73.61921027166579, 9684.813223944166, 

parameters:
3.444590072843822, -61.16428705688364, 18.498929758347064, 
objectives:
-67.79801604529649, -40.57851681997765, 3735.4362821884506, 

parameters:
3.108308488942506, -17.841615698596424, 4.450494957385105, 
objectives:
-12.630528993549484, -12.162773034549298, 324.53433744144934, 

parameters:
1.697773228272529, -92.41637407502225, 19.328781517363254, 
objectives:
-108.86272165774658, -72.99625153611018, 8525.33984959172, 

parameters:
-3.1693123389563005, -48.5037406971546, 18.060441052280538, 
objectives:
-56.51964104757448, -3.721509587188198, 2345.596961266391, 

parameters:
3.3713107570502396, -86.69130638602375, 12.460011338714088, 
objectives:
-87.78558150413518, -72.35080185490797, 7515.2883277973315, 

parameters:
4.7811915066971755, -74.11991773531803, 15.134176013272768, 
objectives:
-66.39430152487759, -51.250715525120754, 5502.487821300752, 

parameters:
1.2621469037296404, -94.19827528784083, 11.578015913904652, 
objectives:
-104.18327639515117, -82.07583218226043, 8864.330066096534, 

parameters:
-0.6648347171511864, -82.51776622684919, 0, 
objectives:
-82.07576102571969, -75.41642215711495, 6810.623748270062, 

parameters:
-1.1508837887390264, -24.486139286253476, 9.828123588934606, 
objectives:
-32.989729380005784, -4.7299470471804685, 592.0674270520535, 

parameters:
4.22993926079986, -13.076594321000197, 20, 
objectives:
-15.184208170944132, 11.896034785856429, 169.88970518607067, 

parameters:
-0.5944890623515386, -84.0816851851061, 19.740910927585244, 
objectives:
-103.46917886743573, -57.60940076285908, 7051.34228988496, 

parameters:
0.010325242178829352, -7.26718976235658, 20.0, 
objectives:
-27.267083151730528, 16.691615879554156, 33.81215365272633, 

parameters:
0.4222821631849909, -66.34853512830665, 16.944967647172565, 
objectives:
-83.11518055013502, -46.91437390852985, 4386.361468250314, 

parameters:
1.1306943719970295, -67.05751664855494, 17.01908979787981, 
objectives:
-82.798136683569, -49.28273457579748, 4481.969919036208, 

parameters:
-1.9288412649236433, -18.443311736055357, 20, 
objectives:
-34.722883110783116, 16.992481948911454, 324.87617641858947, 

parameters:
4.807169225442995, -57.484430633426506, 0, 
objectives:
-34.3755546713803, -49.60423157315228, 3328.5686412112696, 

parameters:
-3.0911476657502366, -20.429674324600764, 10.088805531862356, 
objectives:
-20.963285964989986, 15.578915761735676, 417.8379813688625, 

