Generation 739 at Fri May 24 19:48:10 2019
parameters:
2.321290066455595, -1.6751967248701145, 0, 
objectives:
3.713190847755307, -1.5719694180670738, 9.19467163964098, 

parameters:
0.6859381977114103, -100, 20.0, 
objectives:
-119.52948878892042, -78.27324157976607, 9981.470511211079, 

parameters:
-2.025156222141293, -6.444823254831149, 20, 
objectives:
-22.343565530753555, 29.757059357811617, 26.63700451008995, 

parameters:
-0.09310337269809921, -0.38187417318528993, 20, 
objectives:
-20.37320593517753, 23.999207555614866, -18.84550387784629, 

parameters:
1.9973066371654076, -100, 0, 
objectives:
-96.01076619713501, -99.99999274579665, 10004.989233802866, 

parameters:
3.308910425311642, -67.17351846454414, 0.6051822833582766, 
objectives:
-56.82981254516635, -64.85508967969636, 4523.625288825831, 

parameters:
-0.24144167965975383, -49.95685686187187, 15.785942643693447, 
objectives:
-65.6845054208884, -29.146853414862484, 2480.959898958538, 

parameters:
0.7579820459177744, -95.90868542964765, 1.2470407285252525, 
objectives:
-96.5811893762392, -93.1190361028598, 9198.803436896516, 

parameters:
-0.6333310022599548, -9.044813032200175, 18.016595453975352, 
objectives:
-26.660300327751926, 15.906214589238598, 65.19315549190635, 

parameters:
-1.5775187943397677, -71.31943117562048, 2.0483270189195633, 
objectives:
-70.87919264804485, -56.47246343284665, 5087.901501741641, 

parameters:
3.3663061508725174, -75.39572087812566, 14.862854476973899, 
objectives:
-78.92655825369741, -58.666073903239685, 5681.983889356662, 

parameters:
3.0250906745422124, -44.2357469515982, 4.205776957367151, 
objectives:
-39.29035031976309, -38.979159103197645, 1962.7467049976647, 

parameters:
-0.7271202755063757, -0.040055247563856256, 0, 
objectives:
0.4886486474886115, 7.397129749514114, 1.5303083179098698, 

parameters:
1.56469129265488, -79.20873264662916, 14.303234859442643, 
objectives:
-91.0637086647618, -64.71600411649604, 6263.168351467044, 

parameters:
1.697773228272529, -92.41637407502225, 19.328781517363254, 
objectives:
-108.86272165774658, -72.99625153611018, 8525.33984959172, 

parameters:
1.2621469037296404, -94.19827528784083, 11.578015913904652, 
objectives:
-104.18327639515117, -82.07583218226043, 8864.330066096534, 

parameters:
2.9587187975399294, -38.28857291251396, 14.086200584390244, 
objectives:
-43.62075657398808, -23.28323059536731, 1461.682632015424, 

parameters:
4.091022740821478, -56.90500303494805, 6.2143835544971235, 
objectives:
-46.3829195235267, -46.31824337781836, 3249.7014539188685, 

parameters:
3.108308488942506, -17.841615698596424, 4.450494957385105, 
objectives:
-12.630528993549484, -12.162773034549298, 324.53433744144934, 

parameters:
-1.0043512235827579, -98.48167770566874, 15.836341159359739, 
objectives:
-113.3092974847163, -73.61921027166579, 9684.813223944166, 

parameters:
1.8238733183555602, -36.503647262303424, 17.048070218243566, 
objectives:
-50.22520359913767, -19.424556436072777, 1319.794707113838, 

parameters:
4.311251224222093, -27.962865803049795, 0.31799386360626, 
objectives:
-9.693972548299561, -22.30298971797541, 801.1907571741218, 

parameters:
3.3713107570502396, -86.69130638602375, 12.460011338714088, 
objectives:
-87.78558150413518, -72.35080185490797, 7515.2883277973315, 

parameters:
-0.6648347171511864, -82.51776622684919, 0, 
objectives:
-82.07576102571969, -75.41642215711495, 6810.623748270062, 

parameters:
2.082543104453131, -65.8990310011655, 15.43630552028615, 
objectives:
-76.99835073954637, -50.455912116786585, 4332.582967154191, 

parameters:
0.8416546349483938, -85.57358218922069, 0, 
objectives:
-84.86519966469058, -84.23181820448414, 7324.546351219838, 

parameters:
3.444590072843822, -61.16428705688364, 18.498929758347064, 
objectives:
-67.79801604529649, -40.57851681997765, 3735.4362821884506, 

parameters:
1.7452533518808333, -8.14507838750246, 13.813206719519323, 
objectives:
-18.9123758447705, 5.733024186744814, 56.575004481291636, 

parameters:
1.1722783602094426, -33.15576541471511, 0, 
objectives:
-31.781528860899773, -32.47064230173754, 1101.6790167894342, 

parameters:
1.6121920901403914, -88.85253066244954, 0, 
objectives:
-86.25336732693829, -88.70213568749986, 7898.371368457047, 

parameters:
0.10811367923556636, -63.97065564873647, 16.912155675685415, 
objectives:
-80.87112275678403, -43.47926612235547, 4076.3443170211717, 

parameters:
2.6734244984923015, -25.776651115468823, 16.894831138755507, 
objectives:
-35.524283705085516, -8.428319421543709, 655.6881101389833, 

parameters:
1.4274585481177349, -78.17727089223774, 0, 
objectives:
-76.13963298564335, -77.8494671781143, 6114.723322064918, 

parameters:
1.7582752979308918, -24.897077614840498, 10.591289691652372, 
objectives:
-32.3968352831789, -14.247357091597726, 613.3647160910534, 

parameters:
-0.15218094074684818, -54.07489087583088, 14.369321765889254, 
objectives:
-68.42105360299354, -35.07368630822764, 2910.747660505855, 

parameters:
-0.6598664378012709, -30.23000100703973, 20, 
objectives:
-49.79457729130319, -3.1551115400981047, 895.2883846013596, 

parameters:
-0.07457568977704687, -55.97598663864483, 16.129496470638113, 
objectives:
-72.09992157577722, -35.5426258753928, 3118.187145232612, 

parameters:
2.1686016949173506, -88.34316468081292, 0, 
objectives:
-83.64033136961451, -88.31473814928391, 7810.21757913243, 

parameters:
-1.808586455355285, -98.67864071287508, 8.849642671781254, 
objectives:
-104.25729841816174, -75.32366725317809, 9732.895475235402, 

parameters:
2.7585645720225034, -29.10429966412545, 15.706551331000282, 
objectives:
-37.20117249710803, -12.822328123197481, 839.9633861062302, 

