[!]Generation 74 at Sun May 26 02:43:07 2019
size of front generated: 49
[!!!]Points in the front:
parameters:
0, 0, 20.0, 
objectives:
-20.0, 24.0, -19.0, 

parameters:
0, 0, 20.0, 
objectives:
-20.0, 24.0, -19.0, 

parameters:
1.9897451504022683, 5.2048723696528845e-06, 20.0, 
objectives:
-16.040909031578284, 20.000110366812642, -15.040909031578286, 

parameters:
0.19597739835806047, 3.7624169939558867e-06, 20.0, 
objectives:
-19.961589096915812, 23.254501309651946, -18.961589096915812, 

parameters:
1.7988894979094006, 0.0011046344056344238, 20.0, 
objectives:
-16.76289193990563, 20.04155006845677, -15.76289193990563, 

parameters:
0.4666777162402703, 5.714364507200019e-06, 20.0, 
objectives:
-19.78220619480026, 22.351082940238662, -18.78220619480026, 

parameters:
0.9609501861903735, 0.00029399293260460105, 20.0, 
objectives:
-19.07628074672808, 21.079918508510424, -18.07628074672808, 

parameters:
0.37154892347163265, 0.00015722598845591414, 20.0, 
objectives:
-19.861794171478614, 22.652010134634853, -18.861794171478614, 

parameters:
1.1434029539068833, 7.99843326399184e-09, 20.0, 
objectives:
-18.692629676998582, 20.733758507373885, -17.692629676998582, 

parameters:
0.6407975241024813, 0.00033751150916082415, 20.0, 
objectives:
-19.58904102159497, 21.847768881995105, -18.58904102159497, 

parameters:
1.3830316872681667, 0, 20.0, 
objectives:
-18.087223352012167, 20.380649898915166, -17.087223352012167, 

parameters:
1.471467987460389, 0.0, 20.0, 
objectives:
-17.834781961879273, 20.279346088279173, -16.834781961879273, 

parameters:
1.7480498127798965, 0.0004276082334124017, 20.0, 
objectives:
-16.943894243806756, 20.063906505073657, -15.943894243806756, 

parameters:
0.6989601121940958, 3.477234795523175e-05, 20.0, 
objectives:
-19.51141998921366, 21.692739562009955, -18.51141998921366, 

parameters:
1.423799442211554, 1.4719410758326191e-05, 20.0, 
objectives:
-17.97278042894731, 20.332021802206473, -16.97278042894731, 

parameters:
1.9088676896490926, 0.00010050829306632032, 20.0, 
objectives:
-16.356123635120667, 20.00840560628296, -15.35612363512067, 

parameters:
1.266477208612035, 4.246184815092365e-05, 20.0, 
objectives:
-18.395993018218117, 20.53809814733374, -17.395993018218117, 

parameters:
1.8656198288358807, 4.818759509226702e-07, 20.0, 
objectives:
-16.51946217237843, 20.01805851227805, -15.519462172378429, 

parameters:
0.8710159180573601, 0, 20.0, 
objectives:
-19.241331270490694, 21.274605057279864, -18.241331270490694, 

parameters:
0.7550683521916386, 7.465869780945176e-05, 20.0, 
objectives:
-19.429797124820794, 21.549929466412653, -18.429797124820794, 

parameters:
1.2082372327708413, 0.000449331565246473, 20.0, 
objectives:
-18.539713457781012, 20.627337611135623, -17.539713457781012, 

parameters:
1.323171619088099, 0.0011377084735721141, 20.0, 
objectives:
-18.248079157966206, 20.459234365681397, -17.248079157966206, 

parameters:
1.942036834919947, 0.0002629209669274741, 20.0, 
objectives:
-16.228230010847188, 20.003622649473026, -15.228230010847188, 

parameters:
1.5190481991293663, 7.161684919849622e-05, 20.0, 
objectives:
-17.69242095187263, 20.231386251609905, -16.69242095187263, 

parameters:
1.0164714459758746, 0.00015085818058064888, 20.0, 
objectives:
-18.966634941335133, 20.967479274761367, -17.966634941335133, 

parameters:
0.5596596669657066, 5.817092328055471e-06, 20.0, 
objectives:
-19.686775240079506, 22.074586092057668, -18.686775240079506, 

parameters:
0.09091123094295361, 5.155405382289182e-06, 20.0, 
objectives:
-19.991729992683055, 23.64462508354513, -18.991729992683055, 

parameters:
0.5504057011587669, 0, 20.0, 
objectives:
-19.697053564131927, 22.101323631233008, -18.697053564131927, 

parameters:
0.3717503523304614, 1.2067400391656804e-05, 20.0, 
objectives:
-19.861789608141788, 22.651208982536367, -18.861789608141788, 

parameters:
1.6337339350199458, 0.0, 20.0, 
objectives:
-17.330913429564244, 20.134150830355974, -16.330913429564244, 

parameters:
0.8337168700082775, 0.0, 20.0, 
objectives:
-19.3049161806636, 21.36021633930329, -18.3049161806636, 

parameters:
0.7925931004332666, 0.0, 20.0, 
objectives:
-19.371796177145583, 21.45783142112135, -18.371796177145583, 

parameters:
1.7130658961674765, 0.0014622846149302383, 20.0, 
objectives:
-17.06394295077299, 20.083793464557104, -16.06394295077299, 

parameters:
1.6130090888977227, 5.594106940528137e-07, 20.0, 
objectives:
-17.398201119722643, 20.149762524686466, -16.398201119722643, 

parameters:
1.6756459218233255, 7.449947621032138e-06, 20.0, 
objectives:
-17.192203294729236, 20.105213017977462, -16.192203294729236, 

parameters:
1.0398266975769255, 2.6895429113228442e-06, 20.0, 
objectives:
-18.918757749463353, 20.921935460228944, -17.918757749463353, 

parameters:
1.2236881718862025, 6.208434006324064e-07, 20.0, 
objectives:
-18.502586637142404, 20.602660675312787, -17.502586637142404, 

parameters:
1.306862119366931, 0.0003973571489257454, 20.0, 
objectives:
-18.29171404381485, 20.48083747871743, -17.29171404381485, 

parameters:
1.0886472508413292, 4.576678184770219e-05, 20.0, 
objectives:
-18.814801396453767, 20.830609600180914, -17.814801396453767, 

parameters:
1.5423557364324947, 2.2742028776843854e-05, 20.0, 
objectives:
-17.621116040265, 20.209461014005022, -16.621116040265, 

parameters:
0.08646002945351702, 0.0, 20.0, 
objectives:
-19.9925246633069, 23.661635218879034, -18.992524663306895, 

parameters:
1.8691950872549494, 0, 20.0, 
objectives:
-16.50610972578196, 20.01710992519824, -15.506109725781961, 

parameters:
1.573208145163731, 9.452354099454205e-05, 20.0, 
objectives:
-17.5249216084495, 20.182245810895576, -16.5249216084495, 

parameters:
1.0832906952172545, 4.5235065243127486e-05, 20.0, 
objectives:
-18.826436034590476, 20.840401184540507, -17.826436034590476, 

parameters:
1.9730045481097955, 5.12130120470705e-06, 20.0, 
objectives:
-16.107247931836856, 20.00073387572396, -15.107247931836856, 

parameters:
1.6893467857907827, 0.0002535074241377359, 20.0, 
objectives:
-17.145853929914214, 20.096758926922657, -16.145853929914214, 

parameters:
1.5711180993057454, 0, 20.0, 
objectives:
-17.531587918033903, 20.183939684743116, -16.531587918033903, 

parameters:
0.8704202013169496, 1.314200290555911e-05, 20.0, 
objectives:
-19.242355531136454, 21.275963663595746, -18.242355531136454, 

parameters:
1.9795007331513772, 0.0, 20.0, 
objectives:
-16.08157684745316, 20.000420219941333, -15.08157684745316, 

size of all points: 80
[!!!]All points:
0, 0, 20.0, -20.0, 24.0, -19.0, 

0, 0, 20.0, -20.0, 24.0, -19.0, 

1.9897451504022683, 5.2048723696528845e-06, 20.0, -16.040909031578284, 20.000110366812642, -15.040909031578286, 

1.7988894979094006, 0.0011046344056344238, 20.0, -16.76289193990563, 20.04155006845677, -15.76289193990563, 

0.4666777162402703, 5.714364507200019e-06, 20.0, -19.78220619480026, 22.351082940238662, -18.78220619480026, 

1.8691950872549494, 0, 20.0, -16.50610972578196, 20.01710992519824, -15.506109725781961, 

0.08646002945351702, 0.0, 20.0, -19.9925246633069, 23.661635218879034, -18.992524663306895, 

1.1434029539068833, 7.99843326399184e-09, 20.0, -18.692629676998582, 20.733758507373885, -17.692629676998582, 

0.6407975241024813, 0.00033751150916082415, 20.0, -19.58904102159497, 21.847768881995105, -18.58904102159497, 

1.5190481991293663, 7.161684919849622e-05, 20.0, -17.69242095187263, 20.231386251609905, -16.69242095187263, 

0.37154892347163265, 0.00015722598845591414, 20.0, -19.861794171478614, 22.652010134634853, -18.861794171478614, 

1.3830316872681667, 0, 20.0, -18.087223352012167, 20.380649898915166, -17.087223352012167, 

1.7480498127798965, 0.0004276082334124017, 20.0, -16.943894243806756, 20.063906505073657, -15.943894243806756, 

1.0886472508413292, 4.576678184770219e-05, 20.0, -18.814801396453767, 20.830609600180914, -17.814801396453767, 

0.6989601121940958, 3.477234795523175e-05, 20.0, -19.51141998921366, 21.692739562009955, -18.51141998921366, 

1.6756459218233255, 7.449947621032138e-06, 20.0, -17.192203294729236, 20.105213017977462, -16.192203294729236, 

1.9088676896490926, 0.00010050829306632032, 20.0, -16.356123635120667, 20.00840560628296, -15.35612363512067, 

0.9609501861903735, 0.00029399293260460105, 20.0, -19.07628074672808, 21.079918508510424, -18.07628074672808, 

1.942036834919947, 0.0002629209669274741, 20.0, -16.228230010847188, 20.003622649473026, -15.228230010847188, 

1.266477208612035, 4.246184815092365e-05, 20.0, -18.395993018218117, 20.53809814733374, -17.395993018218117, 

1.7130658961674765, 0.0014622846149302383, 20.0, -17.06394295077299, 20.083793464557104, -16.06394295077299, 

0.7550683521916386, 7.465869780945176e-05, 20.0, -19.429797124820794, 21.549929466412653, -18.429797124820794, 

1.2082372327708413, 0.000449331565246473, 20.0, -18.539713457781012, 20.627337611135623, -17.539713457781012, 

0.19597739835806047, 3.7624169939558867e-06, 20.0, -19.961589096915812, 23.254501309651946, -18.961589096915812, 

1.323171619088099, 0.0011377084735721141, 20.0, -18.248079157966206, 20.459234365681397, -17.248079157966206, 

1.423799442211554, 1.4719410758326191e-05, 20.0, -17.97278042894731, 20.332021802206473, -16.97278042894731, 

1.0164714459758746, 0.00015085818058064888, 20.0, -18.966634941335133, 20.967479274761367, -17.966634941335133, 

0.5596596669657066, 5.817092328055471e-06, 20.0, -19.686775240079506, 22.074586092057668, -18.686775240079506, 

0.5504057011587669, 0, 20.0, -19.697053564131927, 22.101323631233008, -18.697053564131927, 

1.6337339350199458, 0.0, 20.0, -17.330913429564244, 20.134150830355974, -16.330913429564244, 

1.0398266975769255, 2.6895429113228442e-06, 20.0, -18.918757749463353, 20.921935460228944, -17.918757749463353, 

0.8337168700082775, 0.0, 20.0, -19.3049161806636, 21.36021633930329, -18.3049161806636, 

0.7925931004332666, 0.0, 20.0, -19.371796177145583, 21.45783142112135, -18.371796177145583, 

0.8704202013169496, 1.314200290555911e-05, 20.0, -19.242355531136454, 21.275963663595746, -18.242355531136454, 

1.471467987460389, 0.0, 20.0, -17.834781961879273, 20.279346088279173, -16.834781961879273, 

1.573208145163731, 9.452354099454205e-05, 20.0, -17.5249216084495, 20.182245810895576, -16.5249216084495, 

1.6130090888977227, 5.594106940528137e-07, 20.0, -17.398201119722643, 20.149762524686466, -16.398201119722643, 

1.9795007331513772, 0.0, 20.0, -16.08157684745316, 20.000420219941333, -15.08157684745316, 

1.2236881718862025, 6.208434006324064e-07, 20.0, -18.502586637142404, 20.602660675312787, -17.502586637142404, 

1.306862119366931, 0.0003973571489257454, 20.0, -18.29171404381485, 20.48083747871743, -17.29171404381485, 

2.1948627715822226, 8.53212239278549, 20.0, -6.650455021136914, 28.570093892534196, -5.650455021136914, 

1.0832906952172545, 4.5235065243127486e-05, 20.0, -18.826436034590476, 20.840401184540507, -17.826436034590476, 

1.4637535983793926, 8.974854215957322, 20.0, -8.882571187274058, 29.262414419208373, -7.882571187274058, 

11.007301343973294, 0.0002921020381508272, 20.0, 101.16097497907444, 101.13176960318125, 102.16097497907444, 

1.6893467857907827, 0.0002535074241377359, 20.0, -17.145853929914214, 20.096758926922657, -16.145853929914214, 

8.388242825217896, 8.07725129976712e-05, 20.0, 50.36269846733251, 60.80972716646092, 51.36269846733251, 

1.2050360815236645, 14.318268987926816, 20.0, -4.2296190542992775, 34.950236619606066, -3.2296190542992775, 

0.7317872278493316, 14.01198395099672, 20.0, -5.452503502159869, 35.620347586442804, -4.452503502159871, 

11.668745416215756, 5.1066447861676776e-05, 20.0, 116.15967065490409, 113.48468899004106, 117.15967065490409, 

0.8710159180573601, 0, 20.0, -19.241331270490694, 21.274605057279864, -18.241331270490694, 

10.857943216790133, 0.20043412015554476, 20.0, 98.09536501919442, 98.66359215203389, 99.09536501919442, 

0, 58.99020526842707, 20.0, 38.99020526842707, 82.99020526842708, 39.99020526842707, 

6.713683247796819, 1.1146078281348232e-05, 20.0, 25.073553897825924, 42.218820906638655, 26.073553897825924, 

0.404351774411032, 2.4782673653079224, 20.0, -17.358232277222726, 25.024360625133145, -16.358232277222726, 

1.8656198288358807, 4.818759509226702e-07, 20.0, -16.51946217237843, 20.01805851227805, -15.519462172378429, 

6.46626228199355, 3.776530144877329e-08, 20.0, 21.812547937297737, 39.947498809323534, 22.812547937297737, 

1.5423557364324947, 2.2742028776843854e-05, 20.0, -17.621116040265, 20.209461014005022, -16.621116040265, 

1.2677700801141683, 4.19455654526236, 20.0, -14.198202478704955, 24.73071720083837, -13.198202478704955, 

4.831218344072402, 28.84304437308315, 20.0, 32.183715061184834, 56.858841684895225, 33.183715061184834, 

2.6599699290933114, 7.856448372379893e-05, 20.0, -12.9244814118356, 20.435638871791156, -11.924481411835599, 

4.991847138637677, 3.012687457767462, 20.0, 7.931225313292629, 31.96383675874192, 8.931225313292629, 

0.0007484453005216836, 10.372895331462834, 20.0, -9.627104108366797, 34.36990211043111, -8.627104108366797, 

3.2136071780316935, 0.6613254806137356, 20.0, -9.01140342468944, 22.134167863183787, -8.01140342468944, 

3.7964248855635865, 7.49670931214659, 20.0, 1.9095512238730805, 30.723851681618733, 2.9095512238730805, 

4.795949119251523, 13.279964199337307, 20.0, 16.28109215378676, 41.097295676780675, 17.28109215378676, 

0.09091123094295361, 5.155405382289182e-06, 20.0, -19.991729992683055, 23.64462508354513, -18.991729992683055, 

9.573713592457915, 5.40907126346841e-06, 20.0, 71.6559973594847, 77.36114298965305, 72.6559973594847, 

5.755915746268103, 0, 20.0, 13.130566078137093, 34.10690309306468, 14.130566078137093, 

14.450520793912371, 2.6727096185537973, 20.0, 191.49026083384763, 177.68817765819816, 192.49026083384763, 

1.1272379704020947, 29.512851447402547, 20.0, 10.78351688931878, 50.2745650077104, 11.78351688931878, 

16.3250559779906, 0.00014054901743588651, 20.0, 246.50759323354407, 225.2073693215817, 247.50759323354407, 

0.3717503523304614, 1.2067400391656804e-05, 20.0, -19.861789608141788, 22.651208982536367, -18.861789608141788, 

1.9730045481097955, 5.12130120470705e-06, 20.0, -16.107247931836856, 20.00073387572396, -15.107247931836856, 

15.98764796772575, 0.9444207087535962, 20.0, 236.54930824867887, 216.59871637777587, 237.5493082486788, 

13.174301301598465, 9.208478228424537, 20.0, 162.77069301372353, 154.07348780732968, 163.77069301372353, 

0.18568438238015128, 24.662173030899638, 20.0, 4.696651720759537, 47.95391419123893, 5.696651720759537, 

7.895510358781658, 13.654035565047833, 20.0, 55.9931193906763, 68.41107795554967, 56.9931193906763, 

4.437491827905071, 2.5718726225667832e-05, 20.0, -0.30864055854948447, 25.94139212983023, 0.6913594414505155, 

0.4334420517463573, 3.5882407608094815, 20.0, -16.223887226968426, 26.042344566046143, -15.223887226968426, 

1.5711180993057454, 0, 20.0, -17.531587918033903, 20.183939684743116, -16.531587918033903, 

