Generation 747 at Fri May 24 19:48:10 2019
parameters:
2.321290066455595, -1.6751967248701145, 0, 
objectives:
3.713190847755307, -1.5719694180670738, 9.19467163964098, 

parameters:
0.6859381977114103, -100, 20.0, 
objectives:
-119.52948878892042, -78.27324157976607, 9981.470511211079, 

parameters:
-2.025156222141293, -6.444823254831149, 20, 
objectives:
-22.343565530753555, 29.757059357811617, 26.63700451008995, 

parameters:
-0.09310337269809921, -0.38187417318528993, 20, 
objectives:
-20.37320593517753, 23.999207555614866, -18.84550387784629, 

parameters:
1.9973066371654076, -100, 0, 
objectives:
-96.01076619713501, -99.99999274579665, 10004.989233802866, 

parameters:
4.068650380695237, -21.069377409824938, 0, 
objectives:
-4.51546148949344, -16.790063012274388, 461.4725803579729, 

parameters:
1.0300509405319707, -56.176263228008025, 3.905652032804734, 
objectives:
-59.02091032072196, -51.329810017240376, 3153.9279031697324, 

parameters:
3.3663061508725174, -75.39572087812566, 14.862854476973899, 
objectives:
-78.92655825369741, -58.666073903239685, 5681.983889356662, 

parameters:
-1.0043512235827579, -98.48167770566874, 15.836341159359739, 
objectives:
-113.3092974847163, -73.61921027166579, 9684.813223944166, 

parameters:
0.8416546349483938, -85.57358218922069, 0, 
objectives:
-84.86519966469058, -84.23181820448414, 7324.546351219838, 

parameters:
1.8238733183555602, -36.503647262303424, 17.048070218243566, 
objectives:
-50.22520359913767, -19.424556436072777, 1319.794707113838, 

parameters:
-0.24144167965975383, -49.95685686187187, 15.785942643693447, 
objectives:
-65.6845054208884, -29.146853414862484, 2480.959898958538, 

parameters:
1.6121920901403914, -88.85253066244954, 0, 
objectives:
-86.25336732693829, -88.70213568749986, 7898.371368457047, 

parameters:
3.9882055550264326, -48.956758326491965, 0, 
objectives:
-33.05097477734827, -45.003796997454, 2413.669969387684, 

parameters:
2.858604789375157, -39.25381937868828, 5.377774234874475, 
objectives:
-36.45997227172416, -33.138842959475845, 1544.6561829216473, 

parameters:
3.108308488942506, -17.841615698596424, 4.450494957385105, 
objectives:
-12.630528993549484, -12.162773034549298, 324.53433744144934, 

parameters:
-0.6333310022599548, -9.044813032200175, 18.016595453975352, 
objectives:
-26.660300327751926, 15.906214589238598, 65.19315549190635, 

parameters:
3.444590072843822, -61.16428705688364, 18.498929758347064, 
objectives:
-67.79801604529649, -40.57851681997765, 3735.4362821884506, 

parameters:
0.7579820459177744, -95.90868542964765, 1.2470407285252525, 
objectives:
-96.5811893762392, -93.1190361028598, 9198.803436896516, 

parameters:
-2.7696707420007227, -46.303897677156044, 13.951399215053197, 
objectives:
-52.584220873114404, -9.602739475005123, 2138.7706169005787, 

parameters:
0.40665832287519965, -69.03475375628757, 2.3772000661042423, 
objectives:
-71.24658283082813, -64.11881599012047, 4764.585397116721, 

parameters:
-1.8279765076578074, -63.346097547024286, 14.560373099082678, 
objectives:
-74.56497253355813, -34.13232030476155, 4002.5091994505824, 

parameters:
3.6377221577706376, -28.7304388916968, 0.2519218580798741, 
objectives:
-15.74933825264121, -25.79638316756401, 839.4192195485797, 

parameters:
-0.6041427519754878, -28.356072548325997, 13.42362805515479, 
objectives:
-41.41471213871627, -8.150885020504742, 792.0082107755369, 

parameters:
2.082543104453131, -65.8990310011655, 15.43630552028615, 
objectives:
-76.99835073954637, -50.455912116786585, 4332.582967154191, 

parameters:
2.2109268721775974, -70.51532137460289, 1.04213719181997, 
objectives:
-66.66926093230585, -69.42869403737629, 4977.256609005824, 

parameters:
2.081786098656523, -81.31457237964065, 2.6096868469801904, 
objectives:
-79.5904258660613, -78.698196566727, 6614.783827797398, 

parameters:
1.9085011926087745, -4.417288887687965, 19.79279850654369, 
objectives:
-20.56771059204254, 15.38388165060974, 4.362019412937006, 

parameters:
1.56469129265488, -79.20873264662916, 14.303234859442643, 
objectives:
-91.0637086647618, -64.71600411649604, 6263.168351467044, 

parameters:
1.697773228272529, -92.41637407502225, 19.328781517363254, 
objectives:
-108.86272165774658, -72.99625153611018, 8525.33984959172, 

parameters:
3.0900953100106507, -58.277523968592824, 2.6233303728040878, 
objectives:
-51.3521653164471, -54.46588581088152, 3404.195158562057, 

parameters:
1.2621469037296404, -94.19827528784083, 11.578015913904652, 
objectives:
-104.18327639515117, -82.07583218226043, 8864.330066096534, 

parameters:
-1.4027682073936263, -86.9822596104532, 4.036055077005037, 
objectives:
-89.0505560437839, -71.36737306019934, 7564.845190506948, 

parameters:
-0.2644547220128497, -32.607882532879245, 19.488896025197565, 
objectives:
-52.02684225808191, -7.991231319635386, 1044.8550435528487, 

parameters:
1.5828304694750506, -93.09330799238181, 0.6534296991782451, 
objectives:
-91.24138539646145, -92.26584787600515, 8669.21591556038, 

parameters:
0.7783604860609559, -93.74325688395744, 13.343529328836343, 
objectives:
-106.48094116653273, -78.90732445310388, 8776.060526929059, 

parameters:
-0.5229715570279223, -100, 1.1013624555465356, 
objectives:
-100.82786320608632, -92.53325206688156, 10000.172136793914, 

