[!]Generation 75 at Sun May 26 02:43:07 2019
size of front generated: 53
[!!!]Points in the front:
parameters:
0, 0, 20.0, 
objectives:
-20.0, 24.0, -19.0, 

parameters:
0, 0, 20.0, 
objectives:
-20.0, 24.0, -19.0, 

parameters:
1.9897451504022683, 5.2048723696528845e-06, 20.0, 
objectives:
-16.040909031578284, 20.000110366812642, -15.040909031578286, 

parameters:
1.7988894979094006, 0.0011046344056344238, 20.0, 
objectives:
-16.76289193990563, 20.04155006845677, -15.76289193990563, 

parameters:
0.19597739835806047, 3.7624169939558867e-06, 20.0, 
objectives:
-19.961589096915812, 23.254501309651946, -18.961589096915812, 

parameters:
0.9609501861903735, 0.00029399293260460105, 20.0, 
objectives:
-19.07628074672808, 21.079918508510424, -18.07628074672808, 

parameters:
1.8656198288358807, 4.818759509226702e-07, 20.0, 
objectives:
-16.51946217237843, 20.01805851227805, -15.519462172378429, 

parameters:
0.3342518917009079, 0, 20.0, 
objectives:
-19.888275672894366, 22.774716760302006, -18.888275672894366, 

parameters:
0.8710159180573601, 0, 20.0, 
objectives:
-19.241331270490694, 21.274605057279864, -18.241331270490694, 

parameters:
0.4666777162402703, 5.714364507200019e-06, 20.0, 
objectives:
-19.78220619480026, 22.351082940238662, -18.78220619480026, 

parameters:
1.5423557364324947, 2.2742028776843854e-05, 20.0, 
objectives:
-17.621116040265, 20.209461014005022, -16.621116040265, 

parameters:
1.471467987460389, 0.0, 20.0, 
objectives:
-17.834781961879273, 20.279346088279173, -16.834781961879273, 

parameters:
1.6130090888977227, 5.594106940528137e-07, 20.0, 
objectives:
-17.398201119722643, 20.149762524686466, -16.398201119722643, 

parameters:
1.7480498127798965, 0.0004276082334124017, 20.0, 
objectives:
-16.943894243806756, 20.063906505073657, -15.943894243806756, 

parameters:
1.0886472508413292, 4.576678184770219e-05, 20.0, 
objectives:
-18.814801396453767, 20.830609600180914, -17.814801396453767, 

parameters:
0.6989601121940958, 3.477234795523175e-05, 20.0, 
objectives:
-19.51141998921366, 21.692739562009955, -18.51141998921366, 

parameters:
1.423799442211554, 1.4719410758326191e-05, 20.0, 
objectives:
-17.97278042894731, 20.332021802206473, -16.97278042894731, 

parameters:
0.09091123094295361, 5.155405382289182e-06, 20.0, 
objectives:
-19.991729992683055, 23.64462508354513, -18.991729992683055, 

parameters:
1.5190481991293663, 7.161684919849622e-05, 20.0, 
objectives:
-17.69242095187263, 20.231386251609905, -16.69242095187263, 

parameters:
1.942036834919947, 0.0002629209669274741, 20.0, 
objectives:
-16.228230010847188, 20.003622649473026, -15.228230010847188, 

parameters:
1.266477208612035, 4.246184815092365e-05, 20.0, 
objectives:
-18.395993018218117, 20.53809814733374, -17.395993018218117, 

parameters:
1.0164714459758746, 0.00015085818058064888, 20.0, 
objectives:
-18.966634941335133, 20.967479274761367, -17.966634941335133, 

parameters:
0.3717503523304614, 1.2067400391656804e-05, 20.0, 
objectives:
-19.861789608141788, 22.651208982536367, -18.861789608141788, 

parameters:
1.6337339350199458, 0.0, 20.0, 
objectives:
-17.330913429564244, 20.134150830355974, -16.330913429564244, 

parameters:
1.2082372327708413, 0.000449331565246473, 20.0, 
objectives:
-18.539713457781012, 20.627337611135623, -17.539713457781012, 

parameters:
0.8337168700082775, 0.0, 20.0, 
objectives:
-19.3049161806636, 21.36021633930329, -18.3049161806636, 

parameters:
1.0398266975769255, 2.6895429113228442e-06, 20.0, 
objectives:
-18.918757749463353, 20.921935460228944, -17.918757749463353, 

parameters:
1.323171619088099, 0.0011377084735721141, 20.0, 
objectives:
-18.248079157966206, 20.459234365681397, -17.248079157966206, 

parameters:
0.7925931004332666, 0.0, 20.0, 
objectives:
-19.371796177145583, 21.45783142112135, -18.371796177145583, 

parameters:
0.6407975241024813, 0.00033751150916082415, 20.0, 
objectives:
-19.58904102159497, 21.847768881995105, -18.58904102159497, 

parameters:
0.6194409456660758, 1.1167464356278334e-07, 20.0, 
objectives:
-19.616292803157673, 21.905943414178022, -18.616292803157673, 

parameters:
1.7130658961674765, 0.0014622846149302383, 20.0, 
objectives:
-17.06394295077299, 20.083793464557104, -16.06394295077299, 

parameters:
0.522684635231365, 0, 20.0, 
objectives:
-19.726800772093053, 22.182460686981486, -18.726800772093053, 

parameters:
1.1536728615679877, 0, 20.0, 
objectives:
-18.66903892848153, 20.716269625246518, -17.66903892848153, 

parameters:
1.1434029539068833, 7.99843326399184e-09, 20.0, 
objectives:
-18.692629676998582, 20.733758507373885, -17.692629676998582, 

parameters:
1.3713894386517127, 0.0002789824599570576, 20.0, 
objectives:
-18.119012025094584, 20.395430220298564, -17.119012025094584, 

parameters:
1.9088676896490926, 0.00010050829306632032, 20.0, 
objectives:
-16.356123635120667, 20.00840560628296, -15.35612363512067, 

parameters:
1.9761980781311363, 8.600139874107735e-06, 20.0, 
objectives:
-16.09463255585093, 20.000575131624526, -15.094632555850929, 

parameters:
1.306862119366931, 0.0003973571489257454, 20.0, 
objectives:
-18.29171404381485, 20.48083747871743, -17.29171404381485, 

parameters:
1.3830316872681667, 0, 20.0, 
objectives:
-18.087223352012167, 20.380649898915166, -17.087223352012167, 

parameters:
0.5596596669657066, 5.817092328055471e-06, 20.0, 
objectives:
-19.686775240079506, 22.074586092057668, -18.686775240079506, 

parameters:
1.6756459218233255, 7.449947621032138e-06, 20.0, 
objectives:
-17.192203294729236, 20.105213017977462, -16.192203294729236, 

parameters:
0.7550683521916386, 7.465869780945176e-05, 20.0, 
objectives:
-19.429797124820794, 21.549929466412653, -18.429797124820794, 

parameters:
0.1379891148720491, 2.9873030924592256e-10, 20.0, 
objectives:
-19.980959003878098, 23.467084536633706, -18.980959003878098, 

parameters:
1.2336119038469389, 1.2402657608925604e-06, 20.0, 
objectives:
-18.47820043042137, 20.587351954190876, -17.47820043042137, 

parameters:
1.914958608115762, 0.0002367677043734448, 20.0, 
objectives:
-16.33269676149897, 20.00746880603798, -15.33269676149897, 

parameters:
1.6915232560574058, 0.0010792005280943306, 20.0, 
objectives:
-17.137669873688857, 20.09623710208152, -16.137669873688857, 

parameters:
0.756669950713514, 8.67533351294148e-06, 20.0, 
objectives:
-19.427441910353696, 21.54587828679225, -18.427441910353696, 

parameters:
0.13021946455754224, 2.663066894008067e-06, 20.0, 
objectives:
-19.98304022798345, 23.496081913786377, -18.98304022798345, 

parameters:
0.5504057011587669, 0, 20.0, 
objectives:
-19.697053564131927, 22.101323631233008, -18.697053564131927, 

parameters:
0.37154892347163265, 0.00015722598845591414, 20.0, 
objectives:
-19.861794171478614, 22.652010134634853, -18.861794171478614, 

parameters:
1.2236881718862025, 6.208434006324064e-07, 20.0, 
objectives:
-18.502586637142404, 20.602660675312787, -17.502586637142404, 

parameters:
1.6815226355529707, 6.404277391163996e-07, 20.0, 
objectives:
-17.172480985695252, 20.101428472092866, -16.172480985695252, 

size of all points: 80
[!!!]All points:
0, 0, 20.0, -20.0, 24.0, -19.0, 

0, 0, 20.0, -20.0, 24.0, -19.0, 

1.9897451504022683, 5.2048723696528845e-06, 20.0, -16.040909031578284, 20.000110366812642, -15.040909031578286, 

0.19597739835806047, 3.7624169939558867e-06, 20.0, -19.961589096915812, 23.254501309651946, -18.961589096915812, 

1.7988894979094006, 0.0011046344056344238, 20.0, -16.76289193990563, 20.04155006845677, -15.76289193990563, 

0.4666777162402703, 5.714364507200019e-06, 20.0, -19.78220619480026, 22.351082940238662, -18.78220619480026, 

0.9609501861903735, 0.00029399293260460105, 20.0, -19.07628074672808, 21.079918508510424, -18.07628074672808, 

0.37154892347163265, 0.00015722598845591414, 20.0, -19.861794171478614, 22.652010134634853, -18.861794171478614, 

1.1434029539068833, 7.99843326399184e-09, 20.0, -18.692629676998582, 20.733758507373885, -17.692629676998582, 

0.6407975241024813, 0.00033751150916082415, 20.0, -19.58904102159497, 21.847768881995105, -18.58904102159497, 

1.3830316872681667, 0, 20.0, -18.087223352012167, 20.380649898915166, -17.087223352012167, 

1.471467987460389, 0.0, 20.0, -17.834781961879273, 20.279346088279173, -16.834781961879273, 

1.7480498127798965, 0.0004276082334124017, 20.0, -16.943894243806756, 20.063906505073657, -15.943894243806756, 

0.6989601121940958, 3.477234795523175e-05, 20.0, -19.51141998921366, 21.692739562009955, -18.51141998921366, 

1.423799442211554, 1.4719410758326191e-05, 20.0, -17.97278042894731, 20.332021802206473, -16.97278042894731, 

1.9088676896490926, 0.00010050829306632032, 20.0, -16.356123635120667, 20.00840560628296, -15.35612363512067, 

1.266477208612035, 4.246184815092365e-05, 20.0, -18.395993018218117, 20.53809814733374, -17.395993018218117, 

1.8656198288358807, 4.818759509226702e-07, 20.0, -16.51946217237843, 20.01805851227805, -15.519462172378429, 

0.8710159180573601, 0, 20.0, -19.241331270490694, 21.274605057279864, -18.241331270490694, 

0.7550683521916386, 7.465869780945176e-05, 20.0, -19.429797124820794, 21.549929466412653, -18.429797124820794, 

1.2082372327708413, 0.000449331565246473, 20.0, -18.539713457781012, 20.627337611135623, -17.539713457781012, 

1.323171619088099, 0.0011377084735721141, 20.0, -18.248079157966206, 20.459234365681397, -17.248079157966206, 

1.942036834919947, 0.0002629209669274741, 20.0, -16.228230010847188, 20.003622649473026, -15.228230010847188, 

1.5190481991293663, 7.161684919849622e-05, 20.0, -17.69242095187263, 20.231386251609905, -16.69242095187263, 

1.0164714459758746, 0.00015085818058064888, 20.0, -18.966634941335133, 20.967479274761367, -17.966634941335133, 

0.5596596669657066, 5.817092328055471e-06, 20.0, -19.686775240079506, 22.074586092057668, -18.686775240079506, 

0.09091123094295361, 5.155405382289182e-06, 20.0, -19.991729992683055, 23.64462508354513, -18.991729992683055, 

0.5504057011587669, 0, 20.0, -19.697053564131927, 22.101323631233008, -18.697053564131927, 

0.3717503523304614, 1.2067400391656804e-05, 20.0, -19.861789608141788, 22.651208982536367, -18.861789608141788, 

1.6337339350199458, 0.0, 20.0, -17.330913429564244, 20.134150830355974, -16.330913429564244, 

0.8337168700082775, 0.0, 20.0, -19.3049161806636, 21.36021633930329, -18.3049161806636, 

0.7925931004332666, 0.0, 20.0, -19.371796177145583, 21.45783142112135, -18.371796177145583, 

1.7130658961674765, 0.0014622846149302383, 20.0, -17.06394295077299, 20.083793464557104, -16.06394295077299, 

1.6130090888977227, 5.594106940528137e-07, 20.0, -17.398201119722643, 20.149762524686466, -16.398201119722643, 

1.6756459218233255, 7.449947621032138e-06, 20.0, -17.192203294729236, 20.105213017977462, -16.192203294729236, 

1.0398266975769255, 2.6895429113228442e-06, 20.0, -18.918757749463353, 20.921935460228944, -17.918757749463353, 

1.2236881718862025, 6.208434006324064e-07, 20.0, -18.502586637142404, 20.602660675312787, -17.502586637142404, 

1.306862119366931, 0.0003973571489257454, 20.0, -18.29171404381485, 20.48083747871743, -17.29171404381485, 

1.0886472508413292, 4.576678184770219e-05, 20.0, -18.814801396453767, 20.830609600180914, -17.814801396453767, 

1.5423557364324947, 2.2742028776843854e-05, 20.0, -17.621116040265, 20.209461014005022, -16.621116040265, 

1.042530726782771, 12.123949280912868, 20.0, -6.78918040280092, 33.040696690067996, -5.78918040280092, 

19.8440126199666, 0.00022265797377788156, 20.0, 373.7850595193674, 338.40900903950103, 374.7850595193674, 

2.336483980206927, 7.372358062965534, 20.0, -7.168484547270861, 27.48557953190143, -6.168484547270861, 

24.342954527625018, 0, 20.0, 572.5794351340194, 519.2076170235193, 573.5794351340194, 

2.3530140339239325, 0.0, 20.0, -14.463324956157024, 20.124618908147248, -13.463324956157024, 

6.601447650718937, 0.0, 20.0, 23.579111085182568, 41.17332048230682, 24.579111085182568, 

2.62555707076835, 7.615372925583301, 20.0, -5.491077142555021, 28.00669457437158, -4.491077142555021, 

1.6915232560574058, 0.0010792005280943306, 20.0, -17.137669873688857, 20.09623710208152, -16.137669873688857, 

0.9697132329149232, 4.0001010430855315, 20.0, -15.059555202824157, 25.06159186551615, -14.059555202824157, 

0.1379891148720491, 2.9873030924592256e-10, 20.0, -19.980959003878098, 23.467084536633706, -18.980959003878098, 

1.8166590375568745, 4.676745600194509, 20.0, -12.023004341068422, 24.71035950870408, -11.023004341068422, 

0.522684635231365, 0, 20.0, -19.726800772093053, 22.182460686981486, -18.726800772093053, 

1.914958608115762, 0.0002367677043734448, 20.0, -16.33269676149897, 20.00746880603798, -15.33269676149897, 

6.257187606603241, 4.986846183768885, 20.0, 24.139242927998076, 43.110492501585114, 25.139242927998076, 

10.96129816088025, 4.106592836935934, 20.0, 104.2566502086527, 104.4114575651317, 105.2566502086527, 

4.451093381107988, 9.97080594163313, 20.0, 9.783038228976473, 35.978664704544514, 10.783038228976473, 

1.9798094947089842, 13.573574323900477, 20.0, -2.506780040759679, 33.57398198040438, -1.5067800407596792, 

0.3342518917009079, 0, 20.0, -19.888275672894366, 22.774716760302006, -18.888275672894366, 

0.5579715325517602, 9.719425904671542, 20.0, -9.969241864190298, 31.79887200560266, -8.969241864190298, 

1.9761980781311363, 8.600139874107735e-06, 20.0, -16.09463255585093, 20.000575131624526, -15.094632555850929, 

7.849364663152249, 0.0002979999936998174, 20.0, 41.61282361513692, 54.21536496252792, 42.61282361513692, 

1.5444616792416435, 3.7030330168971526, 20.0, -13.91160510445693, 23.910548178576494, -12.91160510445693, 

15.58430883032677, 23.412416970747756, 20.0, 246.28309868974867, 227.9458633684416, 247.28309868974867, 

0.6194409456660758, 1.1167464356278334e-07, 20.0, -19.616292803157673, 21.905943414178022, -18.616292803157673, 

4.878079982847787, 3.1567378044425243e-05, 20.0, 3.7956958864383097, 28.283375955047163, 4.79569588643831, 

0.756669950713514, 8.67533351294148e-06, 20.0, -19.427441910353696, 21.54587828679225, -18.427441910353696, 

1.1922831633640614, 6.792200058467856, 20.0, -11.786260799890732, 27.444606546653024, -10.78626079989073, 

1.2336119038469389, 1.2402657608925604e-06, 20.0, -18.47820043042137, 20.587351954190876, -17.47820043042137, 

1.3713894386517127, 0.0002789824599570576, 20.0, -18.119012025094584, 20.395430220298564, -17.119012025094584, 

0.35264454431998504, 26.236105610166202, 20.0, 6.360463784804853, 48.94988560752491, 7.360463784804853, 

1.6815226355529707, 6.404277391163996e-07, 20.0, -17.172480985695252, 20.101428472092866, -16.172480985695252, 

2.288405765843732, 0, 20.0, -14.763199050853164, 20.08317788577191, -13.763199050853164, 

7.913827165294785, 2.769900960933562e-05, 20.0, 42.628688101167306, 54.973379439988165, 43.628688101167306, 

0.13021946455754224, 2.663066894008067e-06, 20.0, -19.98304022798345, 23.496081913786377, -18.98304022798345, 

4.661307972286252, 10.239813809116212, 20.0, 11.967605821615585, 37.322373932470576, 12.967605821615585, 

1.1536728615679877, 0, 20.0, -18.66903892848153, 20.716269625246518, -17.66903892848153, 

15.911417780562786, 9.34720862415863e-07, 20.0, 233.17321672233044, 213.5275456000793, 234.17321672233044, 

29.363961347386745, 1.9536658149254782, 20.0, 844.1958918257483, 770.7400464362013, 845.1958918257483, 

0.9257336690648258, 4.372885557119297, 20.0, -14.77013161684048, 25.526933706900216, -13.77013161684048, 

0.11764283280714173, 19.193087820906644, 20.0, -0.793072342982466, 42.73635632578897, 0.20692765701753402, 

