Generation 751 at Fri May 24 19:48:10 2019
parameters:
2.321290066455595, -1.6751967248701145, 0, 
objectives:
3.713190847755307, -1.5719694180670738, 9.19467163964098, 

parameters:
0.6859381977114103, -100, 20.0, 
objectives:
-119.52948878892042, -78.27324157976607, 9981.470511211079, 

parameters:
-2.025156222141293, -6.444823254831149, 20, 
objectives:
-22.343565530753555, 29.757059357811617, 26.63700451008995, 

parameters:
-0.09310337269809921, -0.38187417318528993, 20, 
objectives:
-20.37320593517753, 23.999207555614866, -18.84550387784629, 

parameters:
1.9973066371654076, -100, 0, 
objectives:
-96.01076619713501, -99.99999274579665, 10004.989233802866, 

parameters:
-1.1395549282010182, -40.39625447836469, 11.492013278238343, 
objectives:
-50.58968232221581, -19.047436052935044, 1622.663948036948, 

parameters:
1.0300509405319707, -56.176263228008025, 3.905652032804734, 
objectives:
-59.02091032072196, -51.329810017240376, 3153.9279031697324, 

parameters:
0.7246789711576613, -70.95894970524535, 2.1431259795434143, 
objectives:
-72.57691607355063, -67.18937999909446, 5034.554576903233, 

parameters:
3.4011262447074486, -64.23086167437789, 0, 
objectives:
-52.6632019419401, -62.267706920769896, 4138.171251165505, 

parameters:
3.108308488942506, -17.841615698596424, 4.450494957385105, 
objectives:
-12.630528993549484, -12.162773034549298, 324.53433744144934, 

parameters:
-0.24144167965975383, -49.95685686187187, 15.785942643693447, 
objectives:
-65.6845054208884, -29.146853414862484, 2480.959898958538, 

parameters:
4.7797232750155265, -43.10387027425316, 0, 
objectives:
-20.25811568852801, -35.37700878859012, 1881.7893872053705, 

parameters:
-0.6041427519754878, -28.356072548325997, 13.42362805515479, 
objectives:
-41.41471213871627, -8.150885020504742, 792.0082107755369, 

parameters:
0.7579820459177744, -95.90868542964765, 1.2470407285252525, 
objectives:
-96.5811893762392, -93.1190361028598, 9198.803436896516, 

parameters:
4.068650380695237, -21.069377409824938, 0, 
objectives:
-4.51546148949344, -16.790063012274388, 461.4725803579729, 

parameters:
0.855754078650347, 1.752983164429958, 1.6181575458363027, 
objectives:
0.8671406617203596, 4.680439438791577, 3.1871074720652715, 

parameters:
0.18144299234776584, -29.40279223799391, 0.2809355997561122, 
objectives:
-29.650806278277912, -25.814707048156748, 865.276177350351, 

parameters:
-1.6907447484361742, -59.8716424915696, 3.196374187026396, 
objectives:
-60.209398874231496, -43.053671506434014, 3585.2758182556613, 

parameters:
3.435311650366538, -87.89259628754021, 0.34906544303694836, 
objectives:
-76.4402955954331, -85.48341131082535, 7737.560782856635, 

parameters:
1.697773228272529, -92.41637407502225, 19.328781517363254, 
objectives:
-108.86272165774658, -72.99625153611018, 8525.33984959172, 

parameters:
0.20773375401791228, -90.28060271771245, 3.687488573960893, 
objectives:
-93.92493797911497, -83.38089584726484, 8147.9428918120275, 

parameters:
0.4019150872754107, -97.86711322819744, 5.2698833285268645, 
objectives:
-102.9754608193447, -90.04335451139262, 9573.86350402967, 

parameters:
2.24572934621614, -60.49635945222587, 14.702147629333226, 
objectives:
-70.15520678510272, -45.73382891130083, 3651.1506596400413, 

parameters:
1.56469129265488, -79.20873264662916, 14.303234859442643, 
objectives:
-91.0637086647618, -64.71600411649604, 6263.168351467044, 

parameters:
-0.6333310022599548, -9.044813032200175, 18.016595453975352, 
objectives:
-26.660300327751926, 15.906214589238598, 65.19315549190635, 

parameters:
3.9882055550264326, -48.956758326491965, 0, 
objectives:
-33.05097477734827, -45.003796997454, 2413.669969387684, 

parameters:
0.2976482974583301, -93.58813300883644, 19.95309226151356, 
objectives:
-113.45263076137016, -70.73703942817636, 8739.874142327126, 

parameters:
0.43154143369901243, -82.43671934572907, 20, 
objectives:
-102.25049133673008, -59.97665707152612, 6776.998924495501, 

parameters:
3.2135247785833174, -84.83943152631052, 13.921654735763264, 
objectives:
-88.43434475950482, -69.44513440231157, 7195.134228474337, 

parameters:
0.8416546349483938, -85.57358218922069, 0, 
objectives:
-84.86519966469058, -84.23181820448414, 7324.546351219838, 

parameters:
3.3663061508725174, -75.39572087812566, 14.862854476973899, 
objectives:
-78.92655825369741, -58.666073903239685, 5681.983889356662, 

parameters:
1.9085011926087745, -4.417288887687965, 19.79279850654369, 
objectives:
-20.56771059204254, 15.38388165060974, 4.362019412937006, 

parameters:
-2.7696707420007227, -46.303897677156044, 13.951399215053197, 
objectives:
-52.584220873114404, -9.602739475005123, 2138.7706169005787, 

parameters:
0.7502770511954591, -76.86069827256401, 1.4324233102383945, 
objectives:
-77.73020592925185, -73.8664675135569, 5907.697431289435, 

parameters:
-1.704331435817285, -76.24429852631921, 6.368591582064794, 
objectives:
-79.708144465269, -56.15363555787027, 5810.729211831533, 

parameters:
1.9395520095806493, -26.600295216268904, 0.0, 
objectives:
-22.838433218400567, -26.596641256723167, 712.3375675905266, 

parameters:
0.11674725640711581, -81.44370205555316, 0.06106831956047644, 
objectives:
-81.49114045323505, -77.83599283974256, 6634.029166116033, 

parameters:
-1.0043512235827579, -98.48167770566874, 15.836341159359739, 
objectives:
-113.3092974847163, -73.61921027166579, 9684.813223944166, 

parameters:
2.081786098656523, -81.31457237964065, 2.6096868469801904, 
objectives:
-79.5904258660613, -78.698196566727, 6614.783827797398, 

