Generation 754 at Fri May 24 19:48:10 2019
parameters:
0.6859381977114103, -100, 20.0, 
objectives:
-119.52948878892042, -78.27324157976607, 9981.470511211079, 

parameters:
2.321290066455595, -1.6751967248701145, 0, 
objectives:
3.713190847755307, -1.5719694180670738, 9.19467163964098, 

parameters:
-2.025156222141293, -6.444823254831149, 20, 
objectives:
-22.343565530753555, 29.757059357811617, 26.63700451008995, 

parameters:
-0.09310337269809921, -0.38187417318528993, 20, 
objectives:
-20.37320593517753, 23.999207555614866, -18.84550387784629, 

parameters:
1.9973066371654076, -100, 0, 
objectives:
-96.01076619713501, -99.99999274579665, 10004.989233802866, 

parameters:
3.7568134178427988, -78.94544539027864, 19.47408558103844, 
objectives:
-84.30588391483339, -56.3849664241277, 6228.022909344911, 

parameters:
3.435311650366538, -87.89259628754021, 0.34906544303694836, 
objectives:
-76.4402955954331, -85.48341131082535, 7737.560782856635, 

parameters:
0.43154143369901243, -82.43671934572907, 20, 
objectives:
-102.25049133673008, -59.97665707152612, 6776.998924495501, 

parameters:
0.20773375401791228, -90.28060271771245, 3.687488573960893, 
objectives:
-93.92493797911497, -83.38089584726484, 8147.9428918120275, 

parameters:
4.068650380695237, -21.069377409824938, 0, 
objectives:
-4.51546148949344, -16.790063012274388, 461.4725803579729, 

parameters:
0.7246789711576613, -70.95894970524535, 2.1431259795434143, 
objectives:
-72.57691607355063, -67.18937999909446, 5034.554576903233, 

parameters:
3.108308488942506, -17.841615698596424, 4.450494957385105, 
objectives:
-12.630528993549484, -12.162773034549298, 324.53433744144934, 

parameters:
0.7579820459177744, -95.90868542964765, 1.2470407285252525, 
objectives:
-96.5811893762392, -93.1190361028598, 9198.803436896516, 

parameters:
-1.1395549282010182, -40.39625447836469, 11.492013278238343, 
objectives:
-50.58968232221581, -19.047436052935044, 1622.663948036948, 

parameters:
1.697773228272529, -92.41637407502225, 19.328781517363254, 
objectives:
-108.86272165774658, -72.99625153611018, 8525.33984959172, 

parameters:
-1.6907447484361742, -59.8716424915696, 3.196374187026396, 
objectives:
-60.209398874231496, -43.053671506434014, 3585.2758182556613, 

parameters:
3.5916151948190476, -69.01318738275191, 0, 
objectives:
-56.11348767509684, -66.47994845437303, 4776.719732434482, 

parameters:
3.4011262447074486, -64.23086167437789, 0, 
objectives:
-52.6632019419401, -62.267706920769896, 4138.171251165505, 

parameters:
-1.6218945667798965, -33.1235574872969, 17.339362570492124, 
objectives:
-47.83237807203888, -2.6660746639350386, 1083.4612400295205, 

parameters:
3.558488830738127, -50.976189998041555, 0, 
objectives:
-38.31334723955355, -48.54730256250606, 2612.2347894749196, 

parameters:
1.7801272272833202, -37.70617730003299, 0, 
objectives:
-34.53732435471759, -37.65783326385087, 1425.9246595268387, 

parameters:
0.4019150872754107, -97.86711322819744, 5.2698833285268645, 
objectives:
-102.9754608193447, -90.04335451139262, 9573.86350402967, 

parameters:
1.0300509405319707, -56.176263228008025, 3.905652032804734, 
objectives:
-59.02091032072196, -51.329810017240376, 3153.9279031697324, 

parameters:
0.2976482974583301, -93.58813300883644, 19.95309226151356, 
objectives:
-113.45263076137016, -70.73703942817636, 8739.874142327126, 

parameters:
-0.24144167965975383, -49.95685686187187, 15.785942643693447, 
objectives:
-65.6845054208884, -29.146853414862484, 2480.959898958538, 

parameters:
3.9882055550264326, -48.956758326491965, 0, 
objectives:
-33.05097477734827, -45.003796997454, 2413.669969387684, 

parameters:
0.669824207212784, -62.81414334742204, 9.15608171664481, 
objectives:
-71.52156059549861, -51.88869399106014, 3937.909187222408, 

parameters:
-0.6041427519754878, -28.356072548325997, 13.42362805515479, 
objectives:
-41.41471213871627, -8.150885020504742, 792.0082107755369, 

parameters:
0.18144299234776584, -29.40279223799391, 0.2809355997561122, 
objectives:
-29.650806278277912, -25.814707048156748, 865.276177350351, 

parameters:
0.37888557843762793, -36.99115538120585, 3.129699041685992, 
objectives:
-39.97730014134383, -31.233444371722353, 1366.3594316763763, 

parameters:
1.8167992081291946, -4.388774299127917, 18.74358705643876, 
objectives:
-19.831601992907807, 14.388375287452932, 4.8185121549058465, 

parameters:
-2.897552224667692, -27.260528673755623, 12.657511115244697, 
objectives:
-31.522230894323627, 9.383000234836532, 739.8747213520845, 

parameters:
-0.9762006871059548, -7.41963006662476, 18.54399102706544, 
objectives:
-25.01065331218406, 19.98213149037064, 38.45988708000283, 

parameters:
0.9810355837271703, -93.64224135414942, 3.0180652299759867, 
objectives:
-95.6978757675865, -89.5858876425432, 8767.813731415334, 

parameters:
3.0210892038996815, -16.461688793684395, 20, 
objectives:
-27.334708815765183, 4.58093436863609, 261.11417791803365, 

parameters:
-2.7299027809430645, -26.475684865606723, 7.351281648464671, 
objectives:
-26.374597320670716, 3.2475771000308775, 702.0629766478529, 

parameters:
-0.6333310022599548, -9.044813032200175, 18.016595453975352, 
objectives:
-26.660300327751926, 15.906214589238598, 65.19315549190635, 

