Generation 759 at Fri May 24 19:48:10 2019
parameters:
0.6859381977114103, -100, 20.0, 
objectives:
-119.52948878892042, -78.27324157976607, 9981.470511211079, 

parameters:
2.321290066455595, -1.6751967248701145, 0, 
objectives:
3.713190847755307, -1.5719694180670738, 9.19467163964098, 

parameters:
-2.025156222141293, -6.444823254831149, 20, 
objectives:
-22.343565530753555, 29.757059357811617, 26.63700451008995, 

parameters:
-0.09310337269809921, -0.38187417318528993, 20, 
objectives:
-20.37320593517753, 23.999207555614866, -18.84550387784629, 

parameters:
1.9973066371654076, -100, 0, 
objectives:
-96.01076619713501, -99.99999274579665, 10004.989233802866, 

parameters:
0.6430402519471174, -66.63754644683857, 5.228930255275113, 
objectives:
-71.45297593648948, -59.56727643372771, 4436.747166964917, 

parameters:
0.20773375401791228, -90.28060271771245, 3.687488573960893, 
objectives:
-93.92493797911497, -83.38089584726484, 8147.9428918120275, 

parameters:
-0.6012061970432355, -84.59647817437914, 3.3988071277583867, 
objectives:
-87.63383641077434, -74.43139736708463, 7154.526761271813, 

parameters:
3.835452237323411, -72.71480730770573, 20.0, 
objectives:
-78.00411344291658, -49.34592239221021, 5283.153895661563, 

parameters:
0.4019150872754107, -97.86711322819744, 5.2698833285268645, 
objectives:
-102.9754608193447, -90.04335451139262, 9573.86350402967, 

parameters:
4.640815757661665, -80.70320019713338, 5.952205920620494, 
objectives:
-65.11823522119307, -67.77708641059873, 6529.5914870345305, 

parameters:
3.7568134178427988, -78.94544539027864, 19.47408558103844, 
objectives:
-84.30588391483339, -56.3849664241277, 6228.022909344911, 

parameters:
-0.9988357601798528, -75.81072739480247, 0.0, 
objectives:
-74.81305451898841, -66.81771147826899, 5749.2640610048675, 

parameters:
-1.6907447484361742, -59.8716424915696, 3.196374187026396, 
objectives:
-60.209398874231496, -43.053671506434014, 3585.2758182556613, 

parameters:
0.2976482974583301, -93.58813300883644, 19.95309226151356, 
objectives:
-113.45263076137016, -70.73703942817636, 8739.874142327126, 

parameters:
-0.06771519109541635, -23.167452158728523, 19.302256738904635, 
objectives:
-42.46512355052807, 0.410250691662867, 518.4331681351754, 

parameters:
1.504511551637481, -53.86068753246631, 1.2306622871187207, 
objectives:
-52.8277948105744, -52.38451644288689, 2903.0065541918634, 

parameters:
3.8521300672464935, -12.511751074309945, 4.302163842766657, 
objectives:
-1.9750088620921264, -4.779201445544787, 168.0806571577139, 

parameters:
-0.43059292948311967, -44.354116734408606, 0.3265110430561356, 
objectives:
-44.49521750654389, -38.11982370249914, 1968.1465705174103, 

parameters:
1.7801272272833202, -37.70617730003299, 0, 
objectives:
-34.53732435471759, -37.65783326385087, 1425.9246595268387, 

parameters:
0.18144299234776584, -29.40279223799391, 0.2809355997561122, 
objectives:
-29.650806278277912, -25.814707048156748, 865.276177350351, 

parameters:
1.697773228272529, -92.41637407502225, 19.328781517363254, 
objectives:
-108.86272165774658, -72.99625153611018, 8525.33984959172, 

parameters:
0.433891879354217, 4.395681589373123, 6.806787991289397, 
objectives:
-2.222844238946739, 13.655164226215186, 13.703490806833965, 

parameters:
-1.1395549282010182, -40.39625447836469, 11.492013278238343, 
objectives:
-50.58968232221581, -19.047436052935044, 1622.663948036948, 

parameters:
3.558488830738127, -50.976189998041555, 0, 
objectives:
-38.31334723955355, -48.54730256250606, 2612.2347894749196, 

parameters:
3.9882055550264326, -48.956758326491965, 0, 
objectives:
-33.05097477734827, -45.003796997454, 2413.669969387684, 

parameters:
0.7579820459177744, -95.90868542964765, 1.2470407285252525, 
objectives:
-96.5811893762392, -93.1190361028598, 9198.803436896516, 

parameters:
-2.8905147438177323, -16.238085779491755, 11.763335212542154, 
objectives:
-19.646345507806217, 19.442383892549017, 261.26717005381795, 

parameters:
0.5274470974270298, -30.803433925145292, 12.733572672922962, 
objectives:
-43.25880615748405, -15.901449201346251, 937.3961693484532, 

parameters:
-2.2414177418500456, -59.10922024935665, 3.4111724291260153, 
objectives:
-57.496439185002515, -37.708423359350306, 3496.5126995513087, 

parameters:
3.3888686753244697, -3.0182876731754895, 15.419280305653086, 
objectives:
-6.95313708023315, 14.329948829775143, 6.175211070985451, 

parameters:
1.8090248560767082, -17.134464841806608, 0.2637575858216511, 
objectives:
-14.125651497724904, -16.834235750388434, 297.5986987591884, 

parameters:
3.8017229319997825, -25.384924675890844, 0.29281710560660157, 
objectives:
-11.224644529804422, -21.84590204659035, 659.5546809467384, 

parameters:
-0.5124619509970834, -100, 0, 
objectives:
-99.73738274878026, -93.68753494479193, 10001.26261725122, 

parameters:
1.225380982835993, -26.711347136377352, 4.339258709353995, 
objectives:
-29.549047292635244, -21.772053805271224, 711.6583656837967, 

parameters:
0.275799811204844, -35.124142096079346, 16.18899631516459, 
objectives:
-51.237072875383305, -15.962279489873506, 1218.5924272062693, 

