Generation 768 at Fri May 24 19:48:10 2019
parameters:
0.6859381977114103, -100, 20.0, 
objectives:
-119.52948878892042, -78.27324157976607, 9981.470511211079, 

parameters:
2.321290066455595, -1.6751967248701145, 0, 
objectives:
3.713190847755307, -1.5719694180670738, 9.19467163964098, 

parameters:
-2.025156222141293, -6.444823254831149, 20, 
objectives:
-22.343565530753555, 29.757059357811617, 26.63700451008995, 

parameters:
-0.09310337269809921, -0.38187417318528993, 20, 
objectives:
-20.37320593517753, 23.999207555614866, -18.84550387784629, 

parameters:
1.9973066371654076, -100, 0, 
objectives:
-96.01076619713501, -99.99999274579665, 10004.989233802866, 

parameters:
0.4019150872754107, -97.86711322819744, 5.2698833285268645, 
objectives:
-102.9754608193447, -90.04335451139262, 9573.86350402967, 

parameters:
5.03009127822241, -49.517924167946596, 19.30038032991169, 
objectives:
-43.516486230609125, -21.03609068367539, 2459.026251839847, 

parameters:
0.20773375401791228, -90.28060271771245, 3.687488573960893, 
objectives:
-93.92493797911497, -83.38089584726484, 8147.9428918120275, 

parameters:
0.6430402519471174, -66.63754644683857, 5.228930255275113, 
objectives:
-71.45297593648948, -59.56727643372771, 4436.747166964917, 

parameters:
0.8208353221247753, -96.90944770746881, 1.1635156286887853, 
objectives:
-97.39919271010992, -94.35550274123145, 9391.951309963992, 

parameters:
4.674265104748589, -71.76647103846221, 1.0751243005161046, 
objectives:
-50.99284106950798, -63.53965288747013, 5172.199995283389, 

parameters:
0.2976482974583301, -93.58813300883644, 19.95309226151356, 
objectives:
-113.45263076137016, -70.73703942817636, 8739.874142327126, 

parameters:
1.8045277867215814, -55.92458487298896, 14.13066244030184, 
objectives:
-66.7989267802405, -41.755713046523155, 3117.684851308894, 

parameters:
3.6199026374699996, -76.40223429415599, 6.063320768679201, 
objectives:
-69.36185995807293, -67.71482897059452, 5845.3417794751895, 

parameters:
1.2469345664223148, -80.61957995921706, 4.135602429416377, 
objectives:
-83.20033657569464, -75.91686998255113, 6497.935916184116, 

parameters:
-0.17427321833960363, -61.767338230909175, 0.0, 
objectives:
-61.73696707627873, -57.039874202920316, 3816.2344432861646, 

parameters:
4.2357537681220085, -41.34674235536171, 0, 
objectives:
-23.40513237120192, -36.34814744368995, 1728.494713384822, 

parameters:
-0.6012061970432355, -84.59647817437914, 3.3988071277583867, 
objectives:
-87.63383641077434, -74.43139736708463, 7154.526761271813, 

parameters:
3.007664639440829, -16.906094828196743, 8.103711955088768, 
objectives:
-15.96376019994278, -7.786994847528559, 287.7583769682346, 

parameters:
1.697773228272529, -92.41637407502225, 19.328781517363254, 
objectives:
-108.86272165774658, -72.99625153611018, 8525.33984959172, 

parameters:
1.3358803712468612, -11.781884656618466, 20, 
objectives:
-29.997308290335816, 8.65917022467674, 121.5973824281443, 

parameters:
1.2195593387682935, -19.021250851714083, 17.29954502208562, 
objectives:
-34.83347089302275, -1.1126182039246792, 346.99576392252504, 

parameters:
0.11317767330926101, -33.038118629456, 6.060920064564698, 
objectives:
-39.086229508285, -23.41710007239265, 1086.4691716951786, 

parameters:
2.9311447252874494, -17.5229737909954, 1.8410562789831946, 
objectives:
-10.772420669398159, -14.814887012581567, 314.8051636015089, 

parameters:
4.243008796567526, -1.9321219477007303, 19.178349869146775, 
objectives:
-3.1073481690980955, 22.277316382925346, 3.5578689993894983, 

parameters:
4.709545472753108, -43.45404235442527, 5.120296612494104, 
objectives:
-26.39452040699008, -30.9921090730143, 1906.3133188876204, 

parameters:
3.4103454251560503, -58.80185047729136, 8.376016684532878, 
objectives:
-55.547411242941436, -48.43675957449988, 3461.9120587880802, 

parameters:
0.18144299234776584, -29.40279223799391, 0.2809355997561122, 
objectives:
-29.650806278277912, -25.814707048156748, 865.276177350351, 

parameters:
-0.5100871079186796, -9.092424630657458, 20, 
objectives:
-28.832235772992615, 17.208112658682104, 63.93237452185126, 

parameters:
1.1048523227748714, -3.964594609233716, 6.446368449035035, 
objectives:
-9.190264403127722, 3.2830632038428615, 11.492340621671033, 

parameters:
3.835452237323411, -72.71480730770573, 20.0, 
objectives:
-78.00411344291658, -49.34592239221021, 5283.153895661563, 

parameters:
3.4754271255020184, -87.04427130327421, 6.8860753651773425, 
objectives:
-81.85175296377633, -77.98131073542972, 7582.8976850575045, 

parameters:
-4.065057530324166, -48.1383397157248, 8.693538385998245, 
objectives:
-40.30718537687783, -2.659878483584677, 2326.1309049253746, 

parameters:
-1.6907447484361742, -59.8716424915696, 3.196374187026396, 
objectives:
-60.209398874231496, -43.053671506434014, 3585.2758182556613, 

parameters:
2.9744569412784756, -85.51820588209291, 3.409851631753066, 
objectives:
-80.08066341832628, -81.15878791993404, 7319.801079755798, 

parameters:
0.6898688282191001, -72.99458697901437, 7.847467437123095, 
objectives:
-80.36613541598908, -63.43067585461929, 5321.83817979992, 

parameters:
1.5260404951945055, -61.03123789067329, 15.043252632459524, 
objectives:
-73.74569093015933, -45.76334764601829, 3713.0975454284694, 

parameters:
2.2866111304355803, -45.3511867511704, 0, 
objectives:
-40.12259628933852, -45.26904081108084, 2062.958730201366, 

