Generation 773 at Fri May 24 19:48:10 2019
parameters:
0.6859381977114103, -100, 20.0, 
objectives:
-119.52948878892042, -78.27324157976607, 9981.470511211079, 

parameters:
2.321290066455595, -1.6751967248701145, 0, 
objectives:
3.713190847755307, -1.5719694180670738, 9.19467163964098, 

parameters:
-2.025156222141293, -6.444823254831149, 20, 
objectives:
-22.343565530753555, 29.757059357811617, 26.63700451008995, 

parameters:
-0.09310337269809921, -0.38187417318528993, 20, 
objectives:
-20.37320593517753, 23.999207555614866, -18.84550387784629, 

parameters:
1.9973066371654076, -100, 0, 
objectives:
-96.01076619713501, -99.99999274579665, 10004.989233802866, 

parameters:
0.4019150872754107, -97.86711322819744, 5.2698833285268645, 
objectives:
-102.9754608193447, -90.04335451139262, 9573.86350402967, 

parameters:
0.2976482974583301, -93.58813300883644, 19.95309226151356, 
objectives:
-113.45263076137016, -70.73703942817636, 8739.874142327126, 

parameters:
0.11317767330926101, -33.038118629456, 6.060920064564698, 
objectives:
-39.086229508285, -23.41710007239265, 1086.4691716951786, 

parameters:
4.674265104748589, -71.76647103846221, 1.0751243005161046, 
objectives:
-50.99284106950798, -63.53965288747013, 5172.199995283389, 

parameters:
2.9311447252874494, -17.5229737909954, 1.8410562789831946, 
objectives:
-10.772420669398159, -14.814887012581567, 314.8051636015089, 

parameters:
4.709545472753108, -43.45404235442527, 5.120296612494104, 
objectives:
-26.39452040699008, -30.9921090730143, 1906.3133188876204, 

parameters:
3.4108860935626955, -10.275679121835338, 20, 
objectives:
-18.641535178575953, 11.714920447173265, 98.22372535818207, 

parameters:
2.1347104095003773, -66.14171028068623, 3.7694155258626125, 
objectives:
-65.35413727411958, -62.354147860395855, 4376.513411860801, 

parameters:
4.0017874061208705, -49.61306829925661, 4.5538290226109215, 
objectives:
-38.15259487807993, -41.05208645734157, 2473.917019487878, 

parameters:
-1.2820147410243568, -38.211707681704965, 19.503658573969727, 
objectives:
-56.07180445947094, -7.936428347434063, 1443.2745071743043, 

parameters:
2.029701299104241, -83.93452845441436, 1.0850619985748815, 
objectives:
-80.89990308940381, -82.84858428867099, 7049.039692229905, 

parameters:
1.8045277867215814, -55.92458487298896, 14.13066244030184, 
objectives:
-66.7989267802405, -41.755713046523155, 3117.684851308894, 

parameters:
1.2469345664223148, -80.61957995921706, 4.135602429416377, 
objectives:
-83.20033657569464, -75.91686998255113, 6497.935916184116, 

parameters:
-1.5263644858069452, -25.517571827575253, 7.077384576260419, 
objectives:
-30.265167860302974, -6.004940764554355, 647.3988759427344, 

parameters:
1.1048523227748714, -3.964594609233716, 6.446368449035035, 
objectives:
-9.190264403127722, 3.2830632038428615, 11.492340621671033, 

parameters:
1.727510141391301, -89.39541077840441, 1.8448895808879875, 
objectives:
-88.25600907068261, -87.47627047447183, 7993.6788699473855, 

parameters:
3.6199026374699996, -76.40223429415599, 6.063320768679201, 
objectives:
-69.36185995807293, -67.71482897059452, 5845.3417794751895, 

parameters:
1.0302717805831416, -64.14107976726704, 8.15248063214484, 
objectives:
-71.23210045754593, -55.048226315588806, 4107.987093020634, 

parameters:
2.042966839693154, -75.02973123329025, 8.61579981637906, 
objectives:
-79.47181754158348, -66.41208526759797, 5626.018482631477, 

parameters:
1.357053846795547, -63.021710808096216, 13.759574675143705, 
objectives:
-74.93969034013733, -48.84875637703211, 3960.8180536472705, 

parameters:
2.2827184812155155, -91.46308165391433, 9.733156144333373, 
objectives:
-95.98543413376484, -81.64999576996014, 8361.97295315075, 

parameters:
3.4103454251560503, -58.80185047729136, 8.376016684532878, 
objectives:
-55.547411242941436, -48.43675957449988, 3461.9120587880802, 

parameters:
3.008047361095518, -87.39884618077039, 6.04375754983954, 
objectives:
-84.39425480401623, -80.33892914871922, 7642.562905106717, 

parameters:
-1.3748134999474406, -88.17810470431021, 3.3572791560411064, 
objectives:
-89.64527170071358, -73.43145938884162, 7774.910982247891, 

parameters:
1.93822599027415, -20.251116950664542, 20, 
objectives:
-36.494396961290335, -0.24730092238693402, 394.864457738867, 

parameters:
2.0044337527492564, -47.364672110351336, 17.67286725331685, 
objectives:
-61.01978469450772, -29.69178519887105, 2230.7570515369375, 

parameters:
0.8705824537583244, -60.004768498732076, 1.4656195296400598, 
objectives:
-60.71247421958027, -57.26356497533345, 3600.8645368655807, 

parameters:
3.240425753169083, -15.642659900271866, 19.859404746128224, 
objectives:
-25.001705584598668, 5.755400894981445, 236.3337630712466, 

parameters:
1.3358803712468612, -11.781884656618466, 20, 
objectives:
-29.997308290335816, 8.65917022467674, 121.5973824281443, 

parameters:
-0.17427321833960363, -61.767338230909175, 0.0, 
objectives:
-61.73696707627873, -57.039874202920316, 3816.2344432861646, 

