Generation 776 at Fri May 24 19:48:10 2019
parameters:
0.6859381977114103, -100, 20.0, 
objectives:
-119.52948878892042, -78.27324157976607, 9981.470511211079, 

parameters:
2.321290066455595, -1.6751967248701145, 0, 
objectives:
3.713190847755307, -1.5719694180670738, 9.19467163964098, 

parameters:
-2.025156222141293, -6.444823254831149, 20, 
objectives:
-22.343565530753555, 29.757059357811617, 26.63700451008995, 

parameters:
-0.09310337269809921, -0.38187417318528993, 20, 
objectives:
-20.37320593517753, 23.999207555614866, -18.84550387784629, 

parameters:
1.9973066371654076, -100, 0, 
objectives:
-96.01076619713501, -99.99999274579665, 10004.989233802866, 

parameters:
0.2976482974583301, -93.58813300883644, 19.95309226151356, 
objectives:
-113.45263076137016, -70.73703942817636, 8739.874142327126, 

parameters:
3.4103454251560503, -58.80185047729136, 8.376016684532878, 
objectives:
-55.547411242941436, -48.43675957449988, 3461.9120587880802, 

parameters:
-0.8245666882146775, -45.766747098634596, 2.0741165975898816, 
objectives:
-47.16095347291116, -35.71445352487268, 2094.200933616102, 

parameters:
4.0017874061208705, -49.61306829925661, 4.5538290226109215, 
objectives:
-38.15259487807993, -41.05208645734157, 2473.917019487878, 

parameters:
3.4108860935626955, -10.275679121835338, 20, 
objectives:
-18.641535178575953, 11.714920447173265, 98.22372535818207, 

parameters:
3.8635872913786047, -73.51881061706263, 5.006949537198924, 
objectives:
-63.598453396159286, -65.03890348727586, 5415.935871768424, 

parameters:
2.9311447252874494, -17.5229737909954, 1.8410562789831946, 
objectives:
-10.772420669398159, -14.814887012581567, 314.8051636015089, 

parameters:
2.5565937453961247, -75.9199856708277, 0, 
objectives:
-69.38381409182911, -75.61018907341361, 5771.380395837682, 

parameters:
4.476198161943212, -42.9759400197351, 19.43208304964085, 
objectives:
-42.37167308439216, -17.412299632883308, 1848.535687515212, 

parameters:
3.850387358952668, -34.84279245489246, 4.562320319036691, 
objectives:
-24.579629959946647, -26.85653875768394, 1225.283348549657, 

parameters:
1.2469345664223148, -80.61957995921706, 4.135602429416377, 
objectives:
-83.20033657569464, -75.91686998255113, 6497.935916184116, 

parameters:
1.9461110930418797, -53.088453264409154, 1.989313105961464, 
objectives:
-51.29041798390996, -51.096236144154545, 2821.1819052878536, 

parameters:
-1.2820147410243568, -38.211707681704965, 19.503658573969727, 
objectives:
-56.07180445947094, -7.936428347434063, 1443.2745071743043, 

parameters:
2.029701299104241, -83.93452845441436, 1.0850619985748815, 
objectives:
-80.89990308940381, -82.84858428867099, 7049.039692229905, 

parameters:
4.674265104748589, -71.76647103846221, 1.0751243005161046, 
objectives:
-50.99284106950798, -63.53965288747013, 5172.199995283389, 

parameters:
1.132474289639663, -67.11210807092672, 6.614764085487523, 
objectives:
-72.44437413971939, -59.744743127302996, 4499.702783654955, 

parameters:
1.1048523227748714, -3.964594609233716, 6.446368449035035, 
objectives:
-9.190264403127722, 3.2830632038428615, 11.492340621671033, 

parameters:
-2.3725221047718783, -24.96378553205693, 13.102991219118188, 
objectives:
-32.437915613543936, 7.258155243779953, 616.716458009048, 

parameters:
3.9385455296594363, -10.132681023770772, 4.67239132056346, 
objectives:
0.7070685448660976, -1.7023309326447267, 114.51097429812117, 

parameters:
-1.5263644858069452, -25.517571827575253, 7.077384576260419, 
objectives:
-30.265167860302974, -6.004940764554355, 647.3988759427344, 

parameters:
1.0302717805831416, -64.14107976726704, 8.15248063214484, 
objectives:
-71.23210045754593, -55.048226315588806, 4107.987093020634, 

parameters:
2.2827184812155155, -91.46308165391433, 9.733156144333373, 
objectives:
-95.98543413376484, -81.64999576996014, 8361.97295315075, 

parameters:
3.008047361095518, -87.39884618077039, 6.04375754983954, 
objectives:
-84.39425480401623, -80.33892914871922, 7642.562905106717, 

parameters:
0.11317767330926101, -33.038118629456, 6.060920064564698, 
objectives:
-39.086229508285, -23.41710007239265, 1086.4691716951786, 

parameters:
0.4801795536568545, -88.13763837517371, 1.1420750588646613, 
objectives:
-89.04914103028827, -84.68570912718637, 7768.331795697778, 

parameters:
0.437631689513005, -74.46848127876632, 0, 
objectives:
-74.27695978310031, -72.02748654115233, 5546.746225461636, 

parameters:
1.727510141391301, -89.39541077840441, 1.8448895808879875, 
objectives:
-88.25600907068261, -87.47627047447183, 7993.6788699473855, 

parameters:
0.5777539075617791, -98.48488147532726, 7.729646550101996, 
objectives:
-105.88072844772634, -88.73245097776947, 9692.87603223686, 

parameters:
1.769363895256044, -96.88891549055754, 7.003994745417998, 
objectives:
-100.76226164213989, -89.83172773232808, 9384.588598784816, 

parameters:
4.661074480528956, -99.44634768277533, 1.6988584046567277, 
objectives:
-79.41959077439378, -90.66617188719614, 9910.602824351814, 

parameters:
-0.4198226096239974, -65.95057482663165, 6.375520588467471, 
objectives:
-72.14984439154762, -53.71951277611669, 4344.279050398224, 

parameters:
-0.9805736657712405, -37.7056379173806, 3.789402860329852, 
objectives:
-40.5335160637064, -25.032415679961737, 1419.887252610284, 

parameters:
0.4019150872754107, -97.86711322819744, 5.2698833285268645, 
objectives:
-102.9754608193447, -90.04335451139262, 9573.86350402967, 

parameters:
1.7317118230019917, -100.0, 2.908894174837398, 
objectives:
-99.91006833691252, -97.01912727924568, 10001.089931663088, 

parameters:
1.4494382915433994, -100, 7.819833524101725, 
objectives:
-105.71896216310948, -91.87704828107962, 9995.28103783689, 

parameters:
1.676634066778702, -99.94325508479645, 4.338223727318953, 
objectives:
-101.47037701823251, -95.50046583070942, 9988.127115011255, 

parameters:
0.3247746366856312, -100, 0.9142799541054262, 
objectives:
-100.80880138947114, -96.27934002800282, 10000.191198610528, 

