Generation 777 at Fri May 24 19:48:10 2019
parameters:
0.6859381977114103, -100, 20.0, 
objectives:
-119.52948878892042, -78.27324157976607, 9981.470511211079, 

parameters:
2.321290066455595, -1.6751967248701145, 0, 
objectives:
3.713190847755307, -1.5719694180670738, 9.19467163964098, 

parameters:
-2.025156222141293, -6.444823254831149, 20, 
objectives:
-22.343565530753555, 29.757059357811617, 26.63700451008995, 

parameters:
-0.09310337269809921, -0.38187417318528993, 20, 
objectives:
-20.37320593517753, 23.999207555614866, -18.84550387784629, 

parameters:
1.9973066371654076, -100, 0, 
objectives:
-96.01076619713501, -99.99999274579665, 10004.989233802866, 

parameters:
0.2976482974583301, -93.58813300883644, 19.95309226151356, 
objectives:
-113.45263076137016, -70.73703942817636, 8739.874142327126, 

parameters:
-0.8245666882146775, -45.766747098634596, 2.0741165975898816, 
objectives:
-47.16095347291116, -35.71445352487268, 2094.200933616102, 

parameters:
1.132474289639663, -67.11210807092672, 6.614764085487523, 
objectives:
-72.44437413971939, -59.744743127302996, 4499.702783654955, 

parameters:
0.4801795536568545, -88.13763837517371, 1.1420750588646613, 
objectives:
-89.04914103028827, -84.68570912718637, 7768.331795697778, 

parameters:
0.11317767330926101, -33.038118629456, 6.060920064564698, 
objectives:
-39.086229508285, -23.41710007239265, 1086.4691716951786, 

parameters:
4.0017874061208705, -49.61306829925661, 4.5538290226109215, 
objectives:
-38.15259487807993, -41.05208645734157, 2473.917019487878, 

parameters:
3.8635872913786047, -73.51881061706263, 5.006949537198924, 
objectives:
-63.598453396159286, -65.03890348727586, 5415.935871768424, 

parameters:
3.7466987515310297, -91.7419104280624, 0.783481168965724, 
objectives:
-78.48764006230394, -87.90747273049662, 8430.832399356383, 

parameters:
2.9311447252874494, -17.5229737909954, 1.8410562789831946, 
objectives:
-10.772420669398159, -14.814887012581567, 314.8051636015089, 

parameters:
2.029701299104241, -83.93452845441436, 1.0850619985748815, 
objectives:
-80.89990308940381, -82.84858428867099, 7049.039692229905, 

parameters:
1.9461110930418797, -53.088453264409154, 1.989313105961464, 
objectives:
-51.29041798390996, -51.096236144154545, 2821.1819052878536, 

parameters:
4.674265104748589, -71.76647103846221, 1.0751243005161046, 
objectives:
-50.99284106950798, -63.53965288747013, 5172.199995283389, 

parameters:
1.3496995196644455, -38.842210452060264, 20, 
objectives:
-57.02052165867783, -18.419319737335613, 1491.5390015955222, 

parameters:
-2.3725221047718783, -24.96378553205693, 13.102991219118188, 
objectives:
-32.437915613543936, 7.258155243779953, 616.716458009048, 

parameters:
3.4103454251560503, -58.80185047729136, 8.376016684532878, 
objectives:
-55.547411242941436, -48.43675957449988, 3461.9120587880802, 

parameters:
-1.5263644858069452, -25.517571827575253, 7.077384576260419, 
objectives:
-30.265167860302974, -6.004940764554355, 647.3988759427344, 

parameters:
1.1048523227748714, -3.964594609233716, 6.446368449035035, 
objectives:
-9.190264403127722, 3.2830632038428615, 11.492340621671033, 

parameters:
-0.12949374004902214, 0.4613380260080069, 15.140501350032372, 
objectives:
-14.66239469531248, 20.13658296494835, -13.910899947079523, 

parameters:
3.850387358952668, -34.84279245489246, 4.562320319036691, 
objectives:
-24.579629959946647, -26.85653875768394, 1225.283348549657, 

parameters:
3.008047361095518, -87.39884618077039, 6.04375754983954, 
objectives:
-84.39425480401623, -80.33892914871922, 7642.562905106717, 

parameters:
2.2827184812155155, -91.46308165391433, 9.733156144333373, 
objectives:
-95.98543413376484, -81.64999576996014, 8361.97295315075, 

parameters:
-1.5600994945606455, -63.437855625040555, 6.88910819196197, 
objectives:
-67.89305338407415, -43.87443902190762, 4020.906328544456, 

parameters:
1.0302717805831416, -64.14107976726704, 8.15248063214484, 
objectives:
-71.23210045754593, -55.048226315588806, 4107.987093020634, 

parameters:
1.2469345664223148, -80.61957995921706, 4.135602429416377, 
objectives:
-83.20033657569464, -75.91686998255113, 6497.935916184116, 

parameters:
3.4108860935626955, -10.275679121835338, 20, 
objectives:
-18.641535178575953, 11.714920447173265, 98.22372535818207, 

parameters:
0.9596159203270593, -77.57982028774983, 0, 
objectives:
-76.65895757320467, -76.49742125451291, 6020.549378594104, 

parameters:
-1.4896865802486663, -61.29605440335771, 19.7498101553158, 
objectives:
-78.82669845130054, -29.368331819674275, 3740.6756413714447, 

parameters:
-4.337377064542917, -59.3570522389886, 19.616470491004172, 
objectives:
-60.160682929969845, 0.42176631021016675, 3523.4560198110403, 

parameters:
3.9385455296594363, -10.132681023770772, 4.67239132056346, 
objectives:
0.7070685448660976, -1.7023309326447267, 114.51097429812117, 

parameters:
2.5565937453961247, -75.9199856708277, 0, 
objectives:
-69.38381409182911, -75.61018907341361, 5771.380395837682, 

parameters:
-1.2820147410243568, -38.211707681704965, 19.503658573969727, 
objectives:
-56.07180445947094, -7.936428347434063, 1443.2745071743043, 

parameters:
2.2708398753235834, -12.010463434066297, 9.886300612170789, 
objectives:
-16.740050306877457, -2.0508085838302144, 140.5216450282324, 

parameters:
-2.278822182094983, -76.56110501561787, 7.686044263542015, 
objectives:
-79.05411874155175, -50.566741486087786, 5860.1097874865345, 

