Generation 778 at Fri May 24 19:48:10 2019
parameters:
0.6859381977114103, -100, 20.0, 
objectives:
-119.52948878892042, -78.27324157976607, 9981.470511211079, 

parameters:
2.321290066455595, -1.6751967248701145, 0, 
objectives:
3.713190847755307, -1.5719694180670738, 9.19467163964098, 

parameters:
-2.025156222141293, -6.444823254831149, 20, 
objectives:
-22.343565530753555, 29.757059357811617, 26.63700451008995, 

parameters:
-0.09310337269809921, -0.38187417318528993, 20, 
objectives:
-20.37320593517753, 23.999207555614866, -18.84550387784629, 

parameters:
1.9973066371654076, -100, 0, 
objectives:
-96.01076619713501, -99.99999274579665, 10004.989233802866, 

parameters:
0.2976482974583301, -93.58813300883644, 19.95309226151356, 
objectives:
-113.45263076137016, -70.73703942817636, 8739.874142327126, 

parameters:
3.8635872913786047, -73.51881061706263, 5.006949537198924, 
objectives:
-63.598453396159286, -65.03890348727586, 5415.935871768424, 

parameters:
1.2469345664223148, -80.61957995921706, 4.135602429416377, 
objectives:
-83.20033657569464, -75.91686998255113, 6497.935916184116, 

parameters:
1.132474289639663, -67.11210807092672, 6.614764085487523, 
objectives:
-72.44437413971939, -59.744743127302996, 4499.702783654955, 

parameters:
3.7466987515310297, -91.7419104280624, 0.783481168965724, 
objectives:
-78.48764006230394, -87.90747273049662, 8430.832399356383, 

parameters:
-0.6993699256990813, -91.33711524044992, 5.172823581238874, 
objectives:
-96.02082052871646, -78.87769366344239, 8338.784915158963, 

parameters:
-0.8245666882146775, -45.766747098634596, 2.0741165975898816, 
objectives:
-47.16095347291116, -35.71445352487268, 2094.200933616102, 

parameters:
0.4801795536568545, -88.13763837517371, 1.1420750588646613, 
objectives:
-89.04914103028827, -84.68570912718637, 7768.331795697778, 

parameters:
3.4103454251560503, -58.80185047729136, 8.376016684532878, 
objectives:
-55.547411242941436, -48.43675957449988, 3461.9120587880802, 

parameters:
2.029701299104241, -83.93452845441436, 1.0850619985748815, 
objectives:
-80.89990308940381, -82.84858428867099, 7049.039692229905, 

parameters:
4.674265104748589, -71.76647103846221, 1.0751243005161046, 
objectives:
-50.99284106950798, -63.53965288747013, 5172.199995283389, 

parameters:
1.1048523227748714, -3.964594609233716, 6.446368449035035, 
objectives:
-9.190264403127722, 3.2830632038428615, 11.492340621671033, 

parameters:
-0.12949374004902214, 0.4613380260080069, 15.140501350032372, 
objectives:
-14.66239469531248, 20.13658296494835, -13.910899947079523, 

parameters:
1.3496995196644455, -38.842210452060264, 20, 
objectives:
-57.02052165867783, -18.419319737335613, 1491.5390015955222, 

parameters:
4.0017874061208705, -49.61306829925661, 4.5538290226109215, 
objectives:
-38.15259487807993, -41.05208645734157, 2473.917019487878, 

parameters:
2.9311447252874494, -17.5229737909954, 1.8410562789831946, 
objectives:
-10.772420669398159, -14.814887012581567, 314.8051636015089, 

parameters:
1.0302717805831416, -64.14107976726704, 8.15248063214484, 
objectives:
-71.23210045754593, -55.048226315588806, 4107.987093020634, 

parameters:
3.4108860935626955, -10.275679121835338, 20, 
objectives:
-18.641535178575953, 11.714920447173265, 98.22372535818207, 

parameters:
-1.5600994945606455, -63.437855625040555, 6.88910819196197, 
objectives:
-67.89305338407415, -43.87443902190762, 4020.906328544456, 

parameters:
3.008047361095518, -87.39884618077039, 6.04375754983954, 
objectives:
-84.39425480401623, -80.33892914871922, 7642.562905106717, 

parameters:
1.674154164403916, -29.840123723958005, 19.921207681414028, 
objectives:
-46.958539239181064, -9.812740533968665, 874.3145683458984, 

parameters:
-2.3725221047718783, -24.96378553205693, 13.102991219118188, 
objectives:
-32.437915613543936, 7.258155243779953, 616.716458009048, 

parameters:
3.850387358952668, -34.84279245489246, 4.562320319036691, 
objectives:
-24.579629959946647, -26.85653875768394, 1225.283348549657, 

parameters:
-1.8190971082849505, -42.97342335233875, 2.2237969317665707, 
objectives:
-41.88810599473465, -26.164123698061708, 1848.8004319769373, 

parameters:
1.9461110930418797, -53.088453264409154, 1.989313105961464, 
objectives:
-51.29041798390996, -51.096236144154545, 2821.1819052878536, 

parameters:
2.5338810760507697, -53.63451421723223, 8.55576893207047, 
objectives:
-55.769729841734495, -44.793716281796634, 2875.5258996939842, 

parameters:
-2.338693072116128, -23.050635598638234, 8.230500531531076, 
objectives:
-25.81165084460534, 4.0041225069213215, 529.5707862552412, 

parameters:
4.644335077321763, -50.47040851293319, 0.925099848819178, 
objectives:
-29.82566005131102, -42.55280066295972, 2568.9068839239812, 

parameters:
2.2827184812155155, -91.46308165391433, 9.733156144333373, 
objectives:
-95.98543413376484, -81.64999576996014, 8361.97295315075, 

parameters:
-1.5263644858069452, -25.517571827575253, 7.077384576260419, 
objectives:
-30.265167860302974, -6.004940764554355, 647.3988759427344, 

parameters:
-0.6463681019954892, -32.93480666055231, 6.912939709365914, 
objectives:
-39.42995464664097, -19.01860281992719, 1079.2063417818724, 

parameters:
-2.3068190080257853, -27.773107870927017, 2.4830618814664813, 
objectives:
-24.93475581660443, -6.741356021568327, 775.1838728644709, 

parameters:
0.11317767330926101, -33.038118629456, 6.060920064564698, 
objectives:
-39.086229508285, -23.41710007239265, 1086.4691716951786, 

parameters:
0.06510238004873958, -34.988894646179276, 5.413345279054932, 
objectives:
-40.398001605346195, -25.83172056743129, 1219.8136416022658, 

parameters:
2.788469658477915, -25.06492042701515, 0.9973761842119985, 
objectives:
-18.28673357497521, -23.445859840462873, 636.0284228646411, 

