[!]Generation 78 at Sun May 26 02:43:07 2019
size of front generated: 55
[!!!]Points in the front:
parameters:
0, 0, 20.0, 
objectives:
-20.0, 24.0, -19.0, 

parameters:
0, 0, 20.0, 
objectives:
-20.0, 24.0, -19.0, 

parameters:
1.9897451504022683, 5.2048723696528845e-06, 20.0, 
objectives:
-16.040909031578284, 20.000110366812642, -15.040909031578286, 

parameters:
1.7988894979094006, 0.0011046344056344238, 20.0, 
objectives:
-16.76289193990563, 20.04155006845677, -15.76289193990563, 

parameters:
1.8656198288358807, 4.818759509226702e-07, 20.0, 
objectives:
-16.51946217237843, 20.01805851227805, -15.519462172378429, 

parameters:
0.3279810356659518, 9.364227252327439e-06, 20.0, 
objectives:
-19.89241907601624, 22.795656781319956, -18.89241907601624, 

parameters:
1.9088676896490926, 0.00010050829306632032, 20.0, 
objectives:
-16.356123635120667, 20.00840560628296, -15.35612363512067, 

parameters:
0.6989601121940958, 3.477234795523175e-05, 20.0, 
objectives:
-19.51141998921366, 21.692739562009955, -18.51141998921366, 

parameters:
1.5190481991293663, 7.161684919849622e-05, 20.0, 
objectives:
-17.69242095187263, 20.231386251609905, -16.69242095187263, 

parameters:
1.5805552301011758, 0, 20.0, 
objectives:
-17.501845164599818, 20.17593391499548, -16.501845164599818, 

parameters:
1.0398266975769255, 2.6895429113228442e-06, 20.0, 
objectives:
-18.918757749463353, 20.921935460228944, -17.918757749463353, 

parameters:
0.7925931004332666, 0.0, 20.0, 
objectives:
-19.371796177145583, 21.45783142112135, -18.371796177145583, 

parameters:
1.7480498127798965, 0.0004276082334124017, 20.0, 
objectives:
-16.943894243806756, 20.063906505073657, -15.943894243806756, 

parameters:
1.9587422805671504, 1.5724442793232288e-06, 20.0, 
objectives:
-16.16332710587432, 20.00170377185708, -15.16332710587432, 

parameters:
0.19597739835806047, 3.7624169939558867e-06, 20.0, 
objectives:
-19.961589096915812, 23.254501309651946, -18.961589096915812, 

parameters:
1.266477208612035, 4.246184815092365e-05, 20.0, 
objectives:
-18.395993018218117, 20.53809814733374, -17.395993018218117, 

parameters:
1.2082372327708413, 0.000449331565246473, 20.0, 
objectives:
-18.539713457781012, 20.627337611135623, -17.539713457781012, 

parameters:
1.7130658961674765, 0.0014622846149302383, 20.0, 
objectives:
-17.06394295077299, 20.083793464557104, -16.06394295077299, 

parameters:
0.9609501861903735, 0.00029399293260460105, 20.0, 
objectives:
-19.07628074672808, 21.079918508510424, -18.07628074672808, 

parameters:
0.8843492016319247, 3.450255677067122e-05, 20.0, 
objectives:
-19.217891987016205, 21.244711206456095, -18.217891987016205, 

parameters:
1.4545490830883538, 0.0, 20.0, 
objectives:
-17.88428696488683, 20.297516702759754, -16.88428696488683, 

parameters:
0.5714540721489403, 0, 20.0, 
objectives:
-19.673440243424395, 22.040743467979844, -18.673440243424395, 

parameters:
0.9780881624725939, 6.2242499037951885e-06, 20.0, 
objectives:
-19.04333732218108, 21.044310027928542, -18.04333732218108, 

parameters:
0.4188998524075035, 4.539045620537419e-06, 20.0, 
objectives:
-19.82451837460735, 22.499882215762636, -18.82451837460735, 

parameters:
1.485019492999293, 3.905817179092645e-06, 20.0, 
objectives:
-17.794713199594945, 20.265208828407886, -16.794713199594945, 

parameters:
0.820568468009981, 3.288480059701408e-06, 20.0, 
objectives:
-19.326664100827692, 21.39106202713238, -18.326664100827692, 

parameters:
1.3386899967167316, 0.0, 20.0, 
objectives:
-18.207909092690556, 20.437330920442516, -17.207909092690556, 

parameters:
0.09091123094295361, 5.155405382289182e-06, 20.0, 
objectives:
-19.991729992683055, 23.64462508354513, -18.991729992683055, 

parameters:
0.3717503523304614, 1.2067400391656804e-05, 20.0, 
objectives:
-19.861789608141788, 22.651208982536367, -18.861789608141788, 

parameters:
0.15493560579807697, 0.0, 20.0, 
objectives:
-19.97599495805598, 23.40426261875171, -18.97599495805598, 

parameters:
1.3713894386517127, 0.0002789824599570576, 20.0, 
objectives:
-18.119012025094584, 20.395430220298564, -17.119012025094584, 

parameters:
0.4666777162402703, 5.714364507200019e-06, 20.0, 
objectives:
-19.78220619480026, 22.351082940238662, -18.78220619480026, 

parameters:
1.6741247214309092, 4.265888492717635e-06, 20.0, 
objectives:
-17.19730215120539, 20.106198963070977, -16.19730215120539, 

parameters:
1.6130090888977227, 5.594106940528137e-07, 20.0, 
objectives:
-17.398201119722643, 20.149762524686466, -16.398201119722643, 

parameters:
1.4131257657737146, 0.0, 20.0, 
objectives:
-18.003075570106454, 20.344421366798688, -17.003075570106454, 

parameters:
0.05185162794959725, 0, 20.0, 
objectives:
-19.997311408678975, 23.795282079522636, -18.997311408678975, 

parameters:
0.8710159180573601, 0, 20.0, 
objectives:
-19.241331270490694, 21.274605057279864, -18.241331270490694, 

parameters:
0.522684635231365, 0, 20.0, 
objectives:
-19.726800772093053, 22.182460686981486, -18.726800772093053, 

parameters:
1.0886472508413292, 4.576678184770219e-05, 20.0, 
objectives:
-18.814801396453767, 20.830609600180914, -17.814801396453767, 

parameters:
1.1434029539068833, 7.99843326399184e-09, 20.0, 
objectives:
-18.692629676998582, 20.733758507373885, -17.692629676998582, 

parameters:
1.1778093050827871, 0.0003110464427895412, 20.0, 
objectives:
-18.612454194417612, 20.67630858525124, -17.612454194417612, 

parameters:
1.0977096062823517, 0.0, 20.0, 
objectives:
-18.795033620275444, 20.81412795459515, -17.795033620275444, 

parameters:
0.6194409456660758, 1.1167464356278334e-07, 20.0, 
objectives:
-19.616292803157673, 21.905943414178022, -18.616292803157673, 

parameters:
0.6651666103634184, 7.257735617832812e-05, 20.0, 
objectives:
-19.557480803101463, 21.781852755444863, -18.557480803101463, 

parameters:
1.3990801524556205, 1.2992544032669952e-05, 20.0, 
objectives:
-18.042561734460726, 20.361117655716793, -17.042561734460726, 

parameters:
0.500988178746214, 0.0, 20.0, 
objectives:
-19.74901084475655, 22.247036440258594, -18.74901084475655, 

parameters:
1.2986190994963844, 0.0005658623686708029, 20.0, 
objectives:
-18.31302257205453, 20.492501029959932, -17.31302257205453, 

parameters:
1.306862119366931, 0.0003973571489257454, 20.0, 
objectives:
-18.29171404381485, 20.48083747871743, -17.29171404381485, 

parameters:
1.6337339350199458, 0.0, 20.0, 
objectives:
-17.330913429564244, 20.134150830355974, -16.330913429564244, 

parameters:
1.1536728615679877, 0, 20.0, 
objectives:
-18.66903892848153, 20.716269625246518, -17.66903892848153, 

parameters:
1.6606063799747517, 0.001154650070161314, 20.0, 
objectives:
-17.24123180071699, 20.116342679384005, -16.24123180071699, 

parameters:
1.6446469640245174, 0.0, 20.0, 
objectives:
-17.29513636372494, 20.126275780176993, -16.29513636372494, 

parameters:
0.18884526183266798, 0, 20.0, 
objectives:
-19.96433746708335, 23.280281485585977, -18.96433746708335, 

parameters:
0.6407975241024813, 0.00033751150916082415, 20.0, 
objectives:
-19.58904102159497, 21.847768881995105, -18.58904102159497, 

parameters:
0.6355609445816228, 3.410125439301637e-05, 20.0, 
objectives:
-19.59602818446812, 21.861728037205385, -18.59602818446812, 

size of all points: 80
[!!!]All points:
0, 0, 20.0, -20.0, 24.0, -19.0, 

0, 0, 20.0, -20.0, 24.0, -19.0, 

1.9897451504022683, 5.2048723696528845e-06, 20.0, -16.040909031578284, 20.000110366812642, -15.040909031578286, 

1.7988894979094006, 0.0011046344056344238, 20.0, -16.76289193990563, 20.04155006845677, -15.76289193990563, 

1.8656198288358807, 4.818759509226702e-07, 20.0, -16.51946217237843, 20.01805851227805, -15.519462172378429, 

1.7130658961674765, 0.0014622846149302383, 20.0, -17.06394295077299, 20.083793464557104, -16.06394295077299, 

0.6989601121940958, 3.477234795523175e-05, 20.0, -19.51141998921366, 21.692739562009955, -18.51141998921366, 

0.522684635231365, 0, 20.0, -19.726800772093053, 22.182460686981486, -18.726800772093053, 

0.19597739835806047, 3.7624169939558867e-06, 20.0, -19.961589096915812, 23.254501309651946, -18.961589096915812, 

0.7925931004332666, 0.0, 20.0, -19.371796177145583, 21.45783142112135, -18.371796177145583, 

0.4666777162402703, 5.714364507200019e-06, 20.0, -19.78220619480026, 22.351082940238662, -18.78220619480026, 

1.6337339350199458, 0.0, 20.0, -17.330913429564244, 20.134150830355974, -16.330913429564244, 

1.9088676896490926, 0.00010050829306632032, 20.0, -16.356123635120667, 20.00840560628296, -15.35612363512067, 

0.9609501861903735, 0.00029399293260460105, 20.0, -19.07628074672808, 21.079918508510424, -18.07628074672808, 

1.2082372327708413, 0.000449331565246473, 20.0, -18.539713457781012, 20.627337611135623, -17.539713457781012, 

0.8710159180573601, 0, 20.0, -19.241331270490694, 21.274605057279864, -18.241331270490694, 

1.7480498127798965, 0.0004276082334124017, 20.0, -16.943894243806756, 20.063906505073657, -15.943894243806756, 

1.266477208612035, 4.246184815092365e-05, 20.0, -18.395993018218117, 20.53809814733374, -17.395993018218117, 

0.3717503523304614, 1.2067400391656804e-05, 20.0, -19.861789608141788, 22.651208982536367, -18.861789608141788, 

0.3279810356659518, 9.364227252327439e-06, 20.0, -19.89241907601624, 22.795656781319956, -18.89241907601624, 

0.6194409456660758, 1.1167464356278334e-07, 20.0, -19.616292803157673, 21.905943414178022, -18.616292803157673, 

1.0398266975769255, 2.6895429113228442e-06, 20.0, -18.918757749463353, 20.921935460228944, -17.918757749463353, 

1.9587422805671504, 1.5724442793232288e-06, 20.0, -16.16332710587432, 20.00170377185708, -15.16332710587432, 

1.3713894386517127, 0.0002789824599570576, 20.0, -18.119012025094584, 20.395430220298564, -17.119012025094584, 

1.5805552301011758, 0, 20.0, -17.501845164599818, 20.17593391499548, -16.501845164599818, 

0.15493560579807697, 0.0, 20.0, -19.97599495805598, 23.40426261875171, -18.97599495805598, 

0.6407975241024813, 0.00033751150916082415, 20.0, -19.58904102159497, 21.847768881995105, -18.58904102159497, 

1.1536728615679877, 0, 20.0, -18.66903892848153, 20.716269625246518, -17.66903892848153, 

1.5190481991293663, 7.161684919849622e-05, 20.0, -17.69242095187263, 20.231386251609905, -16.69242095187263, 

1.6130090888977227, 5.594106940528137e-07, 20.0, -17.398201119722643, 20.149762524686466, -16.398201119722643, 

1.306862119366931, 0.0003973571489257454, 20.0, -18.29171404381485, 20.48083747871743, -17.29171404381485, 

1.4131257657737146, 0.0, 20.0, -18.003075570106454, 20.344421366798688, -17.003075570106454, 

1.1434029539068833, 7.99843326399184e-09, 20.0, -18.692629676998582, 20.733758507373885, -17.692629676998582, 

1.485019492999293, 3.905817179092645e-06, 20.0, -17.794713199594945, 20.265208828407886, -16.794713199594945, 

1.0886472508413292, 4.576678184770219e-05, 20.0, -18.814801396453767, 20.830609600180914, -17.814801396453767, 

0.05185162794959725, 0, 20.0, -19.997311408678975, 23.795282079522636, -18.997311408678975, 

1.3386899967167316, 0.0, 20.0, -18.207909092690556, 20.437330920442516, -17.207909092690556, 

1.4545490830883538, 0.0, 20.0, -17.88428696488683, 20.297516702759754, -16.88428696488683, 

0.09091123094295361, 5.155405382289182e-06, 20.0, -19.991729992683055, 23.64462508354513, -18.991729992683055, 

1.0977096062823517, 0.0, 20.0, -18.795033620275444, 20.81412795459515, -17.795033620275444, 

0.820568468009981, 3.288480059701408e-06, 20.0, -19.326664100827692, 21.39106202713238, -18.326664100827692, 

0.18884526183266798, 0, 20.0, -19.96433746708335, 23.280281485585977, -18.96433746708335, 

21.020331917965613, 23.7561868897312, 20.0, 445.6105408311752, 405.5292131593127, 446.6105408311752, 

0, 0.00022672595398321664, 20.0, -19.999773274046017, 24.000226725953983, -18.999773274046017, 

1.54766999554813, 11.931361295846262, 20.0, -5.673356289033789, 32.13596372877369, -4.673356289033789, 

23.42172070466467, 0, 20.0, 528.5770007673176, 478.89011794865894, 529.5770007673176, 

0.6355609445816228, 3.410125439301637e-05, 20.0, -19.59602818446812, 21.861728037205385, -18.59602818446812, 

0.5714540721489403, 0, 20.0, -19.673440243424395, 22.040743467979844, -18.673440243424395, 

8.833772911729884, 8.013407377416234, 20.0, 66.04895123342891, 74.71385958650939, 67.04895123342891, 

0.9780881624725939, 6.2242499037951885e-06, 20.0, -19.04333732218108, 21.044310027928542, -18.04333732218108, 

4.401471270290678, 4.923441686465357e-06, 20.0, -0.6270457333640813, 25.767069185473208, 0.3729542666359187, 

18.645318569638786, 12.778113339852375, 20.0, 340.4260179031693, 309.8447436246142, 341.4260179031693, 

1.2986190994963844, 0.0005658623686708029, 20.0, -18.31302257205453, 20.492501029959932, -17.31302257205453, 

0.6651666103634184, 7.257735617832812e-05, 20.0, -19.557480803101463, 21.781852755444863, -18.557480803101463, 

1.1778093050827871, 0.0003110464427895412, 20.0, -18.612454194417612, 20.67630858525124, -17.612454194417612, 

3.10417754684278, 5.395246228192527, 20.0, -4.968835529484615, 26.614454283144266, -3.9688355294846147, 

12.588803281032675, 4.366632679715824e-06, 20.0, 138.47797241517173, 132.122759291041, 139.47797241517173, 

0.9111999682990495, 9.86729867146234, 20.0, -9.302415946309472, 31.05278418049433, -8.302415946309472, 

1.3014980109480887, 10.322467214615628, 20.0, -7.98363571288254, 30.810372243325105, -6.983635712882542, 

0.8843492016319247, 3.450255677067122e-05, 20.0, -19.217891987016205, 21.244711206456095, -18.217891987016205, 

18.837754958388718, 18.915715571148294, 20.0, 353.776727443447, 322.42570760989213, 354.776727443447, 

0, 7.1874610451303615, 20.0, -12.812538954869638, 31.187461045130362, -11.812538954869638, 

7.410024361396655, 0.0, 20.0, 34.9084610364919, 49.26836359090528, 35.9084610364919, 

2.680811831010809, 0.0, 20.0, -12.813247926712474, 20.46350474924429, -11.813247926712474, 

1.6741247214309092, 4.265888492717635e-06, 20.0, -17.19730215120539, 20.106198963070977, -16.19730215120539, 

10.364513404780084, 6.787415546134767, 20.0, 94.21055366400081, 96.75250004488048, 95.21055366400081, 

1.6446469640245174, 0.0, 20.0, -17.29513636372494, 20.126275780176993, -16.29513636372494, 

0.500988178746214, 0.0, 20.0, -19.74901084475655, 22.247036440258594, -18.74901084475655, 

0.4188998524075035, 4.539045620537419e-06, 20.0, -19.82451837460735, 22.499882215762636, -18.82451837460735, 

9.847079145843223, 0.44538454034091574, 20.0, 77.4103522448414, 82.02203566146852, 78.4103522448414, 

1.9830955120023321, 0.026429280887042158, 20.0, -16.040902909389168, 20.026715042601506, -15.040902909389166, 

2.277101724541091, 5.126630557968849, 20.0, -9.688177178123139, 25.203415923712498, -8.688177178123139, 

1.6757315609277073, 2.9546224092383224, 20.0, -14.237301326472467, 23.059772429816704, -13.237301326472467, 

1.3990801524556205, 1.2992544032669952e-05, 20.0, -18.042561734460726, 20.361117655716793, -17.042561734460726, 

1.0489119635761996, 0.5817306771195484, 20.0, -18.31805301554717, 21.48629913014803, -17.31805301554717, 

4.302485227717298, 2.3448049090725684e-08, 20.0, -1.4886208418263784, 25.30143824730443, -0.48862084182637844, 

1.6606063799747517, 0.001154650070161314, 20.0, -17.24123180071699, 20.116342679384005, -16.24123180071699, 

0, 34.2196518113239, 20.0, 14.2196518113239, 58.2196518113239, 15.2196518113239, 

18.854029384169202, 0.0003931481516174169, 20.0, 335.4748171672673, 304.05869963059047, 336.4748171672673, 

13.12996514996578, 4.219054325781396, 20.0, 156.61503916509733, 148.0951785652342, 157.61503916509733, 

