Generation 783 at Fri May 24 19:48:10 2019
parameters:
2.321290066455595, -1.6751967248701145, 0, 
objectives:
3.713190847755307, -1.5719694180670738, 9.19467163964098, 

parameters:
-0.18911233688938123, -99.93359764303334, 19.977290899831154, 
objectives:
-119.87512506690072, -75.16409391968091, 9967.782410455811, 

parameters:
-2.025156222141293, -6.444823254831149, 20, 
objectives:
-22.343565530753555, 29.757059357811617, 26.63700451008995, 

parameters:
-0.09310337269809921, -0.38187417318528993, 20, 
objectives:
-20.37320593517753, 23.999207555614866, -18.84550387784629, 

parameters:
1.9973066371654076, -100, 0, 
objectives:
-96.01076619713501, -99.99999274579665, 10004.989233802866, 

parameters:
1.0302717805831416, -64.14107976726704, 8.15248063214484, 
objectives:
-71.23210045754593, -55.048226315588806, 4107.987093020634, 

parameters:
2.9311447252874494, -17.5229737909954, 1.8410562789831946, 
objectives:
-10.772420669398159, -14.814887012581567, 314.8051636015089, 

parameters:
1.391944136476367, -97.03796765319032, 0.16927252853397823, 
objectives:
-95.26973170265336, -96.49896319149087, 9419.135402212149, 

parameters:
0.2976482974583301, -93.58813300883644, 19.95309226151356, 
objectives:
-113.45263076137016, -70.73703942817636, 8739.874142327126, 

parameters:
1.3496995196644455, -38.842210452060264, 20, 
objectives:
-57.02052165867783, -18.419319737335613, 1491.5390015955222, 

parameters:
-0.7668945526556534, -92.14917690644052, 20, 
objectives:
-111.5610496515476, -64.49347144092499, 8473.058931789363, 

parameters:
-0.6974851691359116, -59.13297612261735, 3.8176816421875093, 
objectives:
-62.46417220364031, -48.03886824272164, 3494.377669037011, 

parameters:
1.2469345664223148, -80.61957995921706, 4.135602429416377, 
objectives:
-83.20033657569464, -75.91686998255113, 6497.935916184116, 

parameters:
4.674265104748589, -71.76647103846221, 1.0751243005161046, 
objectives:
-50.99284106950798, -63.53965288747013, 5172.199995283389, 

parameters:
-2.0135422203207294, -74.18517853214136, 20, 
objectives:
-90.13082625912723, -38.07665737784431, 5488.495066118702, 

parameters:
-1.8190971082849505, -42.97342335233875, 2.2237969317665707, 
objectives:
-41.88810599473465, -26.164123698061708, 1848.8004319769373, 

parameters:
-2.3725221047718783, -24.96378553205693, 13.102991219118188, 
objectives:
-32.437915613543936, 7.258155243779953, 616.716458009048, 

parameters:
1.9461110930418797, -53.088453264409154, 1.989313105961464, 
objectives:
-51.29041798390996, -51.096236144154545, 2821.1819052878536, 

parameters:
2.029701299104241, -83.93452845441436, 1.0850619985748815, 
objectives:
-80.89990308940381, -82.84858428867099, 7049.039692229905, 

parameters:
0.4801795536568545, -88.13763837517371, 1.1420750588646613, 
objectives:
-89.04914103028827, -84.68570912718637, 7768.331795697778, 

parameters:
-0.8245666882146775, -45.766747098634596, 2.0741165975898816, 
objectives:
-47.16095347291116, -35.71445352487268, 2094.200933616102, 

parameters:
3.008047361095518, -87.39884618077039, 6.04375754983954, 
objectives:
-84.39425480401623, -80.33892914871922, 7642.562905106717, 

parameters:
-1.4750974974173618, -0.8851191543155217, 6.677312528284865, 
objectives:
-5.386519055713423, 17.868495990525755, -2.717963984061677, 

parameters:
4.0017874061208705, -49.61306829925661, 4.5538290226109215, 
objectives:
-38.15259487807993, -41.05208645734157, 2473.917019487878, 

parameters:
3.622307734086711, -22.515802982788195, 20, 
objectives:
-29.394689662363792, 0.11607940128936534, 501.08249728015824, 

parameters:
3.2842055817789295, -100, 8.324284210418009, 
objectives:
-97.53827790703014, -90.02653181330983, 10003.46172209297, 

parameters:
-2.217577025796426, -87.6594007376703, 20, 
objectives:
-102.74175287233018, -49.871444769144475, 7670.088185552811, 

parameters:
-1.7067417796840756, -48.08005827658336, 4.697249775203763, 
objectives:
-49.86434054926796, -29.642873880124124, 2310.9077216069677, 

parameters:
4.252836543317122, -5.080571811379897, 14.108745842444428, 
objectives:
-1.102698989650797, 14.10344652196957, 30.79008275231711, 

parameters:
-1.5600994945606455, -63.437855625040555, 6.88910819196197, 
objectives:
-67.89305338407415, -43.87443902190762, 4020.906328544456, 

parameters:
3.2481386853262286, -10.691153346245226, 17.151227279223136, 
objectives:
-17.29197570635556, 8.017924110785795, 108.69993751282017, 

parameters:
3.850387358952668, -34.84279245489246, 4.562320319036691, 
objectives:
-24.579629959946647, -26.85653875768394, 1225.283348549657, 

parameters:
-1.8000914358468907, -73.71227685024368, 8.486112156596871, 
objectives:
-78.95805982943124, -50.78546977284992, 5429.253975467783, 

parameters:
-1.2187599111837102, -61.15461292273041, 8.986958959039542, 
objectives:
-68.65619616066142, -41.8072385978475, 3733.385098491054, 

parameters:
5.579965410034808, -33.35881804828013, 19.834045846828236, 
objectives:
-22.056849917923437, -0.7086198644061987, 1125.1127097086166, 

parameters:
-0.8095616574710014, -10.133676336051504, 12.741716085289145, 
objectives:
-22.220002344093455, 10.501676456368841, 91.60507007580829, 

