Generation 786 at Fri May 24 19:48:10 2019
parameters:
-0.18911233688938123, -99.93359764303334, 19.977290899831154, 
objectives:
-119.87512506690072, -75.16409391968091, 9967.782410455811, 

parameters:
2.321290066455595, -1.6751967248701145, 0, 
objectives:
3.713190847755307, -1.5719694180670738, 9.19467163964098, 

parameters:
-2.025156222141293, -6.444823254831149, 20, 
objectives:
-22.343565530753555, 29.757059357811617, 26.63700451008995, 

parameters:
-0.09310337269809921, -0.38187417318528993, 20, 
objectives:
-20.37320593517753, 23.999207555614866, -18.84550387784629, 

parameters:
1.9973066371654076, -100, 0, 
objectives:
-96.01076619713501, -99.99999274579665, 10004.989233802866, 

parameters:
-1.4750974974173618, -0.8851191543155217, 6.677312528284865, 
objectives:
-5.386519055713423, 17.868495990525755, -2.717963984061677, 

parameters:
4.674265104748589, -71.76647103846221, 1.0751243005161046, 
objectives:
-50.99284106950798, -63.53965288747013, 5172.199995283389, 

parameters:
2.9311447252874494, -17.5229737909954, 1.8410562789831946, 
objectives:
-10.772420669398159, -14.814887012581567, 314.8051636015089, 

parameters:
1.0302717805831416, -64.14107976726704, 8.15248063214484, 
objectives:
-71.23210045754593, -55.048226315588806, 4107.987093020634, 

parameters:
0.4801795536568545, -88.13763837517371, 1.1420750588646613, 
objectives:
-89.04914103028827, -84.68570912718637, 7768.331795697778, 

parameters:
2.029701299104241, -83.93452845441436, 1.0850619985748815, 
objectives:
-80.89990308940381, -82.84858428867099, 7049.039692229905, 

parameters:
-0.7867720776604124, -91.896182997471, 13.48679013103898, 
objectives:
-104.7639628263239, -70.6432942536043, 8433.040669675825, 

parameters:
-0.2516474805187856, -28.43623906009603, 3.690631891127193, 
objectives:
-32.06354449677177, -19.675690792442243, 805.9923864462555, 

parameters:
1.391944136476367, -97.03796765319032, 0.16927252853397823, 
objectives:
-95.26973170265336, -96.49896319149087, 9419.135402212149, 

parameters:
-2.8448576954282503, -77.68789564831583, 3.923443389766252, 
objectives:
-73.51812373084475, -50.29180616959924, 6040.578902181081, 

parameters:
-0.8245666882146775, -45.766747098634596, 2.0741165975898816, 
objectives:
-47.16095347291116, -35.71445352487268, 2094.200933616102, 

parameters:
0.2976482974583301, -93.58813300883644, 19.95309226151356, 
objectives:
-113.45263076137016, -70.73703942817636, 8739.874142327126, 

parameters:
-0.6974851691359116, -59.13297612261735, 3.8176816421875093, 
objectives:
-62.46417220364031, -48.03886824272164, 3494.377669037011, 

parameters:
-0.8364081043638829, -40.866102239861725, 3.2567929362171886, 
objectives:
-43.423316659033325, -29.564098369143423, 1668.48109785966, 

parameters:
-2.0135422203207294, -74.18517853214136, 20, 
objectives:
-90.13082625912723, -38.07665737784431, 5488.495066118702, 

parameters:
-0.8696609508390301, -85.51455220664707, 0.966662024108875, 
objectives:
-85.72490406134169, -76.31293620976783, 7313.528287248672, 

parameters:
0.40839084033480955, -19.164554907980204, 20, 
objectives:
-38.99777182951083, 3.36866480914993, 348.4469478994575, 

parameters:
2.5650749912697597, -100, 6.0451945806415095, 
objectives:
-99.46558486980395, -93.63549567359998, 10001.534415130196, 

parameters:
3.240666954816952, -28.339533506403207, 20, 
objectives:
-37.837611194360626, -6.800279013628437, 794.6310816725926, 

parameters:
1.310079466342218, -36.536295735070965, 4.868690373613329, 
objectives:
-39.68867790055278, -31.191615018695, 1332.7485238750828, 

parameters:
1.2469345664223148, -80.61957995921706, 4.135602429416377, 
objectives:
-83.20033657569464, -75.91686998255113, 6497.935916184116, 

parameters:
1.3496995196644455, -38.842210452060264, 20, 
objectives:
-57.02052165867783, -18.419319737335613, 1491.5390015955222, 

parameters:
-0.7668945526556534, -92.14917690644052, 20, 
objectives:
-111.5610496515476, -64.49347144092499, 8473.058931789363, 

parameters:
3.622307734086711, -22.515802982788195, 20, 
objectives:
-29.394689662363792, 0.11607940128936534, 501.08249728015824, 

parameters:
4.0017874061208705, -49.61306829925661, 4.5538290226109215, 
objectives:
-38.15259487807993, -41.05208645734157, 2473.917019487878, 

parameters:
3.7376283063707003, -56.711103860322964, 0.3605634838367062, 
objectives:
-43.10180198757616, -53.33118824538555, 3230.7586029290846, 

parameters:
2.4835529677413324, -18.108747595112916, 14.08690106483284, 
objectives:
-26.027613316368978, -3.7880230576686245, 321.0078737422518, 

parameters:
1.4409554192881318, -55.42812800625836, 11.20265856383855, 
objectives:
-64.55443404972108, -43.91293859919651, 3064.1510682346993, 

parameters:
1.9461110930418797, -53.088453264409154, 1.989313105961464, 
objectives:
-51.29041798390996, -51.096236144154545, 2821.1819052878536, 

parameters:
0.5578224538300172, -99.08336753900791, 13.18179638875428, 
objectives:
-111.95399803776525, -83.82169507557676, 9805.643092371367, 

parameters:
-0.8002812402840469, -63.22376126072629, 4.65436630956097, 
objectives:
-67.23767750673669, -50.72781992647856, 3994.230071707304, 

parameters:
2.264831609400547, -54.59482123809338, 4.010792175379612, 
objectives:
-53.476151194533124, -50.513893281376085, 2982.7131760629322, 

parameters:
-1.5600994945606455, -63.437855625040555, 6.88910819196197, 
objectives:
-67.89305338407415, -43.87443902190762, 4020.906328544456, 

