[!]Generation 79 at Sun May 26 02:43:07 2019
size of front generated: 55
[!!!]Points in the front:
parameters:
0, 0, 20.0, 
objectives:
-20.0, 24.0, -19.0, 

parameters:
0, 0, 20.0, 
objectives:
-20.0, 24.0, -19.0, 

parameters:
1.9897451504022683, 5.2048723696528845e-06, 20.0, 
objectives:
-16.040909031578284, 20.000110366812642, -15.040909031578286, 

parameters:
0.6989601121940958, 3.477234795523175e-05, 20.0, 
objectives:
-19.51141998921366, 21.692739562009955, -18.51141998921366, 

parameters:
0.5714540721489403, 0, 20.0, 
objectives:
-19.673440243424395, 22.040743467979844, -18.673440243424395, 

parameters:
1.7988894979094006, 0.0011046344056344238, 20.0, 
objectives:
-16.76289193990563, 20.04155006845677, -15.76289193990563, 

parameters:
0.3279810356659518, 9.364227252327439e-06, 20.0, 
objectives:
-19.89241907601624, 22.795656781319956, -18.89241907601624, 

parameters:
1.6741247214309092, 4.265888492717635e-06, 20.0, 
objectives:
-17.19730215120539, 20.106198963070977, -16.19730215120539, 

parameters:
0.19597739835806047, 3.7624169939558867e-06, 20.0, 
objectives:
-19.961589096915812, 23.254501309651946, -18.961589096915812, 

parameters:
1.3386899967167316, 0.0, 20.0, 
objectives:
-18.207909092690556, 20.437330920442516, -17.207909092690556, 

parameters:
1.6130090888977227, 5.594106940528137e-07, 20.0, 
objectives:
-17.398201119722643, 20.149762524686466, -16.398201119722643, 

parameters:
1.0398266975769255, 2.6895429113228442e-06, 20.0, 
objectives:
-18.918757749463353, 20.921935460228944, -17.918757749463353, 

parameters:
0.7925931004332666, 0.0, 20.0, 
objectives:
-19.371796177145583, 21.45783142112135, -18.371796177145583, 

parameters:
1.9088676896490926, 0.00010050829306632032, 20.0, 
objectives:
-16.356123635120667, 20.00840560628296, -15.35612363512067, 

parameters:
1.9587422805671504, 1.5724442793232288e-06, 20.0, 
objectives:
-16.16332710587432, 20.00170377185708, -15.16332710587432, 

parameters:
1.8656198288358807, 4.818759509226702e-07, 20.0, 
objectives:
-16.51946217237843, 20.01805851227805, -15.519462172378429, 

parameters:
1.7130658961674765, 0.0014622846149302383, 20.0, 
objectives:
-17.06394295077299, 20.083793464557104, -16.06394295077299, 

parameters:
0.9609501861903735, 0.00029399293260460105, 20.0, 
objectives:
-19.07628074672808, 21.079918508510424, -18.07628074672808, 

parameters:
1.1434029539068833, 7.99843326399184e-09, 20.0, 
objectives:
-18.692629676998582, 20.733758507373885, -17.692629676998582, 

parameters:
0.8843492016319247, 3.450255677067122e-05, 20.0, 
objectives:
-19.217891987016205, 21.244711206456095, -18.217891987016205, 

parameters:
1.5805552301011758, 0, 20.0, 
objectives:
-17.501845164599818, 20.17593391499548, -16.501845164599818, 

parameters:
1.266477208612035, 4.246184815092365e-05, 20.0, 
objectives:
-18.395993018218117, 20.53809814733374, -17.395993018218117, 

parameters:
0.4666777162402703, 5.714364507200019e-06, 20.0, 
objectives:
-19.78220619480026, 22.351082940238662, -18.78220619480026, 

parameters:
1.3713894386517127, 0.0002789824599570576, 20.0, 
objectives:
-18.119012025094584, 20.395430220298564, -17.119012025094584, 

parameters:
1.2082372327708413, 0.000449331565246473, 20.0, 
objectives:
-18.539713457781012, 20.627337611135623, -17.539713457781012, 

parameters:
0.9780881624725939, 6.2242499037951885e-06, 20.0, 
objectives:
-19.04333732218108, 21.044310027928542, -18.04333732218108, 

parameters:
0.4188998524075035, 4.539045620537419e-06, 20.0, 
objectives:
-19.82451837460735, 22.499882215762636, -18.82451837460735, 

parameters:
0.820568468009981, 3.288480059701408e-06, 20.0, 
objectives:
-19.326664100827692, 21.39106202713238, -18.326664100827692, 

parameters:
1.5399148747084581, 0, 20.0, 
objectives:
-17.628662178651634, 20.211678322514533, -16.628662178651634, 

parameters:
1.4545490830883538, 0.0, 20.0, 
objectives:
-17.88428696488683, 20.297516702759754, -16.88428696488683, 

parameters:
0.09091123094295361, 5.155405382289182e-06, 20.0, 
objectives:
-19.991729992683055, 23.64462508354513, -18.991729992683055, 

parameters:
0.3717503523304614, 1.2067400391656804e-05, 20.0, 
objectives:
-19.861789608141788, 22.651208982536367, -18.861789608141788, 

parameters:
1.186390405597222, 2.422001442481108e-05, 20.0, 
objectives:
-18.592453585492436, 20.661984792118677, -17.592453585492436, 

parameters:
1.5190481991293663, 7.161684919849622e-05, 20.0, 
objectives:
-17.69242095187263, 20.231386251609905, -16.69242095187263, 

parameters:
1.7532169149280663, 4.01946343396199e-07, 20.0, 
objectives:
-16.926230047263772, 20.060902293023965, -15.926230047263768, 

parameters:
1.0886472508413292, 4.576678184770219e-05, 20.0, 
objectives:
-18.814801396453767, 20.830609600180914, -17.814801396453767, 

parameters:
1.260342978385826, 5.021863074360683e-07, 20.0, 
objectives:
-18.411535074647237, 20.54709301180946, -17.411535074647237, 

parameters:
0.8710159180573601, 0, 20.0, 
objectives:
-19.241331270490694, 21.274605057279864, -18.241331270490694, 

parameters:
1.1016392187370405, 6.948245024348975e-05, 20.0, 
objectives:
-18.7863215492902, 20.807121575761638, -17.7863215492902, 

parameters:
1.8754312952718946, 6.071729481970303e-06, 20.0, 
objectives:
-16.482751384985303, 20.015523433927118, -15.482751384985303, 

parameters:
0.15493560579807697, 0.0, 20.0, 
objectives:
-19.97599495805598, 23.40426261875171, -18.97599495805598, 

parameters:
0.522684635231365, 0, 20.0, 
objectives:
-19.726800772093053, 22.182460686981486, -18.726800772093053, 

parameters:
1.7480498127798965, 0.0004276082334124017, 20.0, 
objectives:
-16.943894243806756, 20.063906505073657, -15.943894243806756, 

parameters:
1.4190222795298104, 0.0005552564605434606, 20.0, 
objectives:
-17.985820513737476, 20.33809036814328, -16.985820513737476, 

parameters:
1.4112330291523747, 5.162748200613277e-08, 20.0, 
objectives:
-18.00842128580193, 20.34664659758857, -17.00842128580193, 

parameters:
1.485019492999293, 3.905817179092645e-06, 20.0, 
objectives:
-17.794713199594945, 20.265208828407886, -16.794713199594945, 

parameters:
0.5274179956102413, 5.341464200320441e-06, 20.0, 
objectives:
-19.721824916442277, 22.16850310111676, -18.721824916442277, 

parameters:
1.482182577495701, 0.0, 20.0, 
objectives:
-17.803134806968202, 20.268134883048997, -16.803134806968202, 

parameters:
0.02318447054175836, 2.3661801037489827e-08, 20.0, 
objectives:
-19.9994624566639, 23.90779966116907, -18.9994624566639, 

parameters:
0.17015049559260526, 0, 20.0, 
objectives:
-19.97104880884959, 23.34834920877999, -18.97104880884959, 

parameters:
0.05185162794959725, 0, 20.0, 
objectives:
-19.997311408678975, 23.795282079522636, -18.997311408678975, 

parameters:
0.04851825353877067, 0.0, 20.0, 
objectives:
-19.997645979073546, 23.80828100677137, -18.997645979073546, 

parameters:
1.4131257657737146, 0.0, 20.0, 
objectives:
-18.003075570106454, 20.344421366798688, -17.003075570106454, 

parameters:
0, 0, 20.0, 
objectives:
-20.0, 24.0, -19.0, 

parameters:
0, 0, 20.0, 
objectives:
-20.0, 24.0, -19.0, 

size of all points: 80
[!!!]All points:
0, 0, 20.0, -20.0, 24.0, -19.0, 

0, 0, 20.0, -20.0, 24.0, -19.0, 

1.9897451504022683, 5.2048723696528845e-06, 20.0, -16.040909031578284, 20.000110366812642, -15.040909031578286, 

1.7988894979094006, 0.0011046344056344238, 20.0, -16.76289193990563, 20.04155006845677, -15.76289193990563, 

1.8656198288358807, 4.818759509226702e-07, 20.0, -16.51946217237843, 20.01805851227805, -15.519462172378429, 

0.3279810356659518, 9.364227252327439e-06, 20.0, -19.89241907601624, 22.795656781319956, -18.89241907601624, 

1.9088676896490926, 0.00010050829306632032, 20.0, -16.356123635120667, 20.00840560628296, -15.35612363512067, 

0.6989601121940958, 3.477234795523175e-05, 20.0, -19.51141998921366, 21.692739562009955, -18.51141998921366, 

1.5190481991293663, 7.161684919849622e-05, 20.0, -17.69242095187263, 20.231386251609905, -16.69242095187263, 

1.5805552301011758, 0, 20.0, -17.501845164599818, 20.17593391499548, -16.501845164599818, 

1.0398266975769255, 2.6895429113228442e-06, 20.0, -18.918757749463353, 20.921935460228944, -17.918757749463353, 

0.7925931004332666, 0.0, 20.0, -19.371796177145583, 21.45783142112135, -18.371796177145583, 

1.7480498127798965, 0.0004276082334124017, 20.0, -16.943894243806756, 20.063906505073657, -15.943894243806756, 

1.9587422805671504, 1.5724442793232288e-06, 20.0, -16.16332710587432, 20.00170377185708, -15.16332710587432, 

0.19597739835806047, 3.7624169939558867e-06, 20.0, -19.961589096915812, 23.254501309651946, -18.961589096915812, 

1.266477208612035, 4.246184815092365e-05, 20.0, -18.395993018218117, 20.53809814733374, -17.395993018218117, 

1.2082372327708413, 0.000449331565246473, 20.0, -18.539713457781012, 20.627337611135623, -17.539713457781012, 

1.7130658961674765, 0.0014622846149302383, 20.0, -17.06394295077299, 20.083793464557104, -16.06394295077299, 

0.9609501861903735, 0.00029399293260460105, 20.0, -19.07628074672808, 21.079918508510424, -18.07628074672808, 

0.8843492016319247, 3.450255677067122e-05, 20.0, -19.217891987016205, 21.244711206456095, -18.217891987016205, 

1.4545490830883538, 0.0, 20.0, -17.88428696488683, 20.297516702759754, -16.88428696488683, 

0.5714540721489403, 0, 20.0, -19.673440243424395, 22.040743467979844, -18.673440243424395, 

0.9780881624725939, 6.2242499037951885e-06, 20.0, -19.04333732218108, 21.044310027928542, -18.04333732218108, 

0.4188998524075035, 4.539045620537419e-06, 20.0, -19.82451837460735, 22.499882215762636, -18.82451837460735, 

1.485019492999293, 3.905817179092645e-06, 20.0, -17.794713199594945, 20.265208828407886, -16.794713199594945, 

0.820568468009981, 3.288480059701408e-06, 20.0, -19.326664100827692, 21.39106202713238, -18.326664100827692, 

1.3386899967167316, 0.0, 20.0, -18.207909092690556, 20.437330920442516, -17.207909092690556, 

0.09091123094295361, 5.155405382289182e-06, 20.0, -19.991729992683055, 23.64462508354513, -18.991729992683055, 

0.3717503523304614, 1.2067400391656804e-05, 20.0, -19.861789608141788, 22.651208982536367, -18.861789608141788, 

0.15493560579807697, 0.0, 20.0, -19.97599495805598, 23.40426261875171, -18.97599495805598, 

1.3713894386517127, 0.0002789824599570576, 20.0, -18.119012025094584, 20.395430220298564, -17.119012025094584, 

0.4666777162402703, 5.714364507200019e-06, 20.0, -19.78220619480026, 22.351082940238662, -18.78220619480026, 

1.6741247214309092, 4.265888492717635e-06, 20.0, -17.19730215120539, 20.106198963070977, -16.19730215120539, 

1.6130090888977227, 5.594106940528137e-07, 20.0, -17.398201119722643, 20.149762524686466, -16.398201119722643, 

1.4131257657737146, 0.0, 20.0, -18.003075570106454, 20.344421366798688, -17.003075570106454, 

0.05185162794959725, 0, 20.0, -19.997311408678975, 23.795282079522636, -18.997311408678975, 

0.8710159180573601, 0, 20.0, -19.241331270490694, 21.274605057279864, -18.241331270490694, 

0.522684635231365, 0, 20.0, -19.726800772093053, 22.182460686981486, -18.726800772093053, 

1.0886472508413292, 4.576678184770219e-05, 20.0, -18.814801396453767, 20.830609600180914, -17.814801396453767, 

1.1434029539068833, 7.99843326399184e-09, 20.0, -18.692629676998582, 20.733758507373885, -17.692629676998582, 

3.8169842320766625, 12.345614985745607, 20.0, 6.914983613667474, 35.64704668536083, 7.914983613667474, 

1.16418742356469, 36.998561826449034, 20.0, 18.353894183635227, 57.69714448937646, 19.353894183635227, 

5.475267724682629, 8.610851529280929, 20.0, 18.58940818623222, 40.68833728750171, 19.58940818623222, 

0, 0.000182568121605312, 20.0, -19.999817431878395, 24.000182568121605, -18.999817431878395, 

6.056286235055621, 3.703485621151142e-07, 20.0, 16.678603331272754, 36.45345839105027, 17.678603331272754, 

5.909825521531786, 1.872814649573709e-08, 20.0, 14.926037713676592, 35.28673562754945, 15.926037713676592, 

12.852327661858805, 72.36467182763681, 20.0, 217.54699815541784, 210.1376875079826, 218.54699815541784, 

0.5274179956102413, 5.341464200320441e-06, 20.0, -19.721824916442277, 22.16850310111676, -18.721824916442277, 

0.8007533457402771, 25.864630526029924, 20.0, 6.505836446744173, 47.302823063783066, 7.505836446744173, 

1.186390405597222, 2.422001442481108e-05, 20.0, -18.592453585492436, 20.661984792118677, -17.592453585492436, 

1.4190222795298104, 0.0005552564605434606, 20.0, -17.985820513737476, 20.33809036814328, -16.985820513737476, 

0.8878283608388091, 14.620949349280947, 20.0, -4.590811452409326, 35.85787510423543, -3.5908114524093264, 

7.502174014915755, 2.765113414874471e-06, 20.0, 36.2826177151906, 50.27392165552757, 37.2826177151906, 

0, 3.6103225781041844e-07, 20.0, -19.999999638967743, 24.000000361032257, -18.999999638967743, 

1.482182577495701, 0.0, 20.0, -17.803134806968202, 20.268134883048997, -16.803134806968202, 

0.04851825353877067, 0.0, 20.0, -19.997645979073546, 23.80828100677137, -18.997645979073546, 

1.260342978385826, 5.021863074360683e-07, 20.0, -18.411535074647237, 20.54709301180946, -17.411535074647237, 

1.4112330291523747, 5.162748200613277e-08, 20.0, -18.00842128580193, 20.34664659758857, -17.00842128580193, 

3.6419716461339497, 4.3367722548557397e-07, 20.0, -6.736042095079142, 22.69607132038506, -5.736042095079142, 

7.27442143000842, 3.6100343076865354e-08, 20.0, 32.917207177466096, 47.819521457432415, 33.917207177466096, 

1.7804805053009936, 19.082310353438785, 20.0, 2.252421183195665, 39.13049916199169, 3.252421183195665, 

16.89429933969521, 0, 20.0, 265.417350179226, 241.84015282044513, 266.417350179226, 

9.76466168369555, 9.67460419584357e-06, 20.0, 75.34862747163622, 80.289980736854, 76.34862747163622, 

0.02318447054175836, 2.3661801037489827e-08, 20.0, -19.9994624566639, 23.90779966116907, -18.9994624566639, 

4.452952862389706, 0.003755568072374984, 20.0, -0.1674552372629492, 26.020733313178226, 0.8325447627370508, 

0.17015049559260526, 0, 20.0, -19.97104880884959, 23.34834920877999, -18.97104880884959, 

1.7477919234997477, 7.893469138635272, 20.0, -9.051754253513781, 27.95707805248723, -8.051754253513781, 

4.206971048275593, 3.447834588101824e-05, 20.0, -2.3013601206250804, 24.87075568627255, -1.3013601206250804, 

1.7532169149280663, 4.01946343396199e-07, 20.0, -16.926230047263772, 20.060902293023965, -15.926230047263768, 

0, 0, 20.0, -20.0, 24.0, -19.0, 

1.8754312952718946, 6.071729481970303e-06, 20.0, -16.482751384985303, 20.015523433927118, -15.482751384985303, 

1.5399148747084581, 0, 20.0, -17.628662178651634, 20.211678322514533, -16.628662178651634, 

1.1016392187370405, 6.948245024348975e-05, 20.0, -18.7863215492902, 20.807121575761638, -17.7863215492902, 

2.714868679995379, 37.36623175220331, 20.0, 24.736743701823166, 57.877268981841645, 25.736743701823166, 

1.6572284230665162, 26.633419885112914, 20.0, 9.379825931332448, 46.75091223906638, 10.379825931332448, 

6.4846491686559435, 12.797951474562195, 20.0, 34.84862631511242, 52.91002964048864, 35.84862631511242, 

1.3764405578286143, 18.48182152758347, 20.0, 0.37641013681901825, 38.870647905504555, 1.3764101368190182, 

2.512727792938237, 6.492636531294767e-05, 20.0, -13.686134112230425, 20.26295471601663, -12.686134112230425, 

13.104850202924245, 4.816844718428259e-06, 20.0, 151.73710365792834, 143.31770284623138, 152.73710365792834, 

0, 0, 20.0, -20.0, 24.0, -19.0, 

