Generation 790 at Fri May 24 19:48:10 2019
parameters:
-0.18911233688938123, -99.93359764303334, 19.977290899831154, 
objectives:
-119.87512506690072, -75.16409391968091, 9967.782410455811, 

parameters:
2.321290066455595, -1.6751967248701145, 0, 
objectives:
3.713190847755307, -1.5719694180670738, 9.19467163964098, 

parameters:
-2.025156222141293, -6.444823254831149, 20, 
objectives:
-22.343565530753555, 29.757059357811617, 26.63700451008995, 

parameters:
-0.09310337269809921, -0.38187417318528993, 20, 
objectives:
-20.37320593517753, 23.999207555614866, -18.84550387784629, 

parameters:
1.9973066371654076, -100, 0, 
objectives:
-96.01076619713501, -99.99999274579665, 10004.989233802866, 

parameters:
1.0302717805831416, -64.14107976726704, 8.15248063214484, 
objectives:
-71.23210045754593, -55.048226315588806, 4107.987093020634, 

parameters:
4.674265104748589, -71.76647103846221, 1.0751243005161046, 
objectives:
-50.99284106950798, -63.53965288747013, 5172.199995283389, 

parameters:
2.9311447252874494, -17.5229737909954, 1.8410562789831946, 
objectives:
-10.772420669398159, -14.814887012581567, 314.8051636015089, 

parameters:
-2.8448576954282503, -77.68789564831583, 3.923443389766252, 
objectives:
-73.51812373084475, -50.29180616959924, 6040.578902181081, 

parameters:
0.2976482974583301, -93.58813300883644, 19.95309226151356, 
objectives:
-113.45263076137016, -70.73703942817636, 8739.874142327126, 

parameters:
-1.4122975888529297, -96.49968999664549, 20, 
objectives:
-114.50510551716569, -64.85591516175397, 9295.18475392816, 

parameters:
-0.6974851691359116, -59.13297612261735, 3.8176816421875093, 
objectives:
-62.46417220364031, -48.03886824272164, 3494.377669037011, 

parameters:
-2.3729581081090863, -91.86938038664852, 20, 
objectives:
-106.23845020380786, -52.74661777137152, 8426.61398280956, 

parameters:
1.2469345664223148, -80.61957995921706, 4.135602429416377, 
objectives:
-83.20033657569464, -75.91686998255113, 6497.935916184116, 

parameters:
-1.4750974974173618, -0.8851191543155217, 6.677312528284865, 
objectives:
-5.386519055713423, 17.868495990525755, -2.717963984061677, 

parameters:
-0.2516474805187856, -28.43623906009603, 3.690631891127193, 
objectives:
-32.06354449677177, -19.675690792442243, 805.9923864462555, 

parameters:
1.3496995196644455, -38.842210452060264, 20, 
objectives:
-57.02052165867783, -18.419319737335613, 1491.5390015955222, 

parameters:
1.5275219158092668, -49.99154859900643, 18.85486727676365, 
objectives:
-66.51309267249246, -30.91344578220223, 2483.6333872533355, 

parameters:
-1.5636132955323947, -26.248537716683508, 20, 
objectives:
-43.80365117871783, 6.450802003411747, 672.4306188021224, 

parameters:
3.240666954816952, -28.339533506403207, 20, 
objectives:
-37.837611194360626, -6.800279013628437, 794.6310816725926, 

parameters:
2.4361820311191362, -57.36552703902876, 18.57009282189787, 
objectives:
-70.00063697217887, -38.60517945285967, 3279.1685825323902, 

parameters:
-2.0135422203207294, -74.18517853214136, 20, 
objectives:
-90.13082625912723, -38.07665737784431, 5488.495066118702, 

parameters:
0.4801795536568545, -88.13763837517371, 1.1420750588646613, 
objectives:
-89.04914103028827, -84.68570912718637, 7768.331795697778, 

parameters:
1.7213267556833256, -87.44004900554637, 0, 
objectives:
-84.47708320571509, -87.36239022844839, 7649.725135892182, 

parameters:
4.359226853820374, -26.637084913471973, 20, 
objectives:
-27.634226150403297, -1.071133565684793, 709.5371514505849, 

parameters:
1.310079466342218, -36.536295735070965, 4.868690373613329, 
objectives:
-39.68867790055278, -31.191615018695, 1332.7485238750828, 

parameters:
-0.8696609508390301, -85.51455220664707, 0.966662024108875, 
objectives:
-85.72490406134169, -76.31293620976783, 7313.528287248672, 

parameters:
3.805903088868585, -46.12914258477596, 18.11765028340023, 
objectives:
-49.76189454631675, -24.750206334990636, 2125.2650436450504, 

parameters:
2.7998147764207175, -3.153311309640383, 13.78072327064077, 
objectives:
-9.095071798017361, 11.267115637581309, 5.001611727128967, 

parameters:
0.8571893124112369, -43.04062850021934, 0, 
objectives:
-42.30585498290729, -41.73461223255224, 1854.2304752112054, 

parameters:
-0.8245666882146775, -45.766747098634596, 2.0741165975898816, 
objectives:
-47.16095347291116, -35.71445352487268, 2094.200933616102, 

parameters:
2.562591251680341, -91.08603538873083, 3.756479799117205, 
objectives:
-88.27564126465943, -87.01304667314638, 8300.476236961196, 

parameters:
2.3871995493924207, -43.10041497233672, 12.203193163134804, 
objectives:
-49.60488644685215, -30.747298318152225, 1852.141299313112, 

parameters:
-1.0588909397301791, -85.02239833358074, 0, 
objectives:
-83.90114831133808, -75.66558455241736, 7230.929468416316, 

