Generation 795 at Fri May 24 19:48:10 2019
parameters:
-0.18911233688938123, -99.93359764303334, 19.977290899831154, 
objectives:
-119.87512506690072, -75.16409391968091, 9967.782410455811, 

parameters:
2.321290066455595, -1.6751967248701145, 0, 
objectives:
3.713190847755307, -1.5719694180670738, 9.19467163964098, 

parameters:
-2.025156222141293, -6.444823254831149, 20, 
objectives:
-22.343565530753555, 29.757059357811617, 26.63700451008995, 

parameters:
-0.09310337269809921, -0.38187417318528993, 20, 
objectives:
-20.37320593517753, 23.999207555614866, -18.84550387784629, 

parameters:
1.9973066371654076, -100, 0, 
objectives:
-96.01076619713501, -99.99999274579665, 10004.989233802866, 

parameters:
2.9311447252874494, -17.5229737909954, 1.8410562789831946, 
objectives:
-10.772420669398159, -14.814887012581567, 314.8051636015089, 

parameters:
1.8227501053338546, -1.2486026579846634, 13.839772851866808, 
objectives:
-11.765957563356894, 12.622587719041304, -7.958346307845863, 

parameters:
0.6702366887783093, -81.55088867176931, 1.9419676924613936, 
objectives:
-83.04363914524619, -77.84065051543665, 6650.054692681836, 

parameters:
-0.5515660300343743, -25.453777076485594, 19.67384831720972, 
objectives:
-44.82340030820744, 0.7305604463495037, 629.5251442277017, 

parameters:
0.2976482974583301, -93.58813300883644, 19.95309226151356, 
objectives:
-113.45263076137016, -70.73703942817636, 8739.874142327126, 

parameters:
1.4956777114098851, -62.30790051494154, 16.540307642023798, 
objectives:
-76.61115634055702, -45.513251902148966, 3868.9712107542364, 

parameters:
-2.3729581081090863, -91.86938038664852, 20, 
objectives:
-106.23845020380786, -52.74661777137152, 8426.61398280956, 

parameters:
2.960993640655133, -90.91857488893547, 0, 
objectives:
-82.15109154893533, -89.99506611155586, 8275.954743174967, 

parameters:
0.4801795536568545, -88.13763837517371, 1.1420750588646613, 
objectives:
-89.04914103028827, -84.68570912718637, 7768.331795697778, 

parameters:
-1.0992487358121692, -97.7811361820778, 2.3497015197718043, 
objectives:
-98.92248991866495, -85.82609193587267, 9561.009239321456, 

parameters:
-0.2516474805187856, -28.43623906009603, 3.690631891127193, 
objectives:
-32.06354449677177, -19.675690792442243, 805.9923864462555, 

parameters:
3.240666954816952, -28.339533506403207, 20, 
objectives:
-37.837611194360626, -6.800279013628437, 794.6310816725926, 

parameters:
-0.8696609508390301, -85.51455220664707, 0.966662024108875, 
objectives:
-85.72490406134169, -76.31293620976783, 7313.528287248672, 

parameters:
0.49698398479418016, -32.92680457827431, 7.721177497145458, 
objectives:
-40.40098899427787, -22.94656993916367, 1077.7002753198624, 

parameters:
1.0510772522843657, -75.32075985448363, 6.551795947759755, 
objectives:
-80.76779241197373, -67.86850952559168, 5668.769832499302, 

parameters:
1.0302717805831416, -64.14107976726704, 8.15248063214484, 
objectives:
-71.23210045754593, -55.048226315588806, 4107.987093020634, 

parameters:
4.674265104748589, -71.76647103846221, 1.0751243005161046, 
objectives:
-50.99284106950798, -63.53965288747013, 5172.199995283389, 

parameters:
-1.4122975888529297, -96.49968999664549, 20, 
objectives:
-114.50510551716569, -64.85591516175397, 9295.18475392816, 

parameters:
0.9595985111434995, -68.13205641420704, 13.412382542367402, 
objectives:
-80.62360965398562, -53.63723861382481, 4630.485557988912, 

parameters:
1.5275219158092668, -49.99154859900643, 18.85486727676365, 
objectives:
-66.51309267249246, -30.91344578220223, 2483.6333872533355, 

parameters:
2.4361820311191362, -57.36552703902876, 18.57009282189787, 
objectives:
-70.00063697217887, -38.60517945285967, 3279.1685825323902, 

parameters:
-0.6974851691359116, -59.13297612261735, 3.8176816421875093, 
objectives:
-62.46417220364031, -48.03886824272164, 3494.377669037011, 

parameters:
4.540065133080654, -54.92904945955623, 12.729712345871336, 
objectives:
-47.04657039281291, -35.74740623339286, 3026.0829535971184, 

parameters:
-0.07437994000496517, -44.65140381997566, 13.172163119507568, 
objectives:
-57.81803456400809, -27.176188564973096, 1981.581232350505, 

parameters:
3.2997618206360793, -52.165825133568525, 17.828897388037863, 
objectives:
-59.10629444867885, -32.64754695514745, 2715.332842550939, 

parameters:
-2.0135422203207294, -74.18517853214136, 20, 
objectives:
-90.13082625912723, -38.07665737784431, 5488.495066118702, 

parameters:
-0.729516106452412, -45.77187766568611, 8.239779985904285, 
objectives:
-53.47946390201691, -30.081839504398694, 2088.357198806205, 

parameters:
1.420068412212857, -59.26455660416891, 0, 
objectives:
-57.24796230880416, -58.928235957655595, 3515.304263784106, 

parameters:
1.3496995196644455, -38.842210452060264, 20, 
objectives:
-57.02052165867783, -18.419319737335613, 1491.5390015955222, 

parameters:
3.0133228628079367, -38.06598520634836, 20, 
objectives:
-48.98587053082734, -17.039161982059085, 1439.099344405453, 

