[!]Generation 8 at Sun May 26 02:43:06 2019
size of front generated: 18
[!!!]Points in the front:
parameters:
0, 0.0, 20.0, 
objectives:
-20.0, 24.0, -19.0, 

parameters:
0.005341326530448582, 7.280667445864596e-05, 20.0, 
objectives:
-19.999898663556436, 23.97873603032177, -18.999898663556436, 

parameters:
0.025741689044826276, 0.0, 20.0, 
objectives:
-19.99933736544512, 23.897695878375576, -18.99933736544512, 

parameters:
0.11618047130254154, 0, 20.0, 
objectives:
-19.986502098087918, 23.548776016701915, -18.986502098087918, 

parameters:
0.32143995325450336, 0.0, 20.0, 
objectives:
-19.896676356451742, 22.817563830530244, -18.896676356451742, 

parameters:
0.3666080040257206, 0, 20.0, 
objectives:
-19.86559857138428, 22.66796941251284, -18.86559857138428, 

parameters:
0.5000496572434621, 0.0056553455948692355, 20.0, 
objectives:
-19.744294994695828, 22.255506376330324, -18.744294994695828, 

parameters:
0.730241080035333, 0.058954203178791575, 20.0, 
objectives:
-19.407793761850037, 21.67124191800863, -18.407793761850037, 

parameters:
0.8082626923044107, 0, 20.0, 
objectives:
-19.346711420228825, 21.42023781055353, -18.346711420228825, 

parameters:
0.8902730361535138, 0.08951731790246856, 20.0, 
objectives:
-19.117896603195536, 21.32101125219041, -18.117896603195536, 

parameters:
0.9991919007262235, 0.05020078545334461, 20.0, 
objectives:
-18.95141476006977, 21.051817637025334, -17.951414760069774, 

parameters:
1.075369858530294, 0.0, 20.0, 
objectives:
-18.843579667364537, 20.85494089851429, -17.843579667364537, 

parameters:
1.1597927164830402, 0, 20.0, 
objectives:
-18.65488085479289, 20.70594827927495, -17.65488085479289, 

parameters:
1.1651932267845106, 0.0, 20.0, 
objectives:
-18.6423247442555, 20.696902348606457, -17.6423247442555, 

parameters:
1.165350627487272, 0, 20.0, 
objectives:
-18.64195791501502, 20.696639575035892, -17.64195791501502, 

parameters:
1.3151729450667051, 0.0, 20.0, 
objectives:
-18.27032012456457, 20.46898809516861, -17.27032012456457, 

parameters:
1.3601785843659748, 0.0, 20.0, 
objectives:
-18.149914218632173, 20.40937144390393, -17.149914218632173, 

parameters:
1.8666644896369697, 0.0, 20.0, 
objectives:
-16.515563683128352, 20.01777835832377, -15.515563683128352, 

size of all points: 80
[!!!]All points:
0, 0.0, 20.0, -20.0, 24.0, -19.0, 

0.025741689044826276, 0.0, 20.0, -19.99933736544512, 23.897695878375576, -18.99933736544512, 

0.11618047130254154, 0, 20.0, -19.986502098087918, 23.548776016701915, -18.986502098087918, 

0.32143995325450336, 0.0, 20.0, -19.896676356451742, 22.817563830530244, -18.896676356451742, 

0.3666080040257206, 0, 20.0, -19.86559857138428, 22.66796941251284, -18.86559857138428, 

0.5000496572434621, 0.0056553455948692355, 20.0, -19.744294994695828, 22.255506376330324, -18.744294994695828, 

0.730241080035333, 0.058954203178791575, 20.0, -19.407793761850037, 21.67124191800863, -18.407793761850037, 

0.8082626923044107, 0, 20.0, -19.346711420228825, 21.42023781055353, -18.346711420228825, 

0.8902730361535138, 0.08951731790246856, 20.0, -19.117896603195536, 21.32101125219041, -18.117896603195536, 

0.962898756912704, 0.18160020379721348, 20.0, -18.891225780138758, 21.25717919221043, -17.891225780138758, 

1.1597927164830402, 0, 20.0, -18.65488085479289, 20.70594827927495, -17.65488085479289, 

1.1651932267845106, 0.0, 20.0, -18.6423247442555, 20.696902348606457, -17.6423247442555, 

1.165350627487272, 0, 20.0, -18.64195791501502, 20.696639575035892, -17.64195791501502, 

1.3220892405615696, 0.06055993740043943, 20.0, -18.191520102590893, 20.520122935162828, -17.191520102590893, 

1.8666644896369697, 0.0, 20.0, -16.515563683128352, 20.01777835832377, -15.515563683128352, 

0.005554177697515671, 0.0031661807876824494, 20.0, -19.99680297032242, 23.980980318887514, -18.99680297032242, 

0.11970688437399937, 0.024489278868253705, 20.0, -19.961180982965217, 23.559991479538787, -18.961180982965217, 

0.3207689325471281, 0.39608438763901843, 20.0, -19.501022904273558, 23.21590136553793, -18.501022904273558, 

0.4251809948195791, 0.48748563575498605, 20.0, -19.331735485889247, 22.967540534832438, -18.331735485889247, 

1.0367999214852315, 1.1398227396934377, 20.0, -17.78522318311478, 22.067577130944294, -16.78522318311478, 

1.3744459200666483, 0.7145878262730039, 20.0, -17.39631058653914, 21.105905733194266, -16.39631058653914, 

1.8682706588563034, 0.7508709511843995, 20.0, -15.758693794072235, 20.768223570502553, -14.758693794072235, 

1.9032173023352883, 0.6318912591848613, 20.0, -15.745872640906725, 20.64125814975212, -14.745872640906725, 

2.1695612891392844, 0.3304334259420232, 20.0, -14.962570386726263, 20.359184456716598, -13.962570386726263, 

2.2828496787188812, 0.0, 20.0, -14.788597344373102, 20.080003940751375, -13.788597344373102, 

0.0005973523244941262, 0.008750712825072286, 20.0, -19.99124893034513, 24.006361660356895, -18.99124893034513, 

1.0353654611429746, 1.1843647791980882, 20.0, -17.743653582674106, 22.114884572753994, -16.743653582674106, 

1.8455417870118183, 0.8508832750033991, 20.0, -15.743092237389826, 20.874740614562903, -14.743092237389826, 

2.3137747030557323, 0.0032892084678556067, 20.0, -14.643157415031503, 20.101743772745568, -13.643157415031503, 

0.015308245221429824, 0.23782697855895846, 20.0, -19.76193867906928, 24.176828340045, -18.76193867906928, 

1.0399818405936752, 1.9372123967578814, 20.0, -16.98122537447751, 22.85884726314779, -15.98122537447751, 

1.65991933013, 2.0124170919515354, 20.0, -15.232250725509237, 22.128071953970764, -14.232250725509237, 

2.323828527932759, 0, 20.0, -14.599820972765865, 20.104864915503097, -13.599820972765865, 

0, 0.306016513405956, 20.0, -19.693983486594043, 24.306016513405957, -18.693983486594043, 

1.4948336481035656, 2.998091654791879, 20.0, -14.767380709705506, 23.253284697880233, -13.767380709705506, 

2.2280931164718196, 0.8986187654313121, 20.0, -14.136982298899582, 20.950645235213138, -13.136982298899582, 

2.5524108902791225, 0, 20.0, -13.485198647184538, 20.305157791698974, -12.485198647184538, 

0, 0.5977991727525526, 20.0, -19.402200827247448, 24.597799172752552, -18.402200827247448, 

2.3868460002080947, 1.2161889355081976, 20.0, -13.086777235782423, 21.3658387633852, -12.086777235782423, 

2.637373395337189, 0.0, 20.0, -13.044261573567589, 20.406244845083656, -12.044261573567589, 

2.1363341432181673, 0.0, 20.0, -15.436076428520298, 20.01858699860703, -14.436076428520298, 

12.012779996023527, 26.997179242274594, 20.0, 151.3040624751376, 147.25294249104348, 152.3040624751376, 

2.0219674857805656, 13.40825009449029, 20.0, -2.5033973919559287, 33.40873266492181, -1.5033973919559287, 

2.018882424154208, 2.5442014365783856, 20.0, -13.379912320862843, 22.544557982520324, -12.379912320862843, 

0.904677025804951, 11.991089213727328, 20.0, -7.19047026525338, 33.190821631526816, -6.19047026525338, 

0.9991919007262235, 0.05020078545334461, 20.0, -18.95141476006977, 21.051817637025334, -17.951414760069774, 

1.4943159118361438, 1.3480173817447485, 20.0, -16.419002573888566, 21.60373377876686, -15.419002573888566, 

1.476118959738829, 9.767528427234906, 20.0, -8.053544389464651, 30.04197977158003, -7.053544389464651, 

0.3047171541269156, 0.4304104091216863, 20.0, -19.476737046859107, 23.30439433663323, -18.476737046859107, 

2.956491691252068, 0.1851605675950354, 20.0, -11.073996311962452, 21.100036923029275, -10.073996311962452, 

1.8513016037885641, 4.865906418101021, 20.0, -11.706775953708869, 24.888017631136876, -10.706775953708869, 

3.6238109767246174, 0, 20.0, -6.867994004970175, 22.636762088131356, -5.867994004970175, 

0.05486141795251299, 12.624193575714008, 20.0, -7.372796649106231, 36.407757679083716, -6.372796649106231, 

0.005341326530448582, 7.280667445864596e-05, 20.0, -19.999898663556436, 23.97873603032177, -18.999898663556436, 

1.075369858530294, 0.0, 20.0, -18.843579667364537, 20.85494089851429, -17.843579667364537, 

11.688049882806444, 0.0, 20.0, 116.61051006297174, 113.85831053174596, 117.61051006297174, 

9.143251519796522, 7.41217301212418, 20.0, 71.01122136638558, 78.4382152871995, 72.01122136638558, 

2.6680613587008377, 6.199252212252632, 20.0, -6.682196373954808, 26.64555819124184, -5.68219637395481, 

2.2369764609843825, 5.01669633699899, 20.0, -9.979239976002798, 25.07285418005967, -8.979239976002798, 

2.277970339261592, 0.00023362851266349655, 20.0, -14.810617504931763, 20.07750113802187, -13.810617504931763, 

10.02271312211867, 1.7620537497628015, 20.0, 82.21683207805258, 86.1259795895779, 83.21683207805258, 

0.8527159713368038, 4.768294090513796, 20.0, -14.504581381713336, 26.08455473293945, -13.504581381713336, 

2.8182024004724675, 0.2942362498662438, 20.0, -11.763498980104979, 20.96369141800515, -10.763498980104979, 

6.4478353035340294, 0.003021175478197557, 20.0, 21.577601276977965, 39.78626006284185, 22.577601276977965, 

2.583757739183838, 0.21883774948404153, 20.0, -13.10535819572358, 20.559610847541066, -12.10535819572358, 

3.6283535397119935, 10.72443348350219, 20.0, 3.889382892642743, 33.37596873379477, 4.889382892642743, 

0.21199549122554337, 20.41391752056809, 20.0, 0.45885960886804966, 43.61087764396588, 1.4588596088680497, 

3.987967154801235, 0, 20.0, -4.096117972226541, 23.95201340856852, -3.0961179722265406, 

1.3151729450667051, 0.0, 20.0, -18.27032012456457, 20.46898809516861, -17.27032012456457, 

6.9124845678480025, 0.0, 20.0, 27.782442900736783, 44.13250462934478, 28.782442900736783, 

1.3601785843659748, 0.0, 20.0, -18.149914218632173, 20.40937144390393, -17.149914218632173, 

33.930511343577656, 0.0, 20.0, 1131.279600036652, 1039.5575546623413, 1132.279600036652, 

0.6192657568569299, 24.049203059630663, 20.0, 4.43269313724625, 45.95563010981853, 5.43269313724625, 

3.789383897901989, 0.5573943546093627, 20.0, -5.0831753197117635, 23.75928908868028, -4.0831753197117635, 

3.110337617408698, 0.004066551146298492, 20.0, -10.321733354586087, 21.236916175779122, -9.321733354586087, 

2.7166221676353857, 0.0008520208517456498, 20.0, -12.619111977460273, 20.514399351998186, -11.619111977460273, 

1.5910756378754656, 5.211160665428338, 20.0, -12.257317649130842, 25.378379799367295, -11.257317649130842, 

6.169462882502491, 0.0, 20.0, 18.062272258575945, 37.384420728565985, 19.062272258575945, 

2.2041734547663983, 0.8352302928731824, 20.0, -14.306389088429977, 20.876917092504428, -13.306389088429977, 

0.2973122218224844, 7.935495643662943, 20.0, -11.976109799092034, 30.83464131361803, -10.976109799092034, 

