Generation 80 at Sat May 25 04:36:26 2019
parameters:
0, 0.0, 20.0, 
objectives:
-20.0, 24.0, -19.0, 

parameters:
0, 0.0, 20.0, 
objectives:
-20.0, 24.0, -19.0, 

parameters:
1.9954130956648328, 0.0, 20.0, 
objectives:
-16.01832657764929, 20.00002103969138, -15.018326577649288, 

parameters:
0.861851683723375, 0.0, 20.0, 
objectives:
-19.257211675263182, 21.295381589843316, -18.257211675263182, 

parameters:
0.9948236464859233, 0.0, 20.0, 
objectives:
-19.01032591239245, 21.010379501663856, -18.01032591239245, 

parameters:
1.558243777533242, 0.0, 20.0, 
objectives:
-17.57187632977893, 20.1951485600881, -16.57187632977893, 

parameters:
0.7442057615591716, 0.0, 20.0, 
objectives:
-19.446157784462134, 21.57701916930118, -18.446157784462134, 

parameters:
1.669027026310296, 0.0, 20.0, 
objectives:
-17.21434878544581, 20.109543109313005, -16.21434878544581, 

parameters:
1.262359570842248, 0.0, 20.0, 
objectives:
-18.406448313902974, 20.544113402728033, -17.406448313902978, 

parameters:
1.0832627701556186, 0.0, 20.0, 
objectives:
-18.826541770794776, 20.84040714858275, -17.826541770794776, 

parameters:
0.5643919192625484, 0.0, 20.0, 
objectives:
-19.681461761471137, 22.06097056147867, -18.681461761471137, 

parameters:
1.4302328716253794, 0.0, 20.0, 
objectives:
-17.95443393292222, 20.324634580576262, -16.95443393292222, 

parameters:
1.3343913658691184, 0.0, 20.0, 
objectives:
-18.219399682693947, 20.443034853829577, -17.219399682693947, 

parameters:
0.29409318610045754, 0.0, 20.0, 
objectives:
-19.913509197889283, 22.91011805770889, -18.913509197889283, 

parameters:
1.3713150721400433, 0.0, 20.0, 
objectives:
-18.119494972921547, 20.39524473851828, -17.119494972921547, 

parameters:
0.48145154128206863, 0.0, 20.0, 
objectives:
-19.76820441339712, 22.305989421474607, -18.76820441339712, 

parameters:
1.8753217224739491, 0.0, 20.0, 
objectives:
-16.48316843721734, 20.015544672886865, -15.48316843721734, 

parameters:
1.8607366421621427, 0.0, 20.0, 
objectives:
-16.537659148515154, 20.019394282836274, -15.537659148515154, 

parameters:
0.14077482523092014, 0.0, 20.0, 
objectives:
-19.980182448581203, 23.456718250495115, -18.980182448581203, 

parameters:
1.4833992380861991, 0.0, 20.0, 
objectives:
-17.799526700445284, 20.26687634720992, -16.799526700445284, 

parameters:
1.799972675606716, 0.0, 20.0, 
objectives:
-16.7600983670692, 20.040010930503936, -15.7600983670692, 

parameters:
1.193664928173678, 0.0, 20.0, 
objectives:
-18.57516403924813, 20.65017624805716, -17.57516403924813, 

parameters:
0.05778379926740244, 0.0, 20.0, 
objectives:
-19.996661032542224, 23.772203770388167, -18.996661032542224, 

parameters:
0.6639302932544099, 0.0, 20.0, 
objectives:
-19.559196565699114, 21.785082261283247, -18.559196565699114, 

parameters:
1.5123743045044726, 0.0, 20.0, 
objectives:
-17.712723963074612, 20.237778818907497, -16.712723963074612, 

parameters:
1.935073691105117, 0.0, 20.0, 
objectives:
-16.255489809992817, 20.004215425586715, -15.255489809992818, 

parameters:
0.4353906110394083, 0.0, 20.0, 
objectives:
-19.81043501581873, 22.448002540023637, -18.81043501581873, 

parameters:
1.9420261071810838, 0.0, 20.0, 
objectives:
-16.228534599027086, 20.00336097224858, -15.228534599027086, 

parameters:
1.1402921682360456, 0.0, 20.0, 
objectives:
-18.699733771059538, 20.73909755599628, -17.699733771059538, 

parameters:
1.7428254813951185, 0.0, 20.0, 
objectives:
-16.962559341399874, 20.066138733019653, -15.962559341399874, 

parameters:
0.22324673685940574, 0.0, 20.0, 
objectives:
-19.950160894481627, 23.15685215808075, -18.950160894481627, 

parameters:
1.7868147623630217, 0.0, 20.0, 
objectives:
-16.80729300500158, 20.045447945546336, -15.80729300500158, 

parameters:
1.697482301225028, 0.0, 20.0, 
objectives:
-17.118553837027783, 20.091516958072106, -16.118553837027783, 

parameters:
0.36896713389800173, 0.0, 20.0, 
objectives:
-19.863863254103094, 22.6602682103049, -18.863863254103094, 

parameters:
0.633664370706492, 0.0, 20.0, 
objectives:
-19.598469465297146, 21.866873051876887, -18.598469465297146, 

parameters:
0.19399103705828358, 0.0, 20.0, 
objectives:
-19.96236747754105, 23.261668374225813, -18.96236747754105, 

parameters:
1.7252443601370926, 0.0, 20.0, 
objectives:
-17.023531897815154, 20.075490661636476, -16.023531897815154, 

parameters:
0.3797907341028992, 0.0, 20.0, 
objectives:
-19.85575899828958, 22.625078065298823, -18.85575899828958, 

parameters:
0.0065320056251510685, 0.0, 20.0, 
objectives:
-19.999957332902515, 23.97391464459688, -18.999957332902515, 

parameters:
1.1596506418848787, 0.0, 20.0, 
objectives:
-18.655210388775988, 20.706187043684498, -17.655210388775988, 

parameters:
1.175901856697755, 0.0, 20.0, 
objectives:
-18.617254823414772, 20.679137749794208, -17.617254823414772, 

parameters:
0.6412733055426358, 0.0, 20.0, 
objectives:
-19.58876854759842, 21.846138230231034, -18.58876854759842, 

