Generation 801 at Fri May 24 19:48:10 2019
parameters:
0.05101637681523949, -100, 19.95971668145522, 
objectives:
-119.95711401075187, -76.24174615510238, 9981.042885989249, 

parameters:
1.6623066230458505, 1.9616098999085665, 0.7459672391891445, 
objectives:
3.978905969741521, 2.8216139559364084, 6.865209469252251, 

parameters:
-2.025156222141293, -6.444823254831149, 20, 
objectives:
-22.343565530753555, 29.757059357811617, 26.63700451008995, 

parameters:
-0.09310337269809921, -0.38187417318528993, 20, 
objectives:
-20.37320593517753, 23.999207555614866, -18.84550387784629, 

parameters:
1.9973066371654076, -100, 0, 
objectives:
-96.01076619713501, -99.99999274579665, 10004.989233802866, 

parameters:
-2.548625336290674, -8.334097970877377, 0, 
objectives:
-1.8386068660946258, 12.35589447906807, 76.95268009296515, 

parameters:
4.674265104748589, -71.76647103846221, 1.0751243005161046, 
objectives:
-50.99284106950798, -63.53965288747013, 5172.199995283389, 

parameters:
1.0302717805831416, -64.14107976726704, 8.15248063214484, 
objectives:
-71.23210045754593, -55.048226315588806, 4107.987093020634, 

parameters:
2.9311447252874494, -17.5229737909954, 1.8410562789831946, 
objectives:
-10.772420669398159, -14.814887012581567, 314.8051636015089, 

parameters:
2.436476265050368, -33.69117989186703, 4.1934080098079125, 
objectives:
-31.94817131152115, -29.307260352106802, 1137.8386110864913, 

parameters:
0.4801795536568545, -88.13763837517371, 1.1420750588646613, 
objectives:
-89.04914103028827, -84.68570912718637, 7768.331795697778, 

parameters:
-0.33096023228283933, -20.86979552363656, 20, 
objectives:
-40.76026084828385, 4.563580080847506, 416.6578998737534, 

parameters:
1.4956777114098851, -62.30790051494154, 16.540307642023798, 
objectives:
-76.61115634055702, -45.513251902148966, 3868.9712107542364, 

parameters:
-1.4820786585784793, -91.48881004002438, 18.806009114612753, 
objectives:
-108.09826200442333, -60.55792914088393, 8354.592910575266, 

parameters:
1.0510772522843657, -75.32075985448363, 6.551795947759755, 
objectives:
-80.76779241197373, -67.86850952559168, 5668.769832499302, 

parameters:
-2.1467873525435226, -43.429034287923564, 17.683083290225614, 
objectives:
-56.503421641108346, -8.55010565048303, 1874.006631828456, 

parameters:
3.9338249015130757, -28.154875457983625, 4.468975968464188, 
objectives:
-17.148873070683454, -19.94622073980738, 804.7030144418688, 

parameters:
2.960993640655133, -90.91857488893547, 0, 
objectives:
-82.15109154893533, -89.99506611155586, 8275.954743174967, 

parameters:
4.379398731051134, -93.37578619097145, 17.71949934498287, 
objectives:
-91.91615229042205, -69.99474852466082, 8721.497080682564, 

parameters:
2.4361820311191362, -57.36552703902876, 18.57009282189787, 
objectives:
-70.00063697217887, -38.60517945285967, 3279.1685825323902, 

parameters:
-0.07437994000496517, -44.65140381997566, 13.172163119507568, 
objectives:
-57.81803456400809, -27.176188564973096, 1981.581232350505, 

parameters:
4.0049312860996045, -56.30567887348482, 3.253060927005256, 
objectives:
-43.51926519411065, -49.03286848449855, 3184.115887083369, 

parameters:
1.5275219158092668, -49.99154859900643, 18.85486727676365, 
objectives:
-66.51309267249246, -30.91344578220223, 2483.6333872533355, 

parameters:
1.8507394397312287, -53.80522654167121, 10.954385675545417, 
objectives:
-61.33437574343996, -42.82856215127405, 2888.4732539987913, 

parameters:
-1.4122975888529297, -96.49968999664549, 20, 
objectives:
-114.50510551716569, -64.85591516175397, 9295.18475392816, 

parameters:
1.7199210138821985, -100, 3.2527527899106743, 
objectives:
-100.2946244959171, -96.66880297162456, 10000.705375504083, 

parameters:
0.14862614804215996, -30.752490765700905, 18.517276560750435, 
objectives:
-49.247677594569495, -8.807629065237261, 928.2205014656507, 

parameters:
2.321290066455595, -1.6751967248701145, 0, 
objectives:
3.713190847755307, -1.5719694180670738, 9.19467163964098, 

parameters:
4.533499756836354, -79.5684257223902, 1.003419074358612, 
objectives:
-60.019224751513526, -72.14638563014172, 6351.683572910403, 

parameters:
0.6702366887783093, -81.55088867176931, 1.9419676924613936, 
objectives:
-83.04363914524619, -77.84065051543665, 6650.054692681836, 

parameters:
0.7235460258322819, -52.043798526524526, 17.11042971177593, 
objectives:
-68.63070938680276, -33.30403406658004, 2692.970054209198, 

parameters:
1.2696655772737324, -95.65526583043665, 18.124774830053468, 
objectives:
-112.16798998237627, -76.99710263136427, 9134.41715693956, 

parameters:
-1.2395489615829756, -85.30663315711757, 1.8791609122929807, 
objectives:
-85.64931244124911, -72.93279477033127, 7277.8789813189005, 

parameters:
-1.0928158175847187, -8.683450403898512, 18.869486526307483, 
objectives:
-26.35869051904264, 19.751545803911206, 58.7270708018211, 

parameters:
1.8172063438563573, -0.4708952956730048, 19.68522944376946, 
objectives:
-16.853885843290676, 19.247747668822818, -15.161248168130706, 

parameters:
-1.0145835408874815, -80.75179554668877, 19.200567506531854, 
objectives:
-98.92298329178084, -52.463514115167214, 6503.681296269131, 

parameters:
0.251918833948094, -100, 16.742720245921934, 
objectives:
-116.67925714702416, -80.20149199097268, 9984.320742852975, 

parameters:
-0.8696609508390301, -85.51455220664707, 0.966662024108875, 
objectives:
-85.72490406134169, -76.31293620976783, 7313.528287248672, 

