Generation 803 at Fri May 24 19:48:10 2019
parameters:
0.05101637681523949, -100, 19.95971668145522, 
objectives:
-119.95711401075187, -76.24174615510238, 9981.042885989249, 

parameters:
1.6623066230458505, 1.9616098999085665, 0.7459672391891445, 
objectives:
3.978905969741521, 2.8216139559364084, 6.865209469252251, 

parameters:
-0.09310337269809921, -0.38187417318528993, 20, 
objectives:
-20.37320593517753, 23.999207555614866, -18.84550387784629, 

parameters:
1.9973066371654076, -100, 0, 
objectives:
-96.01076619713501, -99.99999274579665, 10004.989233802866, 

parameters:
2.9311447252874494, -17.5229737909954, 1.8410562789831946, 
objectives:
-10.772420669398159, -14.814887012581567, 314.8051636015089, 

parameters:
1.4956777114098851, -62.30790051494154, 16.540307642023798, 
objectives:
-76.61115634055702, -45.513251902148966, 3868.9712107542364, 

parameters:
-0.33096023228283933, -20.86979552363656, 20, 
objectives:
-40.76026084828385, 4.563580080847506, 416.6578998737534, 

parameters:
-1.4122975888529297, -96.49968999664549, 20, 
objectives:
-114.50510551716569, -64.85591516175397, 9295.18475392816, 

parameters:
4.674265104748589, -71.76647103846221, 1.0751243005161046, 
objectives:
-50.99284106950798, -63.53965288747013, 5172.199995283389, 

parameters:
1.5275219158092668, -49.99154859900643, 18.85486727676365, 
objectives:
-66.51309267249246, -30.91344578220223, 2483.6333872533355, 

parameters:
0.4801795536568545, -88.13763837517371, 1.1420750588646613, 
objectives:
-89.04914103028827, -84.68570912718637, 7768.331795697778, 

parameters:
4.379398731051134, -93.37578619097145, 17.71949934498287, 
objectives:
-91.91615229042205, -69.99474852466082, 8721.497080682564, 

parameters:
-1.4820786585784793, -91.48881004002438, 18.806009114612753, 
objectives:
-108.09826200442333, -60.55792914088393, 8354.592910575266, 

parameters:
2.321290066455595, -1.6751967248701145, 0, 
objectives:
3.713190847755307, -1.5719694180670738, 9.19467163964098, 

parameters:
1.0302717805831416, -64.14107976726704, 8.15248063214484, 
objectives:
-71.23210045754593, -55.048226315588806, 4107.987093020634, 

parameters:
2.2014844567144585, -55.27202863406772, 5.639411650117204, 
objectives:
-56.06490647102957, -49.592020997653, 3055.2042714882405, 

parameters:
2.436476265050368, -33.69117989186703, 4.1934080098079125, 
objectives:
-31.94817131152115, -29.307260352106802, 1137.8386110864913, 

parameters:
0.6702366887783093, -81.55088867176931, 1.9419676924613936, 
objectives:
-83.04363914524619, -77.84065051543665, 6650.054692681836, 

parameters:
-2.1467873525435226, -43.429034287923564, 17.683083290225614, 
objectives:
-56.503421641108346, -8.55010565048303, 1874.006631828456, 

parameters:
0.7455248218876013, -4.840926106379545, 20, 
objectives:
-24.285118846329006, 16.73278186612059, 4.990372827477557, 

parameters:
-0.08996268372669292, -79.54492968828276, 18.872990174317053, 
objectives:
-98.4098265781365, -56.303995494595625, 6309.530942223994, 

parameters:
3.9338249015130757, -28.154875457983625, 4.468975968464188, 
objectives:
-17.148873070683454, -19.94622073980738, 804.7030144418688, 

parameters:
-2.9988505537529173, -75.79487214853498, 17.430626008039482, 
objectives:
-84.23239351283028, -33.37573928173965, 5737.4251226484685, 

parameters:
2.382838327249532, -85.67489489575732, 18.890231047391257, 
objectives:
-98.88720744933923, -66.63809866355484, 7327.975302845482, 

parameters:
1.5578146719822243, -7.146707745223521, 18.349451102314593, 
objectives:
-23.06937229529503, 11.39827122140526, 36.152767045566364, 

parameters:
1.7199210138821985, -100, 3.2527527899106743, 
objectives:
-100.2946244959171, -96.66880297162456, 10000.705375504083, 

parameters:
2.960993640655133, -90.91857488893547, 0, 
objectives:
-82.15109154893533, -89.99506611155586, 8275.954743174967, 

parameters:
2.3715795492673717, -13.792617920000911, 5.470868747211987, 
objectives:
-13.639097108709667, -8.183677811355182, 191.38982989842148, 

parameters:
4.072157280718269, -45.39019453620018, 19.071444786123475, 
objectives:
-47.87917440341685, -22.02491395404297, 2058.7807801668796, 

parameters:
1.0510772522843657, -75.32075985448363, 6.551795947759755, 
objectives:
-80.76779241197373, -67.86850952559168, 5668.769832499302, 

parameters:
2.4361820311191362, -57.36552703902876, 18.57009282189787, 
objectives:
-70.00063697217887, -38.60517945285967, 3279.1685825323902, 

parameters:
-1.854503466434152, -57.48216913087998, 15.98772336265863, 
objectives:
-70.03070938652233, -26.63724879546846, 3292.651227735449, 

parameters:
5.074384854660956, -45.548300762591495, 0, 
objectives:
-19.798919109379007, -36.09645852802283, 2101.3970840127054, 

parameters:
0.14862614804215996, -30.752490765700905, 18.517276560750435, 
objectives:
-49.247677594569495, -8.807629065237261, 928.2205014656507, 

parameters:
-2.3892631638491553, -89.81531789582586, 16.007187019308073, 
objectives:
-100.11392644900747, -54.54249975499468, 8057.492720175075, 

parameters:
3.5243807567080263, -33.31059152822649, 9.42723470218893, 
objectives:
-30.31656651216158, -21.559620134615823, 1113.5895329764192, 

