Generation 807 at Fri May 24 19:48:10 2019
parameters:
0.05101637681523949, -100, 19.95971668145522, 
objectives:
-119.95711401075187, -76.24174615510238, 9981.042885989249, 

parameters:
1.6623066230458505, 1.9616098999085665, 0.7459672391891445, 
objectives:
3.978905969741521, 2.8216139559364084, 6.865209469252251, 

parameters:
-0.09310337269809921, -0.38187417318528993, 20, 
objectives:
-20.37320593517753, 23.999207555614866, -18.84550387784629, 

parameters:
1.9973066371654076, -100, 0, 
objectives:
-96.01076619713501, -99.99999274579665, 10004.989233802866, 

parameters:
3.2630916921729916, -71.71465860801952, 0.20761453605854782, 
objectives:
-61.27450575254967, -69.91164344912454, 5154.432412120258, 

parameters:
-1.4122975888529297, -96.49968999664549, 20, 
objectives:
-114.50510551716569, -64.85591516175397, 9295.18475392816, 

parameters:
-0.33096023228283933, -20.86979552363656, 20, 
objectives:
-40.76026084828385, 4.563580080847506, 416.6578998737534, 

parameters:
1.0302717805831416, -64.14107976726704, 8.15248063214484, 
objectives:
-71.23210045754593, -55.048226315588806, 4107.987093020634, 

parameters:
2.436476265050368, -33.69117989186703, 4.1934080098079125, 
objectives:
-31.94817131152115, -29.307260352106802, 1137.8386110864913, 

parameters:
0.4801795536568545, -88.13763837517371, 1.1420750588646613, 
objectives:
-89.04914103028827, -84.68570912718637, 7768.331795697778, 

parameters:
3.9338249015130757, -28.154875457983625, 4.468975968464188, 
objectives:
-17.148873070683454, -19.94622073980738, 804.7030144418688, 

parameters:
-0.9587767257154428, -86.99361925518934, 18.96016993001164, 
objectives:
-105.03453637542736, -59.27908961254231, 7550.848873996612, 

parameters:
-2.9988505537529173, -75.79487214853498, 17.430626008039482, 
objectives:
-84.23239351283028, -33.37573928173965, 5737.4251226484685, 

parameters:
2.9311447252874494, -17.5229737909954, 1.8410562789831946, 
objectives:
-10.772420669398159, -14.814887012581567, 314.8051636015089, 

parameters:
0.6702366887783093, -81.55088867176931, 1.9419676924613936, 
objectives:
-83.04363914524619, -77.84065051543665, 6650.054692681836, 

parameters:
1.4956777114098851, -62.30790051494154, 16.540307642023798, 
objectives:
-76.61115634055702, -45.513251902148966, 3868.9712107542364, 

parameters:
0.9061580476402771, -93.54252824972814, 0, 
objectives:
-92.7214058424249, -92.346038032986, 8752.02571375849, 

parameters:
2.382838327249532, -85.67489489575732, 18.890231047391257, 
objectives:
-98.88720744933923, -66.63809866355484, 7327.975302845482, 

parameters:
2.960993640655133, -90.91857488893547, 0, 
objectives:
-82.15109154893533, -89.99506611155586, 8275.954743174967, 

parameters:
-0.026102525947421226, -57.70841635201044, 17.391553767564087, 
objectives:
-75.0992887777137, -36.211771138795825, 3313.870445431283, 

parameters:
2.321290066455595, -1.6751967248701145, 0, 
objectives:
3.713190847755307, -1.5719694180670738, 9.19467163964098, 

parameters:
-2.1467873525435226, -43.429034287923564, 17.683083290225614, 
objectives:
-56.503421641108346, -8.55010565048303, 1874.006631828456, 

parameters:
-0.857588236858376, -99.5025897769155, 4.404681994852579, 
objectives:
-103.17181418777022, -86.93209725063156, 9898.096147902274, 

parameters:
-1.6097177359105057, -43.9421238129034, 3.548160201122088, 
objectives:
-44.89909282472064, -27.363901478834443, 1930.9532761767146, 

parameters:
-0.08996268372669292, -79.54492968828276, 18.872990174317053, 
objectives:
-98.4098265781365, -56.303995494595625, 6309.530942223994, 

parameters:
1.5275219158092668, -49.99154859900643, 18.85486727676365, 
objectives:
-66.51309267249246, -30.91344578220223, 2483.6333872533355, 

parameters:
3.0672304345362216, -47.16529749232193, 0.41986857847510395, 
objectives:
-38.17726353225178, -45.606448113446454, 2234.5533214993, 

parameters:
3.5797382539717932, -12.899998392938528, 11.331373763646567, 
objectives:
-11.416846189636072, 0.9269483217698884, 168.89311074111907, 

parameters:
2.2014844567144585, -55.27202863406772, 5.639411650117204, 
objectives:
-56.06490647102957, -49.592020997653, 3055.2042714882405, 

parameters:
2.6193591483068333, -54.51404677924213, 6.338219397354578, 
objectives:
-53.99122382877801, -47.792221627296186, 2973.3041191998627, 

parameters:
-1.6335721414119, -40.10914598926889, 12.249541388262132, 
objectives:
-49.69012943633396, -14.656758094162095, 1600.1626085414198, 

parameters:
-0.4566317656835621, -28.9309519806576, 20, 
objectives:
-48.72243941122631, -2.8959123484920646, 818.2084950765471, 

parameters:
0.14807444341541576, -50.77560206147104, 0.9412181686906357, 
objectives:
-51.69489418936889, -46.40475562564929, 2578.2424725769647, 

parameters:
0.49570240966639245, -93.03769489360597, 0.43023366906708443, 
objectives:
-93.22220768372398, -90.3445499842554, 8656.828158325598, 

parameters:
-1.3123068043705484, -50.420801857027435, 0.01949557858566754, 
objectives:
-48.71814828681586, -39.42992991216233, 2544.9599134758328, 

parameters:
0.5396834737009577, -39.60499692701151, 3.224462628822452, 
objectives:
-42.53820130404803, -34.24800994120696, 1566.6225772115547, 

parameters:
1.9801599854695353, -43.30443485688782, 3.874654620960264, 
objectives:
-43.25805590979338, -39.42938660975099, 1876.3204572215357, 

