[!]Generation 81 at Sun May 26 02:43:07 2019
size of front generated: 50
[!!!]Points in the front:
parameters:
0, 0.0, 20.0, 
objectives:
-20.0, 24.0, -19.0, 

parameters:
0, 0, 20.0, 
objectives:
-20.0, 24.0, -19.0, 

parameters:
1.9897451504022683, 5.2048723696528845e-06, 20.0, 
objectives:
-16.040909031578284, 20.000110366812642, -15.040909031578286, 

parameters:
1.7988894979094006, 0.0011046344056344238, 20.0, 
objectives:
-16.76289193990563, 20.04155006845677, -15.76289193990563, 

parameters:
1.8656198288358807, 4.818759509226702e-07, 20.0, 
objectives:
-16.51946217237843, 20.01805851227805, -15.519462172378429, 

parameters:
0.6989601121940958, 3.477234795523175e-05, 20.0, 
objectives:
-19.51141998921366, 21.692739562009955, -18.51141998921366, 

parameters:
0.2708547124171326, 3.439641860485712e-05, 20.0, 
objectives:
-19.92660332834283, 22.989977821988642, -18.92660332834283, 

parameters:
0.7925931004332666, 0.0, 20.0, 
objectives:
-19.371796177145583, 21.45783142112135, -18.371796177145583, 

parameters:
1.6741247214309092, 4.265888492717635e-06, 20.0, 
objectives:
-17.19730215120539, 20.106198963070977, -16.19730215120539, 

parameters:
0.5714540721489403, 0, 20.0, 
objectives:
-19.673440243424395, 22.040743467979844, -18.673440243424395, 

parameters:
1.3386899967167316, 0.0, 20.0, 
objectives:
-18.207909092690556, 20.437330920442516, -17.207909092690556, 

parameters:
1.4545490830883538, 0.0, 20.0, 
objectives:
-17.88428696488683, 20.297516702759754, -16.88428696488683, 

parameters:
1.7532169149280663, 4.01946343396199e-07, 20.0, 
objectives:
-16.926230047263772, 20.060902293023965, -15.926230047263768, 

parameters:
1.9088676896490926, 0.00010050829306632032, 20.0, 
objectives:
-16.356123635120667, 20.00840560628296, -15.35612363512067, 

parameters:
1.5190481991293663, 7.161684919849622e-05, 20.0, 
objectives:
-17.69242095187263, 20.231386251609905, -16.69242095187263, 

parameters:
0.19597739835806047, 3.7624169939558867e-06, 20.0, 
objectives:
-19.961589096915812, 23.254501309651946, -18.961589096915812, 

parameters:
1.7130658961674765, 0.0014622846149302383, 20.0, 
objectives:
-17.06394295077299, 20.083793464557104, -16.06394295077299, 

parameters:
1.0398266975769255, 2.6895429113228442e-06, 20.0, 
objectives:
-18.918757749463353, 20.921935460228944, -17.918757749463353, 

parameters:
0.8843492016319247, 3.450255677067122e-05, 20.0, 
objectives:
-19.217891987016205, 21.244711206456095, -18.217891987016205, 

parameters:
0.9609501861903735, 0.00029399293260460105, 20.0, 
objectives:
-19.07628074672808, 21.079918508510424, -18.07628074672808, 

parameters:
0.8662904148876339, 2.6539183655187714e-06, 20.0, 
objectives:
-19.249538263155447, 21.285300077294018, -18.249538263155447, 

parameters:
1.266477208612035, 4.246184815092365e-05, 20.0, 
objectives:
-18.395993018218117, 20.53809814733374, -17.395993018218117, 

parameters:
0.7255097636143418, 0.0, 20.0, 
objectives:
-19.47363558290026, 21.62432536264237, -18.47363558290026, 

parameters:
1.1434029539068833, 7.99843326399184e-09, 20.0, 
objectives:
-18.692629676998582, 20.733758507373885, -17.692629676998582, 

parameters:
1.6130090888977227, 5.594106940528137e-07, 20.0, 
objectives:
-17.398201119722643, 20.149762524686466, -16.398201119722643, 

parameters:
0.5157513054167697, 0, 20.0, 
objectives:
-19.734000590960896, 22.202994187372024, -18.734000590960896, 

parameters:
0.3717503523304614, 1.2067400391656804e-05, 20.0, 
objectives:
-19.861789608141788, 22.651208982536367, -18.861789608141788, 

parameters:
1.4189142458374058, 4.273345751151339e-05, 20.0, 
objectives:
-17.986639629502154, 20.337703387148224, -16.986639629502154, 

parameters:
1.2082372327708413, 0.000449331565246473, 20.0, 
objectives:
-18.539713457781012, 20.627337611135623, -17.539713457781012, 

parameters:
0.4666777162402703, 5.714364507200019e-06, 20.0, 
objectives:
-19.78220619480026, 22.351082940238662, -18.78220619480026, 

parameters:
1.5805552301011758, 0, 20.0, 
objectives:
-17.501845164599818, 20.17593391499548, -16.501845164599818, 

parameters:
0.13649613501664548, 1.15367205031593e-06, 20.0, 
objectives:
-19.981367651453468, 23.47264780847995, -18.981367651453468, 

parameters:
1.5399148747084581, 0, 20.0, 
objectives:
-17.628662178651634, 20.211678322514533, -16.628662178651634, 

parameters:
0.4188998524075035, 4.539045620537419e-06, 20.0, 
objectives:
-19.82451837460735, 22.499882215762636, -18.82451837460735, 

parameters:
1.186390405597222, 2.422001442481108e-05, 20.0, 
objectives:
-18.592453585492436, 20.661984792118677, -17.592453585492436, 

parameters:
1.0886472508413292, 4.576678184770219e-05, 20.0, 
objectives:
-18.814801396453767, 20.830609600180914, -17.814801396453767, 

parameters:
1.9435314488485338, 0.0004593179506116744, 20.0, 
objectives:
-16.222226189386106, 20.003648015219756, -15.222226189386106, 

parameters:
1.260342978385826, 5.021863074360683e-07, 20.0, 
objectives:
-18.411535074647237, 20.54709301180946, -17.411535074647237, 

parameters:
0.9939291771250645, 1.7597841675555006e-06, 20.0, 
objectives:
-19.012103031075323, 21.01218026042442, -18.012103031075323, 

parameters:
0.050246901298931154, 5.463214261094627e-06, 20.0, 
objectives:
-19.997469785695593, 23.80154260910868, -18.997469785695593, 

parameters:
1.9587422805671504, 1.5724442793232288e-06, 20.0, 
objectives:
-16.16332710587432, 20.00170377185708, -15.16332710587432, 

parameters:
0.09091123094295361, 5.155405382289182e-06, 20.0, 
objectives:
-19.991729992683055, 23.64462508354513, -18.991729992683055, 

parameters:
1.1058621295084574, 0.0, 20.0, 
objectives:
-18.77706895051902, 20.79948253144715, -17.77706895051902, 

parameters:
1.3842069775853312, 3.8339921380314335e-06, 20.0, 
objectives:
-18.083967209211945, 20.379204880446732, -17.083967209211945, 

parameters:
1.3713894386517127, 0.0002789824599570576, 20.0, 
objectives:
-18.119012025094584, 20.395430220298564, -17.119012025094584, 

parameters:
0.5660487855518039, 4.324042636899841e-08, 20.0, 
objectives:
-19.679588729134903, 22.056216128657884, -18.679588729134903, 

parameters:
1.604864015155405, 2.0011981872437158e-05, 20.0, 
objectives:
-17.4243914808774, 20.15615245850098, -16.4243914808774, 

parameters:
0.37662542004703375, 3.6333069707465974e-06, 20.0, 
objectives:
-19.858149659667426, 22.63534866014444, -18.858149659667426, 

parameters:
0.9780881624725939, 6.2242499037951885e-06, 20.0, 
objectives:
-19.04333732218108, 21.044310027928542, -18.04333732218108, 

parameters:
0, 0, 20.0, 
objectives:
-20.0, 24.0, -19.0, 

size of all points: 80
[!!!]All points:
0, 0, 20.0, -20.0, 24.0, -19.0, 

0, 0, 20.0, -20.0, 24.0, -19.0, 

1.9897451504022683, 5.2048723696528845e-06, 20.0, -16.040909031578284, 20.000110366812642, -15.040909031578286, 

0.5714540721489403, 0, 20.0, -19.673440243424395, 22.040743467979844, -18.673440243424395, 

1.7988894979094006, 0.0011046344056344238, 20.0, -16.76289193990563, 20.04155006845677, -15.76289193990563, 

0.6989601121940958, 3.477234795523175e-05, 20.0, -19.51141998921366, 21.692739562009955, -18.51141998921366, 

0.19597739835806047, 3.7624169939558867e-06, 20.0, -19.961589096915812, 23.254501309651946, -18.961589096915812, 

1.3386899967167316, 0.0, 20.0, -18.207909092690556, 20.437330920442516, -17.207909092690556, 

1.4545490830883538, 0.0, 20.0, -17.88428696488683, 20.297516702759754, -16.88428696488683, 

1.6130090888977227, 5.594106940528137e-07, 20.0, -17.398201119722643, 20.149762524686466, -16.398201119722643, 

1.0398266975769255, 2.6895429113228442e-06, 20.0, -18.918757749463353, 20.921935460228944, -17.918757749463353, 

1.7532169149280663, 4.01946343396199e-07, 20.0, -16.926230047263772, 20.060902293023965, -15.926230047263768, 

1.9587422805671504, 1.5724442793232288e-06, 20.0, -16.16332710587432, 20.00170377185708, -15.16332710587432, 

0.09091123094295361, 5.155405382289182e-06, 20.0, -19.991729992683055, 23.64462508354513, -18.991729992683055, 

1.5190481991293663, 7.161684919849622e-05, 20.0, -17.69242095187263, 20.231386251609905, -16.69242095187263, 

1.8656198288358807, 4.818759509226702e-07, 20.0, -16.51946217237843, 20.01805851227805, -15.519462172378429, 

1.7130658961674765, 0.0014622846149302383, 20.0, -17.06394295077299, 20.083793464557104, -16.06394295077299, 

1.4189142458374058, 4.273345751151339e-05, 20.0, -17.986639629502154, 20.337703387148224, -16.986639629502154, 

0.9609501861903735, 0.00029399293260460105, 20.0, -19.07628074672808, 21.079918508510424, -18.07628074672808, 

1.3713894386517127, 0.0002789824599570576, 20.0, -18.119012025094584, 20.395430220298564, -17.119012025094584, 

1.1434029539068833, 7.99843326399184e-09, 20.0, -18.692629676998582, 20.733758507373885, -17.692629676998582, 

0.5157513054167697, 0, 20.0, -19.734000590960896, 22.202994187372024, -18.734000590960896, 

0.8843492016319247, 3.450255677067122e-05, 20.0, -19.217891987016205, 21.244711206456095, -18.217891987016205, 

1.5805552301011758, 0, 20.0, -17.501845164599818, 20.17593391499548, -16.501845164599818, 

1.266477208612035, 4.246184815092365e-05, 20.0, -18.395993018218117, 20.53809814733374, -17.395993018218117, 

0.7255097636143418, 0.0, 20.0, -19.47363558290026, 21.62432536264237, -18.47363558290026, 

0.7925931004332666, 0.0, 20.0, -19.371796177145583, 21.45783142112135, -18.371796177145583, 

1.2082372327708413, 0.000449331565246473, 20.0, -18.539713457781012, 20.627337611135623, -17.539713457781012, 

0.4666777162402703, 5.714364507200019e-06, 20.0, -19.78220619480026, 22.351082940238662, -18.78220619480026, 

0.4188998524075035, 4.539045620537419e-06, 20.0, -19.82451837460735, 22.499882215762636, -18.82451837460735, 

1.6741247214309092, 4.265888492717635e-06, 20.0, -17.19730215120539, 20.106198963070977, -16.19730215120539, 

0.2708547124171326, 3.439641860485712e-05, 20.0, -19.92660332834283, 22.989977821988642, -18.92660332834283, 

1.5399148747084581, 0, 20.0, -17.628662178651634, 20.211678322514533, -16.628662178651634, 

0.3717503523304614, 1.2067400391656804e-05, 20.0, -19.861789608141788, 22.651208982536367, -18.861789608141788, 

1.186390405597222, 2.422001442481108e-05, 20.0, -18.592453585492436, 20.661984792118677, -17.592453585492436, 

1.9088676896490926, 0.00010050829306632032, 20.0, -16.356123635120667, 20.00840560628296, -15.35612363512067, 

1.0886472508413292, 4.576678184770219e-05, 20.0, -18.814801396453767, 20.830609600180914, -17.814801396453767, 

1.260342978385826, 5.021863074360683e-07, 20.0, -18.411535074647237, 20.54709301180946, -17.411535074647237, 

0.9780881624725939, 6.2242499037951885e-06, 20.0, -19.04333732218108, 21.044310027928542, -18.04333732218108, 

0.050246901298931154, 5.463214261094627e-06, 20.0, -19.997469785695593, 23.80154260910868, -18.997469785695593, 

0.37662542004703375, 3.6333069707465974e-06, 20.0, -19.858149659667426, 22.63534866014444, -18.858149659667426, 

0.13649613501664548, 1.15367205031593e-06, 20.0, -19.981367651453468, 23.47264780847995, -18.981367651453468, 

12.123528422336356, 9.291063253568582, 20.0, 136.27100466076604, 131.7768909714206, 137.27100466076604, 

0.8662904148876339, 2.6539183655187714e-06, 20.0, -19.249538263155447, 21.285300077294018, -18.249538263155447, 

6.529242952365674, 7.122291017885942, 20.0, 29.75330454890277, 47.63633273944007, 30.75330454890277, 

15.824604327096123, 11.59678623354446, 20.0, 242.01488834269378, 222.71647103430934, 243.01488834269378, 

1.1058621295084574, 0.0, 20.0, -18.77706895051902, 20.79948253144715, -17.77706895051902, 

23.21233347511899, 0.0, 20.0, 518.8124253601296, 469.96309145965364, 519.8124253601296, 

5.165355974376355, 1.2810661653442019e-06, 20.0, 6.680903623091666, 30.019479725586244, 7.680903623091666, 

29.99528014736975, 1.3942400341438244e-07, 20.0, 879.716831258618, 803.7357106691389, 880.716831258618, 

1.604864015155405, 2.0011981872437158e-05, 20.0, -17.4243914808774, 20.15615245850098, -16.4243914808774, 

12.306437625990736, 13.458990107483935, 20.0, 144.90739714988445, 139.6816466459215, 145.90739714988445, 

6.453168859321754, 3.418349334771588e-07, 20.0, 21.64338866875496, 39.830713231467946, 22.64338866875496, 

6.128343579641176, 0.7631077624193202, 20.0, 18.31970279254854, 37.80632847398384, 19.31970279254854, 

1.2858720112878714, 23.16567981591834, 20.0, 4.819146645331859, 43.67565860018037, 5.819146645331855, 

12.25920046778991, 27.62143861673388, 20.0, 157.90943472619423, 152.87263285503457, 158.90943472619423, 

1.0707080294339169, 1.3117577398281122, 20.0, -17.541826575877625, 22.175341306386706, -16.541826575877625, 

8.232725541241194, 1.403176892711988, 20.0, 49.1809467301171, 60.25004456515233, 50.1809467301171, 

0.6734491811873249, 4.407692360459947, 20.0, -15.138773839898175, 26.167429435352524, -14.138773839898175, 

0, 0.0, 20.0, -20.0, 24.0, -19.0, 

1.3417114834004762, 0.8503527838033188, 20.0, -17.349457511507975, 21.28369655489012, -16.349457511507975, 

1.7806630201419464, 7.985144629089724, 20.0, -8.844094579609237, 28.033253339822977, -7.844094579609237, 

7.6068413801476495, 0.0002603927638355313, 20.0, 37.86429617549043, 51.43693065489984, 38.86429617549043, 

18.281526371076595, 8.564262749313539e-05, 20.0, 314.21429209899645, 285.0881866146901, 315.21429209899645, 

1.3842069775853312, 3.8339921380314335e-06, 20.0, -18.083967209211945, 20.379204880446732, -17.083967209211945, 

10.785536078870877, 3.8084878069844907, 20.0, 100.13627631560985, 100.99413200012634, 101.13627631560985, 

2.250495907024653, 25.62293473701063, 20.0, 10.687666564545346, 45.68568293644674, 11.687666564545346, 

11.784875924877197, 0.12392800331121823, 20.0, 119.00722856806138, 115.8677248685526, 120.00722856806138, 

17.787639661824144, 3.208997643820104e-05, 20.0, 296.4001568288758, 269.24959818157924, 297.4001568288758, 

0.7428977202800434, 15.985662924908777, 20.0, -3.462440052293939, 37.56596906658589, -2.462440052293939, 

1.9435314488485338, 0.0004593179506116744, 20.0, -16.222226189386106, 20.003648015219756, -15.222226189386106, 

29.03110545350819, 0.1474954991627774, 20.0, 822.9525793518758, 750.828157537843, 823.9525793518758, 

1.6962630575753854, 14.046611337742233, 20.0, -3.0760803017627723, 34.13886746793568, -2.0760803017627723, 

0.5660487855518039, 4.324042636899841e-08, 20.0, -19.679588729134903, 22.056216128657884, -18.679588729134903, 

7.357243409988203, 8.599864873049997e-05, 20.0, 34.12911659246357, 48.70014295251076, 35.12911659246357, 

0.9939291771250645, 1.7597841675555006e-06, 20.0, -19.012103031075323, 21.01218026042442, -18.012103031075323, 

1.6260762404736218, 22.847583359240268, 20.0, 5.491707299073095, 42.98740233717861, 6.491707299073095, 

8.562581997836912, 15.952023851346457, 20.0, 69.2698343210272, 79.01950632967957, 70.2698343210272, 

5.390017218627464, 3.73243223792778e-05, 20.0, 9.052322941422922, 31.492254066913066, 10.052322941422922, 

0.8913251248056856, 4.296028542262433, 20.0, -14.909510979627697, 25.525188521149563, -13.909510979627697, 

