Generation 812 at Fri May 24 19:48:10 2019
parameters:
0.05101637681523949, -100, 19.95971668145522, 
objectives:
-119.95711401075187, -76.24174615510238, 9981.042885989249, 

parameters:
4.103262068723588, -11.698130574307001, 0, 
objectives:
5.138629030318775, -7.274419244575576, 154.683018538162, 

parameters:
-0.7538698425202881, -2.681837361646835, 20, 
objectives:
-22.11351762218527, 24.901961747895882, -11.239428626213579, 

parameters:
-0.09310337269809921, -0.38187417318528993, 20, 
objectives:
-20.37320593517753, 23.999207555614866, -18.84550387784629, 

parameters:
1.9973066371654076, -100, 0, 
objectives:
-96.01076619713501, -99.99999274579665, 10004.989233802866, 

parameters:
3.2630916921729916, -71.71465860801952, 0.20761453605854782, 
objectives:
-61.27450575254967, -69.91164344912454, 5154.432412120258, 

parameters:
-1.4122975888529297, -96.49968999664549, 20, 
objectives:
-114.50510551716569, -64.85591516175397, 9295.18475392816, 

parameters:
2.5628161068524524, -1.2881751839112638, 12.63314643499073, 
objectives:
-7.353295221359633, 11.661733221212017, -3.4057247330035505, 

parameters:
1.3157067517894314, -85.32722534249645, 1.324705619208233, 
objectives:
-84.92084670500039, -83.53426247374165, 7282.141763286663, 

parameters:
0.9061580476402771, -93.54252824972814, 0, 
objectives:
-92.7214058424249, -92.346038032986, 8752.02571375849, 

parameters:
-0.9587767257154428, -86.99361925518934, 18.96016993001164, 
objectives:
-105.03453637542736, -59.27908961254231, 7550.848873996612, 

parameters:
2.960993640655133, -90.91857488893547, 0, 
objectives:
-82.15109154893533, -89.99506611155586, 8275.954743174967, 

parameters:
2.9311447252874494, -17.5229737909954, 1.8410562789831946, 
objectives:
-10.772420669398159, -14.814887012581567, 314.8051636015089, 

parameters:
1.577305161418111, -26.32886499605101, 2.9331842067918834, 
objectives:
-26.774157630606677, -23.21700986269536, 693.7638393457245, 

parameters:
0.1787869695131855, -64.62357585012931, 0, 
objectives:
-64.59161106966161, -61.30675894771434, 4177.238520437884, 

parameters:
1.2367971303590473, -50.382488539255746, 0, 
objectives:
-48.85282139759137, -49.80000991902756, 2540.924818549901, 

parameters:
2.6193591483068333, -54.51404677924213, 6.338219397354578, 
objectives:
-53.99122382877801, -47.792221627296186, 2973.3041191998627, 

parameters:
2.321290066455595, -1.6751967248701145, 0, 
objectives:
3.713190847755307, -1.5719694180670738, 9.19467163964098, 

parameters:
1.4956777114098851, -62.30790051494154, 16.540307642023798, 
objectives:
-76.61115634055702, -45.513251902148966, 3868.9712107542364, 

parameters:
-1.1637478144592497, -81.77744038298377, 18.726859581404437, 
objectives:
-99.14999098872953, -53.04128056808365, 6671.177204986719, 

parameters:
-0.026102525947421226, -57.70841635201044, 17.391553767564087, 
objectives:
-75.0992887777137, -36.211771138795825, 3313.870445431283, 

parameters:
-2.9988505537529173, -75.79487214853498, 17.430626008039482, 
objectives:
-84.23239351283028, -33.37573928173965, 5737.4251226484685, 

parameters:
-0.08996268372669292, -79.54492968828276, 18.872990174317053, 
objectives:
-98.4098265781365, -56.303995494595625, 6309.530942223994, 

parameters:
-1.6097177359105057, -43.9421238129034, 3.548160201122088, 
objectives:
-44.89909282472064, -27.363901478834443, 1930.9532761767146, 

parameters:
1.0302717805831416, -64.14107976726704, 8.15248063214484, 
objectives:
-71.23210045754593, -55.048226315588806, 4107.987093020634, 

parameters:
1.616881509678777, -42.323528558259866, 2.202430651634982, 
objectives:
-41.91165339355373, -39.97431812899887, 1792.6929447865446, 

parameters:
3.538420974122264, -38.90580362406597, 10.861177469978024, 
objectives:
-37.24655810393564, -25.67788706046865, 1516.3208011545148, 

parameters:
0.9345897949329931, -32.91178664313686, 0.0, 
objectives:
-32.03832855834396, -31.776687738075935, 1085.0591581281544, 

parameters:
2.054368801948467, -34.15248400143247, 3.24461343832258, 
objectives:
-33.17666626533587, -30.904914596484574, 1168.3679812041973, 

parameters:
1.7319036409432382, -16.558355632655527, 8.988456127420628, 
objectives:
-22.547321538563708, -7.498023847495405, 269.1901753515868, 

parameters:
-0.33096023228283933, -20.86979552363656, 20, 
objectives:
-40.76026084828385, 4.563580080847506, 416.6578998737534, 

parameters:
-1.662599857848881, -41.59844282888566, 0, 
objectives:
-38.83420454156654, -28.183805110171015, 1734.1946840753878, 

parameters:
2.136346989019146, -100, 0.5903714964551242, 
objectives:
-96.02639303896395, -99.39103800213029, 10004.973606961035, 

parameters:
0.20292550014026522, -17.949952848215986, 19.376755606389274, 
objectives:
-37.28552969599808, 4.656279516219403, 303.8652304053951, 

