Generation 82 at Fri May 24 19:55:16 2019
parameters:
0, 0.0, 20.0, 
objectives:
-20.0, 24.0, -19.0, 

parameters:
0, 0.0, 20.0, 
objectives:
-20.0, 24.0, -19.0, 

parameters:
1.9739355561194551, 0.0, 20.0, 
objectives:
-16.103578420287377, 20.0006793552348, -15.103578420287377, 

parameters:
1.842663182040502, 0.0, 20.0, 
objectives:
-16.604592397552373, 20.02475487428562, -15.604592397552372, 

parameters:
1.57606127737703, 0.0, 20.0, 
objectives:
-17.516030849952685, 20.179724040539195, -16.516030849952685, 

parameters:
1.226663426042459, 0.0, 20.0, 
objectives:
-18.49529683920978, 20.598049456620387, -17.49529683920978, 

parameters:
1.342301379963545, 0.0, 20.0, 
objectives:
-18.198227005347963, 20.432567474797857, -17.198227005347963, 

parameters:
1.7197440371061095, 0.0, 20.0, 
objectives:
-17.04248044683798, 20.07854340473758, -16.04248044683798, 

parameters:
1.7016360969818285, 0.0, 20.0, 
objectives:
-17.10443459344845, 20.089021018624237, -16.10443459344845, 

parameters:
1.9262043884348685, 0.0, 20.0, 
objectives:
-16.289736653974256, 20.00544579228627, -15.289736653974254, 

parameters:
0.029425765409143684, 0.0, 20.0, 
objectives:
-19.999134124330087, 23.88316281403334, -18.999134124330087, 

parameters:
0.24469595387143017, 0.0, 20.0, 
objectives:
-19.94012389015895, 23.08109229435533, -18.94012389015895, 

parameters:
0.5617692973005333, 0.0, 20.0, 
objectives:
-19.684415256610464, 22.068507554187402, -18.684415256610464, 

parameters:
1.0722131251075941, 0.0, 20.0, 
objectives:
-18.850359014347006, 20.860788485222617, -17.850359014347006, 

parameters:
0.46874009630863156, 0.0, 20.0, 
objectives:
-19.780282722112574, 22.3447568926529, -18.780282722112574, 

parameters:
0.6450522036539589, 0.0, 20.0, 
objectives:
-19.583907654561173, 21.835883530822993, -18.583907654561173, 

parameters:
1.5318640401232198, 0.0, 20.0, 
objectives:
-17.653392562577366, 20.219151276929754, -16.653392562577366, 

parameters:
1.464450406078044, 0.0, 20.0, 
objectives:
-17.85538500813785, 20.28681336754997, -16.85538500813785, 

parameters:
1.0004080913784656, 0.0, 20.0, 
objectives:
-18.999183650704495, 20.99918398378164, -17.999183650704495, 

parameters:
0.301241564022036, 0.0, 20.0, 
objectives:
-19.90925352010556, 22.8857802238063, -18.90925352010556, 

parameters:
0.9693614143837312, 0.0, 20.0, 
objectives:
-19.060338448303973, 21.062215894161103, -18.060338448303973, 

parameters:
1.3913854431328436, 0.0, 20.0, 
objectives:
-18.06404654863802, 20.370411678830607, -17.06404654863802, 

parameters:
1.4195208342879009, 0.0, 20.0, 
objectives:
-17.984960601022582, 20.336956061825816, -16.984960601022582, 

parameters:
1.1402704560602084, 0.0, 20.0, 
objectives:
-18.699783287036244, 20.739134888722923, -17.699783287036244, 

parameters:
0.8881528672795997, 0.0, 20.0, 
objectives:
-19.211184484343026, 21.236204046538575, -18.211184484343026, 

parameters:
0.9090003985163218, 0.0, 20.0, 
objectives:
-19.17371827549717, 21.190280130437543, -18.17371827549717, 

parameters:
0.8247544332832069, 0.0, 20.0, 
objectives:
-19.319780124779697, 21.381202142087478, -18.319780124779697, 

parameters:
0.7132833880218921, 0.0, 20.0, 
objectives:
-19.491226808372012, 21.65563963954042, -18.491226808372012, 

parameters:
0.8063501577973693, 0.0, 20.0, 
objectives:
-19.34979942302016, 21.424799945790365, -18.34979942302016, 

parameters:
0.38237488759232025, 0.0, 20.0, 
objectives:
-19.853789445338762, 22.616711004291957, -18.853789445338762, 

parameters:
0.7471693320896255, 0.0, 20.0, 
objectives:
-19.441737989184745, 21.569584682456757, -18.441737989184745, 

parameters:
0.3923664611351447, 0.0, 20.0, 
objectives:
-19.846048560176282, 22.584485595283137, -18.846048560176282, 

parameters:
1.1725304370741298, 0.0, 20.0, 
objectives:
-18.62517237413475, 20.68470587756873, -17.62517237413475, 

parameters:
0.2583518188256061, 0.0, 20.0, 
objectives:
-19.933254337709503, 23.033338386988074, -18.933254337709503, 

parameters:
0.7306701978150466, 0.0, 20.0, 
objectives:
-19.46612106202492, 21.611198146714894, -18.46612106202492, 

parameters:
1.1529268172993756, 0.0, 20.0, 
objectives:
-18.67075975395193, 20.717532976850567, -17.670759753951934, 

parameters:
1.1652840746959454, 0.0, 20.0, 
objectives:
-18.642113025260013, 20.696750675956203, -17.642113025260013, 

parameters:
0, 0.0, 20.0, 
objectives:
-20.0, 24.0, -19.0, 

