Generation 821 at Fri May 24 19:48:10 2019
parameters:
4.103262068723588, -11.698130574307001, 0, 
objectives:
5.138629030318775, -7.274419244575576, 154.683018538162, 

parameters:
0.05101637681523949, -100, 19.95971668145522, 
objectives:
-119.95711401075187, -76.24174615510238, 9981.042885989249, 

parameters:
-0.7538698425202881, -2.681837361646835, 20, 
objectives:
-22.11351762218527, 24.901961747895882, -11.239428626213579, 

parameters:
-0.09310337269809921, -0.38187417318528993, 20, 
objectives:
-20.37320593517753, 23.999207555614866, -18.84550387784629, 

parameters:
1.9973066371654076, -100, 0, 
objectives:
-96.01076619713501, -99.99999274579665, 10004.989233802866, 

parameters:
-1.4122975888529297, -96.49968999664549, 20, 
objectives:
-114.50510551716569, -64.85591516175397, 9295.18475392816, 

parameters:
2.960993640655133, -90.91857488893547, 0, 
objectives:
-82.15109154893533, -89.99506611155586, 8275.954743174967, 

parameters:
0.9061580476402771, -93.54252824972814, 0, 
objectives:
-92.7214058424249, -92.346038032986, 8752.02571375849, 

parameters:
3.2630916921729916, -71.71465860801952, 0.20761453605854782, 
objectives:
-61.27450575254967, -69.91164344912454, 5154.432412120258, 

parameters:
1.9899578009707295, -74.92623479244865, 17.209932508608013, 
objectives:
-88.17623525141241, -57.7162014380793, 5601.69065971418, 

parameters:
1.3157067517894314, -85.32722534249645, 1.324705619208233, 
objectives:
-84.92084670500039, -83.53426247374165, 7282.141763286663, 

parameters:
2.9311447252874494, -17.5229737909954, 1.8410562789831946, 
objectives:
-10.772420669398159, -14.814887012581567, 314.8051636015089, 

parameters:
-0.6274482572339402, -65.70035050965468, 8.391243305227448, 
objectives:
-73.69790249937623, -50.40562285998556, 4309.538505101761, 

parameters:
-1.1392270947819887, -23.164139038807495, 19.900262997759757, 
objectives:
-41.76656366308184, 6.590870711565627, 518.974912784931, 

parameters:
-3.2607326100859897, -53.86509227537353, 3.4558135447618574, 
objectives:
-46.688528665657195, -22.73397113578952, 2909.624729444221, 

parameters:
1.858052112077821, -29.0916546535058, 0.795997550236339, 
objectives:
-26.435294552545287, -28.275507900383893, 849.980730579806, 

parameters:
-0.9037921357084222, -88.18607452666134, 19.248849612387016, 
objectives:
-106.61808391447997, -60.50521614687224, 7759.35173103405, 

parameters:
2.5628161068524524, -1.2881751839112638, 12.63314643499073, 
objectives:
-7.353295221359633, 11.661733221212017, -3.4057247330035505, 

parameters:
-1.3939111620719127, -61.962013069010425, 10.211091788549005, 
objectives:
-70.23011652981076, -40.232288304425104, 3832.0229601034184, 

parameters:
-0.5022627466469705, -54.42297192336128, 0, 
objectives:
-54.170704056691925, -48.16165307010404, 2963.1121408376393, 

parameters:
-0.08996268372669292, -79.54492968828276, 18.872990174317053, 
objectives:
-98.4098265781365, -56.303995494595625, 6309.530942223994, 

parameters:
4.073245256787125, -46.15107451405486, 0, 
objectives:
-29.55974759211605, -41.85272861926455, 2147.513005723783, 

parameters:
3.664603083245026, -95.25058691145331, 20, 
objectives:
-101.82127115372435, -72.47968348670446, 9067.10362273405, 

parameters:
2.060100628901721, -61.507244597540634, 0, 
objectives:
-57.26322999633937, -61.50363251194625, 3788.3851525828927, 

parameters:
-1.6170701478344736, -36.60147713698495, 2.3887199244817854, 
objectives:
-36.37528119844932, -21.12956075814786, 1340.8943245477674, 

parameters:
-2.152973963306912, -34.863105924900744, 20, 
objectives:
-50.22780903822327, 2.384086815004377, 1201.0714516175267, 

parameters:
3.960915324101902, -47.947921142210234, 0, 
objectives:
-32.25907093750496, -44.10273223391257, 2315.6919920643168, 

parameters:
-1.0455094173770327, -7.305651301014125, 19.496072674611113, 
objectives:
-25.708634033801175, 21.46554898492918, 35.96955819922232, 

parameters:
2.2035333966973685, -20.34131360520938, 0, 
objectives:
-15.485754174848736, -20.29988776163821, 419.6245986158368, 

parameters:
3.7901769517512096, -80.9917144258147, 0.01438210948792178, 
objectives:
-66.64065520971654, -77.77259879774553, 6575.00886484882, 

parameters:
0.6352685896673305, -35.04354128462071, 0.18322267796694464, 
objectives:
-34.82319778156973, -32.99782678430517, 1229.270129269967, 

parameters:
-1.4338538131308258, -1.2126780360334806, 0.12571950102427668, 
objectives:
0.7175392203720519, 10.704393474943908, 4.4008052754835525, 

parameters:
1.3338744078607272, -83.18601852671316, 2.144515194145744, 
objectives:
-83.5513127849131, -80.59778002806452, 6920.548384068464, 

parameters:
2.914485699049587, -88.16485247220051, 18.74825579921216, 
objectives:
-98.4188813814481, -68.58031257922214, 7763.787182535632, 

parameters:
2.321290066455595, -1.6751967248701145, 0, 
objectives:
3.713190847755307, -1.5719694180670738, 9.19467163964098, 

parameters:
3.2369367788120273, -82.11473572180581, 3.503808992583821, 
objectives:
-75.14078500436366, -77.08091413444411, 6750.803773379454, 

parameters:
-2.3392797453458325, -65.3437323209974, 0.0, 
objectives:
-59.87150259401214, -46.51438361262881, 4276.275583365146, 

