Generation 823 at Fri May 24 19:48:10 2019
parameters:
0.05101637681523949, -100, 19.95971668145522, 
objectives:
-119.95711401075187, -76.24174615510238, 9981.042885989249, 

parameters:
4.456668825632628, -0.2363230014852764, 0, 
objectives:
19.625574019880432, 5.798898717349918, 20.917745582396716, 

parameters:
-0.7538698425202881, -2.681837361646835, 20, 
objectives:
-22.11351762218527, 24.901961747895882, -11.239428626213579, 

parameters:
-0.09310337269809921, -0.38187417318528993, 20, 
objectives:
-20.37320593517753, 23.999207555614866, -18.84550387784629, 

parameters:
1.9973066371654076, -100, 0, 
objectives:
-96.01076619713501, -99.99999274579665, 10004.989233802866, 

parameters:
4.103262068723588, -11.698130574307001, 0, 
objectives:
5.138629030318775, -7.274419244575576, 154.683018538162, 

parameters:
-0.6274482572339402, -65.70035050965468, 8.391243305227448, 
objectives:
-73.69790249937623, -50.40562285998556, 4309.538505101761, 

parameters:
3.2630916921729916, -71.71465860801952, 0.20761453605854782, 
objectives:
-61.27450575254967, -69.91164344912454, 5154.432412120258, 

parameters:
2.960993640655133, -90.91857488893547, 0, 
objectives:
-82.15109154893533, -89.99506611155586, 8275.954743174967, 

parameters:
2.9311447252874494, -17.5229737909954, 1.8410562789831946, 
objectives:
-10.772420669398159, -14.814887012581567, 314.8051636015089, 

parameters:
2.5628161068524524, -1.2881751839112638, 12.63314643499073, 
objectives:
-7.353295221359633, 11.661733221212017, -3.4057247330035505, 

parameters:
3.7901769517512096, -80.9917144258147, 0.01438210948792178, 
objectives:
-66.64065520971654, -77.77259879774553, 6575.00886484882, 

parameters:
-0.9037921357084222, -88.18607452666134, 19.248849612387016, 
objectives:
-106.61808391447997, -60.50521614687224, 7759.35173103405, 

parameters:
3.960915324101902, -47.947921142210234, 0, 
objectives:
-32.25907093750496, -44.10273223391257, 2315.6919920643168, 

parameters:
0.9061580476402771, -93.54252824972814, 0, 
objectives:
-92.7214058424249, -92.346038032986, 8752.02571375849, 

parameters:
-0.5022627466469705, -54.42297192336128, 0, 
objectives:
-54.170704056691925, -48.16165307010404, 2963.1121408376393, 

parameters:
-1.4122975888529297, -96.49968999664549, 20, 
objectives:
-114.50510551716569, -64.85591516175397, 9295.18475392816, 

parameters:
-0.9669423777512094, -38.62909448121508, 0, 
objectives:
-37.69411691932392, -29.826347408319076, 1494.1419180005323, 

parameters:
-0.9785335655932967, -36.32414962013118, 6.097045564591748, 
objectives:
-41.46366724573019, -21.355441854173513, 1315.3043280000772, 

parameters:
-0.08996268372669292, -79.54492968828276, 18.872990174317053, 
objectives:
-98.4098265781365, -56.303995494595625, 6309.530942223994, 

parameters:
-1.0455094173770327, -7.305651301014125, 19.496072674611113, 
objectives:
-25.708634033801175, 21.46554898492918, 35.96955819922232, 

parameters:
-1.1392270947819887, -23.164139038807495, 19.900262997759757, 
objectives:
-41.76656366308184, 6.590870711565627, 518.974912784931, 

parameters:
2.01772102420799, -56.31774946399649, 19.824617215058428, 
objectives:
-72.07116854752398, -36.49281821423908, 3156.9354856059495, 

parameters:
3.664603083245026, -95.25058691145331, 20, 
objectives:
-101.82127115372435, -72.47968348670446, 9067.10362273405, 

parameters:
2.060100628901721, -61.507244597540634, 0, 
objectives:
-57.26322999633937, -61.50363251194625, 3788.3851525828927, 

parameters:
1.9899578009707295, -74.92623479244865, 17.209932508608013, 
objectives:
-88.17623525141241, -57.7162014380793, 5601.69065971418, 

parameters:
-2.152973963306912, -34.863105924900744, 20, 
objectives:
-50.22780903822327, 2.384086815004377, 1201.0714516175267, 

parameters:
-2.431272408565299, -33.8869590267567, 18.305269270859828, 
objectives:
-46.28114277296562, 4.0544854030152315, 1136.9318083348785, 

parameters:
1.072170961092395, -84.6786092854592, 8.588883647501657, 
objectives:
-92.11794236315107, -75.22885891251734, 7164.027537441765, 

parameters:
1.1083708171648203, -97.64245878017526, 20, 
objectives:
-116.41397291183264, -76.84745618049193, 9516.278242506569, 

parameters:
1.6815721884898156, -85.75458542688455, 2.2683203696295275, 
objectives:
-85.19522077141164, -83.38486878611187, 7355.408286392312, 

parameters:
-1.3939111620719127, -61.962013069010425, 10.211091788549005, 
objectives:
-70.23011652981076, -40.232288304425104, 3832.0229601034184, 

parameters:
0.1545706012300898, -41.51936836467642, 5.738598552826166, 
objectives:
-47.234074846737954, -32.375160146005975, 1719.1432429196311, 

parameters:
-1.938539095603126, -76.37021056825355, 0.41288311010511997, 
objectives:
-73.02515985317689, -60.44523725055414, 5836.754112954463, 

parameters:
4.073245256787125, -46.15107451405486, 0, 
objectives:
-29.55974759211605, -41.85272861926455, 2147.513005723783, 

parameters:
1.3157067517894314, -85.32722534249645, 1.324705619208233, 
objectives:
-84.92084670500039, -83.53426247374165, 7282.141763286663, 

parameters:
0.02357626307390004, -46.25500114042587, 3.311173518262923, 
objectives:
-49.56561881850826, -39.03757683427801, 2137.2145128227157, 

parameters:
0.16164335340419678, -41.436090805065724, 7.508911262922789, 
objectives:
-48.91887349428876, -30.547624382059972, 1710.466838516429, 

