Generation 825 at Fri May 24 19:48:10 2019
parameters:
4.103262068723588, -11.698130574307001, 0, 
objectives:
5.138629030318775, -7.274419244575576, 154.683018538162, 

parameters:
0.05101637681523949, -100, 19.95971668145522, 
objectives:
-119.95711401075187, -76.24174615510238, 9981.042885989249, 

parameters:
-0.7538698425202881, -2.681837361646835, 20, 
objectives:
-22.11351762218527, 24.901961747895882, -11.239428626213579, 

parameters:
-0.09310337269809921, -0.38187417318528993, 20, 
objectives:
-20.37320593517753, 23.999207555614866, -18.84550387784629, 

parameters:
1.9973066371654076, -100, 0, 
objectives:
-96.01076619713501, -99.99999274579665, 10004.989233802866, 

parameters:
0.8804579736830158, -95.83842847617076, 16.47986563463575, 
objectives:
-111.54308786738451, -78.10518849284506, 9170.299713390887, 

parameters:
-0.6274482572339402, -65.70035050965468, 8.391243305227448, 
objectives:
-73.69790249937623, -50.40562285998556, 4309.538505101761, 

parameters:
3.960915324101902, -47.947921142210234, 0, 
objectives:
-32.25907093750496, -44.10273223391257, 2315.6919920643168, 

parameters:
2.5628161068524524, -1.2881751839112638, 12.63314643499073, 
objectives:
-7.353295221359633, 11.661733221212017, -3.4057247330035505, 

parameters:
-0.9669423777512094, -38.62909448121508, 0, 
objectives:
-37.69411691932392, -29.826347408319076, 1494.1419180005323, 

parameters:
0.6658367132092728, -31.8932915140917, 18.717939331619878, 
objectives:
-50.16789231705425, -11.395360506651588, 999.9074427998712, 

parameters:
2.960993640655133, -90.91857488893547, 0, 
objectives:
-82.15109154893533, -89.99506611155586, 8275.954743174967, 

parameters:
0.010498007142837551, -53.09169415562899, 11.763736379162143, 
objectives:
-64.85532032663717, -37.36983959688423, 2807.9643621438418, 

parameters:
1.9899578009707295, -74.92623479244865, 17.209932508608013, 
objectives:
-88.17623525141241, -57.7162014380793, 5601.69065971418, 

parameters:
-0.9785335655932967, -36.32414962013118, 6.097045564591748, 
objectives:
-41.46366724573019, -21.355441854173513, 1315.3043280000772, 

parameters:
0.9061580476402771, -93.54252824972814, 0, 
objectives:
-92.7214058424249, -92.346038032986, 8752.02571375849, 

parameters:
0.6116702324654439, -44.892020124432094, 8.245058214113147, 
objectives:
-52.76293786526091, -34.71950236689639, 2008.4225531115871, 

parameters:
-1.0455094173770327, -7.305651301014125, 19.496072674611113, 
objectives:
-25.708634033801175, 21.46554898492918, 35.96955819922232, 

parameters:
2.9311447252874494, -17.5229737909954, 1.8410562789831946, 
objectives:
-10.772420669398159, -14.814887012581567, 314.8051636015089, 

parameters:
1.072170961092395, -84.6786092854592, 8.588883647501657, 
objectives:
-92.11794236315107, -75.22885891251734, 7164.027537441765, 

parameters:
-1.1392270947819887, -23.164139038807495, 19.900262997759757, 
objectives:
-41.76656366308184, 6.590870711565627, 518.974912784931, 

parameters:
2.060100628901721, -61.507244597540634, 0, 
objectives:
-57.26322999633937, -61.50363251194625, 3788.3851525828927, 

parameters:
-0.08996268372669292, -79.54492968828276, 18.872990174317053, 
objectives:
-98.4098265781365, -56.303995494595625, 6309.530942223994, 

parameters:
0.63117061061932, -57.98767086387811, 1.238421185223537, 
objectives:
-58.82771570939208, -54.875555781422285, 3362.729927371944, 

parameters:
3.2630916921729916, -71.71465860801952, 0.20761453605854782, 
objectives:
-61.27450575254967, -69.91164344912454, 5154.432412120258, 

parameters:
1.2747596074037437, -18.06717010534393, 18.175658521479885, 
objectives:
-34.61781657015567, 0.6344620431891279, 310.8719891506217, 

parameters:
-1.2775720307066774, -68.56289915089393, 0.0, 
objectives:
-66.93070885724994, -57.82042073442324, 4703.5033302692955, 

parameters:
2.382710099900171, -90.56057116482619, 18.81631748880187, 
objectives:
-103.69958123346177, -71.59778665545872, 8189.078039630912, 

parameters:
-0.9037921357084222, -88.18607452666134, 19.248849612387016, 
objectives:
-106.61808391447997, -60.50521614687224, 7759.35173103405, 

parameters:
3.763457809809517, -87.73554275939807, 7.93277497917851, 
objectives:
-81.50470305236033, -76.69298433324138, 7704.756302993206, 

parameters:
2.2587127358007444, -65.82734216905567, 0.0, 
objectives:
-60.725558946187185, -65.76040988939016, 4339.340760264803, 

parameters:
3.7901769517512096, -80.9917144258147, 0.01438210948792178, 
objectives:
-66.64065520971654, -77.77259879774553, 6575.00886484882, 

parameters:
0.5261223426171042, -3.15310900044755, 6.61884884938964, 
objectives:
-9.49515313043628, 5.638055197874583, 4.600052238714617, 

