Generation 828 at Fri May 24 19:48:10 2019
parameters:
4.103262068723588, -11.698130574307001, 0, 
objectives:
5.138629030318775, -7.274419244575576, 154.683018538162, 

parameters:
0.05101637681523949, -100, 19.95971668145522, 
objectives:
-119.95711401075187, -76.24174615510238, 9981.042885989249, 

parameters:
-0.7538698425202881, -2.681837361646835, 20, 
objectives:
-22.11351762218527, 24.901961747895882, -11.239428626213579, 

parameters:
-0.09310337269809921, -0.38187417318528993, 20, 
objectives:
-20.37320593517753, 23.999207555614866, -18.84550387784629, 

parameters:
1.9973066371654076, -100, 0, 
objectives:
-96.01076619713501, -99.99999274579665, 10004.989233802866, 

parameters:
-0.6274482572339402, -65.70035050965468, 8.391243305227448, 
objectives:
-73.69790249937623, -50.40562285998556, 4309.538505101761, 

parameters:
0.8804579736830158, -95.83842847617076, 16.47986563463575, 
objectives:
-111.54308786738451, -78.10518849284506, 9170.299713390887, 

parameters:
-0.9669423777512094, -38.62909448121508, 0, 
objectives:
-37.69411691932392, -29.826347408319076, 1494.1419180005323, 

parameters:
3.960915324101902, -47.947921142210234, 0, 
objectives:
-32.25907093750496, -44.10273223391257, 2315.6919920643168, 

parameters:
2.060100628901721, -61.507244597540634, 0, 
objectives:
-57.26322999633937, -61.50363251194625, 3788.3851525828927, 

parameters:
1.9547571312684198, -50.44900163988911, 0.0, 
objectives:
-46.62792619764437, -50.44695472271805, 2549.922841903779, 

parameters:
1.072170961092395, -84.6786092854592, 8.588883647501657, 
objectives:
-92.11794236315107, -75.22885891251734, 7164.027537441765, 

parameters:
-0.08996268372669292, -79.54492968828276, 18.872990174317053, 
objectives:
-98.4098265781365, -56.303995494595625, 6309.530942223994, 

parameters:
1.1529985983010742, -57.834084658941, 4.7076223097039245, 
objectives:
-61.21230120096068, -52.409050974757136, 3342.4031317955355, 

parameters:
2.960993640655133, -90.91857488893547, 0, 
objectives:
-82.15109154893533, -89.99506611155586, 8275.954743174967, 

parameters:
3.309709880010818, -99.1418814759738, 4.645348527658372, 
objectives:
-92.83305051379095, -92.78119297851748, 9836.42149355822, 

parameters:
3.050401432877384, -89.48249296436775, 4.868362751387596, 
objectives:
-85.04590681405494, -83.51078704278929, 8012.553133268437, 

parameters:
0.6116702324654439, -44.892020124432094, 8.245058214113147, 
objectives:
-52.76293786526091, -34.71950236689639, 2008.4225531115871, 

parameters:
1.9899578009707295, -74.92623479244865, 17.209932508608013, 
objectives:
-88.17623525141241, -57.7162014380793, 5601.69065971418, 

parameters:
3.2630916921729916, -71.71465860801952, 0.20761453605854782, 
objectives:
-61.27450575254967, -69.91164344912454, 5154.432412120258, 

parameters:
2.5628161068524524, -1.2881751839112638, 12.63314643499073, 
objectives:
-7.353295221359633, 11.661733221212017, -3.4057247330035505, 

parameters:
-0.89202336779613, -42.09476781837994, 11.436792279066168, 
objectives:
-52.73585440875176, -22.2941763794349, 1762.328391092944, 

parameters:
0.4372924601771213, -78.42850195766589, 8.579250125897394, 
objectives:
-86.81652738783552, -67.40719697674922, 6143.641893893432, 

parameters:
-0.8263631067964488, -4.021834628235368, 2.3047045406940225, 
objectives:
-5.643663184655111, 6.271198323918728, 15.553325220453377, 

parameters:
1.5668319699342286, -48.67128018127656, 15.724966492334367, 
objectives:
-61.94128425160295, -32.75867914667113, 2356.6235104139982, 

parameters:
3.763457809809517, -87.73554275939807, 7.93277497917851, 
objectives:
-81.50470305236033, -76.69298433324138, 7704.756302993206, 

parameters:
0.8143308665937408, -8.5096236991287, 6.9159622978697675, 
objectives:
-14.762451236711154, -0.18785010734658236, 67.16086796319034, 

parameters:
2.382710099900171, -90.56057116482619, 18.81631748880187, 
objectives:
-103.69958123346177, -71.59778665545872, 8189.078039630912, 

parameters:
4.618674149023182, -29.38309650867342, 20, 
objectives:
-28.05094561381841, -2.525642209911137, 865.6985113328712, 

parameters:
0.6676906012232284, -23.046770717777832, 2.8463689362019298, 
objectives:
-25.447328915017927, -18.42535344750698, 529.7530823205817, 

parameters:
-0.9037921357084222, -88.18607452666134, 19.248849612387016, 
objectives:
-106.61808391447997, -60.50521614687224, 7759.35173103405, 

parameters:
-1.0455094173770327, -7.305651301014125, 19.496072674611113, 
objectives:
-25.708634033801175, 21.46554898492918, 35.96955819922232, 

parameters:
0.6658367132092728, -31.8932915140917, 18.717939331619878, 
objectives:
-50.16789231705425, -11.395360506651588, 999.9074427998712, 

parameters:
1.2218463872273522, -18.10828758796744, 6.747951308988883, 
objectives:
-23.36333030297579, -10.754813233907432, 323.65503665352725, 

parameters:
-0.21159670818054022, -21.97904967315148, 3.987312868802565, 
objectives:
-25.921589375041204, -13.100576804713914, 480.13608483297037, 

parameters:
2.870165581714518, -34.440323905979625, 0, 
objectives:
-26.202473439520986, -33.68313576637906, 1195.3737612152504, 

parameters:
1.2777869694296604, -11.521231006593368, 17.47314694593717, 
objectives:
-27.3616384132863, 6.473507600869397, 117.89835650059547, 

parameters:
-1.5554120669459568, -14.020818809547166, 0.0, 
objectives:
-11.601512111546072, -1.3798638437622444, 200.00266678815268, 

parameters:
2.3002967193736295, 3.436085370930993, 20, 
objectives:
-11.272549631907925, 23.526263490597557, -1.9019523265129408, 

