[!]Generation 83 at Sun May 26 02:43:07 2019
size of front generated: 43
[!!!]Points in the front:
parameters:
0, 0.0, 20.0, 
objectives:
-20.0, 24.0, -19.0, 

parameters:
0, 0, 20.0, 
objectives:
-20.0, 24.0, -19.0, 

parameters:
1.9897451504022683, 5.2048723696528845e-06, 20.0, 
objectives:
-16.040909031578284, 20.000110366812642, -15.040909031578286, 

parameters:
1.3386899967167316, 0.0, 20.0, 
objectives:
-18.207909092690556, 20.437330920442516, -17.207909092690556, 

parameters:
1.266477208612035, 4.246184815092365e-05, 20.0, 
objectives:
-18.395993018218117, 20.53809814733374, -17.395993018218117, 

parameters:
1.7988894979094006, 0.0011046344056344238, 20.0, 
objectives:
-16.76289193990563, 20.04155006845677, -15.76289193990563, 

parameters:
1.8656198288358807, 4.818759509226702e-07, 20.0, 
objectives:
-16.51946217237843, 20.01805851227805, -15.519462172378429, 

parameters:
0.5714540721489403, 0, 20.0, 
objectives:
-19.673440243424395, 22.040743467979844, -18.673440243424395, 

parameters:
1.5805552301011758, 0, 20.0, 
objectives:
-17.501845164599818, 20.17593391499548, -16.501845164599818, 

parameters:
1.186390405597222, 2.422001442481108e-05, 20.0, 
objectives:
-18.592453585492436, 20.661984792118677, -17.592453585492436, 

parameters:
1.4189142458374058, 4.273345751151339e-05, 20.0, 
objectives:
-17.986639629502154, 20.337703387148224, -16.986639629502154, 

parameters:
1.4545490830883538, 0.0, 20.0, 
objectives:
-17.88428696488683, 20.297516702759754, -16.88428696488683, 

parameters:
1.6502197916587757, 2.270816398435172e-06, 20.0, 
objectives:
-17.276772368401268, 20.12234846496363, -16.276772368401268, 

parameters:
0.6738927084668658, 0, 20.0, 
objectives:
-19.545868617475193, 21.758560548657346, -18.545868617475193, 

parameters:
1.7532169149280663, 4.01946343396199e-07, 20.0, 
objectives:
-16.926230047263772, 20.060902293023965, -15.926230047263768, 

parameters:
0.9609501861903735, 0.00029399293260460105, 20.0, 
objectives:
-19.07628074672808, 21.079918508510424, -18.07628074672808, 

parameters:
0.3717503523304614, 1.2067400391656804e-05, 20.0, 
objectives:
-19.861789608141788, 22.651208982536367, -18.861789608141788, 

parameters:
1.9435314488485338, 0.0004593179506116744, 20.0, 
objectives:
-16.222226189386106, 20.003648015219756, -15.222226189386106, 

parameters:
1.0886472508413292, 4.576678184770219e-05, 20.0, 
objectives:
-18.814801396453767, 20.830609600180914, -17.814801396453767, 

parameters:
1.1434029539068833, 7.99843326399184e-09, 20.0, 
objectives:
-18.692629676998582, 20.733758507373885, -17.692629676998582, 

parameters:
1.9088676896490926, 0.00010050829306632032, 20.0, 
objectives:
-16.356123635120667, 20.00840560628296, -15.35612363512067, 

parameters:
1.5190481991293663, 7.161684919849622e-05, 20.0, 
objectives:
-17.69242095187263, 20.231386251609905, -16.69242095187263, 

parameters:
1.7130658961674765, 0.0014622846149302383, 20.0, 
objectives:
-17.06394295077299, 20.083793464557104, -16.06394295077299, 

parameters:
0.7925931004332666, 0.0, 20.0, 
objectives:
-19.371796177145583, 21.45783142112135, -18.371796177145583, 

parameters:
0.053369583105252666, 1.2054321901267403e-06, 20.0, 
objectives:
-19.99715048216698, 23.78937118541201, -18.99715048216698, 

parameters:
0.8843492016319247, 3.450255677067122e-05, 20.0, 
objectives:
-19.217891987016205, 21.244711206456095, -18.217891987016205, 

parameters:
0.5157513054167697, 0, 20.0, 
objectives:
-19.734000590960896, 22.202994187372024, -18.734000590960896, 

parameters:
0.8662904148876339, 2.6539183655187714e-06, 20.0, 
objectives:
-19.249538263155447, 21.285300077294018, -18.249538263155447, 

parameters:
0.19597739835806047, 3.7624169939558867e-06, 20.0, 
objectives:
-19.961589096915812, 23.254501309651946, -18.961589096915812, 

parameters:
0.4666777162402703, 5.714364507200019e-06, 20.0, 
objectives:
-19.78220619480026, 22.351082940238662, -18.78220619480026, 

parameters:
0.2815624851729786, 7.148580600898591e-06, 20.0, 
objectives:
-19.920715418362615, 22.95303464094547, -18.920715418362615, 

parameters:
1.6741247214309092, 4.265888492717635e-06, 20.0, 
objectives:
-17.19730215120539, 20.106198963070977, -16.19730215120539, 

parameters:
0.4188998524075035, 4.539045620537419e-06, 20.0, 
objectives:
-19.82451837460735, 22.499882215762636, -18.82451837460735, 

parameters:
1.5399148747084581, 0, 20.0, 
objectives:
-17.628662178651634, 20.211678322514533, -16.628662178651634, 

parameters:
0.13649613501664548, 1.15367205031593e-06, 20.0, 
objectives:
-19.981367651453468, 23.47264780847995, -18.981367651453468, 

parameters:
1.0398266975769255, 2.6895429113228442e-06, 20.0, 
objectives:
-18.918757749463353, 20.921935460228944, -17.918757749463353, 

parameters:
0.2708547124171326, 3.439641860485712e-05, 20.0, 
objectives:
-19.92660332834283, 22.989977821988642, -18.92660332834283, 

parameters:
0.9939291771250645, 1.7597841675555006e-06, 20.0, 
objectives:
-19.012103031075323, 21.01218026042442, -18.012103031075323, 

parameters:
0.7634815861623057, 2.099035884513267e-05, 20.0, 
objectives:
-19.417074877232245, 21.52899877811853, -18.417074877232245, 

parameters:
0.7255097636143418, 0.0, 20.0, 
objectives:
-19.47363558290026, 21.62432536264237, -18.47363558290026, 

parameters:
0.6989601121940958, 3.477234795523175e-05, 20.0, 
objectives:
-19.51141998921366, 21.692739562009955, -18.51141998921366, 

parameters:
1.023038634763321, 1.3257023172933698e-06, 20.0, 
objectives:
-18.953390626079283, 20.954454834867434, -17.953390626079283, 

parameters:
0.1575947934596564, 2.4761379024162713e-06, 20.0, 
objectives:
-19.975161404936507, 23.39445942122487, -18.975161404936507, 

size of all points: 80
[!!!]All points:
0, 0, 20.0, -20.0, 24.0, -19.0, 

0, 0.0, 20.0, -20.0, 24.0, -19.0, 

1.9897451504022683, 5.2048723696528845e-06, 20.0, -16.040909031578284, 20.000110366812642, -15.040909031578286, 

1.3386899967167316, 0.0, 20.0, -18.207909092690556, 20.437330920442516, -17.207909092690556, 

1.7988894979094006, 0.0011046344056344238, 20.0, -16.76289193990563, 20.04155006845677, -15.76289193990563, 

0.6989601121940958, 3.477234795523175e-05, 20.0, -19.51141998921366, 21.692739562009955, -18.51141998921366, 

1.4189142458374058, 4.273345751151339e-05, 20.0, -17.986639629502154, 20.337703387148224, -16.986639629502154, 

1.4545490830883538, 0.0, 20.0, -17.88428696488683, 20.297516702759754, -16.88428696488683, 

0.5714540721489403, 0, 20.0, -19.673440243424395, 22.040743467979844, -18.673440243424395, 

1.7532169149280663, 4.01946343396199e-07, 20.0, -16.926230047263772, 20.060902293023965, -15.926230047263768, 

0.9609501861903735, 0.00029399293260460105, 20.0, -19.07628074672808, 21.079918508510424, -18.07628074672808, 

0.3717503523304614, 1.2067400391656804e-05, 20.0, -19.861789608141788, 22.651208982536367, -18.861789608141788, 

1.9435314488485338, 0.0004593179506116744, 20.0, -16.222226189386106, 20.003648015219756, -15.222226189386106, 

1.0886472508413292, 4.576678184770219e-05, 20.0, -18.814801396453767, 20.830609600180914, -17.814801396453767, 

0.13649613501664548, 1.15367205031593e-06, 20.0, -19.981367651453468, 23.47264780847995, -18.981367651453468, 

1.5190481991293663, 7.161684919849622e-05, 20.0, -17.69242095187263, 20.231386251609905, -16.69242095187263, 

0.19597739835806047, 3.7624169939558867e-06, 20.0, -19.961589096915812, 23.254501309651946, -18.961589096915812, 

1.7130658961674765, 0.0014622846149302383, 20.0, -17.06394295077299, 20.083793464557104, -16.06394295077299, 

0.7925931004332666, 0.0, 20.0, -19.371796177145583, 21.45783142112135, -18.371796177145583, 

1.8656198288358807, 4.818759509226702e-07, 20.0, -16.51946217237843, 20.01805851227805, -15.519462172378429, 

1.0398266975769255, 2.6895429113228442e-06, 20.0, -18.918757749463353, 20.921935460228944, -17.918757749463353, 

0.8843492016319247, 3.450255677067122e-05, 20.0, -19.217891987016205, 21.244711206456095, -18.217891987016205, 

1.9088676896490926, 0.00010050829306632032, 20.0, -16.356123635120667, 20.00840560628296, -15.35612363512067, 

1.5805552301011758, 0, 20.0, -17.501845164599818, 20.17593391499548, -16.501845164599818, 

0.8662904148876339, 2.6539183655187714e-06, 20.0, -19.249538263155447, 21.285300077294018, -18.249538263155447, 

1.266477208612035, 4.246184815092365e-05, 20.0, -18.395993018218117, 20.53809814733374, -17.395993018218117, 

0.5157513054167697, 0, 20.0, -19.734000590960896, 22.202994187372024, -18.734000590960896, 

0.4666777162402703, 5.714364507200019e-06, 20.0, -19.78220619480026, 22.351082940238662, -18.78220619480026, 

0.9939291771250645, 1.7597841675555006e-06, 20.0, -19.012103031075323, 21.01218026042442, -18.012103031075323, 

0.2815624851729786, 7.148580600898591e-06, 20.0, -19.920715418362615, 22.95303464094547, -18.920715418362615, 

1.6741247214309092, 4.265888492717635e-06, 20.0, -17.19730215120539, 20.106198963070977, -16.19730215120539, 

0.4188998524075035, 4.539045620537419e-06, 20.0, -19.82451837460735, 22.499882215762636, -18.82451837460735, 

1.5399148747084581, 0, 20.0, -17.628662178651634, 20.211678322514533, -16.628662178651634, 

1.1434029539068833, 7.99843326399184e-09, 20.0, -18.692629676998582, 20.733758507373885, -17.692629676998582, 

0.2708547124171326, 3.439641860485712e-05, 20.0, -19.92660332834283, 22.989977821988642, -18.92660332834283, 

0.7634815861623057, 2.099035884513267e-05, 20.0, -19.417074877232245, 21.52899877811853, -18.417074877232245, 

1.6502197916587757, 2.270816398435172e-06, 20.0, -17.276772368401268, 20.12234846496363, -16.276772368401268, 

0.053369583105252666, 1.2054321901267403e-06, 20.0, -19.99715048216698, 23.78937118541201, -18.99715048216698, 

1.186390405597222, 2.422001442481108e-05, 20.0, -18.592453585492436, 20.661984792118677, -17.592453585492436, 

0.7255097636143418, 0.0, 20.0, -19.47363558290026, 21.62432536264237, -18.47363558290026, 

0.1575947934596564, 2.4761379024162713e-06, 20.0, -19.975161404936507, 23.39445942122487, -18.975161404936507, 

1.031155937812697, 5.559552809673779, 20.0, -13.377164622239839, 26.498211626509374, -12.377164622239839, 

1.3523594184239898, 10.670999277807956, 20.0, -7.500124725591972, 31.090437600712068, -6.500124725591972, 

11.622797766662254, 23.178567007580885, 20.0, 138.26799493230996, 135.77680386566095, 139.26799493230996, 

5.005832409124551, 3.2387946613339e-06, 20.0, 5.058361347036367, 29.035031710538163, 6.058361347036367, 

0.8553162678762742, 6.799274012911996, 20.0, -12.469160068994205, 28.109574859500697, -11.469160068994205, 

3.460341912873892, 18.607169943466182, 20.0, 10.581136097457929, 40.73976844596236, 11.581136097457929, 

1.3946452182997402, 26.714980741935502, 20.0, 8.660016026861832, 47.081435153662866, 9.660016026861832, 

5.4086977436565435, 0.0, 20.0, 9.254011282235385, 31.61922030760921, 10.254011282235385, 

0.06485683803676548, 23.215926723230986, 20.0, 3.220133132671112, 46.96070578052405, 4.220133132671112, 

19.73953453707818, 4.270128740053362e-05, 20.0, 369.6492664417896, 334.6911282934769, 370.6492664417896, 

1.262954610921837, 9.218180769411948, 20.0, -9.186764881339323, 29.76141667497333, -8.186764881339323, 

1.6208333436784186, 5.58431526009887, 20.0, -11.788584011921367, 25.728082613364958, -10.788584011921367, 

18.877281391154494, 7.996934503631691, 20.0, 344.3486872244594, 312.8395616598414, 345.3486872244594, 

15.805328756589685, 0.0002688015811828257, 20.0, 229.808685905462, 210.58737087910325, 230.808685905462, 

0.6738927084668658, 0, 20.0, -19.545868617475193, 21.758560548657346, -18.545868617475193, 

4.9114648647356915, 4.178567112815853e-06, 20.0, 4.1224912961003, 28.476631837157534, 5.1224912961003, 

7.936543135968722, 0, 20.0, 42.988716949092236, 55.242544405217345, 43.988716949092236, 

5.601282942703409, 9.562832389927834, 20.0, 20.937202994147995, 42.532071223334356, 21.937202994147995, 

8.407765742092332, 5.357236860340599e-06, 20.0, 50.690530131138274, 61.059467162768954, 51.690530131138274, 

1.4283667295903555, 35.623326615041705, 20.0, 17.663558129242354, 55.95009121088093, 18.663558129242354, 

6.140545442854623, 0, 20.0, 17.706298335762675, 37.14411656434419, 18.706298335762675, 

3.178903928755922, 9.412967288135757e-07, 20.0, -9.894568870443434, 21.389815414532876, -8.894568870443434, 

0, 1.6536250131499092e-07, 20.0, -19.9999998346375, 24.0000001653625, -18.9999998346375, 

14.716773617161019, 0.0, 20.0, 196.58342569876663, 181.71633123012253, 197.58342569876663, 

2.2346217004483733, 0.0, 20.0, -15.00646585588522, 20.055047342321288, -14.00646585588522, 

12.394541914598777, 5.43319172564768e-06, 20.0, 133.62467470593765, 128.04650704754255, 134.62467470593765, 

7.364997864266031, 2.849315815978696e-06, 20.0, 34.24319638995901, 48.78320493289489, 35.24319638995901, 

3.70022466980888, 30.44790026767341, 20.0, 24.139562874735645, 53.33866419550013, 25.139562874735645, 

7.975382324092347, 2.2613550632995123e-06, 20.0, 43.60672547679972, 55.70519618043033, 44.60672547679971, 

21.54673841988119, 28.64852025352685, 20.0, 472.910456788311, 430.72350310878625, 473.910456788311, 

1.023038634763321, 1.3257023172933698e-06, 20.0, -18.953390626079283, 20.954454834867434, -17.953390626079283, 

6.461037249554526, 1.875372711854412, 20.0, 23.62037505198552, 41.77622605376742, 24.62037505198552, 

15.769493560795727, 9.370274556106081e-06, 20.0, 228.67693653425246, 209.59896229106957, 229.67693653425246, 

3.4126202551447244, 1.5921654626352686, 20.0, -6.761857531540688, 23.587661447880414, -5.761857531540688, 

1.2331615980461557, 1.7670790965870755, 20.0, -16.712233376517176, 22.3551202312982, -15.712233376517176, 

1.2910127634539206, 6.446115194321345, 20.0, -11.887170850277727, 26.94877809590659, -10.887170850277727, 

0, 7.909391450754533, 20.0, -12.090608549245466, 31.909391450754534, -11.090608549245466, 

2.5958974945634083, 0.0011406011733071434, 20.0, -13.260175596546112, 20.356234425200256, -12.260175596546112, 

1.4830221278602693, 0.7605091662323812, 20.0, -17.04013620204442, 21.027775286514505, -16.04013620204442, 

