Generation 830 at Fri May 24 19:48:10 2019
parameters:
4.103262068723588, -11.698130574307001, 0, 
objectives:
5.138629030318775, -7.274419244575576, 154.683018538162, 

parameters:
0.05101637681523949, -100, 19.95971668145522, 
objectives:
-119.95711401075187, -76.24174615510238, 9981.042885989249, 

parameters:
-3.5345060767500467, -23.015806700345408, 18.47814606333861, 
objectives:
-29.00121955710101, 26.093096876576396, 524.741945210909, 

parameters:
-0.09310337269809921, -0.38187417318528993, 20, 
objectives:
-20.37320593517753, 23.999207555614866, -18.84550387784629, 

parameters:
1.9973066371654076, -100, 0, 
objectives:
-96.01076619713501, -99.99999274579665, 10004.989233802866, 

parameters:
2.960993640655133, -90.91857488893547, 0, 
objectives:
-82.15109154893533, -89.99506611155586, 8275.954743174967, 

parameters:
-0.6274482572339402, -65.70035050965468, 8.391243305227448, 
objectives:
-73.69790249937623, -50.40562285998556, 4309.538505101761, 

parameters:
2.146408840814549, -41.792529299700504, 14.197506457217452, 
objectives:
-51.3829648449911, -27.57358729381439, 1738.0250697210345, 

parameters:
2.060100628901721, -61.507244597540634, 0, 
objectives:
-57.26322999633937, -61.50363251194625, 3788.3851525828927, 

parameters:
0.15058718396633264, -54.27426577616842, 10.949541557629221, 
objectives:
-65.20113083382273, -39.904396454429616, 2935.769060484512, 

parameters:
3.960915324101902, -47.947921142210234, 0, 
objectives:
-32.25907093750496, -44.10273223391257, 2315.6919920643168, 

parameters:
3.5641066797025633, -13.818231343225555, 1.4541960824226101, 
objectives:
-2.5695710013477355, -9.917605555312768, 203.19217779677894, 

parameters:
1.9184985204394627, -2.357769856254423, 20.0, 
objectives:
-18.677133283326015, 17.648872634916135, -9.760284732009591, 

parameters:
1.0707115924329114, -85.97668117904817, 19.687004643293207, 
objectives:
-104.51726250817116, -65.42609959131639, 7374.449125234573, 

parameters:
0.6676906012232284, -23.046770717777832, 2.8463689362019298, 
objectives:
-25.447328915017927, -18.42535344750698, 529.7530823205817, 

parameters:
0.8804579736830158, -95.83842847617076, 16.47986563463575, 
objectives:
-111.54308786738451, -78.10518849284506, 9170.299713390887, 

parameters:
2.5628161068524524, -1.2881751839112638, 12.63314643499073, 
objectives:
-7.353295221359633, 11.661733221212017, -3.4057247330035505, 

parameters:
1.072170961092395, -84.6786092854592, 8.588883647501657, 
objectives:
-92.11794236315107, -75.22885891251734, 7164.027537441765, 

parameters:
3.050401432877384, -89.48249296436775, 4.868362751387596, 
objectives:
-85.04590681405494, -83.51078704278929, 8012.553133268437, 

parameters:
-0.7759657308379748, -95.93217390874857, 16.77434417121594, 
objectives:
-112.1043952645296, -71.45184399874582, 9187.809769502599, 

parameters:
1.9899578009707295, -74.92623479244865, 17.209932508608013, 
objectives:
-88.17623525141241, -57.7162014380793, 5601.69065971418, 

parameters:
1.5668319699342286, -48.67128018127656, 15.724966492334367, 
objectives:
-61.94128425160295, -32.75867914667113, 2356.6235104139982, 

parameters:
-2.8532171771025716, -34.84940741569332, 19.16799199381099, 
objectives:
-45.87655114979114, 7.872301546241122, 1204.4540534908829, 

parameters:
-0.08996268372669292, -79.54492968828276, 18.872990174317053, 
objectives:
-98.4098265781365, -56.303995494595625, 6309.530942223994, 

parameters:
3.2630916921729916, -71.71465860801952, 0.20761453605854782, 
objectives:
-61.27450575254967, -69.91164344912454, 5154.432412120258, 

parameters:
3.309709880010818, -99.1418814759738, 4.645348527658372, 
objectives:
-92.83305051379095, -92.78119297851748, 9836.42149355822, 

parameters:
1.1529985983010742, -57.834084658941, 4.7076223097039245, 
objectives:
-61.21230120096068, -52.409050974757136, 3342.4031317955355, 

parameters:
-0.9669423777512094, -38.62909448121508, 0, 
objectives:
-37.69411691932392, -29.826347408319076, 1494.1419180005323, 

parameters:
4.618674149023182, -29.38309650867342, 20, 
objectives:
-28.05094561381841, -2.525642209911137, 865.6985113328712, 

parameters:
-0.6354159795975645, -23.83014337206275, 20, 
objectives:
-43.42638990493482, 3.1152740134554406, 549.2794866001941, 

parameters:
-0.40519399438987813, -54.38726648759101, 18.653282516483795, 
objectives:
-72.87636683098519, -29.94902582045808, 2940.4856556488467, 

parameters:
0.4372924601771213, -78.42850195766589, 8.579250125897394, 
objectives:
-86.81652738783552, -67.40719697674922, 6143.641893893432, 

parameters:
2.465856018260646, -87.18989371827232, 6.5144244352501754, 
objectives:
-87.62387225073024, -80.45844745327247, 7602.643588071164, 

parameters:
1.9745245301444934, -99.91638838499424, 3.0792788521480965, 
objectives:
-99.096920117, -96.83646053328178, 9985.104136169004, 

parameters:
3.043892292729961, -7.079726490336206, 6.783798924645855, 
objectives:
-4.598245125241202, 0.7937835531306634, 53.604008543063216, 

parameters:
-0.8263631067964488, -4.021834628235368, 2.3047045406940225, 
objectives:
-5.643663184655111, 6.271198323918728, 15.553325220453377, 

parameters:
-0.7538698425202881, -2.681837361646835, 20, 
objectives:
-22.11351762218527, 24.901961747895882, -11.239428626213579, 

