Generation 832 at Fri May 24 19:48:10 2019
parameters:
0.05101637681523949, -100, 19.95971668145522, 
objectives:
-119.95711401075187, -76.24174615510238, 9981.042885989249, 

parameters:
5.709048152116172, -7.756153428098557, 0, 
objectives:
24.837077375082522, 6.000884766617835, 93.75114680338608, 

parameters:
-0.09310337269809921, -0.38187417318528993, 20, 
objectives:
-20.37320593517753, 23.999207555614866, -18.84550387784629, 

parameters:
1.9973066371654076, -100, 0, 
objectives:
-96.01076619713501, -99.99999274579665, 10004.989233802866, 

parameters:
1.0707115924329114, -85.97668117904817, 19.687004643293207, 
objectives:
-104.51726250817116, -65.42609959131639, 7374.449125234573, 

parameters:
-0.08996268372669292, -79.54492968828276, 18.872990174317053, 
objectives:
-98.4098265781365, -56.303995494595625, 6309.530942223994, 

parameters:
1.9899578009707295, -74.92623479244865, 17.209932508608013, 
objectives:
-88.17623525141241, -57.7162014380793, 5601.69065971418, 

parameters:
3.5641066797025633, -13.818231343225555, 1.4541960824226101, 
objectives:
-2.5695710013477355, -9.917605555312768, 203.19217779677894, 

parameters:
4.618674149023182, -29.38309650867342, 20, 
objectives:
-28.05094561381841, -2.525642209911137, 865.6985113328712, 

parameters:
-0.7759657308379748, -95.93217390874857, 16.77434417121594, 
objectives:
-112.1043952645296, -71.45184399874582, 9187.809769502599, 

parameters:
2.146408840814549, -41.792529299700504, 14.197506457217452, 
objectives:
-51.3829648449911, -27.57358729381439, 1738.0250697210345, 

parameters:
3.050401432877384, -89.48249296436775, 4.868362751387596, 
objectives:
-85.04590681405494, -83.51078704278929, 8012.553133268437, 

parameters:
-0.6274482572339402, -65.70035050965468, 8.391243305227448, 
objectives:
-73.69790249937623, -50.40562285998556, 4309.538505101761, 

parameters:
3.533644579181454, -69.6259236468351, 18.98846383674128, 
objectives:
-76.12774347159791, -48.28539411484117, 4842.2674238501495, 

parameters:
2.290266612808922, -32.70381684591751, 12.165130942768112, 
objectives:
-39.62362663093837, -20.45443119663783, 1063.6198265062967, 

parameters:
3.960915324101902, -47.947921142210234, 0, 
objectives:
-32.25907093750496, -44.10273223391257, 2315.6919920643168, 

parameters:
3.309709880010818, -99.1418814759738, 4.645348527658372, 
objectives:
-92.83305051379095, -92.78119297851748, 9836.42149355822, 

parameters:
2.5628161068524524, -1.2881751839112638, 12.63314643499073, 
objectives:
-7.353295221359633, 11.661733221212017, -3.4057247330035505, 

parameters:
2.3422427328409556, 7.0311385946429965, 2.2361357454699005, 
objectives:
10.281103868719365, 9.384404428295342, 53.68687521115466, 

parameters:
2.458326982840834, -93.16341066255985, 5.236325382270159, 
objectives:
-92.35636449026669, -87.7170216570897, 8681.228132453065, 

parameters:
2.960993640655133, -90.91857488893547, 0, 
objectives:
-82.15109154893533, -89.99506611155586, 8275.954743174967, 

parameters:
0.8804579736830158, -95.83842847617076, 16.47986563463575, 
objectives:
-111.54308786738451, -78.10518849284506, 9170.299713390887, 

parameters:
2.060100628901721, -61.507244597540634, 0, 
objectives:
-57.26322999633937, -61.50363251194625, 3788.3851525828927, 

parameters:
4.103262068723588, -11.698130574307001, 0, 
objectives:
5.138629030318775, -7.274419244575576, 154.683018538162, 

parameters:
-0.6354159795975645, -23.83014337206275, 20, 
objectives:
-43.42638990493482, 3.1152740134554406, 549.2794866001941, 

parameters:
-0.8301053971364294, -62.45022587875786, 14.88693470085431, 
objectives:
-76.64808560925714, -39.55379461900281, 3886.832852577379, 

parameters:
-2.8532171771025716, -34.84940741569332, 19.16799199381099, 
objectives:
-45.87655114979114, 7.872301546241122, 1204.4540534908829, 

parameters:
2.230972663335246, -50.24501340634991, 17.32437149646239, 
objectives:
-62.59214587826314, -32.86729353867935, 2513.214239732369, 

parameters:
1.9184985204394627, -2.357769856254423, 20.0, 
objectives:
-18.677133283326015, 17.648872634916135, -9.760284732009591, 

parameters:
-1.765235352389958, -57.68769567653351, 10.788230689763804, 
objectives:
-65.35987051697002, -32.722467727882574, 3321.1980576279066, 

parameters:
0.8701541375090781, -41.66835683528137, 16.733591296807177, 
objectives:
-57.64477990906438, -23.65821386548634, 1721.2755382785567, 

parameters:
0.15058718396633264, -54.27426577616842, 10.949541557629221, 
objectives:
-65.20113083382273, -39.904396454429616, 2935.769060484512, 

parameters:
-2.408963601801502, -21.678518952740518, 19.752583390134543, 
objectives:
-35.6279967080706, 17.513024479404496, 457.00870622899976, 

parameters:
1.1529985983010742, -57.834084658941, 4.7076223097039245, 
objectives:
-61.21230120096068, -52.409050974757136, 3342.4031317955355, 

