Generation 833 at Fri May 24 19:48:10 2019
parameters:
0.05101637681523949, -100, 19.95971668145522, 
objectives:
-119.95711401075187, -76.24174615510238, 9981.042885989249, 

parameters:
5.709048152116172, -7.756153428098557, 0, 
objectives:
24.837077375082522, 6.000884766617835, 93.75114680338608, 

parameters:
-0.09310337269809921, -0.38187417318528993, 20, 
objectives:
-20.37320593517753, 23.999207555614866, -18.84550387784629, 

parameters:
1.9973066371654076, -100, 0, 
objectives:
-96.01076619713501, -99.99999274579665, 10004.989233802866, 

parameters:
3.960915324101902, -47.947921142210234, 0, 
objectives:
-32.25907093750496, -44.10273223391257, 2315.6919920643168, 

parameters:
-0.6274482572339402, -65.70035050965468, 8.391243305227448, 
objectives:
-73.69790249937623, -50.40562285998556, 4309.538505101761, 

parameters:
-1.765235352389958, -57.68769567653351, 10.788230689763804, 
objectives:
-65.35987051697002, -32.722467727882574, 3321.1980576279066, 

parameters:
1.0707115924329114, -85.97668117904817, 19.687004643293207, 
objectives:
-104.51726250817116, -65.42609959131639, 7374.449125234573, 

parameters:
2.146408840814549, -41.792529299700504, 14.197506457217452, 
objectives:
-51.3829648449911, -27.57358729381439, 1738.0250697210345, 

parameters:
1.9899578009707295, -74.92623479244865, 17.209932508608013, 
objectives:
-88.17623525141241, -57.7162014380793, 5601.69065971418, 

parameters:
-0.08996268372669292, -79.54492968828276, 18.872990174317053, 
objectives:
-98.4098265781365, -56.303995494595625, 6309.530942223994, 

parameters:
0.459773367975866, -89.4119047116721, 0.0, 
objectives:
-89.20051316177222, -87.03960663367569, 7995.700095719029, 

parameters:
2.290266612808922, -32.70381684591751, 12.165130942768112, 
objectives:
-39.62362663093837, -20.45443119663783, 1063.6198265062967, 

parameters:
1.9184985204394627, -2.357769856254423, 20.0, 
objectives:
-18.677133283326015, 17.648872634916135, -9.760284732009591, 

parameters:
3.5641066797025633, -13.818231343225555, 1.4541960824226101, 
objectives:
-2.5695710013477355, -9.917605555312768, 203.19217779677894, 

parameters:
2.5628161068524524, -1.2881751839112638, 12.63314643499073, 
objectives:
-7.353295221359633, 11.661733221212017, -3.4057247330035505, 

parameters:
0.8804579736830158, -95.83842847617076, 16.47986563463575, 
objectives:
-111.54308786738451, -78.10518849284506, 9170.299713390887, 

parameters:
2.3422427328409556, 7.0311385946429965, 2.2361357454699005, 
objectives:
10.281103868719365, 9.384404428295342, 53.68687521115466, 

parameters:
3.309709880010818, -99.1418814759738, 4.645348527658372, 
objectives:
-92.83305051379095, -92.78119297851748, 9836.42149355822, 

parameters:
2.230972663335246, -50.24501340634991, 17.32437149646239, 
objectives:
-62.59214587826314, -32.86729353867935, 2513.214239732369, 

parameters:
2.960993640655133, -90.91857488893547, 0, 
objectives:
-82.15109154893533, -89.99506611155586, 8275.954743174967, 

parameters:
-0.8301053971364294, -62.45022587875786, 14.88693470085431, 
objectives:
-76.64808560925714, -39.55379461900281, 3886.832852577379, 

parameters:
-0.7759657308379748, -95.93217390874857, 16.77434417121594, 
objectives:
-112.1043952645296, -71.45184399874582, 9187.809769502599, 

parameters:
2.060100628901721, -61.507244597540634, 0, 
objectives:
-57.26322999633937, -61.50363251194625, 3788.3851525828927, 

parameters:
4.103262068723588, -11.698130574307001, 0, 
objectives:
5.138629030318775, -7.274419244575576, 154.683018538162, 

parameters:
4.059337412359237, -39.744239185600705, 20, 
objectives:
-43.26601895822132, -15.503368607658267, 1577.082768669618, 

parameters:
3.5067182361025555, -70.26455343905428, 0.0, 
objectives:
-57.96748065164007, -67.99435359605029, 4950.40454277713, 

parameters:
2.458326982840834, -93.16341066255985, 5.236325382270159, 
objectives:
-92.35636449026669, -87.7170216570897, 8681.228132453065, 

parameters:
1.6455441017875065, -14.368513668369095, 13.926689739426399, 
objectives:
-25.58738801686784, -0.31618494516507134, 196.2353106896108, 

parameters:
-2.8532171771025716, -34.84940741569332, 19.16799199381099, 
objectives:
-45.87655114979114, 7.872301546241122, 1204.4540534908829, 

parameters:
0.997263784687432, -96.90789084523897, 5.672480866102825, 
objectives:
-101.58583665509269, -90.22993006163676, 9387.461362262897, 

parameters:
-0.6855717032135089, -27.57408496393217, 15.925897057754899, 
objectives:
-43.029973461439994, -4.43589253307616, 745.8742731006422, 

parameters:
2.3966140331967365, -83.97659879633238, 7.353268264091063, 
objectives:
-85.58610823630791, -76.46602784091274, 7051.459635960198, 

parameters:
-0.6354159795975645, -23.83014337206275, 20, 
objectives:
-43.42638990493482, 3.1152740134554406, 549.2794866001941, 

parameters:
0.07647232378747537, -59.40528899622798, 0, 
objectives:
-59.399440979922524, -55.70533027507243, 3529.9942087416707, 

parameters:
3.533644579181454, -69.6259236468351, 18.98846383674128, 
objectives:
-76.12774347159791, -48.28539411484117, 4842.2674238501495, 

parameters:
3.3921837134757284, -31.417645141015395, 1.881604985195349, 
objectives:
-21.792339780240763, -27.597864663752976, 997.693731567543, 

parameters:
3.7107466283416293, -62.85069603464378, 13.049689253594263, 
objectives:
-62.13074474848928, -46.87435275466727, 3951.929943325342, 

parameters:
4.600225222815115, -83.906746805821, 0, 
objectives:
-62.74467470519663, -77.14557559645709, 7062.504231636777, 

