Generation 837 at Fri May 24 19:48:10 2019
parameters:
2.3422427328409556, 7.0311385946429965, 2.2361357454699005, 
objectives:
10.281103868719365, 9.384404428295342, 53.68687521115466, 

parameters:
0.05101637681523949, -100, 19.95971668145522, 
objectives:
-119.95711401075187, -76.24174615510238, 9981.042885989249, 

parameters:
-0.09310337269809921, -0.38187417318528993, 20, 
objectives:
-20.37320593517753, 23.999207555614866, -18.84550387784629, 

parameters:
1.9973066371654076, -100, 0, 
objectives:
-96.01076619713501, -99.99999274579665, 10004.989233802866, 

parameters:
-0.7759657308379748, -95.93217390874857, 16.77434417121594, 
objectives:
-112.1043952645296, -71.45184399874582, 9187.809769502599, 

parameters:
0.459773367975866, -89.4119047116721, 0.0, 
objectives:
-89.20051316177222, -87.03960663367569, 7995.700095719029, 

parameters:
-0.6274482572339402, -65.70035050965468, 8.391243305227448, 
objectives:
-73.69790249937623, -50.40562285998556, 4309.538505101761, 

parameters:
3.5067182361025555, -70.26455343905428, 0.0, 
objectives:
-57.96748065164007, -67.99435359605029, 4950.40454277713, 

parameters:
2.146408840814549, -41.792529299700504, 14.197506457217452, 
objectives:
-51.3829648449911, -27.57358729381439, 1738.0250697210345, 

parameters:
3.309709880010818, -99.1418814759738, 4.645348527658372, 
objectives:
-92.83305051379095, -92.78119297851748, 9836.42149355822, 

parameters:
3.960915324101902, -47.947921142210234, 0, 
objectives:
-32.25907093750496, -44.10273223391257, 2315.6919920643168, 

parameters:
0.11246084511066456, -76.23650955497065, 14.778066383266625, 
objectives:
-91.00192849655427, -57.895639110463684, 5798.239970183548, 

parameters:
4.059337412359237, -39.744239185600705, 20, 
objectives:
-43.26601895822132, -15.503368607658267, 1577.082768669618, 

parameters:
2.230972663335246, -50.24501340634991, 17.32437149646239, 
objectives:
-62.59214587826314, -32.86729353867935, 2513.214239732369, 

parameters:
-1.765235352389958, -57.68769567653351, 10.788230689763804, 
objectives:
-65.35987051697002, -32.722467727882574, 3321.1980576279066, 

parameters:
-0.7565402470115419, -80.50638239857223, 0, 
objectives:
-79.93402925322394, -72.90786826517777, 6482.849960050489, 

parameters:
-0.11837900291708348, -84.20670501792529, 0.8567814657577937, 
objectives:
-85.04947289535144, -78.86239395216752, 7090.926402098457, 

parameters:
1.0707115924329114, -85.97668117904817, 19.687004643293207, 
objectives:
-104.51726250817116, -65.42609959131639, 7374.449125234573, 

parameters:
-0.08996268372669292, -79.54492968828276, 18.872990174317053, 
objectives:
-98.4098265781365, -56.303995494595625, 6309.530942223994, 

parameters:
1.9184985204394627, -2.357769856254423, 20.0, 
objectives:
-18.677133283326015, 17.648872634916135, -9.760284732009591, 

parameters:
1.6455441017875065, -14.368513668369095, 13.926689739426399, 
objectives:
-25.58738801686784, -0.31618494516507134, 196.2353106896108, 

parameters:
2.290266612808922, -32.70381684591751, 12.165130942768112, 
objectives:
-39.62362663093837, -20.45443119663783, 1063.6198265062967, 

parameters:
-1.6988544304740278, -23.805109482311877, 0, 
objectives:
-20.919003106370646, -10.123585384474532, 570.5693438407961, 

parameters:
5.655020464888658, -60.05735226418556, 9.195729743195491, 
objectives:
-37.27382554907152, -37.50244792223517, 3630.6690876995885, 

parameters:
4.103262068723588, -11.698130574307001, 0, 
objectives:
5.138629030318775, -7.274419244575576, 154.683018538162, 

parameters:
3.5641066797025633, -13.818231343225555, 1.4541960824226101, 
objectives:
-2.5695710013477355, -9.917605555312768, 203.19217779677894, 

parameters:
-0.8301053971364294, -62.45022587875786, 14.88693470085431, 
objectives:
-76.64808560925714, -39.55379461900281, 3886.832852577379, 

parameters:
0.9748773007424303, -47.35102189720056, 19.851258087998662, 
objectives:
-66.25189423369638, -26.448887260668773, 2224.218402372671, 

parameters:
3.9637700104846054, -85.4432805969068, 2.31829348732039, 
objectives:
-72.05010138821007, -79.26859445550771, 7314.947378370447, 

parameters:
-1.6405888519481158, -17.578203282830657, 0.0, 
objectives:
-14.88667150169422, -4.324316093901757, 312.68476243365495, 

parameters:
2.060100628901721, -61.507244597540634, 0, 
objectives:
-57.26322999633937, -61.50363251194625, 3788.3851525828927, 

parameters:
2.207004024936525, -35.10705094571473, 12.539982730253012, 
objectives:
-42.776166909881724, -22.524217549121797, 1225.8359101408425, 

parameters:
3.0933018812215036, -8.75123034157411, 12.529475319257433, 
objectives:
-11.71218913246305, 4.973553981165801, 74.6230737003984, 

parameters:
3.5655833702203235, -8.151904449263359, 14.975836553785701, 
objectives:
-10.41435623305734, 9.274983393632768, 65.19109436612577, 

parameters:
1.9341145105247621, -85.77468392072666, 20, 
objectives:
-102.03388498090422, -65.77034302300326, 7342.037200640387, 

