Generation 845 at Fri May 24 19:48:10 2019
parameters:
2.3422427328409556, 7.0311385946429965, 2.2361357454699005, 
objectives:
10.281103868719365, 9.384404428295342, 53.68687521115466, 

parameters:
0.05101637681523949, -100, 19.95971668145522, 
objectives:
-119.95711401075187, -76.24174615510238, 9981.042885989249, 

parameters:
-0.09310337269809921, -0.38187417318528993, 20, 
objectives:
-20.37320593517753, 23.999207555614866, -18.84550387784629, 

parameters:
1.9973066371654076, -100, 0, 
objectives:
-96.01076619713501, -99.99999274579665, 10004.989233802866, 

parameters:
-0.7759657308379748, -95.93217390874857, 16.77434417121594, 
objectives:
-112.1043952645296, -71.45184399874582, 9187.809769502599, 

parameters:
-0.11837900291708348, -84.20670501792529, 0.8567814657577937, 
objectives:
-85.04947289535144, -78.86239395216752, 7090.926402098457, 

parameters:
-0.08996268372669292, -79.54492968828276, 18.872990174317053, 
objectives:
-98.4098265781365, -56.303995494595625, 6309.530942223994, 

parameters:
0.459773367975866, -89.4119047116721, 0.0, 
objectives:
-89.20051316177222, -87.03960663367569, 7995.700095719029, 

parameters:
1.0707115924329114, -85.97668117904817, 19.687004643293207, 
objectives:
-104.51726250817116, -65.42609959131639, 7374.449125234573, 

parameters:
2.7140317720290192, -73.57211368893043, 15.092176987317306, 
objectives:
-81.29832221666476, -57.97009533014622, 5406.12970412917, 

parameters:
1.7860456015338575, -52.612321627263825, 20, 
objectives:
-69.42236273650539, -32.56654514264081, 2752.2463459014116, 

parameters:
1.021083796788577, -14.800452655742578, 14.968280102412244, 
objectives:
-28.72612063809065, 1.1261043795795338, 206.12773083252947, 

parameters:
2.0925551056318, -93.09435461482558, 0.0, 
objectives:
-88.71556774471986, -93.08578816724706, 8671.937648021001, 

parameters:
3.309709880010818, -99.1418814759738, 4.645348527658372, 
objectives:
-92.83305051379095, -92.78119297851748, 9836.42149355822, 

parameters:
2.1786443450223834, -25.238287189893654, 11.782732246453302, 
objectives:
-32.27452825424895, -13.423641141431878, 630.9348992151948, 

parameters:
2.146408840814549, -41.792529299700504, 14.197506457217452, 
objectives:
-51.3829648449911, -27.57358729381439, 1738.0250697210345, 

parameters:
-0.8301053971364294, -62.45022587875786, 14.88693470085431, 
objectives:
-76.64808560925714, -39.55379461900281, 3886.832852577379, 

parameters:
-0.19674956178873781, 4.469067507129974, 6.788168409889912, 
objectives:
-2.2803905126958774, 16.0829445542389, 14.22310636345907, 

parameters:
1.1157805402103615, -69.79069725052528, 20, 
objectives:
-88.54573103661316, -49.0088531974546, 4852.98638892839, 

parameters:
4.103262068723588, -11.698130574307001, 0, 
objectives:
5.138629030318775, -7.274419244575576, 154.683018538162, 

parameters:
3.960915324101902, -47.947921142210234, 0, 
objectives:
-32.25907093750496, -44.10273223391257, 2315.6919920643168, 

parameters:
-0.12580730450086586, -25.767954236444012, 14.86240593279856, 
objectives:
-40.614532691376795, -6.386491607776215, 650.1408870765401, 

parameters:
2.6782026992121435, -54.77792067411185, 11.021473361210914, 
objectives:
-58.62662433725555, -43.2964884116823, 2997.7718897161462, 

parameters:
2.3378567130298036, -73.96121668449041, 6.914599396629522, 
objectives:
-75.41024207046142, -66.93247012932159, 5469.812548064171, 

parameters:
3.2031878576297435, -15.952140065048324, 8.056991300780897, 
objectives:
-13.748718914562595, -6.447487743519774, 257.67419380540565, 

parameters:
-0.6274482572339402, -65.70035050965468, 8.391243305227448, 
objectives:
-73.69790249937623, -50.40562285998556, 4309.538505101761, 

parameters:
2.5661163886506673, -32.54395879472787, 15.865986670512285, 
objectives:
-41.824992145138616, -16.35748435871671, 1050.8282206825347, 

parameters:
3.3382847834212894, -41.073544489817486, 15.394699971383863, 
objectives:
-45.32409916597923, -23.88783835689665, 1683.7855022808546, 

parameters:
1.123774979730685, -62.21133285647495, 6.913207174900339, 
objectives:
-67.86166982630658, -54.53035539542864, 3865.5995988092877, 

parameters:
-1.1513374050078315, 3.6806606220100804, 7.072686017602218, 
objectives:
-2.0664475754219707, 20.684274079813793, 8.800154416983581, 

parameters:
0.29374937510104404, -36.275676477747915, 11.457216352433978, 
objectives:
-47.646604134809635, -21.907168930345858, 1305.5537762611716, 

parameters:
-1.4366905351127093, -59.158353728588736, 0.5045246787314176, 
objectives:
-57.598798713637706, -46.842987215724044, 3502.2703708917797, 

parameters:
1.148915576308426, -36.208525290711, 17.90201131090752, 
objectives:
-52.7905296001344, -17.582169283553064, 1295.475299418635, 

parameters:
-1.4268914269269408, -15.010067334718345, 1.2387909818688858, 
objectives:
-14.21283917234963, -2.027691500904095, 227.0993495551474, 

parameters:
3.3744953130844904, -73.61376281174665, 1.6347352477562576, 
objectives:
-63.86127944147372, -70.08979019829917, 5429.738558674368, 

parameters:
5.0960172323639075, -7.036401776844375, 9.523776740493853, 
objectives:
9.409213115211672, 12.072697666743746, 66.95656485723472, 

parameters:
-0.8132527490719836, -100, 4.889179289952405, 
objectives:
-104.22779925607927, -87.19642967988652, 9996.77220074392, 

parameters:
-1.141496598035109, -65.19488299517752, 7.667501901940358, 
objectives:
-71.55937041379215, -47.658380217771004, 4245.008281336272, 

parameters:
3.328892575539504, -58.11343831846572, 0, 
objectives:
-47.03191253898369, -56.347482841141705, 3389.2532389736016, 

