Generation 848 at Fri May 24 19:48:10 2019
parameters:
0.05101637681523949, -100, 19.95971668145522, 
objectives:
-119.95711401075187, -76.24174615510238, 9981.042885989249, 

parameters:
2.3422427328409556, 7.0311385946429965, 2.2361357454699005, 
objectives:
10.281103868719365, 9.384404428295342, 53.68687521115466, 

parameters:
-0.09310337269809921, -0.38187417318528993, 20, 
objectives:
-20.37320593517753, 23.999207555614866, -18.84550387784629, 

parameters:
1.9973066371654076, -100, 0, 
objectives:
-96.01076619713501, -99.99999274579665, 10004.989233802866, 

parameters:
-0.7759657308379748, -95.93217390874857, 16.77434417121594, 
objectives:
-112.1043952645296, -71.45184399874582, 9187.809769502599, 

parameters:
0.459773367975866, -89.4119047116721, 0.0, 
objectives:
-89.20051316177222, -87.03960663367569, 7995.700095719029, 

parameters:
-0.6274482572339402, -65.70035050965468, 8.391243305227448, 
objectives:
-73.69790249937623, -50.40562285998556, 4309.538505101761, 

parameters:
2.0925551056318, -93.09435461482558, 0.0, 
objectives:
-88.71556774471986, -93.08578816724706, 8671.937648021001, 

parameters:
-0.08996268372669292, -79.54492968828276, 18.872990174317053, 
objectives:
-98.4098265781365, -56.303995494595625, 6309.530942223994, 

parameters:
-0.23379022901202307, -58.16619645124784, 15.457519573323678, 
objectives:
-73.56905815339002, -37.718858090694575, 3368.903547903015, 

parameters:
0.6043063345824216, -45.95245716031796, 20, 
objectives:
-65.58727101430152, -24.004496352631207, 2092.9935052168744, 

parameters:
4.103262068723588, -11.698130574307001, 0, 
objectives:
5.138629030318775, -7.274419244575576, 154.683018538162, 

parameters:
1.607534930206017, -82.20162874385085, 0.7972834326461808, 
objectives:
-80.41474362466457, -81.25031648019628, 6759.894653261072, 

parameters:
1.021083796788577, -14.800452655742578, 14.968280102412244, 
objectives:
-28.72612063809065, 1.1261043795795338, 206.12773083252947, 

parameters:
-0.07546902401678324, -75.30167751211702, 18.34996221716702, 
objectives:
-93.64594415569799, -52.644143625296834, 5652.998369495291, 

parameters:
2.7140317720290192, -73.57211368893043, 15.092176987317306, 
objectives:
-81.29832221666476, -57.97009533014622, 5406.12970412917, 

parameters:
1.0707115924329114, -85.97668117904817, 19.687004643293207, 
objectives:
-104.51726250817116, -65.42609959131639, 7374.449125234573, 

parameters:
3.001082201099062, -21.71135258158126, 1.762994714630126, 
objectives:
-14.467852918457794, -18.946192293593793, 479.6263305848587, 

parameters:
2.5661163886506673, -32.54395879472787, 15.865986670512285, 
objectives:
-41.824992145138616, -16.35748435871671, 1050.8282206825347, 

parameters:
2.2697634385103873, -48.61445431774158, 8.042612907488826, 
objectives:
-51.50524115843191, -40.49906909749581, 2361.474381771093, 

parameters:
-0.11837900291708348, -84.20670501792529, 0.8567814657577937, 
objectives:
-85.04947289535144, -78.86239395216752, 7090.926402098457, 

parameters:
2.6782026992121435, -54.77792067411185, 11.021473361210914, 
objectives:
-58.62662433725555, -43.2964884116823, 2997.7718897161462, 

parameters:
1.7860456015338575, -52.612321627263825, 20, 
objectives:
-69.42236273650539, -32.56654514264081, 2752.2463459014116, 

parameters:
-1.7457754085304473, -33.900986123582655, 19.084464118282074, 
objectives:
-49.93771846483508, -0.7856885941491392, 1134.2401278100913, 

parameters:
3.3382847834212894, -41.073544489817486, 15.394699971383863, 
objectives:
-45.32409916597923, -23.88783835689665, 1683.7855022808546, 

parameters:
0.12343155366701031, -14.51379810570376, 20.0, 
objectives:
-34.49856275726311, 9.00771102806885, 191.6655708015707, 

parameters:
3.816638892575852, -19.833234150503003, 3.0464038368865927, 
objectives:
-8.312905551066969, -13.486653447597192, 405.8775054681146, 

parameters:
-0.19674956178873781, 4.469067507129974, 6.788168409889912, 
objectives:
-2.2803905126958774, 16.0829445542389, 14.22310636345907, 

parameters:
1.0208391510673893, -87.46456820548883, 20, 
objectives:
-106.42245563313685, -66.5058122374064, 7632.09280394496, 

parameters:
1.1157805402103615, -69.79069725052528, 20, 
objectives:
-88.54573103661316, -49.0088531974546, 4852.98638892839, 

parameters:
0.5827310970665635, -69.81341277000917, 0, 
objectives:
-69.47383723852076, -67.80476162678701, 4875.252178127167, 

parameters:
1.8863759482545563, -52.90033850955431, 7.990962782786529, 
objectives:
-57.33288707418757, -44.89646530163273, 2795.0132658608013, 

parameters:
-1.1513374050078315, 3.6806606220100804, 7.072686017602218, 
objectives:
-2.0664475754219707, 20.684274079813793, 8.800154416983581, 

parameters:
-0.23672702269944423, -42.89047329433167, 4.043683517682748, 
objectives:
-46.87811712873828, -33.843842002575, 1836.6050555773716, 

parameters:
2.1786443450223834, -25.238287189893654, 11.782732246453302, 
objectives:
-32.27452825424895, -13.423641141431878, 630.9348992151948, 

parameters:
1.9965271054912481, -32.728235449359495, 19.976557553970782, 
objectives:
-48.71867252036901, -12.751665834392444, 1056.1469585577022, 

