Generation 851 at Fri May 24 19:48:10 2019
parameters:
0.05101637681523949, -100, 19.95971668145522, 
objectives:
-119.95711401075187, -76.24174615510238, 9981.042885989249, 

parameters:
2.3422427328409556, 7.0311385946429965, 2.2361357454699005, 
objectives:
10.281103868719365, 9.384404428295342, 53.68687521115466, 

parameters:
-0.09310337269809921, -0.38187417318528993, 20, 
objectives:
-20.37320593517753, 23.999207555614866, -18.84550387784629, 

parameters:
1.9973066371654076, -100, 0, 
objectives:
-96.01076619713501, -99.99999274579665, 10004.989233802866, 

parameters:
2.5661163886506673, -32.54395879472787, 15.865986670512285, 
objectives:
-41.824992145138616, -16.35748435871671, 1050.8282206825347, 

parameters:
0.6043063345824216, -45.95245716031796, 20, 
objectives:
-65.58727101430152, -24.004496352631207, 2092.9935052168744, 

parameters:
1.7860456015338575, -52.612321627263825, 20, 
objectives:
-69.42236273650539, -32.56654514264081, 2752.2463459014116, 

parameters:
3.3382847834212894, -41.073544489817486, 15.394699971383863, 
objectives:
-45.32409916597923, -23.88783835689665, 1683.7855022808546, 

parameters:
0.09999893833816453, 3.723167957905982, 6.8796397390250075, 
objectives:
-3.146471993450265, 14.212811731247092, 7.992339691421554, 

parameters:
-0.09839286006049386, -71.88322251758565, 3.1003335308121085, 
objectives:
-74.97387489348688, -64.37963639162068, 5165.107027136832, 

parameters:
0.459773367975866, -89.4119047116721, 0.0, 
objectives:
-89.20051316177222, -87.03960663367569, 7995.700095719029, 

parameters:
1.0707115924329114, -85.97668117904817, 19.687004643293207, 
objectives:
-104.51726250817116, -65.42609959131639, 7374.449125234573, 

parameters:
2.6782026992121435, -54.77792067411185, 11.021473361210914, 
objectives:
-58.62662433725555, -43.2964884116823, 2997.7718897161462, 

parameters:
-0.08996268372669292, -79.54492968828276, 18.872990174317053, 
objectives:
-98.4098265781365, -56.303995494595625, 6309.530942223994, 

parameters:
4.103262068723588, -11.698130574307001, 0, 
objectives:
5.138629030318775, -7.274419244575576, 154.683018538162, 

parameters:
3.816638892575852, -19.833234150503003, 3.0464038368865927, 
objectives:
-8.312905551066969, -13.486653447597192, 405.8775054681146, 

parameters:
1.021083796788577, -14.800452655742578, 14.968280102412244, 
objectives:
-28.72612063809065, 1.1261043795795338, 206.12773083252947, 

parameters:
-0.7759657308379748, -95.93217390874857, 16.77434417121594, 
objectives:
-112.1043952645296, -71.45184399874582, 9187.809769502599, 

parameters:
-0.07546902401678324, -75.30167751211702, 18.34996221716702, 
objectives:
-93.64594415569799, -52.644143625296834, 5652.998369495291, 

parameters:
-0.23379022901202307, -58.16619645124784, 15.457519573323678, 
objectives:
-73.56905815339002, -37.718858090694575, 3368.903547903015, 

parameters:
0.9287015271232448, -13.100434817194792, 20, 
objectives:
-32.237948290713746, 8.047245600793277, 153.48387892605058, 

parameters:
1.607534930206017, -82.20162874385085, 0.7972834326461808, 
objectives:
-80.41474362466457, -81.25031648019628, 6759.894653261072, 

parameters:
3.001082201099062, -21.71135258158126, 1.762994714630126, 
objectives:
-14.467852918457794, -18.946192293593793, 479.6263305848587, 

parameters:
3.1662441372058554, -22.149483403679913, 18.147029101655434, 
objectives:
-30.271410568944894, -2.6423289144574476, 483.4776878846269, 

parameters:
-0.6274482572339402, -65.70035050965468, 8.391243305227448, 
objectives:
-73.69790249937623, -50.40562285998556, 4309.538505101761, 

parameters:
1.5554497293075975, -96.61451270493097, 0, 
objectives:
-94.1950888445279, -96.41688776175829, 9337.783489071671, 

parameters:
2.7140317720290192, -73.57211368893043, 15.092176987317306, 
objectives:
-81.29832221666476, -57.97009533014622, 5406.12970412917, 

parameters:
0.2695260978560905, -91.8709581687766, 11.56681197696031, 
objectives:
-103.36512582831138, -77.30960626581512, 8429.778787189565, 

parameters:
3.569669815455998, -63.8323237971481, 4.843362615816884, 
objectives:
-55.93314382158732, -56.525097851777545, 4083.4647413195203, 

parameters:
3.743026604428933, -61.39103146360751, 10.27910887127978, 
objectives:
-57.6598921734245, -48.073780848580675, 3773.58988345583, 

parameters:
2.0925551056318, -93.09435461482558, 0.0, 
objectives:
-88.71556774471986, -93.08578816724706, 8671.937648021001, 

parameters:
-0.11837900291708348, -84.20670501792529, 0.8567814657577937, 
objectives:
-85.04947289535144, -78.86239395216752, 7090.926402098457, 

parameters:
0.3250326817227736, -100, 13.65875541236782, 
objectives:
-113.55310916817993, -83.53572907033538, 9987.446890831821, 

parameters:
-0.46582958898735527, -63.74536857905143, 8.934778728881941, 
objectives:
-72.46315010195724, -48.73027428824395, 4055.7542337562113, 

parameters:
3.433522524540513, -95.27800637477458, 0, 
objectives:
-83.48892944824752, -93.22301954640957, 9090.687575678112, 

parameters:
3.2229979519475327, -96.38496875293298, 1.6454117525143788, 
objectives:
-87.64266470718937, -93.24383300995073, 9299.804505549611, 

