Generation 854 at Fri May 24 19:48:10 2019
parameters:
0.05101637681523949, -100, 19.95971668145522, 
objectives:
-119.95711401075187, -76.24174615510238, 9981.042885989249, 

parameters:
2.3422427328409556, 7.0311385946429965, 2.2361357454699005, 
objectives:
10.281103868719365, 9.384404428295342, 53.68687521115466, 

parameters:
-0.09310337269809921, -0.38187417318528993, 20, 
objectives:
-20.37320593517753, 23.999207555614866, -18.84550387784629, 

parameters:
1.9973066371654076, -100, 0, 
objectives:
-96.01076619713501, -99.99999274579665, 10004.989233802866, 

parameters:
2.5501160665953737, -62.12350500704533, 0.828696857955248, 
objectives:
-56.44910991189272, -60.99218046236371, 3866.004269455539, 

parameters:
2.7140317720290192, -73.57211368893043, 15.092176987317306, 
objectives:
-81.29832221666476, -57.97009533014622, 5406.12970412917, 

parameters:
0.459773367975866, -89.4119047116721, 0.0, 
objectives:
-89.20051316177222, -87.03960663367569, 7995.700095719029, 

parameters:
0.09999893833816453, 3.723167957905982, 6.8796397390250075, 
objectives:
-3.146471993450265, 14.212811731247092, 7.992339691421554, 

parameters:
-2.016508669110056, -23.40726936529811, 15.658362826932514, 
objectives:
-34.99932497963461, 8.383435350670638, 537.3082035252869, 

parameters:
0.5216816699089746, -26.283145348711017, 20, 
objectives:
-46.010993583992004, -4.097720263627899, 672.0758811861887, 

parameters:
-0.07546902401678324, -75.30167751211702, 18.34996221716702, 
objectives:
-93.64594415569799, -52.644143625296834, 5652.998369495291, 

parameters:
1.607534930206017, -82.20162874385085, 0.7972834326461808, 
objectives:
-80.41474362466457, -81.25031648019628, 6759.894653261072, 

parameters:
1.0707115924329114, -85.97668117904817, 19.687004643293207, 
objectives:
-104.51726250817116, -65.42609959131639, 7374.449125234573, 

parameters:
-0.08996268372669292, -79.54492968828276, 18.872990174317053, 
objectives:
-98.4098265781365, -56.303995494595625, 6309.530942223994, 

parameters:
-0.7759657308379748, -95.93217390874857, 16.77434417121594, 
objectives:
-112.1043952645296, -71.45184399874582, 9187.809769502599, 

parameters:
0.6043063345824216, -45.95245716031796, 20, 
objectives:
-65.58727101430152, -24.004496352631207, 2092.9935052168744, 

parameters:
4.103262068723588, -11.698130574307001, 0, 
objectives:
5.138629030318775, -7.274419244575576, 154.683018538162, 

parameters:
-1.1498616743127192, -94.12307132250812, 16.659669536724806, 
objectives:
-109.46055898917967, -67.5417732184792, 8844.81506751528, 

parameters:
1.2003745435421092, -98.50006728085451, 5.8921778335476755, 
objectives:
-102.95134606961825, -91.96848857669134, 9698.811975544102, 

parameters:
-0.23379022901202307, -58.16619645124784, 15.457519573323678, 
objectives:
-73.56905815339002, -37.718858090694575, 3368.903547903015, 

parameters:
-1.1986460811276878, -33.698515460717, 11.452504338470902, 
objectives:
-43.714267371385134, -12.014674369932578, 1126.5741923455143, 

parameters:
1.7860456015338575, -52.612321627263825, 20, 
objectives:
-69.42236273650539, -32.56654514264081, 2752.2463459014116, 

parameters:
2.6782026992121435, -54.77792067411185, 11.021473361210914, 
objectives:
-58.62662433725555, -43.2964884116823, 2997.7718897161462, 

parameters:
3.3382847834212894, -41.073544489817486, 15.394699971383863, 
objectives:
-45.32409916597923, -23.88783835689665, 1683.7855022808546, 

parameters:
1.1755010464046345, -51.24799845931179, 15.006417425120226, 
objectives:
-64.87261317433362, -35.56178250971171, 2613.7327313706014, 

parameters:
2.5661163886506673, -32.54395879472787, 15.865986670512285, 
objectives:
-41.824992145138616, -16.35748435871671, 1050.8282206825347, 

parameters:
2.6680088600217466, -24.37408640533494, 5.3621118988920475, 
objectives:
-22.617927027072447, -18.565738669375335, 596.852247472996, 

parameters:
1.5418002986367818, -16.617968277899394, 0, 
objectives:
-14.240820117022924, -16.40802131157005, 279.534017846147, 

parameters:
0.2695260978560905, -91.8709581687766, 11.56681197696031, 
objectives:
-103.36512582831138, -77.30960626581512, 8429.778787189565, 

parameters:
0.5013697535706105, -59.355505079828966, 13.32883240224407, 
objectives:
-72.43296585227758, -43.780780062071884, 3510.998522509153, 

parameters:
3.001082201099062, -21.71135258158126, 1.762994714630126, 
objectives:
-14.467852918457794, -18.946192293593793, 479.6263305848587, 

parameters:
4.120436292515747, -96.50160905571018, 0.9369687172583929, 
objectives:
-80.46058253228765, -91.06839026783385, 9329.601576864547, 

parameters:
1.3471947244189983, -54.14764422965586, 20, 
objectives:
-72.33271060415348, -33.721489501829474, 2914.782309246886, 

