Generation 86 at Fri May 24 19:55:16 2019
parameters:
0, 0.0, 20.0, 
objectives:
-20.0, 24.0, -19.0, 

parameters:
0, 0.0, 20.0, 
objectives:
-20.0, 24.0, -19.0, 

parameters:
1.9739355561194551, 0.0, 20.0, 
objectives:
-16.103578420287377, 20.0006793552348, -15.103578420287377, 

parameters:
1.842663182040502, 0.0, 20.0, 
objectives:
-16.604592397552373, 20.02475487428562, -15.604592397552372, 

parameters:
1.7197440371061095, 0.0, 20.0, 
objectives:
-17.04248044683798, 20.07854340473758, -16.04248044683798, 

parameters:
1.226663426042459, 0.0, 20.0, 
objectives:
-18.49529683920978, 20.598049456620387, -17.49529683920978, 

parameters:
0.24469595387143017, 0.0, 20.0, 
objectives:
-19.94012389015895, 23.08109229435533, -18.94012389015895, 

parameters:
1.342301379963545, 0.0, 20.0, 
objectives:
-18.198227005347963, 20.432567474797857, -17.198227005347963, 

parameters:
0.7132833880218921, 0.0, 20.0, 
objectives:
-19.491226808372012, 21.65563963954042, -18.491226808372012, 

parameters:
1.9262043884348685, 0.0, 20.0, 
objectives:
-16.289736653974256, 20.00544579228627, -15.289736653974254, 

parameters:
0.03637853667684766, 0.0, 20.0, 
objectives:
-19.998676602069253, 23.85580925122336, -18.998676602069253, 

parameters:
1.0004080913784656, 0.0, 20.0, 
objectives:
-18.999183650704495, 20.99918398378164, -17.999183650704495, 

parameters:
1.1402704560602084, 0.0, 20.0, 
objectives:
-18.699783287036244, 20.739134888722923, -17.699783287036244, 

parameters:
0.9090003985163218, 0.0, 20.0, 
objectives:
-19.17371827549717, 21.190280130437543, -18.17371827549717, 

parameters:
1.0722131251075941, 0.0, 20.0, 
objectives:
-18.850359014347006, 20.860788485222617, -17.850359014347006, 

parameters:
1.5318640401232198, 0.0, 20.0, 
objectives:
-17.653392562577366, 20.219151276929754, -16.653392562577366, 

parameters:
1.6647964026064777, 0.0, 20.0, 
objectives:
-17.228452937868532, 20.11236145170556, -16.228452937868532, 

parameters:
0.8063501577973693, 0.0, 20.0, 
objectives:
-19.34979942302016, 21.424799945790365, -18.34979942302016, 

parameters:
1.464450406078044, 0.0, 20.0, 
objectives:
-17.85538500813785, 20.28681336754997, -16.85538500813785, 

parameters:
0.5617692973005333, 0.0, 20.0, 
objectives:
-19.684415256610464, 22.068507554187402, -18.684415256610464, 

parameters:
1.6171364296206021, 0.0, 20.0, 
objectives:
-17.38486976799393, 20.14658451352366, -16.38486976799393, 

parameters:
0.38237488759232025, 0.0, 20.0, 
objectives:
-19.853789445338762, 22.616711004291957, -18.853789445338762, 

parameters:
0.301241564022036, 0.0, 20.0, 
objectives:
-19.90925352010556, 22.8857802238063, -18.90925352010556, 

parameters:
1.57606127737703, 0.0, 20.0, 
objectives:
-17.516030849952685, 20.179724040539195, -16.516030849952685, 

parameters:
0.6113605163368369, 0.0, 20.0, 
objectives:
-19.626238319064356, 21.928319615588297, -18.626238319064356, 

parameters:
0.46874009630863156, 0.0, 20.0, 
objectives:
-19.780282722112574, 22.3447568926529, -18.780282722112574, 

parameters:
0.8377714646507384, 0.0, 20.0, 
objectives:
-19.298138973016957, 21.35077516838009, -18.298138973016957, 

parameters:
1.3913854431328436, 0.0, 20.0, 
objectives:
-18.06404654863802, 20.370411678830607, -17.06404654863802, 

parameters:
0.4386328669079946, 0.0, 20.0, 
objectives:
-19.807601208068075, 22.437867324299948, -18.807601208068075, 

parameters:
1.4195208342879009, 0.0, 20.0, 
objectives:
-17.984960601022582, 20.336956061825816, -16.984960601022582, 

parameters:
1.439276063094381, 0.0, 20.0, 
objectives:
-17.928484414203538, 20.314411333418935, -16.928484414203538, 

parameters:
0.597359404525414, 0.0, 20.0, 
objectives:
-19.643161741825043, 21.9674006400733, -18.643161741825043, 

parameters:
0, 0.0, 20.0, 
objectives:
-20.0, 24.0, -19.0, 

