Generation 863 at Fri May 24 19:48:10 2019
parameters:
0.05101637681523949, -100, 19.95971668145522, 
objectives:
-119.95711401075187, -76.24174615510238, 9981.042885989249, 

parameters:
4.103262068723588, -11.698130574307001, 0, 
objectives:
5.138629030318775, -7.274419244575576, 154.683018538162, 

parameters:
-3.1584769916055464, -21.933622117715654, 19.72000018404341, 
objectives:
-31.677645395257443, 24.396262939251564, 472.3397559252036, 

parameters:
-0.09310337269809921, -0.38187417318528993, 20, 
objectives:
-20.37320593517753, 23.999207555614866, -18.84550387784629, 

parameters:
1.9973066371654076, -100, 0, 
objectives:
-96.01076619713501, -99.99999274579665, 10004.989233802866, 

parameters:
0.6043063345824216, -45.95245716031796, 20, 
objectives:
-65.58727101430152, -24.004496352631207, 2092.9935052168744, 

parameters:
2.5661163886506673, -32.54395879472787, 15.865986670512285, 
objectives:
-41.824992145138616, -16.35748435871671, 1050.8282206825347, 

parameters:
1.3206173675694255, -6.997546825775563, 5.621852691565341, 
objectives:
-10.875369285814905, -0.9141333729619259, 46.087839118882314, 

parameters:
-0.23379022901202307, -58.16619645124784, 15.457519573323678, 
objectives:
-73.56905815339002, -37.718858090694575, 3368.903547903015, 

parameters:
2.5501160665953737, -62.12350500704533, 0.828696857955248, 
objectives:
-56.44910991189272, -60.99218046236371, 3866.004269455539, 

parameters:
1.7860456015338575, -52.612321627263825, 20, 
objectives:
-69.42236273650539, -32.56654514264081, 2752.2463459014116, 

parameters:
4.0355808369707775, -68.82070153959394, 8.48357064064172, 
objectives:
-61.0183594885099, -56.193541555109576, 4745.091302452951, 

parameters:
3.8729409573410054, -51.49822740789419, 1.6782740721302538, 
objectives:
-38.17682982097499, -46.31204550607849, 2666.388823742104, 

parameters:
-2.206115038370273, -90.95734463120348, 19.851703067947998, 
objectives:
-105.942104136628, -53.41423784725093, 8259.253782854095, 

parameters:
-0.7759657308379748, -95.93217390874857, 16.77434417121594, 
objectives:
-112.1043952645296, -71.45184399874582, 9187.809769502599, 

parameters:
-0.14692359100532704, -75.48312647273362, 0, 
objectives:
-75.46153993113971, -70.87384556711841, 5698.723968640293, 

parameters:
-0.08996268372669292, -79.54492968828276, 18.872990174317053, 
objectives:
-98.4098265781365, -56.303995494595625, 6309.530942223994, 

parameters:
0.459773367975866, -89.4119047116721, 0.0, 
objectives:
-89.20051316177222, -87.03960663367569, 7995.700095719029, 

parameters:
1.2003745435421092, -98.50006728085451, 5.8921778335476755, 
objectives:
-102.95134606961825, -91.96848857669134, 9698.811975544102, 

parameters:
0.5592719364457599, -31.196866046647585, 18.908284927406623, 
objectives:
-49.79236587515842, -10.212883766128211, 955.6489513039621, 

parameters:
2.7140317720290192, -73.57211368893043, 15.092176987317306, 
objectives:
-81.29832221666476, -57.97009533014622, 5406.12970412917, 

parameters:
1.140950080517385, -12.621281777468939, 15.301057580962036, 
objectives:
-26.620572272198345, 3.417742567656184, 146.29746321154008, 

parameters:
4.063894408083704, -69.38804792997983, 0.72890723452538, 
objectives:
-53.601717404451215, -64.39948056773527, 4831.487526058708, 

parameters:
4.714765973878771, -59.34389167836957, 6.16831001045478, 
objectives:
-43.283183500379316, -45.80562737498484, 3538.758187712052, 

parameters:
0.5216816699089746, -26.283145348711017, 20, 
objectives:
-46.010993583992004, -4.097720263627899, 672.0758811861887, 

parameters:
1.607534930206017, -82.20162874385085, 0.7972834326461808, 
objectives:
-80.41474362466457, -81.25031648019628, 6759.894653261072, 

parameters:
-1.1498616743127192, -94.12307132250812, 16.659669536724806, 
objectives:
-109.46055898917967, -67.5417732184792, 8844.81506751528, 

parameters:
0.49406214588914477, -7.424524128278675, 14.349197736526333, 
objectives:
-21.52962446080442, 9.192522428691667, 42.01845819886646, 

parameters:
2.4558395283305345, -96.82717415054944, 1.9257472710388526, 
objectives:
-92.72177363267755, -94.69363720392198, 9380.6070544987, 

parameters:
-0.5252069139357518, -11.08373885877688, 20.0, 
objectives:
-30.807896556330963, 15.292931099412044, 104.12510939200652, 

parameters:
1.7697505518383294, -3.196885883505042, 16.843705248311093, 
objectives:
-16.90857411608406, 13.699834173184804, -2.4916088804252077, 

parameters:
0.537748912557382, -31.52252154517477, 2.93570767487092, 
objectives:
-34.16905532708904, -26.44863562757673, 992.0228307840932, 

parameters:
-1.2112865280930545, -92.94829473133163, 0.0, 
objectives:
-91.4810796781919, -82.63593356581968, 8641.852708515631, 

parameters:
1.0707115924329114, -85.97668117904817, 19.687004643293207, 
objectives:
-104.51726250817116, -65.42609959131639, 7374.449125234573, 

parameters:
0.870968419680141, -84.8523157008678, 1.4292524191626406, 
objectives:
-85.52298213195031, -82.14835097234561, 7200.244813368655, 

parameters:
0.3157877453665068, -84.94476274362033, 1.5506676304994915, 
objectives:
-86.39570847399615, -80.55752419446321, 7215.161771839573, 

parameters:
0.7663145883580863, -96.83065182742219, 8.682125754035104, 
objectives:
-104.92553953312687, -86.62654637848901, 9369.080245617755, 

