Generation 866 at Fri May 24 19:48:10 2019
parameters:
4.103262068723588, -11.698130574307001, 0, 
objectives:
5.138629030318775, -7.274419244575576, 154.683018538162, 

parameters:
0.05101637681523949, -100, 19.95971668145522, 
objectives:
-119.95711401075187, -76.24174615510238, 9981.042885989249, 

parameters:
-1.335488188114326, -5.414925819254146, 19.537397667134087, 
objectives:
-23.16879478579535, 25.247953300930128, 12.56755266148398, 

parameters:
-0.09310337269809921, -0.38187417318528993, 20, 
objectives:
-20.37320593517753, 23.999207555614866, -18.84550387784629, 

parameters:
1.9973066371654076, -100, 0, 
objectives:
-96.01076619713501, -99.99999274579665, 10004.989233802866, 

parameters:
0.6043063345824216, -45.95245716031796, 20, 
objectives:
-65.58727101430152, -24.004496352631207, 2092.9935052168744, 

parameters:
-0.7759657308379748, -95.93217390874857, 16.77434417121594, 
objectives:
-112.1043952645296, -71.45184399874582, 9187.809769502599, 

parameters:
1.4810857468771315, -92.1423509033676, 0.0, 
objectives:
-89.948735913765, -91.87307890127353, 8493.40644498893, 

parameters:
-2.206115038370273, -90.95734463120348, 19.851703067947998, 
objectives:
-105.942104136628, -53.41423784725093, 8259.253782854095, 

parameters:
-0.08996268372669292, -79.54492968828276, 18.872990174317053, 
objectives:
-98.4098265781365, -56.303995494595625, 6309.530942223994, 

parameters:
2.5661163886506673, -32.54395879472787, 15.865986670512285, 
objectives:
-41.824992145138616, -16.35748435871671, 1050.8282206825347, 

parameters:
0.6331322591597859, -38.64539846458161, 14.570710175456998, 
objectives:
-52.81525218244984, -22.20636086817498, 1480.2969687684185, 

parameters:
3.8465438486795698, -26.567242809739017, 0.0, 
objectives:
-11.77134322992438, -23.15751862464266, 721.6142900914442, 

parameters:
-0.5193453776820469, -85.16530504259624, 0, 
objectives:
-84.89558542127654, -78.81820391054835, 7254.398902619789, 

parameters:
0.5592719364457599, -31.196866046647585, 18.908284927406623, 
objectives:
-49.79236587515842, -10.212883766128211, 955.6489513039621, 

parameters:
1.8526388797779638, -56.82735465753558, 20, 
objectives:
-73.39508383867063, -36.80563935778249, 3213.780508192196, 

parameters:
1.2369679112324563, 0.5152553150061845, 10.910902590534558, 
objectives:
-8.865557662109588, 12.008375874029703, -8.11532493747365, 

parameters:
-1.1498616743127192, -94.12307132250812, 16.659669536724806, 
objectives:
-109.46055898917967, -67.5417732184792, 8844.81506751528, 

parameters:
2.5501160665953737, -62.12350500704533, 0.828696857955248, 
objectives:
-56.44910991189272, -60.99218046236371, 3866.004269455539, 

parameters:
-0.5252069139357518, -11.08373885877688, 20.0, 
objectives:
-30.807896556330963, 15.292931099412044, 104.12510939200652, 

parameters:
1.607534930206017, -82.20162874385085, 0.7972834326461808, 
objectives:
-80.41474362466457, -81.25031648019628, 6759.894653261072, 

parameters:
1.140950080517385, -12.621281777468939, 15.301057580962036, 
objectives:
-26.620572272198345, 3.417742567656184, 146.29746321154008, 

parameters:
3.8729409573410054, -51.49822740789419, 1.6782740721302538, 
objectives:
-38.17682982097499, -46.31204550607849, 2666.388823742104, 

parameters:
0.3044726040094108, -68.54627407010304, 0.46857050166576597, 
objectives:
-68.92214100517653, -65.20289041788264, 4699.215821958607, 

parameters:
-1.7827739613241462, -72.59608142604088, 11.492189025205839, 
objectives:
-80.90998745407134, -46.79451355836307, 5262.8771323883275, 

parameters:
0.459773367975866, -89.4119047116721, 0.0, 
objectives:
-89.20051316177222, -87.03960663367569, 7995.700095719029, 

parameters:
-0.14692359100532704, -75.48312647273362, 0, 
objectives:
-75.46153993113971, -70.87384556711841, 5698.723968640293, 

parameters:
1.7860456015338575, -52.612321627263825, 20, 
objectives:
-69.42236273650539, -32.56654514264081, 2752.2463459014116, 

parameters:
1.715029932027722, -75.95790351947859, 0.0, 
objectives:
-73.01657585172758, -75.87669557983847, 5773.54443474217, 

parameters:
-2.8697533280041894, -30.65991322715885, 14.177855033758926, 
objectives:
-36.60228409732665, 7.232439282207954, 935.0879082267423, 

parameters:
2.466953198429655, -87.5031454315907, 0.3358092777248123, 
objectives:
-81.7530966260732, -86.9492908643422, 7663.550509227629, 

parameters:
4.187858979946947, -44.5896798838896, 0, 
objectives:
-27.05151704796732, -39.802952967755104, 2006.7777149836713, 

parameters:
0.8742414462817485, -33.94299924195361, 0, 
objectives:
-33.17870113555681, -32.675666920683796, 1153.89149564566, 

parameters:
-0.19183479575932783, -66.10253902249924, 3.7102597096806345, 
objectives:
-69.77599814331585, -57.588139540917275, 4366.872206100218, 

parameters:
1.051491186806032, -63.29932506670465, 19.94667165659176, 
objectives:
-82.14036300736565, -42.45298444140626, 3988.9635159596824, 

parameters:
-0.5048698073337068, -70.34809036083865, 3.8000891100684773, 
objectives:
-73.89328594854996, -60.27362849907818, 4946.308621829009, 

parameters:
0.7281894385997187, -61.99400345221474, 19.91520324189616, 
objectives:
-81.37894683562273, -40.46129810622928, 3824.8715206498055, 

parameters:
4.26454227217369, -82.34990185736399, 19.283925308655938, 
objectives:
-83.4475063748636, -57.93782484624647, 6781.408731399982, 

parameters:
1.7622527123463154, -6.190673797861152, 17.632088574266604, 
objectives:
-20.71722774995581, 11.497938549192135, 24.797888119429956, 

