Generation 869 at Fri May 24 19:48:10 2019
parameters:
0.05101637681523949, -100, 19.95971668145522, 
objectives:
-119.95711401075187, -76.24174615510238, 9981.042885989249, 

parameters:
4.103262068723588, -11.698130574307001, 0, 
objectives:
5.138629030318775, -7.274419244575576, 154.683018538162, 

parameters:
-1.335488188114326, -5.414925819254146, 19.537397667134087, 
objectives:
-23.16879478579535, 25.247953300930128, 12.56755266148398, 

parameters:
-0.09310337269809921, -0.38187417318528993, 20, 
objectives:
-20.37320593517753, 23.999207555614866, -18.84550387784629, 

parameters:
1.9973066371654076, -100, 0, 
objectives:
-96.01076619713501, -99.99999274579665, 10004.989233802866, 

parameters:
-0.7759657308379748, -95.93217390874857, 16.77434417121594, 
objectives:
-112.1043952645296, -71.45184399874582, 9187.809769502599, 

parameters:
1.2369679112324563, 0.5152553150061845, 10.910902590534558, 
objectives:
-8.865557662109588, 12.008375874029703, -8.11532493747365, 

parameters:
0.019540558060891777, -93.32280022001623, 0, 
objectives:
-93.3224183866069, -89.40058061885047, 8710.145422738471, 

parameters:
-2.206115038370273, -90.95734463120348, 19.851703067947998, 
objectives:
-105.942104136628, -53.41423784725093, 8259.253782854095, 

parameters:
2.5501160665953737, -62.12350500704533, 0.828696857955248, 
objectives:
-56.44910991189272, -60.99218046236371, 3866.004269455539, 

parameters:
-0.08996268372669292, -79.54492968828276, 18.872990174317053, 
objectives:
-98.4098265781365, -56.303995494595625, 6309.530942223994, 

parameters:
0.6331322591597859, -38.64539846458161, 14.570710175456998, 
objectives:
-52.81525218244984, -22.20636086817498, 1480.2969687684185, 

parameters:
0.6043063345824216, -45.95245716031796, 20, 
objectives:
-65.58727101430152, -24.004496352631207, 2092.9935052168744, 

parameters:
-2.5379323933115456, -66.17019990943166, 20, 
objectives:
-79.72909907641159, -25.577369503165407, 4365.93645688717, 

parameters:
0.459773367975866, -89.4119047116721, 0.0, 
objectives:
-89.20051316177222, -87.03960663367569, 7995.700095719029, 

parameters:
-1.0491785235058142, -15.281869054813564, 1.6723382508910576, 
objectives:
-15.85343173151878, -4.312041135713409, 233.9639591317632, 

parameters:
0.5592719364457599, -31.196866046647585, 18.908284927406623, 
objectives:
-49.79236587515842, -10.212883766128211, 955.6489513039621, 

parameters:
1.8526388797779638, -56.82735465753558, 20, 
objectives:
-73.39508383867063, -36.80563935778249, 3213.780508192196, 

parameters:
-0.5252069139357518, -11.08373885877688, 20.0, 
objectives:
-30.807896556330963, 15.292931099412044, 104.12510939200652, 

parameters:
4.514524983262156, -18.792095656649224, 0.0, 
objectives:
1.5888401678489465, -12.469259765199677, 374.5237949931528, 

parameters:
4.85327684295379, -79.04916330305812, 20, 
objectives:
-75.49486718870662, -50.90797456052178, 6253.324515027903, 

parameters:
-1.7827739613241462, -72.59608142604088, 11.492189025205839, 
objectives:
-80.90998745407134, -46.79451355836307, 5262.8771323883275, 

parameters:
-0.710123891351055, -72.21965577408051, 20, 
objectives:
-91.71537983301295, -44.87488426760872, 5197.182956067747, 

parameters:
3.874561445788581, -48.067436909421744, 9.784549906226502, 
objectives:
-42.83976041845695, -34.76890638915827, 2316.7061675322047, 

parameters:
0.3044726040094108, -68.54627407010304, 0.46857050166576597, 
objectives:
-68.92214100517653, -65.20289041788264, 4699.215821958607, 

parameters:
2.5661163886506673, -32.54395879472787, 15.865986670512285, 
objectives:
-41.824992145138616, -16.35748435871671, 1050.8282206825347, 

parameters:
-0.0005030543780097929, -20.438511263358354, 19.635761074907833, 
objectives:
-40.07427208520248, 3.1992622821252255, 399.0969818405822, 

parameters:
-3.2434268449750183, -84.6667575727457, 0.0, 
objectives:
-74.1469398740411, -57.17323249414102, 7179.979655580794, 

parameters:
-1.256779998456766, -86.67133353630551, 9.957273762838293, 
objectives:
-95.04911133462282, -66.10744381511915, 7504.542279163198, 

parameters:
-0.5193453776820469, -85.16530504259624, 0, 
objectives:
-84.89558542127654, -78.81820391054835, 7254.398902619789, 

parameters:
0.21823244762889615, -98.9065732209755, 13.484866183917404, 
objectives:
-112.3438140036948, -82.24701142637558, 9770.072985533468, 

parameters:
1.0908277613751163, -16.8684691544857, 20.0, 
objectives:
-35.67856394949905, 3.9581250050004826, 266.7351568208222, 

parameters:
0.1508520253151322, -56.68585845045839, 1.2709213965433188, 
objectives:
-57.93402351346003, -51.99558882163392, 3213.038383202403, 

parameters:
1.7860456015338575, -52.612321627263825, 20, 
objectives:
-69.42236273650539, -32.56654514264081, 2752.2463459014116, 

parameters:
1.453259943543519, -99.8247093769423, 17.54487313568363, 
objectives:
-115.25761804911781, -81.98091155192463, 9950.539693518815, 

parameters:
0.7707432030701544, -52.70686037064002, 2.0186147155727623, 
objectives:
-54.13143000113394, -49.17717338226904, 2777.5885604996497, 

parameters:
3.8729409573410054, -51.49822740789419, 1.6782740721302538, 
objectives:
-38.17682982097499, -46.31204550607849, 2666.388823742104, 

parameters:
1.140950080517385, -12.621281777468939, 15.301057580962036, 
objectives:
-26.620572272198345, 3.417742567656184, 146.29746321154008, 

