[!]Generation 87 at Sun May 26 02:43:07 2019
size of front generated: 54
[!!!]Points in the front:
parameters:
0, 0.0, 20.0, 
objectives:
-20.0, 24.0, -19.0, 

parameters:
0, 0, 20.0, 
objectives:
-20.0, 24.0, -19.0, 

parameters:
1.9897451504022683, 5.2048723696528845e-06, 20.0, 
objectives:
-16.040909031578284, 20.000110366812642, -15.040909031578286, 

parameters:
0.6738927084668658, 0, 20.0, 
objectives:
-19.545868617475193, 21.758560548657346, -18.545868617475193, 

parameters:
1.266477208612035, 4.246184815092365e-05, 20.0, 
objectives:
-18.395993018218117, 20.53809814733374, -17.395993018218117, 

parameters:
1.8656198288358807, 4.818759509226702e-07, 20.0, 
objectives:
-16.51946217237843, 20.01805851227805, -15.519462172378429, 

parameters:
0.5714540721489403, 0, 20.0, 
objectives:
-19.673440243424395, 22.040743467979844, -18.673440243424395, 

parameters:
1.7988894979094006, 0.0011046344056344238, 20.0, 
objectives:
-16.76289193990563, 20.04155006845677, -15.76289193990563, 

parameters:
1.5805552301011758, 0, 20.0, 
objectives:
-17.501845164599818, 20.17593391499548, -16.501845164599818, 

parameters:
1.6488883441079905, 0.00046117648352628617, 20.0, 
objectives:
-17.280706052181284, 20.123740571386755, -16.280706052181284, 

parameters:
0.9411205003413092, 2.1644948507472985e-07, 20.0, 
objectives:
-19.114291987387837, 21.121226011246925, -18.114291987387837, 

parameters:
1.9435314488485338, 0.0004593179506116744, 20.0, 
objectives:
-16.222226189386106, 20.003648015219756, -15.222226189386106, 

parameters:
1.9088676896490926, 0.00010050829306632032, 20.0, 
objectives:
-16.356123635120667, 20.00840560628296, -15.35612363512067, 

parameters:
1.0886472508413292, 4.576678184770219e-05, 20.0, 
objectives:
-18.814801396453767, 20.830609600180914, -17.814801396453767, 

parameters:
0.9939291771250645, 1.7597841675555006e-06, 20.0, 
objectives:
-19.012103031075323, 21.01218026042442, -18.012103031075323, 

parameters:
1.7130658961674765, 0.0014622846149302383, 20.0, 
objectives:
-17.06394295077299, 20.083793464557104, -16.06394295077299, 

parameters:
1.4189142458374058, 4.273345751151339e-05, 20.0, 
objectives:
-17.986639629502154, 20.337703387148224, -16.986639629502154, 

parameters:
0.10616654055965762, 0.0, 20.0, 
objectives:
-19.988728665665594, 23.586605172095773, -18.988728665665594, 

parameters:
0.5157513054167697, 0, 20.0, 
objectives:
-19.734000590960896, 22.202994187372024, -18.734000590960896, 

parameters:
0.8662904148876339, 2.6539183655187714e-06, 20.0, 
objectives:
-19.249538263155447, 21.285300077294018, -18.249538263155447, 

parameters:
1.2062166793679616, 0, 20.0, 
objectives:
-18.545041322414527, 20.630091960113624, -17.545041322414527, 

parameters:
1.3665774486668625, 2.2387994795894383e-05, 20.0, 
objectives:
-18.13244368880037, 20.401246516532176, -17.13244368880037, 

parameters:
0.7407431206306273, 4.928004646650012e-09, 20.0, 
objectives:
-19.451299624310394, 21.585727893167096, -18.451299624310394, 

parameters:
1.3386899967167316, 0.0, 20.0, 
objectives:
-18.207909092690556, 20.437330920442516, -17.207909092690556, 

parameters:
0.15274001112218677, 0, 20.0, 
objectives:
-19.976670489002395, 23.41236946650886, -18.976670489002395, 

parameters:
1.6741247214309092, 4.265888492717635e-06, 20.0, 
objectives:
-17.19730215120539, 20.106198963070977, -16.19730215120539, 

parameters:
1.1434029539068833, 7.99843326399184e-09, 20.0, 
objectives:
-18.692629676998582, 20.733758507373885, -17.692629676998582, 

parameters:
1.4779275817672537, 0.0, 20.0, 
objectives:
-17.815730063051596, 20.272559609879387, -16.815730063051596, 

parameters:
1.5399148747084581, 0, 20.0, 
objectives:
-17.628662178651634, 20.211678322514533, -16.628662178651634, 

parameters:
1.5190481991293663, 7.161684919849622e-05, 20.0, 
objectives:
-17.69242095187263, 20.231386251609905, -16.69242095187263, 

parameters:
0.8843492016319247, 3.450255677067122e-05, 20.0, 
objectives:
-19.217891987016205, 21.244711206456095, -18.217891987016205, 

parameters:
0.24892831816200864, 9.069822604367363e-07, 20.0, 
objectives:
-19.938033785434772, 23.066252941917192, -18.938033785434772, 

parameters:
0.3299566044692025, 0, 20.0, 
objectives:
-19.891128639167153, 22.789044942956036, -18.891128639167153, 

parameters:
0.7931550458513412, 1.4826743316020189e-05, 20.0, 
objectives:
-19.37089024649724, 21.456489570097393, -18.37089024649724, 

parameters:
1.45261003599569, 5.370092224303683e-06, 20.0, 
objectives:
-17.889918713232376, 20.299641142784864, -16.889918713232376, 

parameters:
0.4666777162402703, 5.714364507200019e-06, 20.0, 
objectives:
-19.78220619480026, 22.351082940238662, -18.78220619480026, 

parameters:
1.7532169149280663, 4.01946343396199e-07, 20.0, 
objectives:
-16.926230047263772, 20.060902293023965, -15.926230047263768, 

parameters:
0.2815624851729786, 7.148580600898591e-06, 20.0, 
objectives:
-19.920715418362615, 22.95303464094547, -18.920715418362615, 

parameters:
0.3717503523304614, 1.2067400391656804e-05, 20.0, 
objectives:
-19.861789608141788, 22.651208982536367, -18.861789608141788, 

parameters:
1.761960536168678, 3.898572928567945e-06, 20.0, 
objectives:
-16.895491170411255, 20.05666668491403, -15.895491170411255, 

parameters:
1.0398266975769255, 2.6895429113228442e-06, 20.0, 
objectives:
-18.918757749463353, 20.921935460228944, -17.918757749463353, 

parameters:
1.0454159423539204, 0.0, 20.0, 
objectives:
-18.907105507472263, 20.911230723112055, -17.907105507472266, 

parameters:
0.7683100600396259, 6.992594712856062e-06, 20.0, 
objectives:
-19.409692659047195, 21.517067100794304, -18.409692659047195, 

parameters:
1.163867185152418, 3.626060291133573e-05, 20.0, 
objectives:
-18.645376914722476, 20.699154344667853, -17.645376914722476, 

parameters:
1.186390405597222, 2.422001442481108e-05, 20.0, 
objectives:
-18.592453585492436, 20.661984792118677, -17.592453585492436, 

parameters:
0.4051110710995971, 0, 20.0, 
objectives:
-19.83588502007254, 22.543670695529073, -18.83588502007254, 

parameters:
0.13633838721213118, 0, 20.0, 
objectives:
-19.981411844172396, 23.47323460697908, -18.981411844172396, 

parameters:
1.3429855489942808, 1.9168103690043832e-05, 20.0, 
objectives:
-18.19637064708884, 20.431687156934036, -17.19637064708884, 

parameters:
0.42593930272333064, 0, 20.0, 
objectives:
-19.818575710395564, 22.477667078711114, -18.818575710395564, 

parameters:
0.25134022460477856, 0, 20.0, 
objectives:
-19.93682809149562, 23.057811010085267, -18.93682809149562, 

parameters:
0.7925931004332666, 0.0, 20.0, 
objectives:
-19.371796177145583, 21.45783142112135, -18.371796177145583, 

parameters:
0.44108086175355143, 0.0, 20.0, 
objectives:
-19.805447673394745, 22.43022887959105, -18.805447673394745, 

parameters:
0.44046328545720415, 0.0, 20.0, 
objectives:
-19.805992094164246, 22.43215476400694, -18.805992094164246, 

parameters:
0, 0, 20.0, 
objectives:
-20.0, 24.0, -19.0, 

size of all points: 80
[!!!]All points:
0, 0, 20.0, -20.0, 24.0, -19.0, 

0, 0, 20.0, -20.0, 24.0, -19.0, 

1.9897451504022683, 5.2048723696528845e-06, 20.0, -16.040909031578284, 20.000110366812642, -15.040909031578286, 

1.3386899967167316, 0.0, 20.0, -18.207909092690556, 20.437330920442516, -17.207909092690556, 

1.4189142458374058, 4.273345751151339e-05, 20.0, -17.986639629502154, 20.337703387148224, -16.986639629502154, 

1.266477208612035, 4.246184815092365e-05, 20.0, -18.395993018218117, 20.53809814733374, -17.395993018218117, 

1.8656198288358807, 4.818759509226702e-07, 20.0, -16.51946217237843, 20.01805851227805, -15.519462172378429, 

0.5714540721489403, 0, 20.0, -19.673440243424395, 22.040743467979844, -18.673440243424395, 

1.5805552301011758, 0, 20.0, -17.501845164599818, 20.17593391499548, -16.501845164599818, 

0.6738927084668658, 0, 20.0, -19.545868617475193, 21.758560548657346, -18.545868617475193, 

1.4779275817672537, 0.0, 20.0, -17.815730063051596, 20.272559609879387, -16.815730063051596, 

0.9411205003413092, 2.1644948507472985e-07, 20.0, -19.114291987387837, 21.121226011246925, -18.114291987387837, 

1.9435314488485338, 0.0004593179506116744, 20.0, -16.222226189386106, 20.003648015219756, -15.222226189386106, 

1.0886472508413292, 4.576678184770219e-05, 20.0, -18.814801396453767, 20.830609600180914, -17.814801396453767, 

1.1434029539068833, 7.99843326399184e-09, 20.0, -18.692629676998582, 20.733758507373885, -17.692629676998582, 

1.9088676896490926, 0.00010050829306632032, 20.0, -16.356123635120667, 20.00840560628296, -15.35612363512067, 

1.7130658961674765, 0.0014622846149302383, 20.0, -17.06394295077299, 20.083793464557104, -16.06394295077299, 

1.7988894979094006, 0.0011046344056344238, 20.0, -16.76289193990563, 20.04155006845677, -15.76289193990563, 

0.24892831816200864, 9.069822604367363e-07, 20.0, -19.938033785434772, 23.066252941917192, -18.938033785434772, 

0.10616654055965762, 0.0, 20.0, -19.988728665665594, 23.586605172095773, -18.988728665665594, 

0.9939291771250645, 1.7597841675555006e-06, 20.0, -19.012103031075323, 21.01218026042442, -18.012103031075323, 

0.5157513054167697, 0, 20.0, -19.734000590960896, 22.202994187372024, -18.734000590960896, 

0.3717503523304614, 1.2067400391656804e-05, 20.0, -19.861789608141788, 22.651208982536367, -18.861789608141788, 

0.8662904148876339, 2.6539183655187714e-06, 20.0, -19.249538263155447, 21.285300077294018, -18.249538263155447, 

1.2062166793679616, 0, 20.0, -18.545041322414527, 20.630091960113624, -17.545041322414527, 

1.6488883441079905, 0.00046117648352628617, 20.0, -17.280706052181284, 20.123740571386755, -16.280706052181284, 

0.7925931004332666, 0.0, 20.0, -19.371796177145583, 21.45783142112135, -18.371796177145583, 

0.15274001112218677, 0, 20.0, -19.976670489002395, 23.41236946650886, -18.976670489002395, 

1.6741247214309092, 4.265888492717635e-06, 20.0, -17.19730215120539, 20.106198963070977, -16.19730215120539, 

0.44046328545720415, 0.0, 20.0, -19.805992094164246, 22.43215476400694, -18.805992094164246, 

0.8843492016319247, 3.450255677067122e-05, 20.0, -19.217891987016205, 21.244711206456095, -18.217891987016205, 

1.5190481991293663, 7.161684919849622e-05, 20.0, -17.69242095187263, 20.231386251609905, -16.69242095187263, 

0.3299566044692025, 0, 20.0, -19.891128639167153, 22.789044942956036, -18.891128639167153, 

1.186390405597222, 2.422001442481108e-05, 20.0, -18.592453585492436, 20.661984792118677, -17.592453585492436, 

0.4666777162402703, 5.714364507200019e-06, 20.0, -19.78220619480026, 22.351082940238662, -18.78220619480026, 

0.2815624851729786, 7.148580600898591e-06, 20.0, -19.920715418362615, 22.95303464094547, -18.920715418362615, 

1.7532169149280663, 4.01946343396199e-07, 20.0, -16.926230047263772, 20.060902293023965, -15.926230047263768, 

1.0398266975769255, 2.6895429113228442e-06, 20.0, -18.918757749463353, 20.921935460228944, -17.918757749463353, 

1.5399148747084581, 0, 20.0, -17.628662178651634, 20.211678322514533, -16.628662178651634, 

1.761960536168678, 3.898572928567945e-06, 20.0, -16.895491170411255, 20.05666668491403, -15.895491170411255, 

2.652893391162009, 3.436639474552402e-05, 20.0, -12.96212228873419, 20.426304146617774, -11.962122288734191, 

0.7683100600396259, 6.992594712856062e-06, 20.0, -19.409692659047195, 21.517067100794304, -18.409692659047195, 

11.975617164661484, 17.465208342919013, 20.0, 140.88061481745376, 136.97814615880785, 141.88061481745376, 

0.13633838721213118, 0, 20.0, -19.981411844172396, 23.47323460697908, -18.981411844172396, 

0.7931550458513412, 1.4826743316020189e-05, 20.0, -19.37089024649724, 21.456489570097393, -18.37089024649724, 

5.554721701575386, 2.0555225641010567e-06, 20.0, 10.854935237475118, 32.63604843117357, 11.854935237475118, 

9.429138151103821, 12.70716304892509, 20.0, 81.61580932152668, 87.8992567171114, 82.61580932152668, 

0.6135602057465757, 34.48912639937994, 20.0, 14.865582525455721, 56.41134170246942, 15.865582525455721, 

1.163867185152418, 3.626060291133573e-05, 20.0, -18.645376914722476, 20.699154344667853, -17.645376914722476, 

0.4051110710995971, 0, 20.0, -19.83588502007254, 22.543670695529073, -18.83588502007254, 

1.45261003599569, 5.370092224303683e-06, 20.0, -17.889918713232376, 20.299641142784864, -16.889918713232376, 

16.636724186563907, 0, 20.0, 256.7805916598005, 234.23369491354487, 257.7805916598005, 

2.279143951810024, 29.982139443900437, 20.0, 15.17663659697265, 50.06006078973255, 16.17663659697265, 

0.13398157970540556, 54.443401883611095, 20.0, 34.461352947311454, 77.92542662848983, 35.461352947311454, 

1.0654047897037544, 14.85049226251045, 20.0, -4.0144203715658495, 35.72396046961913, -3.0144203715658477, 

5.109895768470321, 5.442175379454355, 20.0, 11.553210144085249, 35.11362707020396, 12.553210144085249, 

0.7407431206306273, 4.928004646650012e-09, 20.0, -19.451299624310394, 21.585727893167096, -18.451299624310394, 

0.22002349215414632, 15.807931203563594, 20.0, -4.1436584593367005, 38.97624757204672, -3.1436584593366987, 

1.3429855489942808, 1.9168103690043832e-05, 20.0, -18.19637064708884, 20.431687156934036, -17.19637064708884, 

1.1336976355089428, 10.466393258072308, 20.0, -8.248336413169124, 31.216873044795104, -7.248336413169124, 

1.0454159423539204, 0.0, 20.0, -18.907105507472263, 20.911230723112055, -17.907105507472266, 

1.6234087057613151, 5.1211538595841155, 20.0, -12.243390314474256, 25.262974862480483, -11.243390314474256, 

12.398055011661185, 6.0818887367588415e-06, 20.0, 133.71177415406575, 128.11955410742104, 134.71177415406575, 

0.42593930272333064, 0, 20.0, -19.818575710395564, 22.477667078711114, -18.818575710395564, 

0.44108086175355143, 0.0, 20.0, -19.805447673394745, 22.43022887959105, -18.805447673394745, 

0, 0.0, 20.0, -20.0, 24.0, -19.0, 

1.3665774486668625, 2.2387994795894383e-05, 20.0, -18.13244368880037, 20.401246516532176, -17.13244368880037, 

0.6731220152606083, 4.2324952018167465, 20.0, -15.314411550754752, 25.993100388202816, -14.314411550754752, 

1.749364570019415, 56.03775747907949, 20.0, 39.0980338779187, 76.10057559784104, 40.0980338779187, 

0.25134022460477856, 0, 20.0, -19.93682809149562, 23.057811010085267, -18.93682809149562, 

1.2237644861692947, 0.6931829002785188, 20.0, -17.809217582112282, 21.295724473210537, -16.809217582112282, 

5.589231697528202, 20.33855410683836, 20.0, 31.578065075492347, 53.22113828537954, 32.57806507549235, 

2.210651461007351, 3.713923849736544e-05, 20.0, -15.112982978707567, 20.04441117726303, -14.112982978707567, 

5.618701003890075, 2.839328311935612e-06, 20.0, 11.569803810443641, 33.09499979488335, 12.569803810443638, 

2.476772947720174, 0.0, 20.0, -13.86559576544152, 20.227312443677782, -12.86559576544152, 

7.850174655763403, 0.5750654453512194, 20.0, 42.20030757134128, 54.79960894828767, 43.20030757134128, 

1.3372224638953647, 11.066202948628101, 20.0, -7.145633133425509, 31.505477010993033, -6.145633133425509, 

6.638381613975733, 5.131841224150991, 20.0, 29.199951676922048, 46.64642522101912, 30.199951676922048, 

0.23606210481659054, 18.404313553646823, 20.0, -1.539961129022739, 41.5157904517109, -0.5399611290227391, 

14.630589460131725, 1.8129183544571048, 20.0, 195.86706630537464, 181.34470846484774, 196.86706630537464, 

