Generation 871 at Fri May 24 19:48:10 2019
parameters:
0.05101637681523949, -100, 19.95971668145522, 
objectives:
-119.95711401075187, -76.24174615510238, 9981.042885989249, 

parameters:
4.103262068723588, -11.698130574307001, 0, 
objectives:
5.138629030318775, -7.274419244575576, 154.683018538162, 

parameters:
-1.335488188114326, -5.414925819254146, 19.537397667134087, 
objectives:
-23.16879478579535, 25.247953300930128, 12.56755266148398, 

parameters:
-0.09310337269809921, -0.38187417318528993, 20, 
objectives:
-20.37320593517753, 23.999207555614866, -18.84550387784629, 

parameters:
1.9973066371654076, -100, 0, 
objectives:
-96.01076619713501, -99.99999274579665, 10004.989233802866, 

parameters:
-0.7759657308379748, -95.93217390874857, 16.77434417121594, 
objectives:
-112.1043952645296, -71.45184399874582, 9187.809769502599, 

parameters:
0.7383970887298186, -66.04519012792016, 17.2171092804887, 
objectives:
-82.71706914776419, -47.23643894170607, 4346.295260013279, 

parameters:
-3.2434268449750183, -84.6667575727457, 0.0, 
objectives:
-74.1469398740411, -57.17323249414102, 7179.979655580794, 

parameters:
-0.08996268372669292, -79.54492968828276, 18.872990174317053, 
objectives:
-98.4098265781365, -56.303995494595625, 6309.530942223994, 

parameters:
3.874561445788581, -48.067436909421744, 9.784549906226502, 
objectives:
-42.83976041845695, -34.76890638915827, 2316.7061675322047, 

parameters:
2.5501160665953737, -62.12350500704533, 0.828696857955248, 
objectives:
-56.44910991189272, -60.99218046236371, 3866.004269455539, 

parameters:
-0.710123891351055, -72.21965577408051, 20, 
objectives:
-91.71537983301295, -44.87488426760872, 5197.182956067747, 

parameters:
-2.742652272250788, -75.90066762969761, 0.4753628726605915, 
objectives:
-68.8538890158758, -52.93255418155146, 5768.958125247649, 

parameters:
-1.256779998456766, -86.67133353630551, 9.957273762838293, 
objectives:
-95.04911133462282, -66.10744381511915, 7504.542279163198, 

parameters:
0.019540558060891777, -93.32280022001623, 0, 
objectives:
-93.3224183866069, -89.40058061885047, 8710.145422738471, 

parameters:
0.9896178045789163, -70.99133289480727, 18.30713051629125, 
objectives:
-88.31912001195893, -51.66333019769209, 5023.441559064194, 

parameters:
0.459773367975866, -89.4119047116721, 0.0, 
objectives:
-89.20051316177222, -87.03960663367569, 7995.700095719029, 

parameters:
0.03306975760337305, -26.693926894636114, 7.4251926373898645, 
objectives:
-34.11802592315803, -15.399919678791795, 706.1416340276553, 

parameters:
1.2369679112324563, 0.5152553150061845, 10.910902590534558, 
objectives:
-8.865557662109588, 12.008375874029703, -8.11532493747365, 

parameters:
-2.206115038370273, -90.95734463120348, 19.851703067947998, 
objectives:
-105.942104136628, -53.41423784725093, 8259.253782854095, 

parameters:
0.6043063345824216, -45.95245716031796, 20, 
objectives:
-65.58727101430152, -24.004496352631207, 2092.9935052168744, 

parameters:
4.514524983262156, -18.792095656649224, 0.0, 
objectives:
1.5888401678489465, -12.469259765199677, 374.5237949931528, 

parameters:
1.4265227752406795, -100.0, 20, 
objectives:
-117.96503277171963, -79.67112387268234, 9983.034967228281, 

parameters:
0.038573700545418727, -100.0, 0.9830478413647699, 
objectives:
-100.981559910991, -95.16975903044315, 10000.01844008901, 

parameters:
-0.5252069139357518, -11.08373885877688, 20.0, 
objectives:
-30.807896556330963, 15.292931099412044, 104.12510939200652, 

parameters:
3.4974155796445987, -10.819106223564923, 14.599397812922938, 
objectives:
-13.186588299747095, 6.022545007520385, 115.68557740059907, 

parameters:
-2.071885952896712, -52.02852550472238, 0, 
objectives:
-47.73581410291166, -35.44827029132481, 2712.260177597358, 

parameters:
1.8526388797779638, -56.82735465753558, 20, 
objectives:
-73.39508383867063, -36.80563935778249, 3213.780508192196, 

parameters:
1.8183396642793082, -40.01881809629551, 15.003903268277458, 
objectives:
-51.71636222988158, -24.981914350443898, 1590.808257690803, 

parameters:
-1.502386157142149, -22.20444914095983, 6.507574039149352, 
objectives:
-26.45485901493683, -3.430166308069529, 489.78715177949476, 

parameters:
0.6331322591597859, -38.64539846458161, 14.570710175456998, 
objectives:
-52.81525218244984, -22.20636086817498, 1480.2969687684185, 

parameters:
3.6559160268997846, -42.981932750652646, 3.1580541355865037, 
objectives:
-32.77426489049644, -37.08182072692257, 1858.6542108417827, 

parameters:
2.4562273324337816, -42.800616163855764, 20, 
objectives:
-56.767563455261, -22.59247278499612, 1818.9257967143062, 

parameters:
0.5592719364457599, -31.196866046647585, 18.908284927406623, 
objectives:
-49.79236587515842, -10.212883766128211, 955.6489513039621, 

parameters:
-0.9226153042965644, -19.35341441061956, 20, 
objectives:
-38.502195410897315, 9.188265806288939, 356.4058683488991, 

parameters:
1.7351787641936753, -15.679525395095732, 15.2090579261339, 
objectives:
-27.877737977520944, -0.40033718202784385, 234.64930403302677, 

parameters:
0.7774091706741442, -54.94544474857225, 0, 
objectives:
-54.34107972992399, -53.450716412620565, 3020.6062636370543, 

parameters:
-0.0005030543780097929, -20.438511263358354, 19.635761074907833, 
objectives:
-40.07427208520248, 3.1992622821252255, 399.0969818405822, 

parameters:
-0.70590468814716, -33.76297061350029, 18.822508269323063, 
objectives:
-52.08717745407522, -7.618542162840452, 1122.6139778075096, 

