Generation 88 at Sat May 25 04:36:26 2019
parameters:
0, 0.0, 20.0, 
objectives:
-20.0, 24.0, -19.0, 

parameters:
0, 0.0, 20.0, 
objectives:
-20.0, 24.0, -19.0, 

parameters:
1.9954130956648328, 0.0, 20.0, 
objectives:
-16.01832657764929, 20.00002103969138, -15.018326577649288, 

parameters:
1.2350238185418605, 0.0, 20.0, 
objectives:
-18.47471616763428, 20.585188558198276, -17.47471616763428, 

parameters:
0.9332988881310824, 0.0, 20.0, 
objectives:
-19.128953185413284, 21.137851262062384, -18.128953185413284, 

parameters:
0.5643919192625484, 0.0, 20.0, 
objectives:
-19.681461761471137, 22.06097056147867, -18.681461761471137, 

parameters:
1.7428254813951185, 0.0, 20.0, 
objectives:
-16.962559341399874, 20.066138733019653, -15.962559341399874, 

parameters:
1.669027026310296, 0.0, 20.0, 
objectives:
-17.21434878544581, 20.109543109313005, -16.21434878544581, 

parameters:
0.686043303420879, 0.0, 20.0, 
objectives:
-19.529344585831367, 21.726482200485115, -18.529344585831367, 

parameters:
1.0488281486031314, 0.0, 20.0, 
objectives:
-18.899959514697727, 20.904727890889745, -17.899959514697727, 

parameters:
0.38248930390783953, 0.0, 20.0, 
objectives:
-19.853701932396095, 22.616340851972545, -18.853701932396095, 

parameters:
1.3311202346695896, 0.0, 20.0, 
objectives:
-18.228118920853177, 20.447400140468464, -17.228118920853177, 

parameters:
1.5123743045044726, 0.0, 20.0, 
objectives:
-17.712723963074612, 20.237778818907497, -16.712723963074612, 

parameters:
1.6115471291601007, 0.0, 20.0, 
objectives:
-17.402915850495837, 20.150895632863758, -16.402915850495837, 

parameters:
0.7442057615591716, 0.0, 20.0, 
objectives:
-19.446157784462134, 21.57701916930118, -18.446157784462134, 

parameters:
1.799972675606716, 0.0, 20.0, 
objectives:
-16.7600983670692, 20.040010930503936, -15.7600983670692, 

parameters:
1.955193870302694, 0.0, 20.0, 
objectives:
-16.177216929530772, 20.00200758925845, -15.177216929530772, 

parameters:
1.558243777533242, 0.0, 20.0, 
objectives:
-17.57187632977893, 20.1951485600881, -16.57187632977893, 

parameters:
0.2794002003367545, 0.0, 20.0, 
objectives:
-19.921935528051783, 22.9604636706012, -18.921935528051783, 

parameters:
1.1402921682360456, 0.0, 20.0, 
objectives:
-18.699733771059538, 20.73909755599628, -17.699733771059538, 

parameters:
0.8280989440114279, 0.0, 20.0, 
objectives:
-19.31425213892716, 21.37335208502713, -18.31425213892716, 

parameters:
1.4302328716253794, 0.0, 20.0, 
objectives:
-17.95443393292222, 20.324634580576262, -16.95443393292222, 

parameters:
0.14077482523092014, 0.0, 20.0, 
objectives:
-19.980182448581203, 23.456718250495115, -18.980182448581203, 

parameters:
1.9029559407858212, 0.0, 20.0, 
objectives:
-16.37875868742795, 20.009417549428765, -15.37875868742795, 

parameters:
0.861851683723375, 0.0, 20.0, 
objectives:
-19.257211675263182, 21.295381589843316, -18.257211675263182, 

parameters:
1.3713150721400433, 0.0, 20.0, 
objectives:
-18.119494972921547, 20.39524473851828, -17.119494972921547, 

parameters:
1.8409371446365494, 0.0, 20.0, 
objectives:
-16.61095042949743, 20.025300991956374, -15.610950429497429, 

parameters:
0.08441811987817471, 0.0, 20.0, 
objectives:
-19.992873581036235, 23.669453939451067, -18.992873581036235, 

parameters:
0.4833526823809663, 0.0, 20.0, 
objectives:
-19.766370184435125, 22.30021908604101, -18.766370184435125, 

parameters:
1.0840094643252194, 0.0, 20.0, 
objectives:
-18.82492348125335, 20.839038661445773, -17.82492348125335, 

parameters:
1.8753217224739491, 0.0, 20.0, 
objectives:
-16.48316843721734, 20.015544672886865, -15.48316843721734, 

parameters:
0.29409318610045754, 0.0, 20.0, 
objectives:
-19.913509197889283, 22.91011805770889, -18.913509197889283, 

parameters:
0.49402293626326954, 0.0, 20.0, 
objectives:
-19.75594133844582, 22.267966916501106, -18.75594133844582, 

parameters:
1.4176826625394199, 0.0, 20.0, 
objectives:
-17.990175868335143, 20.33909348150718, -16.990175868335143, 

parameters:
1.1309359892683541, 0.0, 20.0, 
objectives:
-18.72098378817761, 20.755272254748974, -17.72098378817761, 

parameters:
0.13554408890149225, 0.0, 20.0, 
objectives:
-19.981627799963864, 23.476195844430165, -18.981627799963864, 

