Generation 881 at Fri May 24 19:48:11 2019
parameters:
4.103262068723588, -11.698130574307001, 0, 
objectives:
5.138629030318775, -7.274419244575576, 154.683018538162, 

parameters:
0.05101637681523949, -100, 19.95971668145522, 
objectives:
-119.95711401075187, -76.24174615510238, 9981.042885989249, 

parameters:
-0.09310337269809921, -0.38187417318528993, 20, 
objectives:
-20.37320593517753, 23.999207555614866, -18.84550387784629, 

parameters:
1.9973066371654076, -100, 0, 
objectives:
-96.01076619713501, -99.99999274579665, 10004.989233802866, 

parameters:
-0.7759657308379748, -95.93217390874857, 16.77434417121594, 
objectives:
-112.1043952645296, -71.45184399874582, 9187.809769502599, 

parameters:
3.973919917603232, -12.742129797036446, 18.15503599051344, 
objectives:
-15.105126276026207, 9.309266034587743, 160.99887528553433, 

parameters:
-2.071885952896712, -52.02852550472238, 0, 
objectives:
-47.73581410291166, -35.44827029132481, 2712.260177597358, 

parameters:
2.243431493380336, -86.07820333250665, 5.835954654115117, 
objectives:
-86.88117312113104, -80.18298978642216, 7409.654119163734, 

parameters:
2.918671597941514, -71.10360777208864, 7.025798385041898, 
objectives:
-69.61076226050007, -63.23385188218232, 5058.2158837186125, 

parameters:
1.1612819572853608, -98.49032530004827, 0.5475440724494889, 
objectives:
-97.68929358818123, -97.2393332724237, 9702.145209421196, 

parameters:
-0.15489929497547772, -7.999505106048348, 20, 
objectives:
-27.97551131446445, 16.64408586543746, 45.01607573327749, 

parameters:
-0.5754214815716345, -63.749843188074564, 3.2270103892536484, 
objectives:
-66.64574369587412, -53.89003699108028, 4062.1466059962972, 

parameters:
0.019540558060891777, -93.32280022001623, 0, 
objectives:
-93.3224183866069, -89.40058061885047, 8710.145422738471, 

parameters:
-2.8649859172960612, -68.19207440598728, 19.982145007734594, 
objectives:
-79.96607510741713, -24.54184142276369, 4639.385011090276, 

parameters:
-0.6051611197380882, -4.977303236741783, 0.925265745121253, 
objectives:
-5.536349001020379, 2.73482696817448, 25.214501746201634, 

parameters:
-2.4444296696917607, -82.13653204516005, 19.511243696321344, 
objectives:
-95.67253933141203, -42.87233326000229, 6733.873889119352, 

parameters:
-0.8829881440672405, -62.090281603299374, 2.632243919457694, 
objectives:
-63.94285746019376, -51.14641704500941, 3854.3504937201224, 

parameters:
-0.3251346303903939, -81.48014394256093, 1.3636426785670375, 
objectives:
-82.73807409324887, -74.71025021455323, 6638.755926749761, 

parameters:
-3.704414487004785, -54.94753262607083, 20, 
objectives:
-61.22484593453991, -2.4071879865207677, 3013.954028384649, 

parameters:
-0.009341272804405776, -76.14388522370596, 0, 
objectives:
-76.14379796432836, -72.10643287311073, 5798.891344220285, 

parameters:
0.459773367975866, -89.4119047116721, 0.0, 
objectives:
-89.20051316177222, -87.03960663367569, 7995.700095719029, 

parameters:
-2.206115038370273, -90.95734463120348, 19.851703067947998, 
objectives:
-105.942104136628, -53.41423784725093, 8259.253782854095, 

parameters:
3.176596655951448, -37.27166292870854, 15.65692062959781, 
objectives:
-42.83781724370442, -20.230362608314596, 1384.6107031562703, 

parameters:
-0.14695724526227982, -91.70954667785486, 10.102007869547071, 
objectives:
-101.78995811546685, -76.9981133953236, 8401.560540420029, 

parameters:
4.028062411021731, -69.51087593653976, 0, 
objectives:
-53.285589149453564, -65.39783879354049, 4848.987160252109, 

parameters:
-0.08880147090058932, -73.77803267511315, 1.862865222151887, 
objectives:
-75.63301219603093, -67.5520758681248, 5442.343125889146, 

parameters:
3.166938839015048, -29.65398708478419, 16.585230274387126, 
objectives:
-36.209715749109336, -11.707010556395279, 873.8032213602226, 

parameters:
3.390565809248976, -45.6315998033011, 15.684069411646611, 
objectives:
-49.81973270809955, -28.013857121802232, 2079.0547677038303, 

parameters:
1.395851568570511, -42.84447950735316, 2.8078167240600016, 
objectives:
-43.70389462993241, -39.67166745609444, 1835.7900091334252, 

parameters:
-0.5421913183803548, -73.64031912530099, 17.416863005996742, 
objectives:
-90.76321070557071, -49.76071942005579, 5406.773709295901, 

parameters:
-1.59484737491558, -42.08885908454377, 20, 
objectives:
-59.545320935268656, -9.165931435606332, 1755.0155971878578, 

parameters:
-1.502386157142149, -22.20444914095983, 6.507574039149352, 
objectives:
-26.45485901493683, -3.430166308069529, 489.78715177949476, 

parameters:
-1.3496545786220053, -35.05422937691897, 9.528219917104247, 
objectives:
-42.76088181242787, -14.305823663731358, 1222.09234477414, 

parameters:
0.5307395930958516, 1.3001474623882814, 1.7455121381660141, 
objectives:
-0.16368016009818254, 5.204385743850439, 1.2265558014682238, 

parameters:
4.514524983262156, -18.792095656649224, 0.0, 
objectives:
1.5888401678489465, -12.469259765199677, 374.5237949931528, 

parameters:
-2.7777914737282137, -45.85637703414122, 12.330725743958833, 
objectives:
-50.470977306582895, -10.69835992375237, 2099.1927144248725, 

parameters:
-0.3982114939702869, -87.74026579429055, 8.615103607182869, 
objectives:
-96.19679700754338, -73.37374381729649, 7690.897710439499, 

parameters:
3.344858063398677, -32.32128873583749, 19.385438564106703, 
objectives:
-40.518651835661046, -11.127206961042347, 1037.468342445552, 

parameters:
2.7311188612312702, -54.735233659806156, 4.3128620618765074, 
objectives:
-51.58908548750947, -49.887836808681534, 3000.0919519658737, 

parameters:
0.6799811670848772, -25.640913171283508, 15.49453001413099, 
objectives:
-40.673068797824385, -8.403933437901916, 643.4242726307592, 

parameters:
-1.6761343988810606, -27.311100832654795, 2.361333865057934, 
objectives:
-26.863008174600353, -11.435802848960243, 747.3443213494918, 

