Generation 889 at Fri May 24 19:48:11 2019
parameters:
4.527729374678942, -15.533901335764824, 0.5415055876094589, 
objectives:
4.42492636695628, -8.60297995654057, 262.26091841199735, 

parameters:
0.05101637681523949, -100, 19.95971668145522, 
objectives:
-119.95711401075187, -76.24174615510238, 9981.042885989249, 

parameters:
-0.09310337269809921, -0.38187417318528993, 20, 
objectives:
-20.37320593517753, 23.999207555614866, -18.84550387784629, 

parameters:
1.9973066371654076, -100, 0, 
objectives:
-96.01076619713501, -99.99999274579665, 10004.989233802866, 

parameters:
-0.15489929497547772, -7.999505106048348, 20, 
objectives:
-27.97551131446445, 16.64408586543746, 45.01607573327749, 

parameters:
3.390565809248976, -45.6315998033011, 15.684069411646611, 
objectives:
-49.81973270809955, -28.013857121802232, 2079.0547677038303, 

parameters:
-0.6051611197380882, -4.977303236741783, 0.925265745121253, 
objectives:
-5.536349001020379, 2.73482696817448, 25.214501746201634, 

parameters:
-0.3251346303903939, -81.48014394256093, 1.3636426785670375, 
objectives:
-82.73807409324887, -74.71025021455323, 6638.755926749761, 

parameters:
3.176596655951448, -37.27166292870854, 15.65692062959781, 
objectives:
-42.83781724370442, -20.230362608314596, 1384.6107031562703, 

parameters:
2.5008444400549754, -85.00834647774934, 0.1904341327385141, 
objectives:
-78.94455769713397, -84.56706719187684, 7233.482759661695, 

parameters:
-0.7759657308379748, -95.93217390874857, 16.77434417121594, 
objectives:
-112.1043952645296, -71.45184399874582, 9187.809769502599, 

parameters:
3.298996600269193, -64.20730024497185, 19.075947121978455, 
objectives:
-72.3998687983626, -43.44396095548247, 4115.384836194571, 

parameters:
-3.038226930765842, -50.38041135917991, 14.613685523240715, 
objectives:
-55.7632739995898, -10.382995230044997, 2533.802986079774, 

parameters:
3.0267071951349864, -58.790863086992076, 0, 
objectives:
-49.62990664191018, -57.736735422450124, 3466.5265389585293, 

parameters:
-2.206115038370273, -90.95734463120348, 19.851703067947998, 
objectives:
-105.942104136628, -53.41423784725093, 8259.253782854095, 

parameters:
1.1612819572853608, -98.49032530004827, 0.5475440724494889, 
objectives:
-97.68929358818123, -97.2393332724237, 9702.145209421196, 

parameters:
1.1137411014331442, -56.362812564219716, 15.944876624718022, 
objectives:
-71.06726994791623, -39.63248110421276, 3163.0621827656673, 

parameters:
-0.8829881440672405, -62.090281603299374, 2.632243919457694, 
objectives:
-63.94285746019376, -51.14641704500941, 3854.3504937201224, 

parameters:
2.9741945594361128, -69.18284026102654, 4.7335820643403785, 
objectives:
-65.07058904798755, -63.50020315705123, 4791.377637795755, 

parameters:
3.973919917603232, -12.742129797036446, 18.15503599051344, 
objectives:
-15.105126276026207, 9.309266034587743, 160.99887528553433, 

parameters:
-0.009341272804405776, -76.14388522370596, 0, 
objectives:
-76.14379796432836, -72.10643287311073, 5798.891344220285, 

parameters:
2.501843722960477, -41.59535069851886, 18.565133388024446, 
objectives:
-53.90126207242656, -22.77837018821958, 1718.8672883588654, 

parameters:
2.918671597941514, -71.10360777208864, 7.025798385041898, 
objectives:
-69.61076226050007, -63.23385188218232, 5058.2158837186125, 

parameters:
1.4932673259168598, -22.690258221566538, 20, 
objectives:
-40.46041091491565, -2.433480218583089, 498.0776654680187, 

parameters:
0.18343017978818077, -73.95569668563473, 15.431467665851619, 
objectives:
-89.35351772062923, -55.22430310807871, 5455.047251222611, 

parameters:
2.243431493380336, -86.07820333250665, 5.835954654115117, 
objectives:
-86.88117312113104, -80.18298978642216, 7409.654119163734, 

parameters:
3.166938839015048, -29.65398708478419, 16.585230274387126, 
objectives:
-36.209715749109336, -11.707010556395279, 873.8032213602226, 

parameters:
0.8016202543016471, -92.98748206697528, 0.9282685518544632, 
objectives:
-93.27315558672309, -90.62309950022076, 8647.386147636302, 

parameters:
-0.722250877562931, -55.351848951958914, 0, 
objectives:
-54.830202621818486, -47.94119911156677, 3065.3488287306154, 

parameters:
-1.135383656509093, -88.34221032980962, 6.0432081113573, 
objectives:
-93.09632239369896, -72.46837154494798, 7800.592013892431, 

parameters:
-1.300991143121534, -95.22960823288851, 6.623190457575307, 
objectives:
-100.16022073598315, -77.70987524834639, 9064.747671686331, 

parameters:
1.4940423854712694, -29.687964576037363, 8.527447055537717, 
objectives:
-35.9832489819904, -20.904524412800043, 876.0799562620963, 

parameters:
4.723937565399094, -19.281432746500812, 18.915026429990878, 
objectives:
-15.88087305470297, 7.053429543682409, 376.1742084496317, 

parameters:
1.8737892079392258, -22.671214226104865, 1.4747957524821813, 
objectives:
-20.634923982797535, -21.180489309590076, 517.0202447292469, 

parameters:
2.8177920086686363, -85.74993361001648, 16.458415715504437, 
objectives:
-94.2683975214041, -68.62273412506977, 7345.532650210847, 

parameters:
-0.48654155081348405, -100, 3.367439523524472, 
objectives:
-103.13071684285647, -90.44967159255361, 9997.869283157142, 

