Generation 890 at Fri May 24 19:48:11 2019
parameters:
6.567632405709776, -35.1612307809505, 0.10428543871263574, 
objectives:
7.868279196866042, -14.19367954854779, 1280.3416600090773, 

parameters:
0.05101637681523949, -100, 19.95971668145522, 
objectives:
-119.95711401075187, -76.24174615510238, 9981.042885989249, 

parameters:
-0.09310337269809921, -0.38187417318528993, 20, 
objectives:
-20.37320593517753, 23.999207555614866, -18.84550387784629, 

parameters:
1.9973066371654076, -100, 0, 
objectives:
-96.01076619713501, -99.99999274579665, 10004.989233802866, 

parameters:
-0.7759657308379748, -95.93217390874857, 16.77434417121594, 
objectives:
-112.1043952645296, -71.45184399874582, 9187.809769502599, 

parameters:
3.390565809248976, -45.6315998033011, 15.684069411646611, 
objectives:
-49.81973270809955, -28.013857121802232, 2079.0547677038303, 

parameters:
1.1612819572853608, -98.49032530004827, 0.5475440724494889, 
objectives:
-97.68929358818123, -97.2393332724237, 9702.145209421196, 

parameters:
-0.3251346303903939, -81.48014394256093, 1.3636426785670375, 
objectives:
-82.73807409324887, -74.71025021455323, 6638.755926749761, 

parameters:
3.973919917603232, -12.742129797036446, 18.15503599051344, 
objectives:
-15.105126276026207, 9.309266034587743, 160.99887528553433, 

parameters:
2.5008444400549754, -85.00834647774934, 0.1904341327385141, 
objectives:
-78.94455769713397, -84.56706719187684, 7233.482759661695, 

parameters:
2.9741945594361128, -69.18284026102654, 4.7335820643403785, 
objectives:
-65.07058904798755, -63.50020315705123, 4791.377637795755, 

parameters:
-0.6051611197380882, -4.977303236741783, 0.925265745121253, 
objectives:
-5.536349001020379, 2.73482696817448, 25.214501746201634, 

parameters:
-0.15489929497547772, -7.999505106048348, 20, 
objectives:
-27.97551131446445, 16.64408586543746, 45.01607573327749, 

parameters:
3.298996600269193, -64.20730024497185, 19.075947121978455, 
objectives:
-72.3998687983626, -43.44396095548247, 4115.384836194571, 

parameters:
-2.206115038370273, -90.95734463120348, 19.851703067947998, 
objectives:
-105.942104136628, -53.41423784725093, 8259.253782854095, 

parameters:
-3.038226930765842, -50.38041135917991, 14.613685523240715, 
objectives:
-55.7632739995898, -10.382995230044997, 2533.802986079774, 

parameters:
4.527729374678942, -15.533901335764824, 0.5415055876094589, 
objectives:
4.42492636695628, -8.60297995654057, 262.26091841199735, 

parameters:
3.0267071951349864, -58.790863086992076, 0, 
objectives:
-49.62990664191018, -57.736735422450124, 3466.5265389585293, 

parameters:
3.176596655951448, -37.27166292870854, 15.65692062959781, 
objectives:
-42.83781724370442, -20.230362608314596, 1384.6107031562703, 

parameters:
-0.8829881440672405, -62.090281603299374, 2.632243919457694, 
objectives:
-63.94285746019376, -51.14641704500941, 3854.3504937201224, 

parameters:
1.4932673259168598, -22.690258221566538, 20, 
objectives:
-40.46041091491565, -2.433480218583089, 498.0776654680187, 

parameters:
2.501843722960477, -41.59535069851886, 18.565133388024446, 
objectives:
-53.90126207242656, -22.77837018821958, 1718.8672883588654, 

parameters:
2.243431493380336, -86.07820333250665, 5.835954654115117, 
objectives:
-86.88117312113104, -80.18298978642216, 7409.654119163734, 

parameters:
0.8016202543016471, -92.98748206697528, 0.9282685518544632, 
objectives:
-93.27315558672309, -90.62309950022076, 8647.386147636302, 

parameters:
0.9706763026347202, -76.04802658383096, 1.4977959974695692, 
objectives:
-76.60361009680392, -73.49072331240366, 5783.746763782088, 

parameters:
1.1137411014331442, -56.362812564219716, 15.944876624718022, 
objectives:
-71.06726994791623, -39.63248110421276, 3163.0621827656673, 

parameters:
3.166938839015048, -29.65398708478419, 16.585230274387126, 
objectives:
-36.209715749109336, -11.707010556395279, 873.8032213602226, 

parameters:
2.918671597941514, -71.10360777208864, 7.025798385041898, 
objectives:
-69.61076226050007, -63.23385188218232, 5058.2158837186125, 

parameters:
-0.722250877562931, -55.351848951958914, 0, 
objectives:
-54.830202621818486, -47.94119911156677, 3065.3488287306154, 

parameters:
1.9989000795066105, 2.176160323706908, 14.786023362534237, 
objectives:
-8.614261510975796, 16.962184896066237, -5.054748080206551, 

parameters:
0.18343017978818077, -73.95569668563473, 15.431467665851619, 
objectives:
-89.35351772062923, -55.22430310807871, 5455.047251222611, 

parameters:
0.8273433179344005, -93.23527850314791, 14.831436903113358, 
objectives:
-107.38221844053056, -77.02871790604145, 8679.670217622172, 

parameters:
-1.135383656509093, -88.34221032980962, 6.0432081113573, 
objectives:
-93.09632239369896, -72.46837154494798, 7800.592013892431, 

parameters:
-1.8589249809059583, -75.46434575558904, 19.804268662534806, 
objectives:
-91.81301233348763, -40.768775084794186, 5679.518813741191, 

parameters:
2.9009639096409847, -28.242389956000263, 18.493703974841075, 
objectives:
-38.32050232580183, -8.936950014683621, 788.5544780569829, 

