Generation 893 at Fri May 24 19:48:11 2019
parameters:
0.05101637681523949, -100, 19.95971668145522, 
objectives:
-119.95711401075187, -76.24174615510238, 9981.042885989249, 

parameters:
5.5117904588436755, -24.042678880849863, 0, 
objectives:
6.337155181350312, -11.71000665402439, 609.4302418298643, 

parameters:
-0.09310337269809921, -0.38187417318528993, 20, 
objectives:
-20.37320593517753, 23.999207555614866, -18.84550387784629, 

parameters:
1.9973066371654076, -100, 0, 
objectives:
-96.01076619713501, -99.99999274579665, 10004.989233802866, 

parameters:
3.2774672992621166, -97.28244235748767, 2.4660866036773585, 
objectives:
-89.00673706343251, -93.18443305312627, 9473.149296331965, 

parameters:
-2.206115038370273, -90.95734463120348, 19.851703067947998, 
objectives:
-105.942104136628, -53.41423784725093, 8259.253782854095, 

parameters:
-0.7759657308379748, -95.93217390874857, 16.77434417121594, 
objectives:
-112.1043952645296, -71.45184399874582, 9187.809769502599, 

parameters:
3.390565809248976, -45.6315998033011, 15.684069411646611, 
objectives:
-49.81973270809955, -28.013857121802232, 2079.0547677038303, 

parameters:
3.298996600269193, -64.20730024497185, 19.075947121978455, 
objectives:
-72.3998687983626, -43.44396095548247, 4115.384836194571, 

parameters:
2.918671597941514, -71.10360777208864, 7.025798385041898, 
objectives:
-69.61076226050007, -63.23385188218232, 5058.2158837186125, 

parameters:
2.243431493380336, -86.07820333250665, 5.835954654115117, 
objectives:
-86.88117312113104, -80.18298978642216, 7409.654119163734, 

parameters:
-0.05729937007687402, -42.72248709363349, 5.203865976430608, 
objectives:
-47.92306985225289, -33.28614041908418, 1821.0103207070608, 

parameters:
-0.15489929497547772, -7.999505106048348, 20, 
objectives:
-27.97551131446445, 16.64408586543746, 45.01607573327749, 

parameters:
4.527729374678942, -15.533901335764824, 0.5415055876094589, 
objectives:
4.42492636695628, -8.60297995654057, 262.26091841199735, 

parameters:
-0.14425202062499487, -87.9043345336724, 12.159342419638314, 
objectives:
-100.04286830785631, -71.14717538607971, 7716.033496033606, 

parameters:
-0.8829881440672405, -62.090281603299374, 2.632243919457694, 
objectives:
-63.94285746019376, -51.14641704500941, 3854.3504937201224, 

parameters:
-0.6051611197380882, -4.977303236741783, 0.925265745121253, 
objectives:
-5.536349001020379, 2.73482696817448, 25.214501746201634, 

parameters:
-3.0211929606393815, -35.35138165952894, 17.02385899384732, 
objectives:
-43.24763374795931, 6.884856082292856, 1242.8239331492487, 

parameters:
-0.722250877562931, -55.351848951958914, 0, 
objectives:
-54.830202621818486, -47.94119911156677, 3065.3488287306154, 

parameters:
3.5073469659049596, -32.93009127863209, 13.822378592500467, 
objectives:
-34.45098713188983, -16.835617810508737, 1083.8700157657838, 

parameters:
3.176596655951448, -37.27166292870854, 15.65692062959781, 
objectives:
-42.83781724370442, -20.230362608314596, 1384.6107031562703, 

parameters:
-0.3251346303903939, -81.48014394256093, 1.3636426785670375, 
objectives:
-82.73807409324887, -74.71025021455323, 6638.755926749761, 

parameters:
0.23526773336397866, -11.86790636660698, 5.949789989998757, 
objectives:
-17.762345450243515, -2.803836403701914, 135.952762442914, 

parameters:
1.9989000795066105, 2.176160323706908, 14.786023362534237, 
objectives:
-8.614261510975796, 16.962184896066237, -5.054748080206551, 

parameters:
3.5258177914511326, -67.24391589871246, 3.367886229681812, 
objectives:
-58.18041102988093, -61.54790973632183, 4531.807730261945, 

parameters:
0.27772049989363, -75.90275723117759, 15.418206392991223, 
objectives:
-91.24383494810765, -57.51830416169972, 5746.887477578151, 

parameters:
-0.9799829214318359, -85.07980279435232, 8.116258903502962, 
objectives:
-92.23569517155721, -68.08324567882393, 7232.416951148676, 

parameters:
0.9706763026347202, -76.04802658383096, 1.4977959974695692, 
objectives:
-76.60361009680392, -73.49072331240366, 5783.746763782088, 

parameters:
-0.721846022245215, -78.50569603130918, 16.750240898755084, 
objectives:
-94.73487525023303, -54.347009363742, 6147.915130141391, 

parameters:
2.249966342049136, -51.937411533899706, 18.82170164826339, 
objectives:
-65.69676464180912, -33.05322671347889, 2684.7353637337487, 

parameters:
0.5381908287034416, -57.47134541749456, 1.0652430130690025, 
objectives:
-58.24693906246306, -54.26921635113883, 3303.1799504520045, 

parameters:
1.4932673259168598, -22.690258221566538, 20, 
objectives:
-40.46041091491565, -2.433480218583089, 498.0776654680187, 

parameters:
3.496638510140602, -82.27898609790509, 1.5790146118171005, 
objectives:
-71.6315198391239, -78.4600446560521, 6781.479019558041, 

parameters:
-3.038226930765842, -50.38041135917991, 14.613685523240715, 
objectives:
-55.7632739995898, -10.382995230044997, 2533.802986079774, 

parameters:
3.166938839015048, -29.65398708478419, 16.585230274387126, 
objectives:
-36.209715749109336, -11.707010556395279, 873.8032213602226, 

