Generation 894 at Fri May 24 19:48:11 2019
parameters:
5.5117904588436755, -24.042678880849863, 0, 
objectives:
6.337155181350312, -11.71000665402439, 609.4302418298643, 

parameters:
0.05101637681523949, -100, 19.95971668145522, 
objectives:
-119.95711401075187, -76.24174615510238, 9981.042885989249, 

parameters:
-0.09310337269809921, -0.38187417318528993, 20, 
objectives:
-20.37320593517753, 23.999207555614866, -18.84550387784629, 

parameters:
1.9973066371654076, -100, 0, 
objectives:
-96.01076619713501, -99.99999274579665, 10004.989233802866, 

parameters:
3.2774672992621166, -97.28244235748767, 2.4660866036773585, 
objectives:
-89.00673706343251, -93.18443305312627, 9473.149296331965, 

parameters:
-0.7759657308379748, -95.93217390874857, 16.77434417121594, 
objectives:
-112.1043952645296, -71.45184399874582, 9187.809769502599, 

parameters:
-0.3251346303903939, -81.48014394256093, 1.3636426785670375, 
objectives:
-82.73807409324887, -74.71025021455323, 6638.755926749761, 

parameters:
2.243431493380336, -86.07820333250665, 5.835954654115117, 
objectives:
-86.88117312113104, -80.18298978642216, 7409.654119163734, 

parameters:
3.298996600269193, -64.20730024497185, 19.075947121978455, 
objectives:
-72.3998687983626, -43.44396095548247, 4115.384836194571, 

parameters:
2.918671597941514, -71.10360777208864, 7.025798385041898, 
objectives:
-69.61076226050007, -63.23385188218232, 5058.2158837186125, 

parameters:
3.6820054085974605, -58.530220389123414, 17.72540151083137, 
objectives:
-62.69845807101383, -37.97567668374093, 3422.618461117468, 

parameters:
-0.6051611197380882, -4.977303236741783, 0.925265745121253, 
objectives:
-5.536349001020379, 2.73482696817448, 25.214501746201634, 

parameters:
-0.14425202062499487, -87.9043345336724, 12.159342419638314, 
objectives:
-100.04286830785631, -71.14717538607971, 7716.033496033606, 

parameters:
0.23526773336397866, -11.86790636660698, 5.949789989998757, 
objectives:
-17.762345450243515, -2.803836403701914, 135.952762442914, 

parameters:
3.5073469659049596, -32.93009127863209, 13.822378592500467, 
objectives:
-34.45098713188983, -16.835617810508737, 1083.8700157657838, 

parameters:
3.176596655951448, -37.27166292870854, 15.65692062959781, 
objectives:
-42.83781724370442, -20.230362608314596, 1384.6107031562703, 

parameters:
3.3028751268411587, -32.62635317617382, 5.580143211096445, 
objectives:
-27.297512283764267, -25.348726368936013, 1070.8077624688374, 

parameters:
-0.722250877562931, -55.351848951958914, 0, 
objectives:
-54.830202621818486, -47.94119911156677, 3065.3488287306154, 

parameters:
4.527729374678942, -15.533901335764824, 0.5415055876094589, 
objectives:
4.42492636695628, -8.60297995654057, 262.26091841199735, 

parameters:
3.5258177914511326, -67.24391589871246, 3.367886229681812, 
objectives:
-58.18041102988093, -61.54790973632183, 4531.807730261945, 

parameters:
-2.5218626208968016, -24.12686262577878, 13.457739453245615, 
objectives:
-31.224811000347913, 9.778118389730523, 576.0075517886319, 

parameters:
-0.9799829214318359, -85.07980279435232, 8.116258903502962, 
objectives:
-92.23569517155721, -68.08324567882393, 7232.416951148676, 

parameters:
1.9989000795066105, 2.176160323706908, 14.786023362534237, 
objectives:
-8.614261510975796, 16.962184896066237, -5.054748080206551, 

parameters:
-2.206115038370273, -90.95734463120348, 19.851703067947998, 
objectives:
-105.942104136628, -53.41423784725093, 8259.253782854095, 

parameters:
-0.721846022245215, -78.50569603130918, 16.750240898755084, 
objectives:
-94.73487525023303, -54.347009363742, 6147.915130141391, 

parameters:
0.27772049989363, -75.90275723117759, 15.418206392991223, 
objectives:
-91.24383494810765, -57.51830416169972, 5746.887477578151, 

parameters:
2.0147826924616994, -69.12089583147875, 11.910151088418104, 
objectives:
-76.97169762205364, -57.21052621506422, 4770.847438755561, 

parameters:
-0.8181886795420097, -98.486908221079, 12.61563186341628, 
objectives:
-110.43310736916459, -77.92908892416399, 9688.724891799153, 

parameters:
3.390565809248976, -45.6315998033011, 15.684069411646611, 
objectives:
-49.81973270809955, -28.013857121802232, 2079.0547677038303, 

parameters:
2.249966342049136, -51.937411533899706, 18.82170164826339, 
objectives:
-65.69676464180912, -33.05322671347889, 2684.7353637337487, 

parameters:
1.1742891830020978, -48.137763401908494, 18.833279580455226, 
objectives:
-65.59208789704799, -28.622685468145924, 2300.789940842981, 

parameters:
-1.4885808974818415, -90.94673224593929, 15.940717621915867, 
objectives:
-104.6715767795073, -62.835817945748204, 8258.583261681006, 

parameters:
-3.0211929606393815, -35.35138165952894, 17.02385899384732, 
objectives:
-43.24763374795931, 6.884856082292856, 1242.8239331492487, 

parameters:
0.9706763026347202, -76.04802658383096, 1.4977959974695692, 
objectives:
-76.60361009680392, -73.49072331240366, 5783.746763782088, 

parameters:
-0.15489929497547772, -7.999505106048348, 20, 
objectives:
-27.97551131446445, 16.64408586543746, 45.01607573327749, 

parameters:
-0.05729937007687402, -42.72248709363349, 5.203865976430608, 
objectives:
-47.92306985225289, -33.28614041908418, 1821.0103207070608, 

parameters:
-1.9728884258562247, -41.685538037948554, 17.789701222019012, 
objectives:
-55.58295051909011, -8.11199437162719, 1724.786669032114, 

parameters:
-2.150001563204113, -36.91432406973743, 14.381996282633683, 
objectives:
-46.673813630590985, -5.309814812507167, 1353.9078319647429, 

parameters:
2.80449903718356, -61.189871104098685, 10.168291856343417, 
objectives:
-63.49294811087859, -50.37436054692599, 3742.8972487294313, 

parameters:
1.7214718434128937, -52.54699249879156, 0, 
objectives:
-49.58352719112818, -52.46941456477975, 2765.14988597572, 

parameters:
-0.8829881440672405, -62.090281603299374, 2.632243919457694, 
objectives:
-63.94285746019376, -51.14641704500941, 3854.3504937201224, 

parameters:
0.361307434567747, -85.95537250994744, 5.80009289848678, 
objectives:
-91.62492234616029, -77.46996628745772, 7383.6565134876155, 

