Generation 895 at Fri May 24 19:48:11 2019
parameters:
0.05101637681523949, -100, 19.95971668145522, 
objectives:
-119.95711401075187, -76.24174615510238, 9981.042885989249, 

parameters:
4.242784872306204, -9.061428564357314, 2.1837182517583007, 
objectives:
6.756076656554754, -1.8476263291534596, 98.92699284786272, 

parameters:
-0.09310337269809921, -0.38187417318528993, 20, 
objectives:
-20.37320593517753, 23.999207555614866, -18.84550387784629, 

parameters:
1.9973066371654076, -100, 0, 
objectives:
-96.01076619713501, -99.99999274579665, 10004.989233802866, 

parameters:
-2.206115038370273, -90.95734463120348, 19.851703067947998, 
objectives:
-105.942104136628, -53.41423784725093, 8259.253782854095, 

parameters:
3.176596655951448, -37.27166292870854, 15.65692062959781, 
objectives:
-42.83781724370442, -20.230362608314596, 1384.6107031562703, 

parameters:
3.390565809248976, -45.6315998033011, 15.684069411646611, 
objectives:
-49.81973270809955, -28.013857121802232, 2079.0547677038303, 

parameters:
-0.7759657308379748, -95.93217390874857, 16.77434417121594, 
objectives:
-112.1043952645296, -71.45184399874582, 9187.809769502599, 

parameters:
-0.6051611197380882, -4.977303236741783, 0.925265745121253, 
objectives:
-5.536349001020379, 2.73482696817448, 25.214501746201634, 

parameters:
2.249966342049136, -51.937411533899706, 18.82170164826339, 
objectives:
-65.69676464180912, -33.05322671347889, 2684.7353637337487, 

parameters:
-0.722250877562931, -55.351848951958914, 0, 
objectives:
-54.830202621818486, -47.94119911156677, 3065.3488287306154, 

parameters:
2.918671597941514, -71.10360777208864, 7.025798385041898, 
objectives:
-69.61076226050007, -63.23385188218232, 5058.2158837186125, 

parameters:
3.5073469659049596, -32.93009127863209, 13.822378592500467, 
objectives:
-34.45098713188983, -16.835617810508737, 1083.8700157657838, 

parameters:
3.298996600269193, -64.20730024497185, 19.075947121978455, 
objectives:
-72.3998687983626, -43.44396095548247, 4115.384836194571, 

parameters:
4.527729374678942, -15.533901335764824, 0.5415055876094589, 
objectives:
4.42492636695628, -8.60297995654057, 262.26091841199735, 

parameters:
1.9989000795066105, 2.176160323706908, 14.786023362534237, 
objectives:
-8.614261510975796, 16.962184896066237, -5.054748080206551, 

parameters:
-2.5218626208968016, -24.12686262577878, 13.457739453245615, 
objectives:
-31.224811000347913, 9.778118389730523, 576.0075517886319, 

parameters:
-0.14425202062499487, -87.9043345336724, 12.159342419638314, 
objectives:
-100.04286830785631, -71.14717538607971, 7716.033496033606, 

parameters:
-0.3251346303903939, -81.48014394256093, 1.3636426785670375, 
objectives:
-82.73807409324887, -74.71025021455323, 6638.755926749761, 

parameters:
3.6820054085974605, -58.530220389123414, 17.72540151083137, 
objectives:
-62.69845807101383, -37.97567668374093, 3422.618461117468, 

parameters:
0.23526773336397866, -11.86790636660698, 5.949789989998757, 
objectives:
-17.762345450243515, -2.803836403701914, 135.952762442914, 

parameters:
0.27772049989363, -75.90275723117759, 15.418206392991223, 
objectives:
-91.24383494810765, -57.51830416169972, 5746.887477578151, 

parameters:
3.5258177914511326, -67.24391589871246, 3.367886229681812, 
objectives:
-58.18041102988093, -61.54790973632183, 4531.807730261945, 

parameters:
-0.721846022245215, -78.50569603130918, 16.750240898755084, 
objectives:
-94.73487525023303, -54.347009363742, 6147.915130141391, 

parameters:
-0.9799829214318359, -85.07980279435232, 8.116258903502962, 
objectives:
-92.23569517155721, -68.08324567882393, 7232.416951148676, 

parameters:
3.3028751268411587, -32.62635317617382, 5.580143211096445, 
objectives:
-27.297512283764267, -25.348726368936013, 1070.8077624688374, 

parameters:
1.7160508863173727, -82.69395262159618, 0, 
objectives:
-79.74912197716554, -82.61332552243503, 6842.234630827225, 

parameters:
2.243431493380336, -86.07820333250665, 5.835954654115117, 
objectives:
-86.88117312113104, -80.18298978642216, 7409.654119163734, 

parameters:
3.2774672992621166, -97.28244235748767, 2.4660866036773585, 
objectives:
-89.00673706343251, -93.18443305312627, 9473.149296331965, 

parameters:
-0.8181886795420097, -98.486908221079, 12.61563186341628, 
objectives:
-110.43310736916459, -77.92908892416399, 9688.724891799153, 

parameters:
-1.5366379313242993, -59.03472580299875, 19.295802116239226, 
objectives:
-75.96927178725335, -27.231115829477705, 3469.1643046509917, 

parameters:
4.167896454833743, -64.4041940409069, 0, 
objectives:
-47.03283318269122, -59.70441900202619, 4166.271570917003, 

parameters:
2.0147826924616994, -69.12089583147875, 11.910151088418104, 
objectives:
-76.97169762205364, -57.21052621506422, 4770.847438755561, 

parameters:
-1.1499535496314877, -100, 0.0, 
objectives:
-98.67760683368994, -90.07779263516399, 10002.32239316631, 

parameters:
5.5117904588436755, -24.042678880849863, 0, 
objectives:
6.337155181350312, -11.71000665402439, 609.4302418298643, 

parameters:
4.025740096922729, -96.70783392175956, 8.366183297056956, 
objectives:
-88.86743389084509, -84.2380276844221, 9361.245541869543, 

parameters:
-1.680150329623789, -15.538683326882829, 16.104663147499714, 
objectives:
-28.820441344247616, 14.109486269246968, 229.16892151578165, 

parameters:
0.5958112049366882, -54.468019472615815, 16.876106154078467, 
objectives:
-70.98913463476617, -35.620167146355996, 2951.244030107105, 

parameters:
0.24694154342486385, -30.154522905636345, 17.176270663011387, 
objectives:
-47.26981344277868, -9.905038290455359, 893.1799611294047, 

