Generation 899 at Fri May 24 19:48:11 2019
parameters:
0.05101637681523949, -100, 19.95971668145522, 
objectives:
-119.95711401075187, -76.24174615510238, 9981.042885989249, 

parameters:
4.242784872306204, -9.061428564357314, 2.1837182517583007, 
objectives:
6.756076656554754, -1.8476263291534596, 98.92699284786272, 

parameters:
-0.09310337269809921, -0.38187417318528993, 20, 
objectives:
-20.37320593517753, 23.999207555614866, -18.84550387784629, 

parameters:
1.9973066371654076, -100, 0, 
objectives:
-96.01076619713501, -99.99999274579665, 10004.989233802866, 

parameters:
-2.206115038370273, -90.95734463120348, 19.851703067947998, 
objectives:
-105.942104136628, -53.41423784725093, 8259.253782854095, 

parameters:
3.176596655951448, -37.27166292870854, 15.65692062959781, 
objectives:
-42.83781724370442, -20.230362608314596, 1384.6107031562703, 

parameters:
2.918671597941514, -71.10360777208864, 7.025798385041898, 
objectives:
-69.61076226050007, -63.23385188218232, 5058.2158837186125, 

parameters:
3.298996600269193, -64.20730024497185, 19.075947121978455, 
objectives:
-72.3998687983626, -43.44396095548247, 4115.384836194571, 

parameters:
2.118258464262305, -95.23573783652897, 0.7595450374773082, 
objectives:
-91.50826395258738, -94.46220773468198, 9074.573235152018, 

parameters:
-0.14425202062499487, -87.9043345336724, 12.159342419638314, 
objectives:
-100.04286830785631, -71.14717538607971, 7716.033496033606, 

parameters:
-0.722250877562931, -55.351848951958914, 0, 
objectives:
-54.830202621818486, -47.94119911156677, 3065.3488287306154, 

parameters:
-0.5011162143136791, -93.08857285612679, 0.05568137871100364, 
objectives:
-92.89313677458972, -86.777309159913, 8666.677832471962, 

parameters:
3.3028751268411587, -32.62635317617382, 5.580143211096445, 
objectives:
-27.297512283764267, -25.348726368936013, 1070.8077624688374, 

parameters:
3.478642178469497, -79.25011881163803, 9.998740438980418, 
objectives:
-77.14790784479145, -67.06499568070859, 6283.683542625591, 

parameters:
0.27772049989363, -75.90275723117759, 15.418206392991223, 
objectives:
-91.24383494810765, -57.51830416169972, 5746.887477578151, 

parameters:
-2.5218626208968016, -24.12686262577878, 13.457739453245615, 
objectives:
-31.224811000347913, 9.778118389730523, 576.0075517886319, 

parameters:
3.390565809248976, -45.6315998033011, 15.684069411646611, 
objectives:
-49.81973270809955, -28.013857121802232, 2079.0547677038303, 

parameters:
3.6820054085974605, -58.530220389123414, 17.72540151083137, 
objectives:
-62.69845807101383, -37.97567668374093, 3422.618461117468, 

parameters:
2.243431493380336, -86.07820333250665, 5.835954654115117, 
objectives:
-86.88117312113104, -80.18298978642216, 7409.654119163734, 

parameters:
4.527729374678942, -15.533901335764824, 0.5415055876094589, 
objectives:
4.42492636695628, -8.60297995654057, 262.26091841199735, 

parameters:
0.23526773336397866, -11.86790636660698, 5.949789989998757, 
objectives:
-17.762345450243515, -2.803836403701914, 135.952762442914, 

parameters:
2.249966342049136, -51.937411533899706, 18.82170164826339, 
objectives:
-65.69676464180912, -33.05322671347889, 2684.7353637337487, 

parameters:
1.9989000795066105, 2.176160323706908, 14.786023362534237, 
objectives:
-8.614261510975796, 16.962184896066237, -5.054748080206551, 

parameters:
-1.2198563289809643, -49.958040836155256, 0, 
objectives:
-48.469991372800344, -39.59056605687648, 2498.293893650311, 

parameters:
-1.547056350697104, -27.175721609386606, 13.188728172519523, 
objectives:
-37.97106642967389, -1.405384681846428, 728.7245001705949, 

parameters:
1.7160508863173727, -82.69395262159618, 0, 
objectives:
-79.74912197716554, -82.61332552243503, 6842.234630827225, 

parameters:
-0.3251346303903939, -81.48014394256093, 1.3636426785670375, 
objectives:
-82.73807409324887, -74.71025021455323, 6638.755926749761, 

parameters:
4.615438184672925, -21.923172893652335, 5.991726690128701, 
objectives:
-6.61262994724413, -9.09092930567843, 496.9360526713807, 

parameters:
-0.6051611197380882, -4.977303236741783, 0.925265745121253, 
objectives:
-5.536349001020379, 2.73482696817448, 25.214501746201634, 

parameters:
-2.1278741050725225, -19.74935244508705, 20, 
objectives:
-35.221504238048865, 17.289992182241228, 375.5647702073041, 

parameters:
4.34968489453328, -73.71491059794239, 18.80773518011664, 
objectives:
-73.60288709632803, -49.386156314227875, 5435.0000679642535, 

parameters:
4.040974541037741, -59.003561137066235, 1.7740266400305715, 
objectives:
-44.44811253578162, -53.06395741987145, 3496.9756754567975, 

parameters:
-1.1132053983216523, -14.746465689133615, 8.291394543431762, 
objectives:
-21.79863397371291, 3.2369767064372255, 211.40608203621565, 

parameters:
1.5142648017193527, -51.833040630111405, 0.41346518741895977, 
objectives:
-49.95350792780421, -51.18363675984371, 2689.543633665087, 

parameters:
3.5469733339425673, -85.16397172152772, 7.758944512285247, 
objectives:
-80.34189640211332, -75.01190071331308, 7258.724154704587, 

