[!]Generation 9 at Sun May 26 02:43:06 2019
size of front generated: 23
[!!!]Points in the front:
parameters:
0, 0.0, 20.0, 
objectives:
-20.0, 24.0, -19.0, 

parameters:
0.005341326530448582, 7.280667445864596e-05, 20.0, 
objectives:
-19.999898663556436, 23.97873603032177, -18.999898663556436, 

parameters:
0.025741689044826276, 0.0, 20.0, 
objectives:
-19.99933736544512, 23.897695878375576, -18.99933736544512, 

parameters:
0.04710145191686528, 0.0, 20.0, 
objectives:
-19.997781453227322, 23.813812739105217, -18.997781453227322, 

parameters:
0.11618047130254154, 0, 20.0, 
objectives:
-19.986502098087918, 23.548776016701915, -18.986502098087918, 

parameters:
0.1432969100941772, 0, 20.0, 
objectives:
-19.97946599555746, 23.44734636406583, -18.97946599555746, 

parameters:
0.32143995325450336, 0.0, 20.0, 
objectives:
-19.896676356451742, 22.817563830530244, -18.896676356451742, 

parameters:
0.33892783379803915, 0.0, 20.0, 
objectives:
-19.88512792347697, 22.759160741330874, -18.88512792347697, 

parameters:
0.3666080040257206, 0, 20.0, 
objectives:
-19.86559857138428, 22.66796941251284, -18.86559857138428, 

parameters:
0.5000496572434621, 0.0056553455948692355, 20.0, 
objectives:
-19.744294994695828, 22.255506376330324, -18.744294994695828, 

parameters:
0.730241080035333, 0.058954203178791575, 20.0, 
objectives:
-19.407793761850037, 21.67124191800863, -18.407793761850037, 

parameters:
0.8082626923044107, 0, 20.0, 
objectives:
-19.346711420228825, 21.42023781055353, -18.346711420228825, 

parameters:
0.8966790250448025, 0.03694732317011344, 20.0, 
objectives:
-19.159019402874588, 21.254264496946202, -18.159019402874588, 

parameters:
1.018341800697915, 0.003261957753674968, 20.0, 
objectives:
-18.959718019197652, 20.966914778010686, -17.959718019197652, 

parameters:
1.075369858530294, 0.0, 20.0, 
objectives:
-18.843579667364537, 20.85494089851429, -17.843579667364537, 

parameters:
1.1597927164830402, 0, 20.0, 
objectives:
-18.65488085479289, 20.70594827927495, -17.65488085479289, 

parameters:
1.1651932267845106, 0.0, 20.0, 
objectives:
-18.6423247442555, 20.696902348606457, -17.6423247442555, 

parameters:
1.165350627487272, 0, 20.0, 
objectives:
-18.64195791501502, 20.696639575035892, -17.64195791501502, 

parameters:
1.3151729450667051, 0.0, 20.0, 
objectives:
-18.27032012456457, 20.46898809516861, -17.27032012456457, 

parameters:
1.3601785843659748, 0.0, 20.0, 
objectives:
-18.149914218632173, 20.40937144390393, -17.149914218632173, 

parameters:
1.4264771590954077, 0.0, 20.0, 
objectives:
-17.965162914579096, 20.328928449039275, -16.965162914579096, 

parameters:
1.5671644670980711, 0.0, 20.0, 
objectives:
-17.543995533065218, 20.187346598542497, -16.543995533065218, 

parameters:
1.8666644896369697, 0.0, 20.0, 
objectives:
-16.515563683128352, 20.01777835832377, -15.515563683128352, 

size of all points: 80
[!!!]All points:
0, 0.0, 20.0, -20.0, 24.0, -19.0, 

0.005341326530448582, 7.280667445864596e-05, 20.0, -19.999898663556436, 23.97873603032177, -18.999898663556436, 

0.025741689044826276, 0.0, 20.0, -19.99933736544512, 23.897695878375576, -18.99933736544512, 

0.11618047130254154, 0, 20.0, -19.986502098087918, 23.548776016701915, -18.986502098087918, 

0.32143995325450336, 0.0, 20.0, -19.896676356451742, 22.817563830530244, -18.896676356451742, 

0.3666080040257206, 0, 20.0, -19.86559857138428, 22.66796941251284, -18.86559857138428, 

0.5000496572434621, 0.0056553455948692355, 20.0, -19.744294994695828, 22.255506376330324, -18.744294994695828, 

0.730241080035333, 0.058954203178791575, 20.0, -19.407793761850037, 21.67124191800863, -18.407793761850037, 

0.8082626923044107, 0, 20.0, -19.346711420228825, 21.42023781055353, -18.346711420228825, 

0.8902730361535138, 0.08951731790246856, 20.0, -19.117896603195536, 21.32101125219041, -18.117896603195536, 

0.9991919007262235, 0.05020078545334461, 20.0, -18.95141476006977, 21.051817637025334, -17.951414760069774, 

1.075369858530294, 0.0, 20.0, -18.843579667364537, 20.85494089851429, -17.843579667364537, 

1.1597927164830402, 0, 20.0, -18.65488085479289, 20.70594827927495, -17.65488085479289, 

1.1651932267845106, 0.0, 20.0, -18.6423247442555, 20.696902348606457, -17.6423247442555, 

1.165350627487272, 0, 20.0, -18.64195791501502, 20.696639575035892, -17.64195791501502, 

1.3151729450667051, 0.0, 20.0, -18.27032012456457, 20.46898809516861, -17.27032012456457, 

1.3601785843659748, 0.0, 20.0, -18.149914218632173, 20.40937144390393, -17.149914218632173, 

1.8666644896369697, 0.0, 20.0, -16.515563683128352, 20.01777835832377, -15.515563683128352, 

0.005554177697515671, 0.0031661807876824494, 20.0, -19.99680297032242, 23.980980318887514, -18.99680297032242, 

0.11970688437399937, 0.024489278868253705, 20.0, -19.961180982965217, 23.559991479538787, -18.961180982965217, 

0.3207689325471281, 0.39608438763901843, 20.0, -19.501022904273558, 23.21590136553793, -18.501022904273558, 

0.4251809948195791, 0.48748563575498605, 20.0, -19.331735485889247, 22.967540534832438, -18.331735485889247, 

0.962898756912704, 0.18160020379721348, 20.0, -18.891225780138758, 21.25717919221043, -17.891225780138758, 

1.3220892405615696, 0.06055993740043943, 20.0, -18.191520102590893, 20.520122935162828, -17.191520102590893, 

2.1363341432181673, 0.0, 20.0, -15.436076428520298, 20.01858699860703, -14.436076428520298, 

0.0005973523244941262, 0.008750712825072286, 20.0, -19.99124893034513, 24.006361660356895, -18.99124893034513, 

0.3047171541269156, 0.4304104091216863, 20.0, -19.476737046859107, 23.30439433663323, -18.476737046859107, 

1.0367999214852315, 1.1398227396934377, 20.0, -17.78522318311478, 22.067577130944294, -16.78522318311478, 

1.3744459200666483, 0.7145878262730039, 20.0, -17.39631058653914, 21.105905733194266, -16.39631058653914, 

1.8682706588563034, 0.7508709511843995, 20.0, -15.758693794072235, 20.768223570502553, -14.758693794072235, 

1.9032173023352883, 0.6318912591848613, 20.0, -15.745872640906725, 20.64125814975212, -14.745872640906725, 

2.1695612891392844, 0.3304334259420232, 20.0, -14.962570386726263, 20.359184456716598, -13.962570386726263, 

2.277970339261592, 0.00023362851266349655, 20.0, -14.810617504931763, 20.07750113802187, -13.810617504931763, 

0.015308245221429824, 0.23782697855895846, 20.0, -19.76193867906928, 24.176828340045, -18.76193867906928, 

1.0353654611429746, 1.1843647791980882, 20.0, -17.743653582674106, 22.114884572753994, -16.743653582674106, 

1.4943159118361438, 1.3480173817447485, 20.0, -16.419002573888566, 21.60373377876686, -15.419002573888566, 

1.8455417870118183, 0.8508832750033991, 20.0, -15.743092237389826, 20.874740614562903, -14.743092237389826, 

2.2828496787188812, 0.0, 20.0, -14.788597344373102, 20.080003940751375, -13.788597344373102, 

0, 0.306016513405956, 20.0, -19.693983486594043, 24.306016513405957, -18.693983486594043, 

2.3137747030557323, 0.0032892084678556067, 20.0, -14.643157415031503, 20.101743772745568, -13.643157415031503, 

8.820226082024035, 28.832811421692906, 20.0, 86.62919955970997, 95.34829523161383, 87.62919955970997, 

1.4264771590954077, 0.0, 20.0, -17.965162914579096, 20.328928449039275, -16.965162914579096, 

16.75865108085785, 27.26527653390519, 20.0, 288.1176625838431, 265.08305826041175, 289.1176625838431, 

0.8131786494673334, 16.855845936742785, 20.0, -2.4828945473076978, 38.26439085482296, -1.4828945473076978, 

6.562200468933783, 0.25522375207829506, 20.0, 23.317698746553056, 41.06889687081792, 24.317698746553056, 

0.19761526191254108, 29.347782700443428, 20.0, 9.386834492184189, 52.596373444534024, 10.386834492184189, 

14.475619268717164, 6.801168613730255, 20.0, 196.3447218265859, 182.44224475171725, 197.3447218265859, 

0.41509820408576875, 7.578142763474884, 20.0, -12.249550717489885, 30.09005646616704, -11.249550717489885, 

0.8966790250448025, 0.03694732317011344, 20.0, -19.159019402874588, 21.254264496946202, -18.159019402874588, 

10.100448466145163, 10.844746397964036, 20.0, 92.86380561521821, 96.46201175063756, 93.86380561521821, 

4.403407878729674, 0.37851200579488364, 20.0, -0.23148704774654405, 26.15488143733476, 0.768512952253456, 

10.84671589383917, 0, 20.0, 97.65124568166326, 98.26438210630657, 98.65124568166326, 

6.182114598985155, 0.0, 20.0, 18.218540914985383, 37.49008251904476, 19.218540914985383, 

8.151068561407472, 0.0, 20.0, 46.439918692765275, 57.83564444713539, 47.439918692765275, 

0.9229063677101143, 13.052369336317001, 20.0, -6.095874500123122, 34.21250002903642, -5.095874500123122, 

14.659118985506243, 0.04208402877290149, 20.0, 194.9318534600025, 180.29537751797753, 195.9318534600025, 

1.9161353936668104, 58.86712468923642, 20.0, 42.53869953609908, 78.87415796143185, 43.53869953609908, 

12.064388700071758, 0.16592819111080848, 20.0, 125.71540289752994, 121.4578480972429, 126.71540289752994, 

4.080107735960663, 0.0, 20.0, -3.3527208629539516, 24.326848193203396, -2.3527208629539516, 

2.8870595428580237, 0.0, 20.0, -11.664887195992419, 20.786874632575486, -10.664887195992419, 

1.953189930032993, 9.491183850420136, 20.0, -6.693865246797577, 29.49337503307045, -5.693865246797577, 

10.564401423311102, 0, 20.0, 91.60657743285763, 93.34897173961323, 92.60657743285763, 

7.659667081614244, 10.464719114945176, 20.0, 49.13521891611005, 62.49655058965307, 50.13521891611005, 

0.33892783379803915, 0.0, 20.0, -19.88512792347697, 22.759160741330874, -18.88512792347697, 

14.442550467884015, 0.023638023416342264, 20.0, 188.61090204079312, 174.84070016925705, 189.61090204079312, 

14.099529790147955, 9.808295608270102, 20.0, 188.60503591153972, 176.2069167509479, 189.60503591153972, 

2.245862239062267, 0.498293248459373, 20.0, -14.457809554694848, 20.558741489056086, -13.457809554694848, 

2.992826049391441, 0, 20.0, -11.042992238084018, 20.985703564350217, -10.042992238084018, 

1.207811089884892, 35.01639529784067, 20.0, 16.475202926689597, 55.64395856715003, 17.475202926689597, 

1.018341800697915, 0.003261957753674968, 20.0, -18.959718019197652, 20.966914778010686, -17.959718019197652, 

14.561310081015918, 0.40800228637453806, 20.0, 192.43975356187033, 178.19451323780666, 193.43975356187033, 

0.5010704741168205, 9.36952457958848, 20.0, -10.379403800379864, 31.616314303152855, -9.379403800379864, 

3.005185489192122, 0.07142932903482621, 20.0, -10.89743084651428, 21.08182719671723, -9.89743084651428, 

13.937562239104967, 0, 20.0, 174.25564116892465, 162.50539221250477, 175.25564116892465, 

1.5671644670980711, 0.0, 20.0, -17.543995533065218, 20.187346598542497, -16.543995533065218, 

0.04710145191686528, 0.0, 20.0, -19.997781453227322, 23.813812739105217, -18.997781453227322, 

2.2607071335564695, 2.465626100606644, 20.0, -12.423577155680247, 22.533594310093875, -11.423577155680247, 

22.14168650985923, 0.0, 20.0, 470.2542815008822, 425.6875354614453, 471.2542815008822, 

25.03146655333153, 0.048371313081974614, 20.0, 606.622689123637, 550.4968229103109, 607.622689123637, 

0.1432969100941772, 0, 20.0, -19.97946599555746, 23.44734636406583, -18.97946599555746, 

