Generation 902 at Fri May 24 19:48:11 2019
parameters:
0.05101637681523949, -100, 19.95971668145522, 
objectives:
-119.95711401075187, -76.24174615510238, 9981.042885989249, 

parameters:
4.242784872306204, -9.061428564357314, 2.1837182517583007, 
objectives:
6.756076656554754, -1.8476263291534596, 98.92699284786272, 

parameters:
-0.09310337269809921, -0.38187417318528993, 20, 
objectives:
-20.37320593517753, 23.999207555614866, -18.84550387784629, 

parameters:
1.9973066371654076, -100, 0, 
objectives:
-96.01076619713501, -99.99999274579665, 10004.989233802866, 

parameters:
-0.9147266842774306, -36.89487307217263, 7.624937326972194, 
objectives:
-43.68308549221564, -20.77430410116153, 1355.4434465916859, 

parameters:
3.390565809248976, -45.6315998033011, 15.684069411646611, 
objectives:
-49.81973270809955, -28.013857121802232, 2079.0547677038303, 

parameters:
2.4333058571472588, -64.55840581110479, 19.813376245491543, 
objectives:
-78.45080466216918, -44.557275599775124, 4154.895362020225, 

parameters:
2.918671597941514, -71.10360777208864, 7.025798385041898, 
objectives:
-69.61076226050007, -63.23385188218232, 5058.2158837186125, 

parameters:
-2.206115038370273, -90.95734463120348, 19.851703067947998, 
objectives:
-105.942104136628, -53.41423784725093, 8259.253782854095, 

parameters:
0.5512370232354415, -61.836200082278914, 0, 
objectives:
-61.532337826493446, -59.73728591943521, 3825.0195028714165, 

parameters:
-0.03922252198850229, -55.62814340916978, 12.742362161616086, 
objectives:
-68.36896716455473, -38.72735275336855, 3082.7495153957743, 

parameters:
-0.5703214187616844, -34.754919918892426, 15.557635121385912, 
objectives:
-49.98728851958, -12.590732601761436, 1193.672089967938, 

parameters:
3.478642178469497, -79.25011881163803, 9.998740438980418, 
objectives:
-77.14790784479145, -67.06499568070859, 6283.683542625591, 

parameters:
2.249966342049136, -51.937411533899706, 18.82170164826339, 
objectives:
-65.69676464180912, -33.05322671347889, 2684.7353637337487, 

parameters:
-0.722250877562931, -55.351848951958914, 0, 
objectives:
-54.830202621818486, -47.94119911156677, 3065.3488287306154, 

parameters:
1.789536473964573, -95.62247018756207, 17.953404802349716, 
objectives:
-110.37343419826223, -77.62477048942108, 9129.905840760497, 

parameters:
-1.547056350697104, -27.175721609386606, 13.188728172519523, 
objectives:
-37.97106642967389, -1.405384681846428, 728.7245001705949, 

parameters:
4.527729374678942, -15.533901335764824, 0.5415055876094589, 
objectives:
4.42492636695628, -8.60297995654057, 262.26091841199735, 

parameters:
0.23526773336397866, -11.86790636660698, 5.949789989998757, 
objectives:
-17.762345450243515, -2.803836403701914, 135.952762442914, 

parameters:
0.27772049989363, -75.90275723117759, 15.418206392991223, 
objectives:
-91.24383494810765, -57.51830416169972, 5746.887477578151, 

parameters:
-0.18852939526768964, -98.08699328688047, 3.2753709228526096, 
objectives:
-101.32682087685309, -90.0219614500771, 9618.818424470563, 

parameters:
-0.14425202062499487, -87.9043345336724, 12.159342419638314, 
objectives:
-100.04286830785631, -71.14717538607971, 7716.033496033606, 

parameters:
-0.8086710593494368, -49.2001935782442, 10.55185833621028, 
objectives:
-59.09810303222514, -30.759702122406836, 2411.761138682721, 

parameters:
-0.5011162143136791, -93.08857285612679, 0.05568137871100364, 
objectives:
-92.89313677458972, -86.777309159913, 8666.677832471962, 

parameters:
2.243431493380336, -86.07820333250665, 5.835954654115117, 
objectives:
-86.88117312113104, -80.18298978642216, 7409.654119163734, 

parameters:
-1.6261437910205008, -13.63531330234169, 20, 
objectives:
-30.990969673267163, 19.51360549081484, 169.56611248209074, 

parameters:
-0.6051611197380882, -4.977303236741783, 0.925265745121253, 
objectives:
-5.536349001020379, 2.73482696817448, 25.214501746201634, 

parameters:
4.615438184672925, -21.923172893652335, 5.991726690128701, 
objectives:
-6.61262994724413, -9.09092930567843, 496.9360526713807, 

parameters:
-2.5577516744246256, -22.256785149369996, 9.817487123510517, 
objectives:
-25.532178644858536, 8.333802299861002, 493.0890916897282, 

parameters:
2.118258464262305, -95.23573783652897, 0.7595450374773082, 
objectives:
-91.50826395258738, -94.46220773468198, 9074.573235152018, 

parameters:
3.7497736145936718, -82.93640896034272, 16.05013477762889, 
objectives:
-84.92574157726872, -63.82456648038562, 6877.45859862029, 

parameters:
2.572047539032695, -72.69316069769334, 16.530441161201182, 
objectives:
-82.60817331585038, -55.8354811495788, 5275.38059960251, 

parameters:
-2.5218626208968016, -24.12686262577878, 13.457739453245615, 
objectives:
-31.224811000347913, 9.778118389730523, 576.0075517886319, 

parameters:
-2.6333952573423405, -20.462874799524283, 19.67122002378718, 
objectives:
-33.19932424191833, 20.67669683502539, 406.9927956186119, 

parameters:
-1.1429406865530607, -24.761656856339386, 19.237796467987334, 
objectives:
-42.69313991134834, 4.354215770838573, 596.2081672160904, 

parameters:
0.9016963344450315, -93.46351046112571, 2.1398124797568476, 
objectives:
-94.79026666133095, -90.11742703959739, 8735.101031516751, 

parameters:
-0.3251346303903939, -81.48014394256093, 1.3636426785670375, 
objectives:
-82.73807409324887, -74.71025021455323, 6638.755926749761, 

parameters:
-0.9403995181199576, -85.66889132761308, 10.755356853489928, 
objectives:
-95.53989692742276, -66.26758514796308, 7330.287935702571, 

parameters:
2.0529174286444833, -81.09065369497152, 3.1028988475289427, 
objectives:
-79.9790825736682, -77.98495459318823, 6577.805687799102, 

parameters:
0.07753335179859722, -89.10710552554937, 6.209614568075644, 
objectives:
-95.31070867298388, -79.201612944027, 7934.872651993957, 

