Generation 903 at Fri May 24 19:48:11 2019
parameters:
0.05101637681523949, -100, 19.95971668145522, 
objectives:
-119.95711401075187, -76.24174615510238, 9981.042885989249, 

parameters:
4.242784872306204, -9.061428564357314, 2.1837182517583007, 
objectives:
6.756076656554754, -1.8476263291534596, 98.92699284786272, 

parameters:
-0.09310337269809921, -0.38187417318528993, 20, 
objectives:
-20.37320593517753, 23.999207555614866, -18.84550387784629, 

parameters:
1.9973066371654076, -100, 0, 
objectives:
-96.01076619713501, -99.99999274579665, 10004.989233802866, 

parameters:
3.478642178469497, -79.25011881163803, 9.998740438980418, 
objectives:
-77.14790784479145, -67.06499568070859, 6283.683542625591, 

parameters:
-0.9147266842774306, -36.89487307217263, 7.624937326972194, 
objectives:
-43.68308549221564, -20.77430410116153, 1355.4434465916859, 

parameters:
-1.6261437910205008, -13.63531330234169, 20, 
objectives:
-30.990969673267163, 19.51360549081484, 169.56611248209074, 

parameters:
2.4333058571472588, -64.55840581110479, 19.813376245491543, 
objectives:
-78.45080466216918, -44.557275599775124, 4154.895362020225, 

parameters:
-2.5577516744246256, -22.256785149369996, 9.817487123510517, 
objectives:
-25.532178644858536, 8.333802299861002, 493.0890916897282, 

parameters:
2.918671597941514, -71.10360777208864, 7.025798385041898, 
objectives:
-69.61076226050007, -63.23385188218232, 5058.2158837186125, 

parameters:
3.390565809248976, -45.6315998033011, 15.684069411646611, 
objectives:
-49.81973270809955, -28.013857121802232, 2079.0547677038303, 

parameters:
-2.206115038370273, -90.95734463120348, 19.851703067947998, 
objectives:
-105.942104136628, -53.41423784725093, 8259.253782854095, 

parameters:
-0.5703214187616844, -34.754919918892426, 15.557635121385912, 
objectives:
-49.98728851958, -12.590732601761436, 1193.672089967938, 

parameters:
-0.14425202062499487, -87.9043345336724, 12.159342419638314, 
objectives:
-100.04286830785631, -71.14717538607971, 7716.033496033606, 

parameters:
-1.547056350697104, -27.175721609386606, 13.188728172519523, 
objectives:
-37.97106642967389, -1.405384681846428, 728.7245001705949, 

parameters:
-0.18852939526768964, -98.08699328688047, 3.2753709228526096, 
objectives:
-101.32682087685309, -90.0219614500771, 9618.818424470563, 

parameters:
2.249966342049136, -51.937411533899706, 18.82170164826339, 
objectives:
-65.69676464180912, -33.05322671347889, 2684.7353637337487, 

parameters:
4.527729374678942, -15.533901335764824, 0.5415055876094589, 
objectives:
4.42492636695628, -8.60297995654057, 262.26091841199735, 

parameters:
0.23526773336397866, -11.86790636660698, 5.949789989998757, 
objectives:
-17.762345450243515, -2.803836403701914, 135.952762442914, 

parameters:
2.243431493380336, -86.07820333250665, 5.835954654115117, 
objectives:
-86.88117312113104, -80.18298978642216, 7409.654119163734, 

parameters:
-0.6051611197380882, -4.977303236741783, 0.925265745121253, 
objectives:
-5.536349001020379, 2.73482696817448, 25.214501746201634, 

parameters:
-0.03922252198850229, -55.62814340916978, 12.742362161616086, 
objectives:
-68.36896716455473, -38.72735275336855, 3082.7495153957743, 

parameters:
4.615438184672925, -21.923172893652335, 5.991726690128701, 
objectives:
-6.61262994724413, -9.09092930567843, 496.9360526713807, 

parameters:
1.789536473964573, -95.62247018756207, 17.953404802349716, 
objectives:
-110.37343419826223, -77.62477048942108, 9129.905840760497, 

parameters:
2.118258464262305, -95.23573783652897, 0.7595450374773082, 
objectives:
-91.50826395258738, -94.46220773468198, 9074.573235152018, 

parameters:
1.2793025365534623, -70.1221042991821, 18.1060734849256, 
objectives:
-86.59156280407558, -51.496625980438225, 4901.640052840479, 

parameters:
0.5512370232354415, -61.836200082278914, 0, 
objectives:
-61.532337826493446, -59.73728591943521, 3825.0195028714165, 

parameters:
-0.8086710593494368, -49.2001935782442, 10.55185833621028, 
objectives:
-59.09810303222514, -30.759702122406836, 2411.761138682721, 

parameters:
0.27772049989363, -75.90275723117759, 15.418206392991223, 
objectives:
-91.24383494810765, -57.51830416169972, 5746.887477578151, 

parameters:
3.2448067489546597, -55.12729097722038, 12.185561692946074, 
objectives:
-56.78408183210475, -41.39218544203124, 3038.361419632239, 

parameters:
-0.722250877562931, -55.351848951958914, 0, 
objectives:
-54.830202621818486, -47.94119911156677, 3065.3488287306154, 

parameters:
1.636364504150618, -76.93942472050273, 19.87632815860211, 
objectives:
-94.13806408866074, -56.930865788058995, 5903.476436953748, 

parameters:
-1.1304244779381758, -46.969305141876085, 15.31440011191307, 
objectives:
-61.005845753467355, -21.855347617888516, 2193.079084899076, 

parameters:
-0.16475004945176736, -100, 12.340168568079267, 
objectives:
-112.31302598928491, -82.97368865531931, 9988.686974010714, 

parameters:
0.773648091182933, -61.09938724735527, 8.000153837367403, 
objectives:
-68.50100971573167, -51.595294405728595, 3726.7334995339033, 

parameters:
-0.5011162143136791, -93.08857285612679, 0.05568137871100364, 
objectives:
-92.89313677458972, -86.777309159913, 8666.677832471962, 

parameters:
0.7592538113372029, -86.36510413996223, 0, 
objectives:
-85.78863778993215, -84.82565303528096, 7460.507679456551, 

parameters:
1.3618381788359164, -86.47872128324185, 4.950807500035504, 
objectives:
-89.57492555794224, -81.12066327321489, 7476.4730305099265, 

parameters:
1.7849882807503723, -13.117906884132474, 14.229403318254818, 
objectives:
-24.16112703997112, 1.157726473537025, 162.0362608649315, 

parameters:
-0.5728603963917269, -92.54427867859191, 0, 
objectives:
-92.21610964483783, -85.92466805927091, 8565.771685174634, 

