Generation 905 at Fri May 24 19:48:11 2019
parameters:
0.05101637681523949, -100, 19.95971668145522, 
objectives:
-119.95711401075187, -76.24174615510238, 9981.042885989249, 

parameters:
4.242784872306204, -9.061428564357314, 2.1837182517583007, 
objectives:
6.756076656554754, -1.8476263291534596, 98.92699284786272, 

parameters:
-0.09310337269809921, -0.38187417318528993, 20, 
objectives:
-20.37320593517753, 23.999207555614866, -18.84550387784629, 

parameters:
1.9973066371654076, -100, 0, 
objectives:
-96.01076619713501, -99.99999274579665, 10004.989233802866, 

parameters:
-2.206115038370273, -90.95734463120348, 19.851703067947998, 
objectives:
-105.942104136628, -53.41423784725093, 8259.253782854095, 

parameters:
-0.18852939526768964, -98.08699328688047, 3.2753709228526096, 
objectives:
-101.32682087685309, -90.0219614500771, 9618.818424470563, 

parameters:
2.4333058571472588, -64.55840581110479, 19.813376245491543, 
objectives:
-78.45080466216918, -44.557275599775124, 4154.895362020225, 

parameters:
2.243431493380336, -86.07820333250665, 5.835954654115117, 
objectives:
-86.88117312113104, -80.18298978642216, 7409.654119163734, 

parameters:
2.249966342049136, -51.937411533899706, 18.82170164826339, 
objectives:
-65.69676464180912, -33.05322671347889, 2684.7353637337487, 

parameters:
0.5512370232354415, -61.836200082278914, 0, 
objectives:
-61.532337826493446, -59.73728591943521, 3825.0195028714165, 

parameters:
-2.5577516744246256, -22.256785149369996, 9.817487123510517, 
objectives:
-25.532178644858536, 8.333802299861002, 493.0890916897282, 

parameters:
-1.6261437910205008, -13.63531330234169, 20, 
objectives:
-30.990969673267163, 19.51360549081484, 169.56611248209074, 

parameters:
0.16333346549955285, -40.862052732331655, 11.066752045353416, 
objectives:
-51.90212695673298, -26.421956728024355, 1659.6672792754514, 

parameters:
2.118258464262305, -95.23573783652897, 0.7595450374773082, 
objectives:
-91.50826395258738, -94.46220773468198, 9074.573235152018, 

parameters:
-0.5703214187616844, -34.754919918892426, 15.557635121385912, 
objectives:
-49.98728851958, -12.590732601761436, 1193.672089967938, 

parameters:
-0.14425202062499487, -87.9043345336724, 12.159342419638314, 
objectives:
-100.04286830785631, -71.14717538607971, 7716.033496033606, 

parameters:
0.27772049989363, -75.90275723117759, 15.418206392991223, 
objectives:
-91.24383494810765, -57.51830416169972, 5746.887477578151, 

parameters:
-0.9147266842774306, -36.89487307217263, 7.624937326972194, 
objectives:
-43.68308549221564, -20.77430410116153, 1355.4434465916859, 

parameters:
2.918671597941514, -71.10360777208864, 7.025798385041898, 
objectives:
-69.61076226050007, -63.23385188218232, 5058.2158837186125, 

parameters:
1.789536473964573, -95.62247018756207, 17.953404802349716, 
objectives:
-110.37343419826223, -77.62477048942108, 9129.905840760497, 

parameters:
1.2793025365534623, -70.1221042991821, 18.1060734849256, 
objectives:
-86.59156280407558, -51.496625980438225, 4901.640052840479, 

parameters:
-0.03922252198850229, -55.62814340916978, 12.742362161616086, 
objectives:
-68.36896716455473, -38.72735275336855, 3082.7495153957743, 

parameters:
3.478642178469497, -79.25011881163803, 9.998740438980418, 
objectives:
-77.14790784479145, -67.06499568070859, 6283.683542625591, 

parameters:
0.23526773336397866, -11.86790636660698, 5.949789989998757, 
objectives:
-17.762345450243515, -2.803836403701914, 135.952762442914, 

parameters:
-0.6051611197380882, -4.977303236741783, 0.925265745121253, 
objectives:
-5.536349001020379, 2.73482696817448, 25.214501746201634, 

parameters:
-2.957648448349996, -44.56811963538358, 20.0, 
objectives:
-55.820435291356446, 0.010158502043541517, 1976.0649721778907, 

parameters:
3.9732821428124097, -81.38479753242797, 0, 
objectives:
-65.59782654603599, -77.49095511728564, 6640.272240380685, 

parameters:
-0.8395281315187213, -78.71177864861899, 6.3512562174111515, 
objectives:
-84.35822738241882, -64.29760242152165, 6190.8976492953925, 

parameters:
4.615438184672925, -21.923172893652335, 5.991726690128701, 
objectives:
-6.61262994724413, -9.09092930567843, 496.9360526713807, 

parameters:
4.527729374678942, -15.533901335764824, 0.5415055876094589, 
objectives:
4.42492636695628, -8.60297995654057, 262.26091841199735, 

parameters:
2.177962142354074, -27.25762784108598, 19.57968733546802, 
objectives:
-42.093796083026454, -7.646269981506709, 729.1421072812051, 

parameters:
3.2448067489546597, -55.12729097722038, 12.185561692946074, 
objectives:
-56.78408183210475, -41.39218544203124, 3038.361419632239, 

parameters:
-1.547056350697104, -27.175721609386606, 13.188728172519523, 
objectives:
-37.97106642967389, -1.405384681846428, 728.7245001705949, 

parameters:
-0.6865704716296246, -26.685619230213458, 20, 
objectives:
-46.21424021769973, 0.532041668818767, 693.593652712452, 

parameters:
-0.23953412363025844, -3.219557220348909, 20, 
objectives:
-23.162180623965593, 21.79595587055544, -8.577074708515891, 

