Generation 908 at Fri May 24 19:48:11 2019
parameters:
0.05101637681523949, -100, 19.95971668145522, 
objectives:
-119.95711401075187, -76.24174615510238, 9981.042885989249, 

parameters:
4.242784872306204, -9.061428564357314, 2.1837182517583007, 
objectives:
6.756076656554754, -1.8476263291534596, 98.92699284786272, 

parameters:
-0.09310337269809921, -0.38187417318528993, 20, 
objectives:
-20.37320593517753, 23.999207555614866, -18.84550387784629, 

parameters:
1.9973066371654076, -100, 0, 
objectives:
-96.01076619713501, -99.99999274579665, 10004.989233802866, 

parameters:
1.4906941029157204, -38.961025229045354, 12.3142735049992, 
objectives:
-49.05312982557685, -26.387359227241333, 1508.869382301777, 

parameters:
-2.206115038370273, -90.95734463120348, 19.851703067947998, 
objectives:
-105.942104136628, -53.41423784725093, 8259.253782854095, 

parameters:
-0.29888437374334154, -10.665293771855255, 19.94032553327493, 
objectives:
-30.516287436262235, 14.55990112526099, 94.89749757556751, 

parameters:
4.615438184672925, -21.923172893652335, 5.991726690128701, 
objectives:
-6.61262994724413, -9.09092930567843, 496.9360526713807, 

parameters:
2.4333058571472588, -64.55840581110479, 19.813376245491543, 
objectives:
-78.45080466216918, -44.557275599775124, 4154.895362020225, 

parameters:
-0.03922252198850229, -55.62814340916978, 12.742362161616086, 
objectives:
-68.36896716455473, -38.72735275336855, 3082.7495153957743, 

parameters:
-0.9147266842774306, -36.89487307217263, 7.624937326972194, 
objectives:
-43.68308549221564, -20.77430410116153, 1355.4434465916859, 

parameters:
3.478642178469497, -79.25011881163803, 9.998740438980418, 
objectives:
-77.14790784479145, -67.06499568070859, 6283.683542625591, 

parameters:
-2.957648448349996, -44.56811963538358, 20.0, 
objectives:
-55.820435291356446, 0.010158502043541517, 1976.0649721778907, 

parameters:
0.27772049989363, -75.90275723117759, 15.418206392991223, 
objectives:
-91.24383494810765, -57.51830416169972, 5746.887477578151, 

parameters:
0.542043827886186, -18.415695875522022, 19.933085999604735, 
objectives:
-38.054970363777244, 3.6430263238874794, 320.4985800914636, 

parameters:
2.249966342049136, -51.937411533899706, 18.82170164826339, 
objectives:
-65.69676464180912, -33.05322671347889, 2684.7353637337487, 

parameters:
0.5512370232354415, -61.836200082278914, 0, 
objectives:
-61.532337826493446, -59.73728591943521, 3825.0195028714165, 

parameters:
0.20753506637642138, -26.651852757467637, 6.075051930774143, 
objectives:
-32.68383388446591, -17.363870288423314, 705.289274278737, 

parameters:
2.118258464262305, -95.23573783652897, 0.7595450374773082, 
objectives:
-91.50826395258738, -94.46220773468198, 9074.573235152018, 

parameters:
-0.18852939526768964, -98.08699328688047, 3.2753709228526096, 
objectives:
-101.32682087685309, -90.0219614500771, 9618.818424470563, 

parameters:
2.752199741011619, -23.18762286695354, 7.546433604800111, 
objectives:
-23.15945305732923, -15.075384811775482, 538.694024029691, 

parameters:
4.527729374678942, -15.533901335764824, 0.5415055876094589, 
objectives:
4.42492636695628, -8.60297995654057, 262.26091841199735, 

parameters:
1.2793025365534623, -70.1221042991821, 18.1060734849256, 
objectives:
-86.59156280407558, -51.496625980438225, 4901.640052840479, 

parameters:
1.9462769511458524, -81.96904999730239, 4.933417634587304, 
objectives:
-83.11447366132809, -77.03274619673691, 6718.779733796234, 

parameters:
2.840319598517188, -48.41502264505792, 0, 
objectives:
-40.34760722333708, -47.70888561740583, 2353.081833143192, 

parameters:
2.243431493380336, -86.07820333250665, 5.835954654115117, 
objectives:
-86.88117312113104, -80.18298978642216, 7409.654119163734, 

parameters:
-0.14425202062499487, -87.9043345336724, 12.159342419638314, 
objectives:
-100.04286830785631, -71.14717538607971, 7716.033496033606, 

parameters:
1.789536473964573, -95.62247018756207, 17.953404802349716, 
objectives:
-110.37343419826223, -77.62477048942108, 9129.905840760497, 

parameters:
2.918671597941514, -71.10360777208864, 7.025798385041898, 
objectives:
-69.61076226050007, -63.23385188218232, 5058.2158837186125, 

parameters:
0.23526773336397866, -11.86790636660698, 5.949789989998757, 
objectives:
-17.762345450243515, -2.803836403701914, 135.952762442914, 

parameters:
2.9356751620807113, -87.16236588972622, 4.746119306127666, 
objectives:
-83.29029653859628, -81.54075857466378, 7602.150096845638, 

parameters:
-3.153441061399922, -50.61023645205983, 20, 
objectives:
-60.666045924336764, -4.052281678737071, 2552.3402242611287, 

parameters:
2.391361496915809, -71.43961446121483, 1.3242386605615448, 
objectives:
-67.04524331284496, -69.9622119793851, 5109.012885515385, 

parameters:
-0.1969031424595853, -100.0, 17.02637631483075, 
objectives:
-116.9876054673203, -78.14724026782045, 9984.01239453268, 

parameters:
1.8337390355932612, -98.20887154932035, 5.644867309044291, 
objectives:
-100.49114000770614, -92.53636153199061, 9643.700182532519, 

