Generation 910 at Fri May 24 19:48:11 2019
parameters:
4.242784872306204, -9.061428564357314, 2.1837182517583007, 
objectives:
6.756076656554754, -1.8476263291534596, 98.92699284786272, 

parameters:
0.05101637681523949, -100, 19.95971668145522, 
objectives:
-119.95711401075187, -76.24174615510238, 9981.042885989249, 

parameters:
-0.09310337269809921, -0.38187417318528993, 20, 
objectives:
-20.37320593517753, 23.999207555614866, -18.84550387784629, 

parameters:
1.9973066371654076, -100, 0, 
objectives:
-96.01076619713501, -99.99999274579665, 10004.989233802866, 

parameters:
-2.206115038370273, -90.95734463120348, 19.851703067947998, 
objectives:
-105.942104136628, -53.41423784725093, 8259.253782854095, 

parameters:
1.4906941029157204, -38.961025229045354, 12.3142735049992, 
objectives:
-49.05312982557685, -26.387359227241333, 1508.869382301777, 

parameters:
-0.18852939526768964, -98.08699328688047, 3.2753709228526096, 
objectives:
-101.32682087685309, -90.0219614500771, 9618.818424470563, 

parameters:
2.243431493380336, -86.07820333250665, 5.835954654115117, 
objectives:
-86.88117312113104, -80.18298978642216, 7409.654119163734, 

parameters:
3.478642178469497, -79.25011881163803, 9.998740438980418, 
objectives:
-77.14790784479145, -67.06499568070859, 6283.683542625591, 

parameters:
2.918671597941514, -71.10360777208864, 7.025798385041898, 
objectives:
-69.61076226050007, -63.23385188218232, 5058.2158837186125, 

parameters:
0.27772049989363, -75.90275723117759, 15.418206392991223, 
objectives:
-91.24383494810765, -57.51830416169972, 5746.887477578151, 

parameters:
-2.957648448349996, -44.56811963538358, 20.0, 
objectives:
-55.820435291356446, 0.010158502043541517, 1976.0649721778907, 

parameters:
-0.14425202062499487, -87.9043345336724, 12.159342419638314, 
objectives:
-100.04286830785631, -71.14717538607971, 7716.033496033606, 

parameters:
0.542043827886186, -18.415695875522022, 19.933085999604735, 
objectives:
-38.054970363777244, 3.6430263238874794, 320.4985800914636, 

parameters:
-0.03922252198850229, -55.62814340916978, 12.742362161616086, 
objectives:
-68.36896716455473, -38.72735275336855, 3082.7495153957743, 

parameters:
2.4333058571472588, -64.55840581110479, 19.813376245491543, 
objectives:
-78.45080466216918, -44.557275599775124, 4154.895362020225, 

parameters:
1.9462769511458524, -81.96904999730239, 4.933417634587304, 
objectives:
-83.11447366132809, -77.03274619673691, 6718.779733796234, 

parameters:
2.249966342049136, -51.937411533899706, 18.82170164826339, 
objectives:
-65.69676464180912, -33.05322671347889, 2684.7353637337487, 

parameters:
4.862487593740975, -22.260512549361167, 1.8503661661452875, 
objectives:
-0.4670931162215539, -12.21631115889488, 518.3238383934056, 

parameters:
1.2793025365534623, -70.1221042991821, 18.1060734849256, 
objectives:
-86.59156280407558, -51.496625980438225, 4901.640052840479, 

parameters:
2.118258464262305, -95.23573783652897, 0.7595450374773082, 
objectives:
-91.50826395258738, -94.46220773468198, 9074.573235152018, 

parameters:
2.840319598517188, -48.41502264505792, 0, 
objectives:
-40.34760722333708, -47.70888561740583, 2353.081833143192, 

parameters:
-1.3549804893276338, -3.0444344037361297, 5.732423516249327, 
objectives:
-6.940885793526903, 13.943883196282286, 6.37212944886139, 

parameters:
3.4680830077531555, -59.78907327151741, 14.336679611792212, 
objectives:
-62.09815313464345, -43.297125942071645, 3573.4242028037515, 

parameters:
0.5512370232354415, -61.836200082278914, 0, 
objectives:
-61.532337826493446, -59.73728591943521, 3825.0195028714165, 

parameters:
1.789536473964573, -95.62247018756207, 17.953404802349716, 
objectives:
-110.37343419826223, -77.62477048942108, 9129.905840760497, 

parameters:
2.8709646174402277, -34.67246415351941, 18.055588894303806, 
objectives:
-44.4856152132295, -15.858295894382795, 1193.366619417378, 

parameters:
-1.2635064864938779, -1.297438432627743, 8.016372007503808, 
objectives:
-7.7173617987194465, 17.369408162263678, -3.7365768796321692, 

parameters:
-0.7491947930351612, -26.283413493870825, 8.038992078887837, 
objectives:
-33.761112734847664, -10.686349404931345, 684.340125648814, 

parameters:
-0.9147266842774306, -36.89487307217263, 7.624937326972194, 
objectives:
-43.68308549221564, -20.77430410116153, 1355.4434465916859, 

parameters:
-0.29888437374334154, -10.665293771855255, 19.94032553327493, 
objectives:
-30.516287436262235, 14.55990112526099, 94.89749757556751, 

parameters:
0.8771805301425024, -96.05727143295712, 0, 
objectives:
-95.28782575049604, -94.79654787106605, 9228.768840827262, 

parameters:
5.374345863125719, -45.790941336519175, 0.15682228989898794, 
objectives:
-17.064170169921628, -34.24790904262653, 2126.537079651138, 

parameters:
0.20753506637642138, -26.651852757467637, 6.075051930774143, 
objectives:
-32.68383388446591, -17.363870288423314, 705.289274278737, 

parameters:
0.7537252970260147, -14.803288437285481, 1.5846274010127765, 
objectives:
-15.819814014921302, -11.665460400999809, 219.1208229798342, 

