Generation 913 at Fri May 24 19:48:11 2019
parameters:
2.7530136180757427, 9.383625825955463, 2.7133001422846688, 
objectives:
14.249409664981282, 12.66395547724765, 93.91821748056417, 

parameters:
0.05101637681523949, -100, 19.95971668145522, 
objectives:
-119.95711401075187, -76.24174615510238, 9981.042885989249, 

parameters:
-0.09310337269809921, -0.38187417318528993, 20, 
objectives:
-20.37320593517753, 23.999207555614866, -18.84550387784629, 

parameters:
1.9973066371654076, -100, 0, 
objectives:
-96.01076619713501, -99.99999274579665, 10004.989233802866, 

parameters:
2.4333058571472588, -64.55840581110479, 19.813376245491543, 
objectives:
-78.45080466216918, -44.557275599775124, 4154.895362020225, 

parameters:
-2.206115038370273, -90.95734463120348, 19.851703067947998, 
objectives:
-105.942104136628, -53.41423784725093, 8259.253782854095, 

parameters:
2.249966342049136, -51.937411533899706, 18.82170164826339, 
objectives:
-65.69676464180912, -33.05322671347889, 2684.7353637337487, 

parameters:
-0.18852939526768964, -98.08699328688047, 3.2753709228526096, 
objectives:
-101.32682087685309, -90.0219614500771, 9618.818424470563, 

parameters:
4.862487593740975, -22.260512549361167, 1.8503661661452875, 
objectives:
-0.4670931162215539, -12.21631115889488, 518.3238383934056, 

parameters:
2.918671597941514, -71.10360777208864, 7.025798385041898, 
objectives:
-69.61076226050007, -63.23385188218232, 5058.2158837186125, 

parameters:
-0.9147266842774306, -36.89487307217263, 7.624937326972194, 
objectives:
-43.68308549221564, -20.77430410116153, 1355.4434465916859, 

parameters:
3.478642178469497, -79.25011881163803, 9.998740438980418, 
objectives:
-77.14790784479145, -67.06499568070859, 6283.683542625591, 

parameters:
2.0832016651815586, -58.87476797802005, 1.131137062514852, 
objectives:
-55.66617586271968, -57.73670839841622, 3470.4468965809956, 

parameters:
-2.957648448349996, -44.56811963538358, 20.0, 
objectives:
-55.820435291356446, 0.010158502043541517, 1976.0649721778907, 

parameters:
2.118258464262305, -95.23573783652897, 0.7595450374773082, 
objectives:
-91.50826395258738, -94.46220773468198, 9074.573235152018, 

parameters:
1.4906941029157204, -38.961025229045354, 12.3142735049992, 
objectives:
-49.05312982557685, -26.387359227241333, 1508.869382301777, 

parameters:
-0.03922252198850229, -55.62814340916978, 12.742362161616086, 
objectives:
-68.36896716455473, -38.72735275336855, 3082.7495153957743, 

parameters:
3.3871387696137836, -32.52447117185049, 4.02044380340478, 
objectives:
-25.072205930634496, -26.57987340228007, 1066.2934902497498, 

parameters:
2.243431493380336, -86.07820333250665, 5.835954654115117, 
objectives:
-86.88117312113104, -80.18298978642216, 7409.654119163734, 

parameters:
4.766687558027999, -24.286215623525024, 9.95533046158006, 
objectives:
-11.520235809246154, -6.676325118198031, 603.5862491266299, 

parameters:
0.27772049989363, -75.90275723117759, 15.418206392991223, 
objectives:
-91.24383494810765, -57.51830416169972, 5746.887477578151, 

parameters:
0.542043827886186, -18.415695875522022, 19.933085999604735, 
objectives:
-38.054970363777244, 3.6430263238874794, 320.4985800914636, 

parameters:
1.789536473964573, -95.62247018756207, 17.953404802349716, 
objectives:
-110.37343419826223, -77.62477048942108, 9129.905840760497, 

parameters:
2.21267050186815, 0.6957278389901305, 20, 
objectives:
-14.40836141117242, 20.740956581354983, -13.620052024216672, 

parameters:
2.840319598517188, -48.41502264505792, 0, 
objectives:
-40.34760722333708, -47.70888561740583, 2353.081833143192, 

parameters:
-0.14425202062499487, -87.9043345336724, 12.159342419638314, 
objectives:
-100.04286830785631, -71.14717538607971, 7716.033496033606, 

parameters:
4.242784872306204, -9.061428564357314, 2.1837182517583007, 
objectives:
6.756076656554754, -1.8476263291534596, 98.92699284786272, 

parameters:
0.8909137909865488, -82.57859121440373, 6.991217961381669, 
objectives:
-88.77608179281538, -74.35730103399824, 6814.026236377185, 

parameters:
-0.12228658130443515, -83.57146652813029, 1.2081133854430068, 
objectives:
-84.76462590560618, -77.85925280950241, 6983.996858284926, 

parameters:
-0.7491947930351612, -26.283413493870825, 8.038992078887837, 
objectives:
-33.761112734847664, -10.686349404931345, 684.340125648814, 

parameters:
1.7441613299670506, -69.1288738584285, 0, 
objectives:
-66.08677511347608, -69.06342043334428, 4782.843299679473, 

parameters:
-0.49907281506227674, -19.8795191930599, 10.729138981954737, 
objectives:
-30.35958450028045, -2.905015276121869, 385.71521804001634, 

parameters:
1.2793025365534623, -70.1221042991821, 18.1060734849256, 
objectives:
-86.59156280407558, -51.496625980438225, 4901.640052840479, 

parameters:
0.5748827697319586, -18.51337169687286, 14.235606701613634, 
objectives:
-32.4184881995518, -2.2468058752523703, 329.8398150838941, 

