Generation 919 at Fri May 24 19:48:11 2019
parameters:
4.242784872306204, -9.061428564357314, 2.1837182517583007, 
objectives:
6.756076656554754, -1.8476263291534596, 98.92699284786272, 

parameters:
0.05101637681523949, -100, 19.95971668145522, 
objectives:
-119.95711401075187, -76.24174615510238, 9981.042885989249, 

parameters:
-0.09310337269809921, -0.38187417318528993, 20, 
objectives:
-20.37320593517753, 23.999207555614866, -18.84550387784629, 

parameters:
1.9973066371654076, -100, 0, 
objectives:
-96.01076619713501, -99.99999274579665, 10004.989233802866, 

parameters:
2.918671597941514, -71.10360777208864, 7.025798385041898, 
objectives:
-69.61076226050007, -63.23385188218232, 5058.2158837186125, 

parameters:
2.4333058571472588, -64.55840581110479, 19.813376245491543, 
objectives:
-78.45080466216918, -44.557275599775124, 4154.895362020225, 

parameters:
-2.206115038370273, -90.95734463120348, 19.851703067947998, 
objectives:
-105.942104136628, -53.41423784725093, 8259.253782854095, 

parameters:
2.395723928474619, -7.9714426568950785, 19.959263661688578, 
objectives:
-22.191213177117795, 12.144418432360885, 50.32412751194374, 

parameters:
0.434579888968047, -3.7260060850839665, 7.271405674867925, 
objectives:
-10.808552080056412, 5.9959397138072505, 7.8005753511103, 

parameters:
2.0832016651815586, -58.87476797802005, 1.131137062514852, 
objectives:
-55.66617586271968, -57.73670839841622, 3470.4468965809956, 

parameters:
-0.7491947930351612, -26.283413493870825, 8.038992078887837, 
objectives:
-33.761112734847664, -10.686349404931345, 684.340125648814, 

parameters:
-0.9147266842774306, -36.89487307217263, 7.624937326972194, 
objectives:
-43.68308549221564, -20.77430410116153, 1355.4434465916859, 

parameters:
-0.14425202062499487, -87.9043345336724, 12.159342419638314, 
objectives:
-100.04286830785631, -71.14717538607971, 7716.033496033606, 

parameters:
-0.6683965534858285, -92.32434939282376, 0, 
objectives:
-91.87759544011203, -85.20400922616872, 8525.23224476091, 

parameters:
1.563530512536936, -97.46406127078079, 16.512740712868062, 
objectives:
-111.53217432001485, -80.76081494442646, 9486.175126345277, 

parameters:
-2.957648448349996, -44.56811963538358, 20.0, 
objectives:
-55.820435291356446, 0.010158502043541517, 1976.0649721778907, 

parameters:
1.4906941029157204, -38.961025229045354, 12.3142735049992, 
objectives:
-49.05312982557685, -26.387359227241333, 1508.869382301777, 

parameters:
3.4162725350329928, -73.9725487984198, 0.633537869106279, 
objectives:
-62.93516863390532, -71.33318303582473, 5483.975355899112, 

parameters:
-0.18852939526768964, -98.08699328688047, 3.2753709228526096, 
objectives:
-101.32682087685309, -90.0219614500771, 9618.818424470563, 

parameters:
1.5130609828532275, -95.13315173782452, 0.0, 
objectives:
-92.84379819999174, -94.89604213140466, 9053.605913109777, 

parameters:
-0.12228658130443515, -83.57146652813029, 1.2081133854430068, 
objectives:
-84.76462590560618, -77.85925280950241, 6983.996858284926, 

parameters:
0.16943740352424896, -17.065293894342965, 1.1486709459770936, 
objectives:
-18.18525580660702, -12.565663528749829, 291.10429378803525, 

parameters:
2.249966342049136, -51.937411533899706, 18.82170164826339, 
objectives:
-65.69676464180912, -33.05322671347889, 2684.7353637337487, 

parameters:
2.21267050186815, 0.6957278389901305, 20, 
objectives:
-14.40836141117242, 20.740956581354983, -13.620052024216672, 

parameters:
2.26718380699523, -54.54031735678284, 14.644023563622177, 
objectives:
-64.04421850570364, -39.8249066064402, 2966.142316229667, 

parameters:
-1.5851120308793392, -82.68484376945509, 1.9786930632487292, 
objectives:
-82.15095668226539, -67.85312243225059, 6838.317276266384, 

parameters:
3.068301942736281, -60.858827070985946, 11.71929620308963, 
objectives:
-63.16364646227633, -47.9982618270422, 3702.4920130648816, 

parameters:
0.5134962934642058, -25.05566175241488, 15.777484593631652, 
objectives:
-40.56946790264506, -7.068483889238575, 613.2723797011957, 

parameters:
-0.09788221066963065, -79.26323671890628, 0.6307313629644036, 
objectives:
-79.88438715470511, -74.23139558609779, 6283.039544721574, 

parameters:
3.0315954324462484, -97.09643558444259, 0.03862251073665403, 
objectives:
-87.94448722915028, -95.99362393746196, 9437.869751559101, 

parameters:
-1.3226221805470881, -39.73074736293001, 0, 
objectives:
-37.981417930454874, -28.690929208266525, 1581.281615449445, 

parameters:
1.812558854879538, -35.98450077634478, 1.466719143537938, 
objectives:
-34.1658503174805, -34.48264744992277, 1297.7029465816224, 

parameters:
3.8479751720737143, -47.66713702597691, 6.290958740517346, 
objectives:
-39.151182841598526, -37.96116604885869, 2281.6719064376375, 

parameters:
2.5609588804037786, -77.40298069088625, 8.713411625643609, 
objectives:
-79.55788192941088, -68.37489419973878, 5990.066518595185, 

parameters:
1.2503342533797763, -15.478126378504024, 19.97887886958143, 
objectives:
-33.89366950291069, 5.062751222733063, 222.15685306453543, 

