Generation 92 at Sat May 25 04:36:26 2019
parameters:
0, 0.0, 20.0, 
objectives:
-20.0, 24.0, -19.0, 

parameters:
0, 0.0, 20.0, 
objectives:
-20.0, 24.0, -19.0, 

parameters:
1.9954130956648328, 0.0, 20.0, 
objectives:
-16.01832657764929, 20.00002103969138, -15.018326577649288, 

parameters:
0.9332988881310824, 0.0, 20.0, 
objectives:
-19.128953185413284, 21.137851262062384, -18.128953185413284, 

parameters:
0.861851683723375, 0.0, 20.0, 
objectives:
-19.257211675263182, 21.295381589843316, -18.257211675263182, 

parameters:
0.38248930390783953, 0.0, 20.0, 
objectives:
-19.853701932396095, 22.616340851972545, -18.853701932396095, 

parameters:
1.7428254813951185, 0.0, 20.0, 
objectives:
-16.962559341399874, 20.066138733019653, -15.962559341399874, 

parameters:
1.0488281486031314, 0.0, 20.0, 
objectives:
-18.899959514697727, 20.904727890889745, -17.899959514697727, 

parameters:
0.4833526823809663, 0.0, 20.0, 
objectives:
-19.766370184435125, 22.30021908604101, -18.766370184435125, 

parameters:
1.3243827422220504, 0.0, 20.0, 
objectives:
-18.246010352104403, 20.456458679007397, -17.246010352104403, 

parameters:
1.9029559407858212, 0.0, 20.0, 
objectives:
-16.37875868742795, 20.009417549428765, -15.37875868742795, 

parameters:
1.4302328716253794, 0.0, 20.0, 
objectives:
-17.95443393292222, 20.324634580576262, -16.95443393292222, 

parameters:
1.8409371446365494, 0.0, 20.0, 
objectives:
-16.61095042949743, 20.025300991956374, -15.610950429497429, 

parameters:
1.799972675606716, 0.0, 20.0, 
objectives:
-16.7600983670692, 20.040010930503936, -15.7600983670692, 

parameters:
1.955193870302694, 0.0, 20.0, 
objectives:
-16.177216929530772, 20.00200758925845, -15.177216929530772, 

parameters:
1.1402921682360456, 0.0, 20.0, 
objectives:
-18.699733771059538, 20.73909755599628, -17.699733771059538, 

parameters:
0.7442057615591716, 0.0, 20.0, 
objectives:
-19.446157784462134, 21.57701916930118, -18.446157784462134, 

parameters:
1.6053417675158872, 0.0, 20.0, 
objectives:
-17.422877809468968, 20.155755120467482, -16.422877809468968, 

parameters:
0.14077482523092014, 0.0, 20.0, 
objectives:
-19.980182448581203, 23.456718250495115, -18.980182448581203, 

parameters:
1.675350401718408, 0.0, 20.0, 
objectives:
-17.193201031461967, 20.105397361664398, -16.193201031461967, 

parameters:
1.2969229470902333, 0.0, 20.0, 
objectives:
-18.317990869310783, 20.494317342328284, -17.317990869310783, 

parameters:
1.484710743127121, 0.0, 20.0, 
objectives:
-17.795634009242914, 20.265523018248604, -16.795634009242914, 

parameters:
0.08441811987817471, 0.0, 20.0, 
objectives:
-19.992873581036235, 23.669453939451067, -18.992873581036235, 

parameters:
1.0840094643252194, 0.0, 20.0, 
objectives:
-18.82492348125335, 20.839038661445773, -17.82492348125335, 

parameters:
1.5309684789119689, 0.0, 20.0, 
objectives:
-17.656135516577972, 20.21999056777415, -16.656135516577972, 

parameters:
0.5643919192625484, 0.0, 20.0, 
objectives:
-19.681461761471137, 22.06097056147867, -18.681461761471137, 

parameters:
1.2350238185418605, 0.0, 20.0, 
objectives:
-18.47471616763428, 20.585188558198276, -17.47471616763428, 

parameters:
1.5648336819279318, 0.0, 20.0, 
objectives:
-17.551295547903873, 20.1893697243844, -16.551295547903873, 

parameters:
1.6599408175078174, 0.0, 20.0, 
objectives:
-17.244596482371477, 20.115640247597252, -16.244596482371477, 

parameters:
0.23042070125591033, 0.0, 20.0, 
objectives:
-19.946906300432733, 23.131410894543624, -18.946906300432733, 

parameters:
0.28278521248978905, 0.0, 20.0, 
objectives:
-19.920032523597104, 22.94882662644374, -18.920032523597104, 

parameters:
1.1992763888742335, 0.0, 20.0, 
objectives:
-18.56173614308878, 20.641158301414286, -17.56173614308878, 

parameters:
0.686043303420879, 0.0, 20.0, 
objectives:
-19.529344585831367, 21.726482200485115, -18.529344585831367, 

parameters:
1.4472554706510712, 0.0, 20.0, 
objectives:
-17.905451602670546, 20.30552651472517, -16.905451602670546, 

parameters:
0.6457970139834124, 0.0, 20.0, 
objectives:
-19.582946216730107, 21.833865727336242, -18.582946216730107, 

parameters:
0.5941642613533262, 0.0, 20.0, 
objectives:
-19.646968830530458, 21.97637412405624, -18.646968830530454, 

parameters:
0.7250454654059103, 0.0, 20.0, 
objectives:
-19.474309073094325, 21.62550906528203, -18.474309073094325, 

parameters:
0.6211565173328282, 0.0, 20.0, 
objectives:
-19.61416458097495, 21.901209349693737, -18.61416458097495, 

parameters:
1.212253967999777, 0.0, 20.0, 
objectives:
-18.530440317068795, 20.620543810932098, -17.530440317068795, 

parameters:
0.25404442637402613, 0.0, 20.0, 
objectives:
-19.93546142942829, 23.0483608650756, -18.93546142942829, 

parameters:
0.2794002003367545, 0.0, 20.0, 
objectives:
-19.921935528051783, 22.9604636706012, -18.921935528051783, 

parameters:
0.738080201439269, 0.0, 20.0, 
objectives:
-19.45523761624337, 21.592441577999555, -18.45523761624337, 

