Generation 924 at Fri May 24 19:48:11 2019
parameters:
0.05101637681523949, -100, 19.95971668145522, 
objectives:
-119.95711401075187, -76.24174615510238, 9981.042885989249, 

parameters:
3.9618481373691807, -0.5816564502293566, 20, 
objectives:
-4.885415786653709, 23.267191663869568, -2.9654351103309367, 

parameters:
-1.164579656562397, -2.7651338319405667, 19.681173069997108, 
objectives:
-21.090061125458686, 26.930603640785122, -9.678962184975795, 

parameters:
-0.09310337269809921, -0.38187417318528993, 20, 
objectives:
-20.37320593517753, 23.999207555614866, -18.84550387784629, 

parameters:
1.9973066371654076, -100, 0, 
objectives:
-96.01076619713501, -99.99999274579665, 10004.989233802866, 

parameters:
3.4162725350329928, -73.9725487984198, 0.633537869106279, 
objectives:
-62.93516863390532, -71.33318303582473, 5483.975355899112, 

parameters:
-0.12228658130443515, -83.57146652813029, 1.2081133854430068, 
objectives:
-84.76462590560618, -77.85925280950241, 6983.996858284926, 

parameters:
1.861990949580521, -13.237629773118552, 20, 
objectives:
-29.77061947679878, 6.781416724879135, 159.7018523064745, 

parameters:
0.027582702248843738, 3.5033341115395826, 11.908775090615961, 
objectives:
-8.40468017361303, 19.302539198623517, 1.365335611924225, 

parameters:
2.918671597941514, -71.10360777208864, 7.025798385041898, 
objectives:
-69.61076226050007, -63.23385188218232, 5058.2158837186125, 

parameters:
2.0832016651815586, -58.87476797802005, 1.131137062514852, 
objectives:
-55.66617586271968, -57.73670839841622, 3470.4468965809956, 

parameters:
3.0315954324462484, -97.09643558444259, 0.03862251073665403, 
objectives:
-87.94448722915028, -95.99362393746196, 9437.869751559101, 

parameters:
1.4958085392077183, -49.70844320806133, 0.40246335412996664, 
objectives:
-47.87346337622457, -49.05177082479551, 2473.7643060008954, 

parameters:
2.4333058571472588, -64.55840581110479, 19.813376245491543, 
objectives:
-78.45080466216918, -44.557275599775124, 4154.895362020225, 

parameters:
-2.206115038370273, -90.95734463120348, 19.851703067947998, 
objectives:
-105.942104136628, -53.41423784725093, 8259.253782854095, 

parameters:
-0.6683965534858285, -92.32434939282376, 0, 
objectives:
-91.87759544011203, -85.20400922616872, 8525.23224476091, 

parameters:
-0.18852939526768964, -98.08699328688047, 3.2753709228526096, 
objectives:
-101.32682087685309, -90.0219614500771, 9618.818424470563, 

parameters:
-0.7977312829323988, -23.588719142950772, 19.876479469745917, 
objectives:
-42.82882341292772, 4.115060658293711, 538.1875665350352, 

parameters:
1.4906941029157204, -38.961025229045354, 12.3142735049992, 
objectives:
-49.05312982557685, -26.387359227241333, 1508.869382301777, 

parameters:
4.452367083125874, -67.82588012708258, 3.136753321187358, 
objectives:
-51.13906080536714, -58.675022495495924, 4618.036834335092, 

parameters:
1.3360390577858887, -40.98362447672518, 0.6322035657210449, 
objectives:
-39.83082767851682, -39.91057677821829, 1681.8102720474358, 

parameters:
3.9955530781253894, -53.3173397386449, 12.417058221145615, 
objectives:
-49.76995355967324, -36.91804942988357, 2847.286102985054, 

parameters:
1.563530512536936, -97.46406127078079, 16.512740712868062, 
objectives:
-111.53217432001485, -80.76081494442646, 9486.175126345277, 

parameters:
-0.5777878948715884, -86.15828312809438, 11.775862911318908, 
objectives:
-97.60030718795315, -67.73742978582898, 7412.807727521014, 

parameters:
0.5134962934642058, -25.05566175241488, 15.777484593631652, 
objectives:
-40.56946790264506, -7.068483889238575, 613.2723797011957, 

parameters:
-0.7491947930351612, -26.283413493870825, 8.038992078887837, 
objectives:
-33.761112734847664, -10.686349404931345, 684.340125648814, 

parameters:
0.42158679669261345, -93.34116461115238, 13.048327945267753, 
objectives:
-106.2117571292746, -77.80144842550953, 8700.702418448123, 

parameters:
2.26718380699523, -54.54031735678284, 14.644023563622177, 
objectives:
-64.04421850570364, -39.8249066064402, 2966.142316229667, 

parameters:
3.6610187207233764, -87.02472875553532, 3.400899550916615, 
objectives:
-77.02257023296491, -80.86484601402518, 7584.305573497067, 

parameters:
5.245928427337169, -31.516067105048982, 1.085578665133806, 
objectives:
-5.081880705438561, -19.894437084519627, 1020.696672169561, 

parameters:
-0.9488863886233636, -35.16052986512216, 11.988614936405595, 
objectives:
-46.24875942301306, -14.47598399570842, 1226.1746308382562, 

parameters:
-0.14425202062499487, -87.9043345336724, 12.159342419638314, 
objectives:
-100.04286830785631, -71.14717538607971, 7716.033496033606, 

parameters:
3.8958788507753157, -37.05142350729296, 14.11784304980434, 
objectives:
-35.991394537178905, -19.339223840671487, 1374.8680128868953, 

parameters:
4.504716183792748, -64.4142616249875, 0, 
objectives:
-44.1217937284632, -58.140658463634196, 4170.489568588862, 

