Generation 929 at Fri May 24 19:48:11 2019
parameters:
0.05101637681523949, -100, 19.95971668145522, 
objectives:
-119.95711401075187, -76.24174615510238, 9981.042885989249, 

parameters:
2.0729446070849207, 6.261120304032389, 0.98360466858354, 
objectives:
9.574614979491304, 7.250045888318702, 43.51512213702555, 

parameters:
-1.164579656562397, -2.7651338319405667, 19.681173069997108, 
objectives:
-21.090061125458686, 26.930603640785122, -9.678962184975795, 

parameters:
-0.09310337269809921, -0.38187417318528993, 20, 
objectives:
-20.37320593517753, 23.999207555614866, -18.84550387784629, 

parameters:
1.9973066371654076, -100, 0, 
objectives:
-96.01076619713501, -99.99999274579665, 10004.989233802866, 

parameters:
0.10724702895211413, -37.69504926962585, 2.300413344992036, 
objectives:
-39.98396068939883, -31.81212211522321, 1419.6278280197473, 

parameters:
3.0315954324462484, -97.09643558444259, 0.03862251073665403, 
objectives:
-87.94448722915028, -95.99362393746196, 9437.869751559101, 

parameters:
-2.508768300510689, -14.336451879449456, 2.618428996733679, 
objectives:
-10.660962490535843, 8.61096870497427, 210.20934188068344, 

parameters:
-0.7491947930351612, -26.283413493870825, 8.038992078887837, 
objectives:
-33.761112734847664, -10.686349404931345, 684.340125648814, 

parameters:
-2.6992225747836627, -82.87719121275069, 20, 
objectives:
-95.59138870452894, -40.794498405394286, 6856.914625823061, 

parameters:
2.656659475902451, -45.28369929031371, 20, 
objectives:
-58.225859719411424, -24.85249762302123, 2038.6712609864608, 

parameters:
2.718159952491347, -87.14578020761331, 0, 
objectives:
-79.75738668028555, -86.63002649025094, 7602.775401520977, 

parameters:
1.4958085392077183, -49.70844320806133, 0.40246335412996664, 
objectives:
-47.87346337622457, -49.05177082479551, 2473.7643060008954, 

parameters:
3.0091474643508604, -31.659125322518367, 6.038229992187889, 
objectives:
-28.64238685249704, -24.60251672552471, 1006.316954656945, 

parameters:
-2.206115038370273, -90.95734463120348, 19.851703067947998, 
objectives:
-105.942104136628, -53.41423784725093, 8259.253782854095, 

parameters:
4.134207472173017, -2.6402119733686087, 16.68544890800168, 
objectives:
-2.23398945839908, 18.60007846891221, 8.37694177928849, 

parameters:
3.4162725350329928, -73.9725487984198, 0.633537869106279, 
objectives:
-62.93516863390532, -71.33318303582473, 5483.975355899112, 

parameters:
2.0832016651815586, -58.87476797802005, 1.131137062514852, 
objectives:
-55.66617586271968, -57.73670839841622, 3470.4468965809956, 

parameters:
3.1412863022012245, -18.066402524183797, 15.579308858065197, 
objectives:
-23.77803174985195, -1.1845592425264542, 321.6832709401665, 

parameters:
1.563530512536936, -97.46406127078079, 16.512740712868062, 
objectives:
-111.53217432001485, -80.76081494442646, 9486.175126345277, 

parameters:
2.918671597941514, -71.10360777208864, 7.025798385041898, 
objectives:
-69.61076226050007, -63.23385188218232, 5058.2158837186125, 

parameters:
2.146740427410222, -79.68463652817104, 18.141910923292258, 
objectives:
-93.21805298878587, -61.521192851842244, 6337.107882166116, 

parameters:
-1.6934541812718171, -65.48420969972125, 20, 
objectives:
-82.61642263565425, -31.84260591056698, 4272.049507061133, 

parameters:
1.1113779881056973, -20.767691583305748, 1.7192983336347707, 
objectives:
-21.251828884494653, -18.258744169647898, 431.81287639811956, 

parameters:
2.707269347955192, -75.19043155254796, 6.356190591821397, 
objectives:
-74.21731482199164, -68.33401103016959, 5655.574113788956, 

parameters:
-2.8781302201920047, -55.51620776119337, 19.790002746221326, 
objectives:
-67.02257694303222, -11.93005056982155, 3071.542955002148, 

parameters:
3.9955530781253894, -53.3173397386449, 12.417058221145615, 
objectives:
-49.76995355967324, -36.91804942988357, 2847.286102985054, 

parameters:
-3.515931387652738, -93.00268543198476, 0, 
objectives:
-80.64091190930304, -62.57718635869209, 8662.861271083391, 

parameters:
-1.2048374699721953, -100, 0.5506655792466436, 
objectives:
-99.09903225019764, -89.17835121181558, 10001.900967749802, 

parameters:
4.452367083125874, -67.82588012708258, 3.136753321187358, 
objectives:
-51.13906080536714, -58.675022495495924, 4618.036834335092, 

parameters:
2.147522152807297, -97.49914440914128, 13.627572834766857, 
objectives:
-106.51486584711004, -83.84980878880553, 9498.067439076616, 

parameters:
-1.0999702808945433, -62.39458909568629, 6.123973877154276, 
objectives:
-67.30862835398935, -46.660799476102625, 3889.1707091612316, 

parameters:
-1.9642586131587485, -77.71884366217496, 2.208995270270904, 
objectives:
-76.06952703307753, -59.794502039900735, 6042.86797681469, 

parameters:
1.5332348375894962, -63.31918204916531, 10.298614909563621, 
objectives:
-71.26698789153085, -52.80269742276158, 4002.3710095329734, 

parameters:
3.332334690371904, 2.1065261087370075, 16.975284647408287, 
objectives:
-3.764304050015266, 20.856926483313693, -0.4333779119615926, 

parameters:
4.789766254878802, -15.724374950004943, 9.95678781866918, 
objectives:
-2.7393019922984223, 2.0152086255247337, 261.24104052604946, 

