[!]Generation 93 at Sun May 26 02:43:07 2019
size of front generated: 46
[!!!]Points in the front:
parameters:
0, 0.0, 20.0, 
objectives:
-20.0, 24.0, -19.0, 

parameters:
0, 0.0, 20.0, 
objectives:
-20.0, 24.0, -19.0, 

parameters:
1.9897451504022683, 5.2048723696528845e-06, 20.0, 
objectives:
-16.040909031578284, 20.000110366812642, -15.040909031578286, 

parameters:
1.3386899967167316, 0.0, 20.0, 
objectives:
-18.207909092690556, 20.437330920442516, -17.207909092690556, 

parameters:
1.7988894979094006, 0.0011046344056344238, 20.0, 
objectives:
-16.76289193990563, 20.04155006845677, -15.76289193990563, 

parameters:
0.3717503523304614, 1.2067400391656804e-05, 20.0, 
objectives:
-19.861789608141788, 22.651208982536367, -18.861789608141788, 

parameters:
1.2435176419257492, 2.539297052529086e-05, 20.0, 
objectives:
-18.4536384812489, 20.572290951048103, -17.4536384812489, 

parameters:
1.8656198288358807, 4.818759509226702e-07, 20.0, 
objectives:
-16.51946217237843, 20.01805851227805, -15.519462172378429, 

parameters:
0.15274001112218677, 0, 20.0, 
objectives:
-19.976670489002395, 23.41236946650886, -18.976670489002395, 

parameters:
1.4097574102706854, 0.0014938567041491982, 20.0, 
objectives:
-18.01109018748274, 20.349880171434517, -17.01109018748274, 

parameters:
0.7961699689579955, 1.198789082443059e-07, 20.0, 
objectives:
-19.366113260650515, 21.449206863517503, -18.366113260650515, 

parameters:
0.4666777162402703, 5.714364507200019e-06, 20.0, 
objectives:
-19.78220619480026, 22.351082940238662, -18.78220619480026, 

parameters:
1.6299824088129107, 0.0009474723222826209, 20.0, 
objectives:
-17.34220987463818, 20.137860490110178, -16.34220987463818, 

parameters:
1.7284547206892509, 0.0006170160757941353, 20.0, 
objectives:
-17.01182726245125, 20.074353854791745, -16.01182726245125, 

parameters:
1.9455995622985447, 0.0003326225401458678, 20.0, 
objectives:
-16.214309720643566, 20.003292030162257, -15.214309720643566, 

parameters:
1.9088676896490926, 0.00010050829306632032, 20.0, 
objectives:
-16.356123635120667, 20.00840560628296, -15.35612363512067, 

parameters:
0.7407431206306273, 4.928004646650012e-09, 20.0, 
objectives:
-19.451299624310394, 21.585727893167096, -18.451299624310394, 

parameters:
1.6713158241732977, 0.0009843890990897536, 20.0, 
objectives:
-17.20571902676884, 20.109017676537967, -16.20571902676884, 

parameters:
1.022482967119296, 4.4151566370285135e-05, 20.0, 
objectives:
-18.95448443038455, 20.955583701138266, -17.95448443038455, 

parameters:
0.24892831816200864, 9.069822604367363e-07, 20.0, 
objectives:
-19.938033785434772, 23.066252941917192, -18.938033785434772, 

parameters:
0.2815624851729786, 7.148580600898591e-06, 20.0, 
objectives:
-19.920715418362615, 22.95303464094547, -18.920715418362615, 

parameters:
0.5969198154507475, 0, 20.0, 
objectives:
-19.643686733922245, 21.968634004274765, -18.643686733922245, 

parameters:
0.9411205003413092, 2.1644948507472985e-07, 20.0, 
objectives:
-19.114291987387837, 21.121226011246925, -18.114291987387837, 

parameters:
1.4779275817672537, 0.0, 20.0, 
objectives:
-17.815730063051596, 20.272559609879387, -16.815730063051596, 

parameters:
0.5157513054167697, 0, 20.0, 
objectives:
-19.734000590960896, 22.202994187372024, -18.734000590960896, 

parameters:
1.5805552301011758, 0, 20.0, 
objectives:
-17.501845164599818, 20.17593391499548, -16.501845164599818, 

parameters:
0.8662904148876339, 2.6539183655187714e-06, 20.0, 
objectives:
-19.249538263155447, 21.285300077294018, -18.249538263155447, 

parameters:
1.1434029539068833, 7.99843326399184e-09, 20.0, 
objectives:
-18.692629676998582, 20.733758507373885, -17.692629676998582, 

parameters:
0.07808086948641074, 1.8827119788040473e-06, 20.0, 
objectives:
-19.99390149510827, 23.69377502694609, -18.99390149510827, 

parameters:
0.9732519148146946, 1.727802687995525e-06, 20.0, 
objectives:
-19.052778982506844, 21.054213358234378, -18.052778982506844, 

parameters:
1.0886472508413292, 4.576678184770219e-05, 20.0, 
objectives:
-18.814801396453767, 20.830609600180914, -17.814801396453767, 

parameters:
1.4447216936442686, 0.0006089520489456105, 20.0, 
objectives:
-17.91217027586469, 20.308942949558237, -16.91217027586469, 

parameters:
0.6738927084668658, 0, 20.0, 
objectives:
-19.545868617475193, 21.758560548657346, -18.545868617475193, 

parameters:
1.5190481991293663, 7.161684919849622e-05, 20.0, 
objectives:
-17.69242095187263, 20.231386251609905, -16.69242095187263, 

parameters:
0.8843492016319247, 3.450255677067122e-05, 20.0, 
objectives:
-19.217891987016205, 21.244711206456095, -18.217891987016205, 

parameters:
1.7130658961674765, 0.0014622846149302383, 20.0, 
objectives:
-17.06394295077299, 20.083793464557104, -16.06394295077299, 

parameters:
0.5689289059168866, 9.925205081791283e-06, 20.0, 
objectives:
-19.676309974807133, 22.047974401525323, -18.676309974807133, 

parameters:
1.0676799817185643, 1.7887477950733136e-05, 20.0, 
objectives:
-18.860041569159495, 20.869238503966248, -17.860041569159495, 

parameters:
1.2062166793679616, 0, 20.0, 
objectives:
-18.545041322414527, 20.630091960113624, -17.545041322414527, 

parameters:
0.6819877864534649, 0.0011478233118558882, 20.0, 
objectives:
-19.533744835816446, 21.738304018369693, -18.533744835816446, 

parameters:
0.035401207795261444, 0, 20.0, 
objectives:
-19.998746754486636, 23.859648414332316, -18.998746754486636, 

parameters:
1.5587856312716974, 0.0007669932832535098, 20.0, 
objectives:
-17.56942036245764, 20.19543711245557, -16.56942036245764, 

parameters:
1.5399148747084581, 0, 20.0, 
objectives:
-17.628662178651634, 20.211678322514533, -16.628662178651634, 

parameters:
1.187251874477998, 1.7524415661827634e-06, 20.0, 
objectives:
-18.590431234106912, 20.660561267981095, -17.590431234106916, 

parameters:
1.167689871782274, 0.0, 20.0, 
objectives:
-18.636500363337095, 20.692740149533808, -17.636500363337095, 

parameters:
1.171342463475278, 0, 20.0, 
objectives:
-18.627956833259667, 20.686673312839222, -17.627956833259667, 

size of all points: 80
[!!!]All points:
0, 0.0, 20.0, -20.0, 24.0, -19.0, 

0, 0.0, 20.0, -20.0, 24.0, -19.0, 

1.9897451504022683, 5.2048723696528845e-06, 20.0, -16.040909031578284, 20.000110366812642, -15.040909031578286, 

1.3386899967167316, 0.0, 20.0, -18.207909092690556, 20.437330920442516, -17.207909092690556, 

1.7988894979094006, 0.0011046344056344238, 20.0, -16.76289193990563, 20.04155006845677, -15.76289193990563, 

1.2435176419257492, 2.539297052529086e-05, 20.0, -18.4536384812489, 20.572290951048103, -17.4536384812489, 

1.8656198288358807, 4.818759509226702e-07, 20.0, -16.51946217237843, 20.01805851227805, -15.519462172378429, 

0.5969198154507475, 0, 20.0, -19.643686733922245, 21.968634004274765, -18.643686733922245, 

0.15274001112218677, 0, 20.0, -19.976670489002395, 23.41236946650886, -18.976670489002395, 

0.7961699689579955, 1.198789082443059e-07, 20.0, -19.366113260650515, 21.449206863517503, -18.366113260650515, 

0.5157513054167697, 0, 20.0, -19.734000590960896, 22.202994187372024, -18.734000590960896, 

1.5805552301011758, 0, 20.0, -17.501845164599818, 20.17593391499548, -16.501845164599818, 

1.7284547206892509, 0.0006170160757941353, 20.0, -17.01182726245125, 20.074353854791745, -16.01182726245125, 

1.9455995622985447, 0.0003326225401458678, 20.0, -16.214309720643566, 20.003292030162257, -15.214309720643566, 

1.9088676896490926, 0.00010050829306632032, 20.0, -16.356123635120667, 20.00840560628296, -15.35612363512067, 

0.7407431206306273, 4.928004646650012e-09, 20.0, -19.451299624310394, 21.585727893167096, -18.451299624310394, 

1.1434029539068833, 7.99843326399184e-09, 20.0, -18.692629676998582, 20.733758507373885, -17.692629676998582, 

0.24892831816200864, 9.069822604367363e-07, 20.0, -19.938033785434772, 23.066252941917192, -18.938033785434772, 

0.07808086948641074, 1.8827119788040473e-06, 20.0, -19.99390149510827, 23.69377502694609, -18.99390149510827, 

0.2815624851729786, 7.148580600898591e-06, 20.0, -19.920715418362615, 22.95303464094547, -18.920715418362615, 

1.4097574102706854, 0.0014938567041491982, 20.0, -18.01109018748274, 20.349880171434517, -17.01109018748274, 

0.9411205003413092, 2.1644948507472985e-07, 20.0, -19.114291987387837, 21.121226011246925, -18.114291987387837, 

0.4666777162402703, 5.714364507200019e-06, 20.0, -19.78220619480026, 22.351082940238662, -18.78220619480026, 

0.8662904148876339, 2.6539183655187714e-06, 20.0, -19.249538263155447, 21.285300077294018, -18.249538263155447, 

0.3717503523304614, 1.2067400391656804e-05, 20.0, -19.861789608141788, 22.651208982536367, -18.861789608141788, 

1.6299824088129107, 0.0009474723222826209, 20.0, -17.34220987463818, 20.137860490110178, -16.34220987463818, 

1.6713158241732977, 0.0009843890990897536, 20.0, -17.20571902676884, 20.109017676537967, -16.20571902676884, 

1.0886472508413292, 4.576678184770219e-05, 20.0, -18.814801396453767, 20.830609600180914, -17.814801396453767, 

1.4779275817672537, 0.0, 20.0, -17.815730063051596, 20.272559609879387, -16.815730063051596, 

0.6738927084668658, 0, 20.0, -19.545868617475193, 21.758560548657346, -18.545868617475193, 

1.022482967119296, 4.4151566370285135e-05, 20.0, -18.95448443038455, 20.955583701138266, -17.95448443038455, 

1.5399148747084581, 0, 20.0, -17.628662178651634, 20.211678322514533, -16.628662178651634, 

1.5190481991293663, 7.161684919849622e-05, 20.0, -17.69242095187263, 20.231386251609905, -16.69242095187263, 

0.8843492016319247, 3.450255677067122e-05, 20.0, -19.217891987016205, 21.244711206456095, -18.217891987016205, 

1.7130658961674765, 0.0014622846149302383, 20.0, -17.06394295077299, 20.083793464557104, -16.06394295077299, 

1.0676799817185643, 1.7887477950733136e-05, 20.0, -18.860041569159495, 20.869238503966248, -17.860041569159495, 

1.187251874477998, 1.7524415661827634e-06, 20.0, -18.590431234106912, 20.660561267981095, -17.590431234106916, 

1.2062166793679616, 0, 20.0, -18.545041322414527, 20.630091960113624, -17.545041322414527, 

0.6819877864534649, 0.0011478233118558882, 20.0, -19.533744835816446, 21.738304018369693, -18.533744835816446, 

0.9732519148146946, 1.727802687995525e-06, 20.0, -19.052778982506844, 21.054213358234378, -18.052778982506844, 

1.6921937448914652, 15.743608379359879, 20.0, -1.3928719503903189, 35.83835307004382, -0.39287195039031886, 

0.035401207795261444, 0, 20.0, -19.998746754486636, 23.859648414332316, -18.998746754486636, 

14.937270396039764, 4.975371021942952, 20.0, 208.09741790634888, 192.34833632218982, 209.09741790634888, 

9.90681534382278, 3.2551145176298304e-06, 20.0, 78.14499351171699, 82.51773213642588, 79.14499351171699, 

14.342211071328379, 27.29522567654471, 20.0, 212.99424409107903, 199.6253998057655, 213.99424409107903, 

1.171342463475278, 0, 20.0, -18.627956833259667, 20.686673312839222, -17.627956833259667, 

3.8525239030115954, 17.95527336550751, 20.0, 12.797213788783203, 41.38711817673682, 13.797213788783203, 

0.09740233275712532, 42.875071970111215, 20.0, 22.884559184537743, 66.49494985350924, 23.884559184537743, 

21.183751354617144, 9.140317170448688, 20.0, 437.89163862469235, 397.1566332062238, 438.89163862469235, 

0.46888369118437334, 0.7952628489615108, 20.0, -18.984885235179807, 23.139580000082702, -17.984885235179807, 

3.343320042455021, 20.158520819744357, 20.0, 11.336309726025803, 41.96302955620572, 12.336309726025803, 

2.3989807137038905, 48.42883272522055, 20.0, 34.18394118994378, 68.58801833512823, 35.18394118994378, 

1.0983616036912962, 4.728881132219009, 20.0, -14.064720655317675, 25.541832929917142, -13.064720655317675, 

13.957205302169939, 4.711149884024923, 20.0, 179.5147297309456, 167.68590852226583, 180.5147297309456, 

2.4790558483690446, 6.897204073375309, 20.0, -6.957078027291928, 27.126698579231892, -5.957078027291928, 

0.47391795004760573, 7.3398028292173185, 20.0, -12.435598947405357, 29.66872925240422, -11.435598947405357, 

0.6480501023225459, 1.1671752201496572, 20.0, -18.412855844730082, 22.994943745979736, -17.412855844730082, 

13.951144288202656, 0, 20.0, 174.63442695024958, 162.82984979743895, 175.63442695024958, 

22.642815409287586, 0.0010352930278625194, 20.0, 492.6981249520992, 446.1268633149489, 493.6981249520992, 

1.2245726789652234, 13.15255972781678, 20.0, -5.347862026115157, 33.75384725802395, -4.3478620261151555, 

0.5689289059168866, 9.925205081791283e-06, 20.0, -19.676309974807133, 22.047974401525323, -18.676309974807133, 

15.934812952916579, 0, 20.0, 233.91826384443797, 214.17901203277165, 234.91826384443797, 

2.3884204824389013, 5.116833634833488e-09, 20.0, -14.295447593949493, 20.1508704762949, -13.295447593949493, 

0.08212299835946046, 1.713817121165267, 20.0, -18.279438691975184, 25.392069314586973, -17.279438691975184, 

1.167689871782274, 0.0, 20.0, -18.636500363337095, 20.692740149533808, -17.636500363337095, 

0.5936361743631199, 42.32214202049194, 20.0, 22.67454592800442, 64.30000123055194, 23.67454592800442, 

1.4447216936442686, 0.0006089520489456105, 20.0, -17.91217027586469, 20.308942949558237, -16.91217027586469, 

4.911932891908572, 5.964394499290425e-06, 20.0, 4.127090699007809, 28.47935913137352, 5.127090699007809, 

1.6888930983557016, 11.291506130561764, 20.0, -5.856133971764715, 31.388293634812477, -4.856133971764715, 

1.5587856312716974, 0.0007669932832535098, 20.0, -17.56942036245764, 20.19543711245557, -16.56942036245764, 

3.365991887109089, 0.00025971906991899545, 20.0, -8.669838896845874, 21.866193554717768, -7.669838896845874, 

0, 6.571235832896968e-05, 20.0, -19.999934287641672, 24.000065712358328, -18.999934287641672, 

11.560085256651858, 33.60953530501796, 20.0, 147.2451064460776, 145.00476541947017, 148.2451064460776, 

0, 14.632461716065942, 20.0, -5.367538283934058, 38.63246171606594, -4.367538283934058, 

1.317911542702319, 17.107102339973164, 20.0, -1.1560068256388298, 37.5723470035519, -0.15600682563882984, 

3.863730450210626, 7.465922891918908, 20.0, 2.3943358838037128, 30.93941408296121, 3.3943358838037128, 

1.7056649890969287, 19.963479326455833, 20.0, 2.8727723814868575, 40.050112425099144, 3.8727723814868575, 

1.550143747405468, 0.13599967542184616, 20.0, -17.461054686957887, 20.338370323420243, -16.461054686957887, 

17.935194276382802, 0.00044569770170218247, 20.0, 301.67163942929614, 273.9308623237649, 302.67163942929614, 

1.3042315051903608, 5.924798970221694, 20.0, -12.374181210647192, 26.408892768591365, -11.374181210647192, 

