Generation 935 at Fri May 24 19:48:11 2019
parameters:
2.0729446070849207, 6.261120304032389, 0.98360466858354, 
objectives:
9.574614979491304, 7.250045888318702, 43.51512213702555, 

parameters:
0.05101637681523949, -100, 19.95971668145522, 
objectives:
-119.95711401075187, -76.24174615510238, 9981.042885989249, 

parameters:
-1.164579656562397, -2.7651338319405667, 19.681173069997108, 
objectives:
-21.090061125458686, 26.930603640785122, -9.678962184975795, 

parameters:
-0.09310337269809921, -0.38187417318528993, 20, 
objectives:
-20.37320593517753, 23.999207555614866, -18.84550387784629, 

parameters:
1.9973066371654076, -100, 0, 
objectives:
-96.01076619713501, -99.99999274579665, 10004.989233802866, 

parameters:
1.5061436307039417, -49.045000868673824, 3.6647350264423797, 
objectives:
-50.44126725880615, -45.13637172873716, 2405.015843818084, 

parameters:
2.707269347955192, -75.19043155254796, 6.356190591821397, 
objectives:
-74.21731482199164, -68.33401103016959, 5655.574113788956, 

parameters:
-0.7491947930351612, -26.283413493870825, 8.038992078887837, 
objectives:
-33.761112734847664, -10.686349404931345, 684.340125648814, 

parameters:
-0.19673213105511778, -44.249885511228676, 0, 
objectives:
-44.21118197983919, -39.42425345561872, 1959.091071288235, 

parameters:
4.240175015438861, -10.218729006259903, 13.045561089090342, 
objectives:
-5.285205933798302, 7.845216182626938, 110.35594557583909, 

parameters:
2.0832016651815586, -58.87476797802005, 1.131137062514852, 
objectives:
-55.66617586271968, -57.73670839841622, 3470.4468965809956, 

parameters:
-2.206115038370273, -90.95734463120348, 19.851703067947998, 
objectives:
-105.942104136628, -53.41423784725093, 8259.253782854095, 

parameters:
1.2961991307920129, -94.3673377671601, 0, 
objectives:
-92.68720558049412, -93.87200210366218, 8907.874569447946, 

parameters:
-2.6992225747836627, -82.87719121275069, 20, 
objectives:
-95.59138870452894, -40.794498405394286, 6856.914625823061, 

parameters:
1.3936193510014698, -14.207468883276498, 12.02832679141393, 
objectives:
-24.29362077920467, -1.8114446003826892, 192.76602017334176, 

parameters:
-1.6934541812718171, -65.48420969972125, 20, 
objectives:
-82.61642263565425, -31.84260591056698, 4272.049507061133, 

parameters:
3.0091474643508604, -31.659125322518367, 6.038229992187889, 
objectives:
-28.64238685249704, -24.60251672552471, 1006.316954656945, 

parameters:
2.9458756696973265, -4.63678383201993, 19.87746335016043, 
objectives:
-15.836063720865686, 16.135360300665866, 11.300484416035669, 

parameters:
0.10724702895211413, -37.69504926962585, 2.300413344992036, 
objectives:
-39.98396068939883, -31.81212211522321, 1419.6278280197473, 

parameters:
3.0315954324462484, -97.09643558444259, 0.03862251073665403, 
objectives:
-87.94448722915028, -95.99362393746196, 9437.869751559101, 

parameters:
2.718159952491347, -87.14578020761331, 0, 
objectives:
-79.75738668028555, -86.63002649025094, 7602.775401520977, 

parameters:
0.9160369441910654, -70.75658300730572, 5.599466448158895, 
objectives:
-75.51692577234171, -63.98214065278819, 5002.733696104709, 

parameters:
3.01858567131959, -17.443709333389403, 2.1791744889566056, 
objectives:
-10.51102436725007, -14.22701807461522, 312.2156802739159, 

parameters:
1.3012581904252913, -99.55794639033957, 15.889557783424129, 
objectives:
-113.75423129561479, -83.1801484904677, 9898.58840455645, 

parameters:
1.8015922845805918, -37.902477603006844, 14.897753363696488, 
objectives:
-49.55449620684301, -22.96535861777241, 1425.9457898425994, 

parameters:
-0.988773156603191, -68.33173975950764, 10.719425169920362, 
objectives:
-78.07349257420896, -48.67954960795547, 4660.484905746376, 

parameters:
2.0110210805268176, -85.0510350725478, 10.14220676964113, 
objectives:
-91.1490360558657, -74.90870683869069, 7228.580565928439, 

parameters:
-1.355621746904874, -91.32423146769017, 19.967726211996244, 
objectives:
-109.454247359005, -60.09630794739301, 8322.985237272937, 

parameters:
3.4162725350329928, -73.9725487984198, 0.633537869106279, 
objectives:
-62.93516863390532, -71.33318303582473, 5483.975355899112, 

parameters:
2.345907298736889, -62.05071463967487, 11.153358106899534, 
objectives:
-67.7007916923074, -50.77770467345589, 3845.6411102417287, 

parameters:
1.563530512536936, -97.46406127078079, 16.512740712868062, 
objectives:
-111.53217432001485, -80.76081494442646, 9486.175126345277, 

parameters:
1.1113779881056973, -20.767691583305748, 1.7192983336347707, 
objectives:
-21.251828884494653, -18.258744169647898, 431.81287639811956, 

parameters:
1.4589039094099332, -62.27647163628025, 0, 
objectives:
-60.14807101938866, -61.98368665702839, 3881.48732008131, 

parameters:
2.717055438033585, -87.6653160825543, 14.80079029204502, 
objectives:
-95.08371612125144, -72.35035728929574, 7678.789243815456, 

parameters:
-2.303289850789831, -15.591246205674802, 17.416720002032875, 
objectives:
-27.702822070956234, 20.343777336268836, 231.97538238068745, 

parameters:
1.8582147874961157, -61.44663771863131, 4.49576487799404, 
objectives:
-62.48944040015611, -56.930769794152496, 3775.646484243199, 

