Generation 939 at Fri May 24 19:48:11 2019
parameters:
3.688721687211685, -5.314343030655294, 3.285019203833536, 
objectives:
5.0073054512169906, 0.8224571100373219, 39.56389032934678, 

parameters:
0.05101637681523949, -100, 19.95971668145522, 
objectives:
-119.95711401075187, -76.24174615510238, 9981.042885989249, 

parameters:
-1.164579656562397, -2.7651338319405667, 19.681173069997108, 
objectives:
-21.090061125458686, 26.930603640785122, -9.678962184975795, 

parameters:
-0.09310337269809921, -0.38187417318528993, 20, 
objectives:
-20.37320593517753, 23.999207555614866, -18.84550387784629, 

parameters:
1.9973066371654076, -100, 0, 
objectives:
-96.01076619713501, -99.99999274579665, 10004.989233802866, 

parameters:
0.9160369441910654, -70.75658300730572, 5.599466448158895, 
objectives:
-75.51692577234171, -63.98214065278819, 5002.733696104709, 

parameters:
4.240175015438861, -10.218729006259903, 13.045561089090342, 
objectives:
-5.285205933798302, 7.845216182626938, 110.35594557583909, 

parameters:
2.0832016651815586, -58.87476797802005, 1.131137062514852, 
objectives:
-55.66617586271968, -57.73670839841622, 3470.4468965809956, 

parameters:
2.718159952491347, -87.14578020761331, 0, 
objectives:
-79.75738668028555, -86.63002649025094, 7602.775401520977, 

parameters:
-2.6992225747836627, -82.87719121275069, 20, 
objectives:
-95.59138870452894, -40.794498405394286, 6856.914625823061, 

parameters:
0.8490413221610802, -24.468987057481684, 11.05219283115099, 
objectives:
-34.80030872189564, -12.09208834823798, 589.4000059547923, 

parameters:
3.1675600181805845, -34.06567168343823, 4.475852403392482, 
objectives:
-28.50808761805453, -28.226622883991908, 1167.0275713091892, 

parameters:
2.345907298736889, -62.05071463967487, 11.153358106899534, 
objectives:
-67.7007916923074, -50.77770467345589, 3845.6411102417287, 

parameters:
2.9458756696973265, -4.63678383201993, 19.87746335016043, 
objectives:
-15.836063720865686, 16.135360300665866, 11.300484416035669, 

parameters:
-2.206115038370273, -90.95734463120348, 19.851703067947998, 
objectives:
-105.942104136628, -53.41423784725093, 8259.253782854095, 

parameters:
1.3012581904252913, -99.55794639033957, 15.889557783424129, 
objectives:
-113.75423129561479, -83.1801484904677, 9898.58840455645, 

parameters:
-1.4722133455287874, -40.81433623364437, 6.041110917571095, 
objectives:
-44.6880350164624, -22.716959799205057, 1662.9363434101574, 

parameters:
1.2961991307920129, -94.3673377671601, 0, 
objectives:
-92.68720558049412, -93.87200210366218, 8907.874569447946, 

parameters:
2.4988528506390173, -78.97841304562267, 10.156211150810996, 
objectives:
-82.89035862728693, -68.573347728221, 6234.677781623317, 

parameters:
-0.4741373200337562, -92.64180443828812, 16.337321976227706, 
objectives:
-108.75432021626705, -70.1831269836766, 8567.391413804042, 

parameters:
3.0315954324462484, -97.09643558444259, 0.03862251073665403, 
objectives:
-87.94448722915028, -95.99362393746196, 9437.869751559101, 

parameters:
1.5061436307039417, -49.045000868673824, 3.6647350264423797, 
objectives:
-50.44126725880615, -45.13637172873716, 2405.015843818084, 

parameters:
3.1941157312955517, -53.01284318629234, 20, 
objectives:
-62.81046788138263, -31.586930806564837, 2801.5639179993323, 

parameters:
3.01858567131959, -17.443709333389403, 2.1791744889566056, 
objectives:
-10.51102436725007, -14.22701807461522, 312.2156802739159, 

parameters:
-0.42343433057617885, -29.222710754139527, 8.3531621987201, 
objectives:
-37.39657632054913, -14.996514600804218, 846.7929582536924, 

parameters:
1.7447919012080406, -76.07343784113357, 0.0, 
objectives:
-73.0291390626124, -76.00830666744456, 5791.212243747334, 

parameters:
-1.672050889677229, -30.372573131003755, 20, 
objectives:
-47.576818953333344, 3.1113846053755765, 906.2889527758417, 

parameters:
-0.3956560428268787, -95.81497356538293, 6.011871139802998, 
objectives:
-101.67030100096049, -84.063934550047, 9175.653831899452, 

parameters:
2.1027927299372435, -48.51498345535509, 14.354308503805129, 
objectives:
-58.447554694083294, -34.15010860622201, 2344.7710484346503, 

parameters:
2.707269347955192, -75.19043155254796, 6.356190591821397, 
objectives:
-74.21731482199164, -68.33401103016959, 5655.574113788956, 

parameters:
-0.5500768423928067, -48.08264519975016, 15.21455020462115, 
objectives:
-62.99461087183447, -26.365203093020945, 2298.0288037329733, 

parameters:
-0.7280375810444888, -44.9226224231233, 17.72639567864935, 
objectives:
-62.11897938235954, -19.754037700882886, 2001.8456484112642, 

parameters:
-2.179806786968434, -75.65884441326855, 7.919288421522458, 
objectives:
-78.82657520627735, -50.268771215358704, 5722.09300715817, 

parameters:
-0.6597090476944061, -45.89762315401619, 16.481433632561483, 
objectives:
-61.94384075896781, -22.34213730306722, 2091.545593583131, 

parameters:
-0.9412310004294552, -48.74678019104702, 19.67409034540343, 
objectives:
-67.53495474028102, -20.421850047756333, 2358.4604044450202, 

parameters:
1.26635807104174, -99.99858775480534, 1.2944884298023418, 
objectives:
-99.68941342051512, -98.1658688450774, 10001.026727289795, 

parameters:
1.3251017207943758, -100, 0, 
objectives:
-98.24410542954779, -99.54451231272529, 10002.755894570451, 

