Generation 94 at Fri May 24 19:55:16 2019
parameters:
0, 0.0, 20.0, 
objectives:
-20.0, 24.0, -19.0, 

parameters:
0, 0.0, 20.0, 
objectives:
-20.0, 24.0, -19.0, 

parameters:
1.9739355561194551, 0.0, 20.0, 
objectives:
-16.103578420287377, 20.0006793552348, -15.103578420287377, 

parameters:
0.9090003985163218, 0.0, 20.0, 
objectives:
-19.17371827549717, 21.190280130437543, -18.17371827549717, 

parameters:
0.4498700012133615, 0.0, 20.0, 
objectives:
-19.79761698200829, 22.402903013138264, -18.79761698200829, 

parameters:
0.7681594466823068, 0.0, 20.0, 
objectives:
-19.409931064472733, 21.51743114879804, -18.409931064472733, 

parameters:
1.7318271972370416, 0.0, 20.0, 
objectives:
-17.000774558910095, 20.07191665214174, -16.000774558910095, 

parameters:
1.4558798785772482, 0.0, 20.0, 
objectives:
-17.880413779153898, 20.29606670653711, -16.880413779153898, 

parameters:
0.1437216539481625, 0.0, 20.0, 
objectives:
-19.979344086186405, 23.445769298020945, -18.979344086186405, 

parameters:
1.5318640401232198, 0.0, 20.0, 
objectives:
-17.653392562577366, 20.219151276929754, -16.653392562577366, 

parameters:
0.7132833880218921, 0.0, 20.0, 
objectives:
-19.491226808372012, 21.65563963954042, -18.491226808372012, 

parameters:
0.5537368908389984, 0.0, 20.0, 
objectives:
-19.69337545572396, 22.09167698092005, -18.69337545572396, 

parameters:
0.30773147822575664, 0.0, 20.0, 
objectives:
-19.90530133730899, 22.863772749787984, -18.90530133730899, 

parameters:
1.57606127737703, 0.0, 20.0, 
objectives:
-17.516030849952685, 20.179724040539195, -16.516030849952685, 

parameters:
1.806801087280946, 0.0, 20.0, 
objectives:
-16.73546983100039, 20.037325819875825, -15.735469831000392, 

parameters:
1.8850525239044584, 0.0, 20.0, 
objectives:
-16.44657698212143, 20.013212922260735, -15.446576982121432, 

parameters:
1.2386436699305337, 0.0, 20.0, 
objectives:
-18.46576185894102, 20.579663461336846, -17.46576185894102, 

parameters:
1.9262043884348685, 0.0, 20.0, 
objectives:
-16.289736653974256, 20.00544579228627, -15.289736653974254, 

parameters:
1.1657526197145944, 0.0, 20.0, 
objectives:
-18.64102082962856, 20.695968691513063, -17.64102082962856, 

parameters:
1.6647964026064777, 0.0, 20.0, 
objectives:
-17.228452937868532, 20.11236145170556, -16.228452937868532, 

parameters:
1.3230451769098013, 0.0, 20.0, 
objectives:
-18.249551459855713, 20.458267832505083, -17.249551459855713, 

parameters:
1.8318724098316956, 0.0, 20.0, 
objectives:
-16.644243474097415, 20.0282668865758, -15.644243474097417, 

parameters:
0.25414694112752556, 0.0, 20.0, 
objectives:
-19.935409332315523, 23.048002903174375, -18.935409332315523, 

parameters:
1.0722131251075941, 0.0, 20.0, 
objectives:
-18.850359014347006, 20.860788485222617, -17.850359014347006, 

parameters:
0.04388509426426107, 0.0, 20.0, 
objectives:
-19.998074098501416, 23.82638552444154, -18.998074098501416, 

parameters:
0.6113605163368369, 0.0, 20.0, 
objectives:
-19.626238319064356, 21.928319615588297, -18.626238319064356, 

parameters:
1.277938258359041, 0.0, 20.0, 
objectives:
-18.366873807822262, 20.521373158741575, -17.36687380782226, 

parameters:
1.3913854431328436, 0.0, 20.0, 
objectives:
-18.06404654863802, 20.370411678830607, -17.06404654863802, 

parameters:
1.0193510859616324, 0.0, 20.0, 
objectives:
-18.96092336354884, 20.96167229260463, -17.96092336354884, 

parameters:
1.6375975690674471, 0.0, 20.0, 
objectives:
-17.318274201784387, 20.131335521945825, -16.318274201784387, 

parameters:
1.3769609223484287, 0.0, 20.0, 
objectives:
-18.103978618325364, 20.38817769228092, -17.103978618325364, 

parameters:
0.9828566386524347, 0.0, 20.0, 
objectives:
-19.03399282785684, 21.034580617533425, -18.03399282785684, 

parameters:
1.1170337596377378, 0.0, 20.0, 
objectives:
-18.75223557982958, 20.77962938161947, -17.75223557982958, 

parameters:
1.1317761308195475, 0.0, 20.0, 
objectives:
-18.719082789707134, 20.753812687014676, -17.719082789707134, 

parameters:
0.6077027517390383, 0.0, 20.0, 
objectives:
-19.6306973655288, 21.938491627515045, -18.6306973655288, 

parameters:
0.28175538110051834, 0.0, 20.0, 
objectives:
-19.9206139052209, 22.952364570377025, -18.9206139052209, 

parameters:
0.987016305563817, 0.0, 20.0, 
objectives:
-19.025798812551155, 21.02613596519358, -18.025798812551155, 

parameters:
1.6408707692569138, 0.0, 20.0, 
objectives:
-17.307543118598225, 20.12897380437412, -16.307543118598225, 

parameters:
0, 0.0, 20.0, 
objectives:
-20.0, 24.0, -19.0, 

