Generation 949 at Fri May 24 19:48:11 2019
parameters:
5.066611924674831, -2.40671913774327, 2.881926622642065, 
objectives:
20.381910634871858, 9.879316181456666, 29.58092678059484, 

parameters:
0.05101637681523949, -100, 19.95971668145522, 
objectives:
-119.95711401075187, -76.24174615510238, 9981.042885989249, 

parameters:
-1.164579656562397, -2.7651338319405667, 19.681173069997108, 
objectives:
-21.090061125458686, 26.930603640785122, -9.678962184975795, 

parameters:
-0.09310337269809921, -0.38187417318528993, 20, 
objectives:
-20.37320593517753, 23.999207555614866, -18.84550387784629, 

parameters:
1.9973066371654076, -100, 0, 
objectives:
-96.01076619713501, -99.99999274579665, 10004.989233802866, 

parameters:
2.3859231232327263, -87.06069051593089, 0.0, 
objectives:
-81.36806136595428, -86.91175385888519, 7586.256462260675, 

parameters:
1.7447919012080406, -76.07343784113357, 0.0, 
objectives:
-73.0291390626124, -76.00830666744456, 5791.212243747334, 

parameters:
2.2574633080954047, -67.94433231153876, 4.276377976420242, 
objectives:
-67.12456970056195, -63.60166698010308, 4618.252055871787, 

parameters:
2.4988528506390173, -78.97841304562267, 10.156211150810996, 
objectives:
-82.89035862728693, -68.573347728221, 6234.677781623317, 

parameters:
3.0315954324462484, -97.09643558444259, 0.03862251073665403, 
objectives:
-87.94448722915028, -95.99362393746196, 9437.869751559101, 

parameters:
2.345907298736889, -62.05071463967487, 11.153358106899534, 
objectives:
-67.7007916923074, -50.77770467345589, 3845.6411102417287, 

parameters:
3.1675600181805845, -34.06567168343823, 4.475852403392482, 
objectives:
-28.50808761805453, -28.226622883991908, 1167.0275713091892, 

parameters:
2.0832016651815586, -58.87476797802005, 1.131137062514852, 
objectives:
-55.66617586271968, -57.73670839841622, 3470.4468965809956, 

parameters:
1.4732710537677853, -94.0751036367616, 12.871961813344134, 
objectives:
-104.77653785223569, -80.92569844061858, 8840.42369005196, 

parameters:
-1.7598449188832062, -96.18270556585082, 18.506790754780628, 
objectives:
-111.5924421821124, -63.539480997018345, 9236.70311335089, 

parameters:
0.8490413221610802, -24.468987057481684, 11.05219283115099, 
objectives:
-34.80030872189564, -12.09208834823798, 589.4000059547923, 

parameters:
4.440017875196322, -14.048417720029565, 4.7653535497004835, 
objectives:
0.8999874623328115, -3.3293769390515084, 213.30644561880308, 

parameters:
0.4503108870222601, -47.90132345647163, 10.843523575896835, 
objectives:
-58.542067137397694, -34.656263533693064, 2284.8960452005927, 

parameters:
-0.4741373200337562, -92.64180443828812, 16.337321976227706, 
objectives:
-108.75432021626705, -70.1831269836766, 8567.391413804042, 

parameters:
1.5061436307039417, -49.045000868673824, 3.6647350264423797, 
objectives:
-50.44126725880615, -45.13637172873716, 2405.015843818084, 

parameters:
3.5295514632440654, -7.434081811679123, 0, 
objectives:
5.0236517200092, -5.094554132967062, 68.72330591442667, 

parameters:
2.514636666038707, -61.1142011179799, 19.491730500971894, 
objectives:
-74.28253405676553, -41.35761971897658, 3722.77724535011, 

parameters:
3.1941157312955517, -53.01284318629234, 20, 
objectives:
-62.81046788138263, -31.586930806564837, 2801.5639179993323, 

parameters:
2.5676535397613627, -20.290588110496522, 3.058607181661569, 
objectives:
-16.756350591909033, -16.909750387631348, 416.2422033884103, 

parameters:
-0.04676405895681207, -89.84965070778858, 1.3703838598800195, 
objectives:
-91.21784769045848, -84.2900237348712, 8072.591535328943, 

parameters:
3.66309375028476, -10.815541393700794, 13.467605388030572, 
objectives:
-10.864890958356098, 5.4179448165660045, 117.92658607420002, 

parameters:
3.01858567131959, -17.443709333389403, 2.1791744889566056, 
objectives:
-10.51102436725007, -14.22701807461522, 312.2156802739159, 

parameters:
1.326649767900349, -54.01976945399079, 14.891434793709113, 
objectives:
-67.15120464102985, -38.67493412521303, 2906.0040566752773, 

parameters:
0.43236405529077016, -38.233702519242314, 15.734705084506746, 
objectives:
-53.78146892744158, -20.041514979591167, 1447.268241921717, 

parameters:
-1.4722133455287874, -40.81433623364437, 6.041110917571095, 
objectives:
-44.6880350164624, -22.716959799205057, 1662.9363434101574, 

parameters:
0.6910286507431032, -28.951846962573775, 19.676328632325056, 
objectives:
-48.150654998750994, -7.562112337073298, 820.0106345081151, 

parameters:
-0.08814958625761654, -89.92622399828642, 18.360686551869634, 
objectives:
-108.27914020059866, -67.20516875182892, 8069.372846387671, 

parameters:
0.5255468614875692, -28.935889146921213, 12.815218587402367, 
objectives:
-41.474908230704145, -13.946658501849686, 825.7466616391299, 

parameters:
3.688721687211685, -5.314343030655294, 3.285019203833536, 
objectives:
5.0073054512169906, 0.8224571100373219, 39.56389032934678, 

parameters:
-2.0015973936831917, -100, 1.2842022384775218, 
objectives:
-97.27781011207817, -82.70301606039037, 10003.722189887922, 

parameters:
0.8103603468292264, -42.14120610032472, 8.61514391170067, 
objectives:
-50.09966612031221, -32.11081968422778, 1768.922791570058, 

parameters:
1.5442286202600437, -39.34947202112063, 6.4247535043686375, 
objectives:
-43.389583493859035, -32.71699096616193, 1545.340836868217, 

