Generation 952 at Fri May 24 19:48:11 2019
parameters:
0.05101637681523949, -100, 19.95971668145522, 
objectives:
-119.95711401075187, -76.24174615510238, 9981.042885989249, 

parameters:
3.5295514632440654, -7.434081811679123, 0, 
objectives:
5.0236517200092, -5.094554132967062, 68.72330591442667, 

parameters:
-1.164579656562397, -2.7651338319405667, 19.681173069997108, 
objectives:
-21.090061125458686, 26.930603640785122, -9.678962184975795, 

parameters:
-0.09310337269809921, -0.38187417318528993, 20, 
objectives:
-20.37320593517753, 23.999207555614866, -18.84550387784629, 

parameters:
1.9973066371654076, -100, 0, 
objectives:
-96.01076619713501, -99.99999274579665, 10004.989233802866, 

parameters:
2.2574633080954047, -67.94433231153876, 4.276377976420242, 
objectives:
-67.12456970056195, -63.60166698010308, 4618.252055871787, 

parameters:
3.1675600181805845, -34.06567168343823, 4.475852403392482, 
objectives:
-28.50808761805453, -28.226622883991908, 1167.0275713091892, 

parameters:
3.0315954324462484, -97.09643558444259, 0.03862251073665403, 
objectives:
-87.94448722915028, -95.99362393746196, 9437.869751559101, 

parameters:
1.7447919012080406, -76.07343784113357, 0.0, 
objectives:
-73.0291390626124, -76.00830666744456, 5791.212243747334, 

parameters:
0.6030088840733274, -32.3644758970692, 6.8452161444993305, 
objectives:
-38.84607232729717, -23.567675574591817, 1041.9777036617452, 

parameters:
1.4732710537677853, -94.0751036367616, 12.871961813344134, 
objectives:
-104.77653785223569, -80.92569844061858, 8840.42369005196, 

parameters:
2.4988528506390173, -78.97841304562267, 10.156211150810996, 
objectives:
-82.89035862728693, -68.573347728221, 6234.677781623317, 

parameters:
2.3859231232327263, -87.06069051593089, 0.0, 
objectives:
-81.36806136595428, -86.91175385888519, 7586.256462260675, 

parameters:
3.1941157312955517, -53.01284318629234, 20, 
objectives:
-62.81046788138263, -31.586930806564837, 2801.5639179993323, 

parameters:
0.8490413221610802, -24.468987057481684, 11.05219283115099, 
objectives:
-34.80030872189564, -12.09208834823798, 589.4000059547923, 

parameters:
-0.04676405895681207, -89.84965070778858, 1.3703838598800195, 
objectives:
-91.21784769045848, -84.2900237348712, 8072.591535328943, 

parameters:
-0.8661559652839164, -84.71814734044787, 12.939715255797141, 
objectives:
-96.9076364400481, -63.56358206731815, 7165.974999698235, 

parameters:
2.345907298736889, -62.05071463967487, 11.153358106899534, 
objectives:
-67.7007916923074, -50.77770467345589, 3845.6411102417287, 

parameters:
3.01858567131959, -17.443709333389403, 2.1791744889566056, 
objectives:
-10.51102436725007, -14.22701807461522, 312.2156802739159, 

parameters:
0.8292662403365805, -42.09704590014016, 7.109687778332836, 
objectives:
-48.519051181111024, -33.61674058579168, 1766.7392682375366, 

parameters:
-0.09227489998189042, -22.11548902681129, 20, 
objectives:
-42.10697436964462, 2.2621252302829404, 470.1033695521772, 

parameters:
-1.7598449188832062, -96.18270556585082, 18.506790754780628, 
objectives:
-111.5924421821124, -63.539480997018345, 9236.70311335089, 

parameters:
1.5061436307039417, -49.045000868673824, 3.6647350264423797, 
objectives:
-50.44126725880615, -45.13637172873716, 2405.015843818084, 

parameters:
0.4503108870222601, -47.90132345647163, 10.843523575896835, 
objectives:
-58.542067137397694, -34.656263533693064, 2284.8960452005927, 

parameters:
2.514636666038707, -61.1142011179799, 19.491730500971894, 
objectives:
-74.28253405676553, -41.35761971897658, 3722.77724535011, 

parameters:
2.0832016651815586, -58.87476797802005, 1.131137062514852, 
objectives:
-55.66617586271968, -57.73670839841622, 3470.4468965809956, 

parameters:
-0.2465199434661962, -77.2150422251108, 1.702815540785085, 
objectives:
-78.8570856833693, -70.46537482793437, 5961.520702367387, 

parameters:
4.440017875196322, -14.048417720029565, 4.7653535497004835, 
objectives:
0.8999874623328115, -3.3293769390515084, 213.30644561880308, 

parameters:
-0.4741373200337562, -92.64180443828812, 16.337321976227706, 
objectives:
-108.75432021626705, -70.1831269836766, 8567.391413804042, 

parameters:
2.457936118568757, -58.64436445063095, 4.603489667320042, 
objectives:
-57.206404154986146, -53.83116929462109, 3441.599442114072, 

parameters:
1.284430942005156, -1.6934928433920704, 15.746011998947509, 
objectives:
-15.789741997559327, 14.564558232315067, -10.228331143547097, 

parameters:
-0.20309587391661355, -0.22749080730140037, 4.232209467138525, 
objectives:
-4.418452340437972, 8.858350089505532, -3.1392094657299294, 

parameters:
-2.152655551758812, -12.63714474605341, 7.530868662637901, 
objectives:
-15.534087484173273, 12.138272048137775, 157.8004845945854, 

parameters:
4.09694469479044, -4.134261879382196, 7.949581771199981, 
objectives:
4.701112181589353, 8.212496944827556, 26.92749534828436, 

