Generation 954 at Fri May 24 19:48:11 2019
parameters:
0.05101637681523949, -100, 19.95971668145522, 
objectives:
-119.95711401075187, -76.24174615510238, 9981.042885989249, 

parameters:
3.5295514632440654, -7.434081811679123, 0, 
objectives:
5.0236517200092, -5.094554132967062, 68.72330591442667, 

parameters:
-1.164579656562397, -2.7651338319405667, 19.681173069997108, 
objectives:
-21.090061125458686, 26.930603640785122, -9.678962184975795, 

parameters:
-0.09310337269809921, -0.38187417318528993, 20, 
objectives:
-20.37320593517753, 23.999207555614866, -18.84550387784629, 

parameters:
1.9973066371654076, -100, 0, 
objectives:
-96.01076619713501, -99.99999274579665, 10004.989233802866, 

parameters:
0.41686924650404555, -2.448610348470657, 9.72572155428952, 
objectives:
-12.000551934079326, 9.78341418848353, -2.556248946971075, 

parameters:
1.4732710537677853, -94.0751036367616, 12.871961813344134, 
objectives:
-104.77653785223569, -80.92569844061858, 8840.42369005196, 

parameters:
2.6380008064815437, -72.09911268726839, 20.0, 
objectives:
-85.14006443227112, -51.69206765819729, 5186.241098546423, 

parameters:
2.2574633080954047, -67.94433231153876, 4.276377976420242, 
objectives:
-67.12456970056195, -63.60166698010308, 4618.252055871787, 

parameters:
1.5061436307039417, -49.045000868673824, 3.6647350264423797, 
objectives:
-50.44126725880615, -45.13637172873716, 2405.015843818084, 

parameters:
1.7447919012080406, -76.07343784113357, 0.0, 
objectives:
-73.0291390626124, -76.00830666744456, 5791.212243747334, 

parameters:
-0.09227489998189042, -22.11548902681129, 20, 
objectives:
-42.10697436964462, 2.2621252302829404, 470.1033695521772, 

parameters:
2.4988528506390173, -78.97841304562267, 10.156211150810996, 
objectives:
-82.89035862728693, -68.573347728221, 6234.677781623317, 

parameters:
4.440017875196322, -14.048417720029565, 4.7653535497004835, 
objectives:
0.8999874623328115, -3.3293769390515084, 213.30644561880308, 

parameters:
3.0315954324462484, -97.09643558444259, 0.03862251073665403, 
objectives:
-87.94448722915028, -95.99362393746196, 9437.869751559101, 

parameters:
3.01858567131959, -17.443709333389403, 2.1791744889566056, 
objectives:
-10.51102436725007, -14.22701807461522, 312.2156802739159, 

parameters:
2.851922682853755, -26.951952418681078, 7.048235170844899, 
objectives:
-25.866724600550214, -19.177944990275442, 728.4929669969797, 

parameters:
0.6030088840733274, -32.3644758970692, 6.8452161444993305, 
objectives:
-38.84607232729717, -23.567675574591817, 1041.9777036617452, 

parameters:
-0.04676405895681207, -89.84965070778858, 1.3703838598800195, 
objectives:
-91.21784769045848, -84.2900237348712, 8072.591535328943, 

parameters:
-1.7598449188832062, -96.18270556585082, 18.506790754780628, 
objectives:
-111.5924421821124, -63.539480997018345, 9236.70311335089, 

parameters:
0.8490413221610802, -24.468987057481684, 11.05219283115099, 
objectives:
-34.80030872189564, -12.09208834823798, 589.4000059547923, 

parameters:
-0.2465199434661962, -77.2150422251108, 1.702815540785085, 
objectives:
-78.8570856833693, -70.46537482793437, 5961.520702367387, 

parameters:
3.1941157312955517, -53.01284318629234, 20, 
objectives:
-62.81046788138263, -31.586930806564837, 2801.5639179993323, 

parameters:
-0.8661559652839164, -84.71814734044787, 12.939715255797141, 
objectives:
-96.9076364400481, -63.56358206731815, 7165.974999698235, 

parameters:
2.3859231232327263, -87.06069051593089, 0.0, 
objectives:
-81.36806136595428, -86.91175385888519, 7586.256462260675, 

parameters:
3.1675600181805845, -34.06567168343823, 4.475852403392482, 
objectives:
-28.50808761805453, -28.226622883991908, 1167.0275713091892, 

parameters:
0.8292662403365805, -42.09704590014016, 7.109687778332836, 
objectives:
-48.519051181111024, -33.61674058579168, 1766.7392682375366, 

parameters:
1.398300021842368, -95.72902588557187, 3.8408031397577025, 
objectives:
-97.6145860742452, -91.52617988209929, 9163.160836811816, 

parameters:
-0.40215667424390894, -50.04245531988617, 6.03857507717296, 
objectives:
-55.919300406420206, -38.23352355509866, 2499.37048935627, 

parameters:
2.8941268036069623, -37.1235330278293, 1.4758936194865941, 
objectives:
-30.223456691959644, -34.84817666741431, 1386.0567808042026, 

parameters:
-3.890563784760594, -60.166412153446544, 20, 
objectives:
-65.02992559015587, -5.467670451113484, 3616.1336379816908, 

parameters:
2.4238766533156237, -62.16366716395367, 0.37234361199107086, 
objectives:
-56.66083274545619, -61.611652134736545, 3870.824349689309, 

parameters:
3.7649750178182595, -57.879947453001506, 19.85735446536018, 
objectives:
-63.562265033566085, -34.90745617411876, 3345.405999581651, 

parameters:
2.0832016651815586, -58.87476797802005, 1.131137062514852, 
objectives:
-55.66617586271968, -57.73670839841622, 3470.4468965809956, 

parameters:
2.2249884745381805, -62.06791750157818, 2.3784961471376063, 
objectives:
-59.495839936888046, -59.638801540765556, 3855.9984605474056, 

parameters:
4.466958980921044, -86.51253981525376, 0.0, 
objectives:
-66.55881727802259, -80.42665320170677, 7505.373267823098, 

parameters:
-2.929688861077972, -42.995249276894064, 14.890572489109742, 
objectives:
-49.302744943279464, -3.8028445207480903, 1843.2839647158742, 

parameters:
0.24885960045658373, -94.52851960084642, 0, 
objectives:
-94.46658850010701, -91.46202690193334, 8936.702949028346, 

parameters:
-1.6834455117118852, -89.47859635981169, 6.387716466557283, 
objectives:
-93.03232403546608, -69.52310905550398, 8003.865478846452, 

parameters:
2.457936118568757, -58.64436445063095, 4.603489667320042, 
objectives:
-57.206404154986146, -53.83116929462109, 3441.599442114072, 

