Generation 955 at Fri May 24 19:48:11 2019
parameters:
0.05101637681523949, -100, 19.95971668145522, 
objectives:
-119.95711401075187, -76.24174615510238, 9981.042885989249, 

parameters:
3.5295514632440654, -7.434081811679123, 0, 
objectives:
5.0236517200092, -5.094554132967062, 68.72330591442667, 

parameters:
-1.164579656562397, -2.7651338319405667, 19.681173069997108, 
objectives:
-21.090061125458686, 26.930603640785122, -9.678962184975795, 

parameters:
-0.09310337269809921, -0.38187417318528993, 20, 
objectives:
-20.37320593517753, 23.999207555614866, -18.84550387784629, 

parameters:
1.9973066371654076, -100, 0, 
objectives:
-96.01076619713501, -99.99999274579665, 10004.989233802866, 

parameters:
-1.1571896088857367, -65.19012372413658, 0, 
objectives:
-63.85103593322346, -55.22227749768051, 4252.091318959148, 

parameters:
3.1941157312955517, -53.01284318629234, 20, 
objectives:
-62.81046788138263, -31.586930806564837, 2801.5639179993323, 

parameters:
2.6380008064815437, -72.09911268726839, 20.0, 
objectives:
-85.14006443227112, -51.69206765819729, 5186.241098546423, 

parameters:
1.4732710537677853, -94.0751036367616, 12.871961813344134, 
objectives:
-104.77653785223569, -80.92569844061858, 8840.42369005196, 

parameters:
0.41686924650404555, -2.448610348470657, 9.72572155428952, 
objectives:
-12.000551934079326, 9.78341418848353, -2.556248946971075, 

parameters:
2.086858481679404, -84.09342856516352, 18.781653031474733, 
objectives:
-98.52010327408098, -65.30423113784914, 7058.278053135342, 

parameters:
1.7447919012080406, -76.07343784113357, 0.0, 
objectives:
-73.0291390626124, -76.00830666744456, 5791.212243747334, 

parameters:
-1.7598449188832062, -96.18270556585082, 18.506790754780628, 
objectives:
-111.5924421821124, -63.539480997018345, 9236.70311335089, 

parameters:
-0.04676405895681207, -89.84965070778858, 1.3703838598800195, 
objectives:
-91.21784769045848, -84.2900237348712, 8072.591535328943, 

parameters:
-0.40215667424390894, -50.04245531988617, 6.03857507717296, 
objectives:
-55.919300406420206, -38.23352355509866, 2499.37048935627, 

parameters:
3.0315954324462484, -97.09643558444259, 0.03862251073665403, 
objectives:
-87.94448722915028, -95.99362393746196, 9437.869751559101, 

parameters:
0.8292662403365805, -42.09704590014016, 7.109687778332836, 
objectives:
-48.519051181111024, -33.61674058579168, 1766.7392682375366, 

parameters:
4.440017875196322, -14.048417720029565, 4.7653535497004835, 
objectives:
0.8999874623328115, -3.3293769390515084, 213.30644561880308, 

parameters:
2.2574633080954047, -67.94433231153876, 4.276377976420242, 
objectives:
-67.12456970056195, -63.60166698010308, 4618.252055871787, 

parameters:
2.4988528506390173, -78.97841304562267, 10.156211150810996, 
objectives:
-82.89035862728693, -68.573347728221, 6234.677781623317, 

parameters:
3.01858567131959, -17.443709333389403, 2.1791744889566056, 
objectives:
-10.51102436725007, -14.22701807461522, 312.2156802739159, 

parameters:
-0.2465199434661962, -77.2150422251108, 1.702815540785085, 
objectives:
-78.8570856833693, -70.46537482793437, 5961.520702367387, 

parameters:
2.851922682853755, -26.951952418681078, 7.048235170844899, 
objectives:
-25.866724600550214, -19.177944990275442, 728.4929669969797, 

parameters:
-3.893470271034764, -48.38181440310225, 20, 
objectives:
-53.22270365167073, 6.351177432468333, 2336.9590756876632, 

parameters:
0.8490413221610802, -24.468987057481684, 11.05219283115099, 
objectives:
-34.80030872189564, -12.09208834823798, 589.4000059547923, 

parameters:
1.5061436307039417, -49.045000868673824, 3.6647350264423797, 
objectives:
-50.44126725880615, -45.13637172873716, 2405.015843818084, 

parameters:
0.6030088840733274, -32.3644758970692, 6.8452161444993305, 
objectives:
-38.84607232729717, -23.567675574591817, 1041.9777036617452, 

parameters:
2.8941268036069623, -37.1235330278293, 1.4758936194865941, 
objectives:
-30.223456691959644, -34.84817666741431, 1386.0567808042026, 

parameters:
-0.09227489998189042, -22.11548902681129, 20, 
objectives:
-42.10697436964462, 2.2621252302829404, 470.1033695521772, 

parameters:
2.3859231232327263, -87.06069051593089, 0.0, 
objectives:
-81.36806136595428, -86.91175385888519, 7586.256462260675, 

parameters:
3.1675600181805845, -34.06567168343823, 4.475852403392482, 
objectives:
-28.50808761805453, -28.226622883991908, 1167.0275713091892, 

parameters:
1.398300021842368, -95.72902588557187, 3.8408031397577025, 
objectives:
-97.6145860742452, -91.52617988209929, 9163.160836811816, 

parameters:
-0.5149097862597614, -100, 4.550550788384074, 
objectives:
-104.285418700398, -89.12467797859081, 9996.714581299602, 

parameters:
-0.5414072013698794, -86.97973439044166, 4.423382195242491, 
objectives:
-91.109994827989, -76.09760163202448, 7562.343934194233, 

parameters:
0.8509077285504595, -21.077294491588123, 20, 
objectives:
-40.35325052908122, 0.24311855671694005, 425.97638704763796, 

parameters:
-0.9750961109260472, -20.71532890077099, 7.533684287275589, 
objectives:
-27.298200762503477, -4.3304477442481115, 423.5419796053854, 

