Generation 960 at Fri May 24 19:48:11 2019
parameters:
0.05101637681523949, -100, 19.95971668145522, 
objectives:
-119.95711401075187, -76.24174615510238, 9981.042885989249, 

parameters:
3.5295514632440654, -7.434081811679123, 0, 
objectives:
5.0236517200092, -5.094554132967062, 68.72330591442667, 

parameters:
-1.164579656562397, -2.7651338319405667, 19.681173069997108, 
objectives:
-21.090061125458686, 26.930603640785122, -9.678962184975795, 

parameters:
-0.09310337269809921, -0.38187417318528993, 20, 
objectives:
-20.37320593517753, 23.999207555614866, -18.84550387784629, 

parameters:
1.9973066371654076, -100, 0, 
objectives:
-96.01076619713501, -99.99999274579665, 10004.989233802866, 

parameters:
-1.7598449188832062, -96.18270556585082, 18.506790754780628, 
objectives:
-111.5924421821124, -63.539480997018345, 9236.70311335089, 

parameters:
1.4732710537677853, -94.0751036367616, 12.871961813344134, 
objectives:
-104.77653785223569, -80.92569844061858, 8840.42369005196, 

parameters:
-0.16743263250157966, -11.522829028404171, 15.298836081660241, 
objectives:
-26.793631423638004, 8.473771269688797, 118.50478642259996, 

parameters:
2.6380008064815437, -72.09911268726839, 20.0, 
objectives:
-85.14006443227112, -51.69206765819729, 5186.241098546423, 

parameters:
-0.014079982425003745, -60.33515185828927, 14.618354210979057, 
objectives:
-74.95330782336325, -41.66027947170511, 3626.712393797754, 

parameters:
3.712183175589953, -15.392837376164167, 10.667131780510708, 
objectives:
-12.279665227541768, -1.7941343688801634, 241.05261463765893, 

parameters:
2.4738217616150306, 1.4556397892268083, 16.489284517453694, 
objectives:
-8.913850619986793, 18.169431368460472, -7.250603213233333, 

parameters:
1.7447919012080406, -76.07343784113357, 0.0, 
objectives:
-73.0291390626124, -76.00830666744456, 5791.212243747334, 

parameters:
3.8860518861286475, -8.883716332346594, 8.930060347509272, 
objectives:
-2.7123774181718474, 3.603535732332107, 86.09175478777638, 

parameters:
3.0442417424211685, -54.938185835596116, 17.838318153171077, 
objectives:
-63.50909620246772, -36.00942686581024, 3010.6333525396217, 

parameters:
3.7302270723452247, -49.0106975734127, 19.86794690221567, 
objectives:
-54.96405046437115, -26.149064949320703, 2397.0951237415625, 

parameters:
-0.40285526761866763, -38.81112380583767, 2.9493898105068257, 
objectives:
-41.59822124969638, -30.08802055820806, 1504.5162336282008, 

parameters:
0.6030088840733274, -32.3644758970692, 6.8452161444993305, 
objectives:
-38.84607232729717, -23.567675574591817, 1041.9777036617452, 

parameters:
2.2574633080954047, -67.94433231153876, 4.276377976420242, 
objectives:
-67.12456970056195, -63.60166698010308, 4618.252055871787, 

parameters:
3.0839426928828586, -81.64072298298917, 19.12664930354922, 
objectives:
-91.25666975355281, -61.339141917985806, 6656.591702414613, 

parameters:
1.5061436307039417, -49.045000868673824, 3.6647350264423797, 
objectives:
-50.44126725880615, -45.13637172873716, 2405.015843818084, 

parameters:
-1.1571896088857367, -65.19012372413658, 0, 
objectives:
-63.85103593322346, -55.22227749768051, 4252.091318959148, 

parameters:
2.086858481679404, -84.09342856516352, 18.781653031474733, 
objectives:
-98.52010327408098, -65.30423113784914, 7058.278053135342, 

parameters:
-0.04676405895681207, -89.84965070778858, 1.3703838598800195, 
objectives:
-91.21784769045848, -84.2900237348712, 8072.591535328943, 

parameters:
-1.3277036282845451, -52.34206129976679, 7.5398305013346265, 
objectives:
-58.119094876541475, -33.72861936073404, 2734.9143475317696, 

parameters:
0.36549112361940617, -100, 2.054513038769079, 
objectives:
-101.9209292773245, -95.27386769426397, 9999.079070722675, 

parameters:
2.851922682853755, -26.951952418681078, 7.048235170844899, 
objectives:
-25.866724600550214, -19.177944990275442, 728.4929669969797, 

parameters:
-0.012187484638064294, -38.13907814996075, 19.20885440166238, 
objectives:
-57.34778401684133, -14.881325274964311, 1436.3805762619331, 

parameters:
2.3859231232327263, -87.06069051593089, 0.0, 
objectives:
-81.36806136595428, -86.91175385888519, 7586.256462260675, 

parameters:
-2.1520577411283344, -78.90032243503705, 4.969697792348003, 
objectives:
-79.23866770623466, -56.691041157025325, 6225.922535081615, 

parameters:
1.3942856827737533, -35.99564886482286, 13.947807327501712, 
objectives:
-47.99942362713671, -21.68095170322829, 1284.6829624373095, 

parameters:
2.221455462318604, -88.28307139046301, 4.558374044287174, 
objectives:
-87.90658106368502, -83.67565482438508, 7795.277184460367, 

parameters:
1.2195546468348821, -31.814956833453344, 13.25462567685588, 
objectives:
-43.58226897369267, -17.951236207320438, 1001.4241661742602, 

parameters:
4.26980343961533, -86.02642755893149, 8.948662666135256, 
objectives:
-76.74386881211583, -71.92575723830666, 7410.828797298902, 

parameters:
2.4988528506390173, -78.97841304562267, 10.156211150810996, 
objectives:
-82.89035862728693, -68.573347728221, 6234.677781623317, 

parameters:
-1.8771316232895587, -87.30043173420599, 0.0, 
objectives:
-83.77680860305229, -72.26828210989406, 7625.889004109913, 

