Generation 968 at Fri May 24 19:48:11 2019
parameters:
0.05101637681523949, -100, 19.95971668145522, 
objectives:
-119.95711401075187, -76.24174615510238, 9981.042885989249, 

parameters:
3.5295514632440654, -7.434081811679123, 0, 
objectives:
5.0236517200092, -5.094554132967062, 68.72330591442667, 

parameters:
-1.164579656562397, -2.7651338319405667, 19.681173069997108, 
objectives:
-21.090061125458686, 26.930603640785122, -9.678962184975795, 

parameters:
-0.09310337269809921, -0.38187417318528993, 20, 
objectives:
-20.37320593517753, 23.999207555614866, -18.84550387784629, 

parameters:
1.9973066371654076, -100, 0, 
objectives:
-96.01076619713501, -99.99999274579665, 10004.989233802866, 

parameters:
2.6135530378223066, -27.590040359829253, 7.012722831489587, 
objectives:
-27.772103709808633, -20.200870198118686, 762.0282637070278, 

parameters:
-1.8585573051927557, -3.3314541794388712, 7.763853465556699, 
objectives:
-7.641072388310212, 19.32086376357421, 7.7889687408293815, 

parameters:
-1.7598449188832062, -96.18270556585082, 18.506790754780628, 
objectives:
-111.5924421821124, -63.539480997018345, 9236.70311335089, 

parameters:
2.3859231232327263, -87.06069051593089, 0.0, 
objectives:
-81.36806136595428, -86.91175385888519, 7586.256462260675, 

parameters:
-0.04676405895681207, -89.84965070778858, 1.3703838598800195, 
objectives:
-91.21784769045848, -84.2900237348712, 8072.591535328943, 

parameters:
1.4732710537677853, -94.0751036367616, 12.871961813344134, 
objectives:
-104.77653785223569, -80.92569844061858, 8840.42369005196, 

parameters:
-0.012187484638064294, -38.13907814996075, 19.20885440166238, 
objectives:
-57.34778401684133, -14.881325274964311, 1436.3805762619331, 

parameters:
-0.40285526761866763, -38.81112380583767, 2.9493898105068257, 
objectives:
-41.59822124969638, -30.08802055820806, 1504.5162336282008, 

parameters:
3.898875942341484, -74.79143649056077, 3.987268806397636, 
objectives:
-63.577471683189216, -67.19843783975988, 5605.972937128957, 

parameters:
1.6122052066811459, -46.20708307134535, 6.761108943385895, 
objectives:
-50.36898638628145, -39.29558932623425, 2131.9326226472745, 

parameters:
4.025328961217564, -70.36775216793647, 18.520770293617744, 
objectives:
-72.68524921553734, -47.74502447317211, 4950.303048120527, 

parameters:
0.7386686309498312, -98.71104615596822, 0, 
objectives:
-98.16541480961892, -97.12008933341825, 9745.416264552037, 

parameters:
2.6380008064815437, -72.09911268726839, 20.0, 
objectives:
-85.14006443227112, -51.69206765819729, 5186.241098546423, 

parameters:
3.8860518861286475, -8.883716332346594, 8.930060347509272, 
objectives:
-2.7123774181718474, 3.603535732332107, 86.09175478777638, 

parameters:
2.449659896020985, -42.57476001795912, 0, 
objectives:
-36.57392641178558, -42.37256599586952, 1819.6110241929841, 

parameters:
-0.4392420580122176, -13.499935549632346, 20, 
objectives:
-33.30700196410554, 12.449966267943331, 163.441193429754, 

parameters:
2.1518104060927756, -77.55833848068741, 19.09118285699546, 
objectives:
-92.01923331391372, -58.444109224293896, 6001.834973051651, 

parameters:
3.6309050763034927, -53.22547806865184, 3.43682196367917, 
objectives:
-43.478828359204535, -47.128804737060165, 2843.698165345985, 

parameters:
0.05299503206156064, -16.225561567951353, 9.325184439401903, 
objectives:
-25.547937533930053, -3.1095487833724853, 254.94647222940128, 

parameters:
-0.7901343702894859, -50.93681992645355, 8.713216071919945, 
objectives:
-59.025723675260735, -34.4387540502629, 2587.470720471149, 

parameters:
0.3918350956181375, -99.42903643551072, 6.934825506691679, 
objectives:
-106.21032720004433, -89.90801656913352, 9880.351995729585, 

parameters:
0.38372049149102483, -85.04674853843912, 8.090672523041539, 
objectives:
-92.99017964589054, -74.34371656577157, 7226.006005853045, 

parameters:
-1.7480733976655278, -55.75577043661727, 0.6554808464885024, 
objectives:
-53.35549067947987, -41.05223539584075, 3112.106216737902, 

parameters:
0.2847213742633461, -62.192944231421265, 5.833481917676434, 
objectives:
-67.94535988813529, -53.417281549835806, 3863.209896515961, 

parameters:
4.303348653284805, -14.03207745541934, 0, 
objectives:
4.486732176308802, -8.726662436830416, 216.41800734661587, 

parameters:
-0.2276874115051033, -67.49181191659825, 0.0, 
objectives:
-67.43997035924036, -62.52922071321994, 4556.196517342832, 

parameters:
-1.7069613442390412, -82.82990158973882, 12.358970908019453, 
objectives:
-92.27515546703192, -56.72936827403685, 6852.347343488525, 

parameters:
-1.1571896088857367, -65.19012372413658, 0, 
objectives:
-63.85103593322346, -55.22227749768051, 4252.091318959148, 

parameters:
-0.6269108119981266, -83.85316865406797, 18.90332355003318, 
objectives:
-102.363475037901, -58.049184689842136, 7013.843586943735, 

parameters:
2.666518632507082, -55.67539052653796, 20, 
objectives:
-68.56506890903051, -35.23114343905885, 3087.8594319000204, 

parameters:
0.22503852505320876, -10.72274119025969, 15.263056669583522, 
objectives:
-25.93515552208509, 7.69080371686912, 100.76476430146639, 

