[!]Generation 97 at Sun May 26 02:43:07 2019
size of front generated: 48
[!!!]Points in the front:
parameters:
0, 0.0, 20.0, 
objectives:
-20.0, 24.0, -19.0, 

parameters:
0, 0.0, 20.0, 
objectives:
-20.0, 24.0, -19.0, 

parameters:
2.0084824141362345, 0, 20.0, 
objectives:
-15.965998392105483, 20.00007195134958, -14.965998392105483, 

parameters:
0.21488785913565367, 0, 20.0, 
objectives:
-19.953823207996095, 23.186625355461288, -18.953823207996095, 

parameters:
1.7988894979094006, 0.0011046344056344238, 20.0, 
objectives:
-16.76289193990563, 20.04155006845677, -15.76289193990563, 

parameters:
1.9455995622985447, 0.0003326225401458678, 20.0, 
objectives:
-16.214309720643566, 20.003292030162257, -15.214309720643566, 

parameters:
1.8656198288358807, 4.818759509226702e-07, 20.0, 
objectives:
-16.51946217237843, 20.01805851227805, -15.519462172378429, 

parameters:
1.0676799817185643, 1.7887477950733136e-05, 20.0, 
objectives:
-18.860041569159495, 20.869238503966248, -17.860041569159495, 

parameters:
0.2815624851729786, 7.148580600898591e-06, 20.0, 
objectives:
-19.920715418362615, 22.95303464094547, -18.920715418362615, 

parameters:
1.390868123504474, 0.0, 20.0, 
objectives:
-18.065485863019145, 20.37104164296296, -17.06548586301914, 

parameters:
1.2435176419257492, 2.539297052529086e-05, 20.0, 
objectives:
-18.4536384812489, 20.572290951048103, -17.4536384812489, 

parameters:
0.7961699689579955, 1.198789082443059e-07, 20.0, 
objectives:
-19.366113260650515, 21.449206863517503, -18.366113260650515, 

parameters:
1.7284547206892509, 0.0006170160757941353, 20.0, 
objectives:
-17.01182726245125, 20.074353854791745, -16.01182726245125, 

parameters:
1.5190481991293663, 7.161684919849622e-05, 20.0, 
objectives:
-17.69242095187263, 20.231386251609905, -16.69242095187263, 

parameters:
0.3717503523304614, 1.2067400391656804e-05, 20.0, 
objectives:
-19.861789608141788, 22.651208982536367, -18.861789608141788, 

parameters:
1.1434029539068833, 7.99843326399184e-09, 20.0, 
objectives:
-18.692629676998582, 20.733758507373885, -17.692629676998582, 

parameters:
1.314718702553072, 0.001067885638116521, 20.0, 
objectives:
-18.27044684751905, 20.470678342268663, -17.27044684751905, 

parameters:
1.4447216936442686, 0.0006089520489456105, 20.0, 
objectives:
-17.91217027586469, 20.308942949558237, -16.91217027586469, 

parameters:
1.022482967119296, 4.4151566370285135e-05, 20.0, 
objectives:
-18.95448443038455, 20.955583701138266, -17.95448443038455, 

parameters:
0.5969198154507475, 0, 20.0, 
objectives:
-19.643686733922245, 21.968634004274765, -18.643686733922245, 

parameters:
0.8613060889370567, 1.079512471024829e-06, 20.0, 
objectives:
-19.25815074164748, 21.296624902604293, -18.25815074164748, 

parameters:
1.4779275817672537, 0.0, 20.0, 
objectives:
-17.815730063051596, 20.272559609879387, -16.815730063051596, 

parameters:
0.4666777162402703, 5.714364507200019e-06, 20.0, 
objectives:
-19.78220619480026, 22.351082940238662, -18.78220619480026, 

parameters:
0.9732519148146946, 1.727802687995525e-06, 20.0, 
objectives:
-19.052778982506844, 21.054213358234378, -18.052778982506844, 

parameters:
1.6713158241732977, 0.0009843890990897536, 20.0, 
objectives:
-17.20571902676884, 20.109017676537967, -16.20571902676884, 

parameters:
0.4143186943229767, 0.0, 20.0, 
objectives:
-19.828340019534505, 22.51438520317359, -18.828340019534505, 

parameters:
1.2062166793679616, 0, 20.0, 
objectives:
-18.545041322414527, 20.630091960113624, -17.545041322414527, 

parameters:
1.5686536876867843, 9.403519405057215e-07, 20.0, 
objectives:
-17.539324667754713, 20.18606058149815, -16.539324667754713, 

parameters:
1.7130658961674765, 0.0014622846149302383, 20.0, 
objectives:
-17.06394295077299, 20.083793464557104, -16.06394295077299, 

parameters:
0.5457599280322868, 6.802460308598602e-05, 20.0, 
objectives:
-19.702078076351107, 22.114882211519745, -18.702078076351107, 

parameters:
0.6738927084668658, 0, 20.0, 
objectives:
-19.545868617475193, 21.758560548657346, -18.545868617475193, 

parameters:
0.6533665456364399, 3.595505951318207e-08, 20.0, 
objectives:
-19.573112121088045, 21.813421696366195, -18.573112121088045, 

parameters:
1.6299824088129107, 0.0009474723222826209, 20.0, 
objectives:
-17.34220987463818, 20.137860490110178, -16.34220987463818, 

parameters:
0.5157513054167697, 0, 20.0, 
objectives:
-19.734000590960896, 22.202994187372024, -18.734000590960896, 

parameters:
0.888137681339971, 2.005386547207949e-06, 20.0, 
objectives:
-19.21120945359751, 21.236239821042602, -18.21120945359751, 

parameters:
1.3386899967167316, 0.0, 20.0, 
objectives:
-18.207909092690556, 20.437330920442516, -17.207909092690556, 

parameters:
0.7407431206306273, 4.928004646650012e-09, 20.0, 
objectives:
-19.451299624310394, 21.585727893167096, -18.451299624310394, 

parameters:
1.9088676896490926, 0.00010050829306632032, 20.0, 
objectives:
-16.356123635120667, 20.00840560628296, -15.35612363512067, 

parameters:
0.7296797021548902, 0.0, 20.0, 
objectives:
-19.46756753226315, 21.613713659117288, -18.46756753226315, 

parameters:
1.5915434187287887, 0.0014749521088290366, 20.0, 
objectives:
-17.46551459419225, 20.168311730892594, -16.46551459419225, 

parameters:
1.8990602392845055, 0.0, 20.0, 
objectives:
-16.393570207568676, 20.010188835293302, -15.393570207568676, 

parameters:
0.9281917436626215, 2.705228326017813e-05, 20.0, 
objectives:
-19.138433034713284, 21.14879999063623, -18.138433034713284, 

parameters:
1.6475048215224952, 1.2443763105363257e-07, 20.0, 
objectives:
-17.2857277386225, 20.12425297528752, -16.2857277386225, 

parameters:
0.9411205003413092, 2.1644948507472985e-07, 20.0, 
objectives:
-19.114291987387837, 21.121226011246925, -18.114291987387837, 

parameters:
1.1754753967182126, 0.0, 20.0, 
objectives:
-18.61825759171016, 20.679840821416988, -17.61825759171016, 

parameters:
1.167160338069774, 4.900213838032841e-07, 20.0, 
objectives:
-18.63773625521547, 20.693622392505436, -17.63773625521547, 

parameters:
1.5805552301011758, 0, 20.0, 
objectives:
-17.501845164599818, 20.17593391499548, -16.501845164599818, 

parameters:
1.3347924739566857, 0.0011239470697493538, 20.0, 
objectives:
-18.217205104398843, 20.443624999774418, -17.217205104398843, 

size of all points: 80
[!!!]All points:
0, 0.0, 20.0, -20.0, 24.0, -19.0, 

0, 0.0, 20.0, -20.0, 24.0, -19.0, 

2.0084824141362345, 0, 20.0, -15.965998392105483, 20.00007195134958, -14.965998392105483, 

0.21488785913565367, 0, 20.0, -19.953823207996095, 23.186625355461288, -18.953823207996095, 

1.7988894979094006, 0.0011046344056344238, 20.0, -16.76289193990563, 20.04155006845677, -15.76289193990563, 

1.8656198288358807, 4.818759509226702e-07, 20.0, -16.51946217237843, 20.01805851227805, -15.519462172378429, 

1.5190481991293663, 7.161684919849622e-05, 20.0, -17.69242095187263, 20.231386251609905, -16.69242095187263, 

0.2815624851729786, 7.148580600898591e-06, 20.0, -19.920715418362615, 22.95303464094547, -18.920715418362615, 

1.2435176419257492, 2.539297052529086e-05, 20.0, -18.4536384812489, 20.572290951048103, -17.4536384812489, 

1.7284547206892509, 0.0006170160757941353, 20.0, -17.01182726245125, 20.074353854791745, -16.01182726245125, 

1.2062166793679616, 0, 20.0, -18.545041322414527, 20.630091960113624, -17.545041322414527, 

1.314718702553072, 0.001067885638116521, 20.0, -18.27044684751905, 20.470678342268663, -17.27044684751905, 

0.3717503523304614, 1.2067400391656804e-05, 20.0, -19.861789608141788, 22.651208982536367, -18.861789608141788, 

1.1434029539068833, 7.99843326399184e-09, 20.0, -18.692629676998582, 20.733758507373885, -17.692629676998582, 

1.9088676896490926, 0.00010050829306632032, 20.0, -16.356123635120667, 20.00840560628296, -15.35612363512067, 

1.6713158241732977, 0.0009843890990897536, 20.0, -17.20571902676884, 20.109017676537967, -16.20571902676884, 

1.6299824088129107, 0.0009474723222826209, 20.0, -17.34220987463818, 20.137860490110178, -16.34220987463818, 

1.022482967119296, 4.4151566370285135e-05, 20.0, -18.95448443038455, 20.955583701138266, -17.95448443038455, 

0.5969198154507475, 0, 20.0, -19.643686733922245, 21.968634004274765, -18.643686733922245, 

0.7407431206306273, 4.928004646650012e-09, 20.0, -19.451299624310394, 21.585727893167096, -18.451299624310394, 

1.9455995622985447, 0.0003326225401458678, 20.0, -16.214309720643566, 20.003292030162257, -15.214309720643566, 

1.5805552301011758, 0, 20.0, -17.501845164599818, 20.17593391499548, -16.501845164599818, 

0.4666777162402703, 5.714364507200019e-06, 20.0, -19.78220619480026, 22.351082940238662, -18.78220619480026, 

0.9411205003413092, 2.1644948507472985e-07, 20.0, -19.114291987387837, 21.121226011246925, -18.114291987387837, 

1.3386899967167316, 0.0, 20.0, -18.207909092690556, 20.437330920442516, -17.207909092690556, 

0.9732519148146946, 1.727802687995525e-06, 20.0, -19.052778982506844, 21.054213358234378, -18.052778982506844, 

0.6738927084668658, 0, 20.0, -19.545868617475193, 21.758560548657346, -18.545868617475193, 

1.4447216936442686, 0.0006089520489456105, 20.0, -17.91217027586469, 20.308942949558237, -16.91217027586469, 

0.4143186943229767, 0.0, 20.0, -19.828340019534505, 22.51438520317359, -18.828340019534505, 

0.888137681339971, 2.005386547207949e-06, 20.0, -19.21120945359751, 21.236239821042602, -18.21120945359751, 

0.7961699689579955, 1.198789082443059e-07, 20.0, -19.366113260650515, 21.449206863517503, -18.366113260650515, 

1.4779275817672537, 0.0, 20.0, -17.815730063051596, 20.272559609879387, -16.815730063051596, 

1.7130658961674765, 0.0014622846149302383, 20.0, -17.06394295077299, 20.083793464557104, -16.06394295077299, 

0.5457599280322868, 6.802460308598602e-05, 20.0, -19.702078076351107, 22.114882211519745, -18.702078076351107, 

0.6533665456364399, 3.595505951318207e-08, 20.0, -19.573112121088045, 21.813421696366195, -18.573112121088045, 

1.0676799817185643, 1.7887477950733136e-05, 20.0, -18.860041569159495, 20.869238503966248, -17.860041569159495, 

0.5157513054167697, 0, 20.0, -19.734000590960896, 22.202994187372024, -18.734000590960896, 

0.8613060889370567, 1.079512471024829e-06, 20.0, -19.25815074164748, 21.296624902604293, -18.25815074164748, 

1.390868123504474, 0.0, 20.0, -18.065485863019145, 20.37104164296296, -17.06548586301914, 

1.5915434187287887, 0.0014749521088290366, 20.0, -17.46551459419225, 20.168311730892594, -16.46551459419225, 

0.996201869210376, 0.5707556387534727, 20.0, -18.43682619702828, 21.578366326130215, -17.43682619702828, 

16.947265584136424, 2.666061862676008, 20.0, 269.8758726419309, 246.0868103053852, 270.8758726419309, 

16.467984216532198, 16.016598349853183, 20.0, 267.2111025058068, 245.339165639678, 268.2111025058068, 

0.2909569425931574, 11.451761225686933, 20.0, -8.463582831869909, 34.372589397757466, -7.463582831869909, 

1.0935235667941823, 14.96452653583245, 20.0, -3.839679673033281, 35.78622605978999, -2.839679673033281, 

0.4596781324688797, 10.003478489504957, 20.0, -9.785217525024967, 32.376069945099516, -8.785217525024967, 

4.7527930686742845, 43.886019465962256, 20.0, 46.47506141960058, 71.46388914490345, 47.47506141960058, 

2.3419932899885496, 10.647960912788212, 20.0, -3.867106516860396, 30.764920323185404, -2.867106516860396, 

1.3347924739566857, 0.0011239470697493538, 20.0, -18.217205104398843, 20.443624999774418, -17.217205104398843, 

0.002612380713433602, 29.452425460063978, 20.0, 9.45243228459697, 53.44198276174323, 10.45243228459697, 

1.1754753967182126, 0.0, 20.0, -18.61825759171016, 20.679840821416988, -17.61825759171016, 

0.7296797021548902, 0.0, 20.0, -19.46756753226315, 21.613713659117288, -18.46756753226315, 

1.7018811639278135, 5.050845736922856, 20.0, -12.052754766944854, 25.13972057734389, -11.052754766944854, 

17.102650530789024, 3.5345674565701444, 20.0, 276.0352226348682, 251.62462051171212, 277.0352226348682, 

1.6475048215224952, 1.2443763105363257e-07, 20.0, -17.2857277386225, 20.12425297528752, -16.2857277386225, 

2.9769136413303046, 0, 20.0, -11.137985172061548, 20.954360262617236, -10.137985172061548, 

1.150988874534643, 1.5599507319795782, 20.0, -17.115273878717897, 22.280770623143532, -16.115273878717897, 

0.6547169177231613, 13.500820641749227, 20.0, -6.070525115897857, 35.3106072132095, -5.070525115897857, 

1.5686536876867843, 9.403519405057215e-07, 20.0, -17.539324667754713, 20.18606058149815, -16.539324667754713, 

0.9092903680874278, 20.770708194412162, 20.0, 1.5975171679087303, 41.96035569555902, 2.5975171679087303, 

1.167160338069774, 4.900213838032841e-07, 20.0, -18.63773625521547, 20.693622392505436, -17.63773625521547, 

5.961832478292585, 5.600067229891513e-08, 20.0, 15.543446555224982, 35.69611664205464, 16.543446555224982, 

1.8990602392845055, 0.0, 20.0, -16.393570207568676, 20.010188835293302, -15.393570207568676, 

0.39107619317052045, 0.7134620847167317, 20.0, -19.13359732641852, 23.302097900899398, -18.13359732641852, 

10.016791261081234, 0.20253449903954251, 20.0, 80.53864166711293, 84.47147662278799, 81.53864166711293, 

6.763490601829313, 27.34737316755766, 20.0, 53.0921782885911, 70.03821588127384, 54.0921782885911, 

0.9281917436626215, 2.705228326017813e-05, 20.0, -19.138433034713284, 21.14879999063623, -18.138433034713284, 

7.574380190663083, 28.815567447222282, 20.0, 66.1868027199316, 79.88928195727928, 67.1868027199316, 

9.398158681426246, 23.792079125971892, 20.0, 92.1174657272394, 98.52483100153442, 93.1174657272394, 

6.259647828225229, 1.6096651484812797e-08, 20.0, 19.183190949501473, 38.14459963660056, 20.183190949501473, 

9.337097228553326, 0.0, 20.0, 67.18138465545819, 73.8329957412449, 68.18138465545819, 

1.323141721703724, 38.21798917572966, 20.0, 19.96869319144276, 58.676126304627864, 20.96869319144276, 

1.6413110730034917, 6.036386651381844, 20.0, -11.269711310254284, 26.16504439773175, -10.269711310254284, 

1.3410386818503375, 41.11076780913064, 20.0, 22.909152555349536, 61.54499782794818, 23.909152555349536, 

17.969677529645374, 6.394529228498493, 20.0, 309.30383974794034, 281.4251296293588, 310.30383974794034, 

0.7200887211408019, 23.556024614714257, 20.0, 4.074552381028454, 45.19419749646525, 5.074552381028454, 

30.835553117967127, 7.315979126365589e-09, 20.0, 930.8313360982881, 851.4891236264197, 931.8313360982881, 

0.05530006919552276, 1.7067278348617458, 20.0, -18.290214067485223, 25.488585655732685, -17.290214067485223, 

1.0956688686236866, 7.704449212721771, 20.0, -11.09506051760712, 28.522264007898134, -10.09506051760712, 

8.331149874112816, 23.209141062064734, 20.0, 72.61719928699472, 83.29259979054346, 73.61719928699472, 

