Generation 974 at Fri May 24 19:48:11 2019
parameters:
3.5295514632440654, -7.434081811679123, 0, 
objectives:
5.0236517200092, -5.094554132967062, 68.72330591442667, 

parameters:
0.05101637681523949, -100, 19.95971668145522, 
objectives:
-119.95711401075187, -76.24174615510238, 9981.042885989249, 

parameters:
-1.164579656562397, -2.7651338319405667, 19.681173069997108, 
objectives:
-21.090061125458686, 26.930603640785122, -9.678962184975795, 

parameters:
-0.09310337269809921, -0.38187417318528993, 20, 
objectives:
-20.37320593517753, 23.999207555614866, -18.84550387784629, 

parameters:
1.9973066371654076, -100, 0, 
objectives:
-96.01076619713501, -99.99999274579665, 10004.989233802866, 

parameters:
-1.7598449188832062, -96.18270556585082, 18.506790754780628, 
objectives:
-111.5924421821124, -63.539480997018345, 9236.70311335089, 

parameters:
1.4732710537677853, -94.0751036367616, 12.871961813344134, 
objectives:
-104.77653785223569, -80.92569844061858, 8840.42369005196, 

parameters:
4.310832038301328, -19.702427852512677, 0, 
objectives:
-1.1191549900674964, -14.362483143272808, 407.7689361459125, 

parameters:
1.8545995536969504, -4.996932592960394, 6.394449586098868, 
objectives:
-7.951842674486334, 1.4186582829235999, 23.014425257063944, 

parameters:
-1.611839055700325, -21.563506387337785, 8.36007883830003, 
objectives:
-27.3255600841569, -0.15804618475553944, 460.22275401993835, 

parameters:
-1.8585573051927557, -3.3314541794388712, 7.763853465556699, 
objectives:
-7.641072388310212, 19.32086376357421, 7.7889687408293815, 

parameters:
-0.04676405895681207, -89.84965070778858, 1.3703838598800195, 
objectives:
-91.21784769045848, -84.2900237348712, 8072.591535328943, 

parameters:
2.6380008064815437, -72.09911268726839, 20.0, 
objectives:
-85.14006443227112, -51.69206765819729, 5186.241098546423, 

parameters:
2.308784586398032, -72.42923771252208, 0, 
objectives:
-67.09875144613295, -72.33388979172507, 5252.32496188342, 

parameters:
2.3859231232327263, -87.06069051593089, 0.0, 
objectives:
-81.36806136595428, -86.91175385888519, 7586.256462260675, 

parameters:
0.7386686309498312, -98.71104615596822, 0, 
objectives:
-98.16541480961892, -97.12008933341825, 9745.416264552037, 

parameters:
0.15855711433805042, -95.46034802478916, 2.8764071997916387, 
objectives:
-98.31161486607358, -89.1930289238425, 9110.826778172583, 

parameters:
3.6309050763034927, -53.22547806865184, 3.43682196367917, 
objectives:
-43.478828359204535, -47.128804737060165, 2843.698165345985, 

parameters:
0.2847213742633461, -62.192944231421265, 5.833481917676434, 
objectives:
-67.94535988813529, -53.417281549835806, 3863.209896515961, 

parameters:
0.695707641638283, -68.41451611822944, 9.416760309574736, 
objectives:
-77.34726730517028, -57.29657725257393, 4672.613264504535, 

parameters:
1.3232031962249076, -37.769654490219274, 9.373083116302489, 
objectives:
-45.39187090802195, -27.938517460316604, 1419.9245838927382, 

parameters:
2.449659896020985, -42.57476001795912, 0, 
objectives:
-36.57392641178558, -42.37256599586952, 1819.6110241929841, 

parameters:
3.816003402049578, -59.79189173012289, 20, 
objectives:
-65.23000976566894, -36.49402337386725, 3570.632198631192, 

parameters:
-0.7901343702894859, -50.93681992645355, 8.713216071919945, 
objectives:
-59.025723675260735, -34.4387540502629, 2587.470720471149, 

parameters:
0.38372049149102483, -85.04674853843912, 8.090672523041539, 
objectives:
-92.99017964589054, -74.34371656577157, 7226.006005853045, 

parameters:
-0.4488755486761631, -47.986580781700184, 9.162598126594133, 
objectives:
-56.94768965009499, -32.82699120220207, 2294.7508262502424, 

parameters:
-2.2458525239217955, -82.19451242402016, 19.332876182575607, 
objectives:
-96.48353504738986, -44.83437258655147, 6742.648849999035, 

parameters:
0.8235273766205293, -78.83441005654508, 0.11961555376433156, 
objectives:
-78.27582827026592, -77.33070666921938, 6216.422790749775, 

parameters:
4.2148352880239095, -65.74152979594712, 0, 
objectives:
-47.97669329077553, -60.83603444287116, 4340.713576416574, 

parameters:
0.1274865817640849, -45.868746329109136, 19.631809772319492, 
objectives:
-65.48430327289873, -22.73063005531609, 2085.326332860373, 

parameters:
5.223876801890313, -34.950569097564355, 0, 
objectives:
-7.66168025623659, -24.557187463797842, 1249.831169084948, 

parameters:
2.1518104060927756, -77.55833848068741, 19.09118285699546, 
objectives:
-92.01923331391372, -58.444109224293896, 6001.834973051651, 

parameters:
-1.7480733976655278, -55.75577043661727, 0.6554808464885024, 
objectives:
-53.35549067947987, -41.05223539584075, 3112.106216737902, 

parameters:
-1.5363818495848651, -66.50957428627494, 8.268308333482725, 
objectives:
-72.41741343202385, -45.73526936671894, 4418.615632595776, 

parameters:
1.0032463278330823, -18.567573067384526, 18.409801128111496, 
objectives:
-35.97087100118546, 0.8357459437052057, 328.35147167886225, 

parameters:
-2.1217052550930617, -55.271204328003314, 0.5270172431338768, 
objectives:
-51.29658838164767, -37.75573287500767, 3059.880643814248, 

