Generation 980 at Fri May 24 19:48:11 2019
parameters:
3.5295514632440654, -7.434081811679123, 0, 
objectives:
5.0236517200092, -5.094554132967062, 68.72330591442667, 

parameters:
0.05101637681523949, -100, 19.95971668145522, 
objectives:
-119.95711401075187, -76.24174615510238, 9981.042885989249, 

parameters:
-1.164579656562397, -2.7651338319405667, 19.681173069997108, 
objectives:
-21.090061125458686, 26.930603640785122, -9.678962184975795, 

parameters:
-0.09310337269809921, -0.38187417318528993, 20, 
objectives:
-20.37320593517753, 23.999207555614866, -18.84550387784629, 

parameters:
1.9973066371654076, -100, 0, 
objectives:
-96.01076619713501, -99.99999274579665, 10004.989233802866, 

parameters:
-0.04676405895681207, -89.84965070778858, 1.3703838598800195, 
objectives:
-91.21784769045848, -84.2900237348712, 8072.591535328943, 

parameters:
1.4732710537677853, -94.0751036367616, 12.871961813344134, 
objectives:
-104.77653785223569, -80.92569844061858, 8840.42369005196, 

parameters:
-0.5880185382511649, -19.283197228792886, 17.294952883889763, 
objectives:
-36.23238431135562, 4.709595609428574, 355.89250828196293, 

parameters:
1.8150684677614297, -1.3864029631675834, 18.122722211189203, 
objectives:
-16.214651631694963, 16.770518919637723, -11.906135492247522, 

parameters:
-0.3136957369608062, -71.50418684805041, 8.112577471002284, 
objectives:
-79.5183593036653, -58.03842141381752, 5105.83456434529, 

parameters:
4.310832038301328, -19.702427852512677, 0, 
objectives:
-1.1191549900674964, -14.362483143272808, 407.7689361459125, 

parameters:
-1.333965757302524, -95.89486077765321, 17.53442206704808, 
objectives:
-111.6498182030456, -67.24511103973933, 9181.069366140098, 

parameters:
4.514588979703023, -32.48156881347682, 0, 
objectives:
-12.100055157820833, -26.158411076632927, 1076.4338262402857, 

parameters:
-1.1193216511204143, -84.02823785827694, 5.6216706714396265, 
objectives:
-88.39702757104963, -68.67639962368872, 7057.375967854393, 

parameters:
-0.8141046452806622, -64.4320135357801, 6.373803350639882, 
objectives:
-70.14305051295243, -50.13902523055002, 4146.773331297778, 

parameters:
-2.4326273616978256, -33.43598339090957, 5.222956765431497, 
objectives:
-32.74126427546014, -8.564841297805845, 1119.6597044326302, 

parameters:
1.6495641563129793, -75.48866601581663, 4.068064603769266, 
objectives:
-76.83566871379335, -71.29779613150673, 5698.191694149533, 

parameters:
0.376891467360168, -78.41842953622007, 14.651973326061993, 
objectives:
-92.92835568411317, -61.13197490142986, 6135.940164779219, 

parameters:
-1.919817016792308, -61.06326788939259, 1.5158055839166966, 
objectives:
-58.89337609534397, -44.182496860341345, 3731.892577125773, 

parameters:
1.6254918842897808, -42.12533109882925, 5.584067147393345, 
objectives:
-45.067174380330655, -36.40100762270309, 1772.6016769044893, 

parameters:
-1.3518995738243569, -50.97263498403919, 0.4035993455607336, 
objectives:
-49.548601871893446, -39.33380488547455, 2600.633550328241, 

parameters:
0.7386686309498312, -98.71104615596822, 0, 
objectives:
-98.16541480961892, -97.12008933341825, 9745.416264552037, 

parameters:
0.04672774001894475, -82.81451550164138, 1.4683572236098976, 
objectives:
-84.280689243564, -77.53088575641998, 6857.777804029678, 

parameters:
0.31385916159226745, -56.72465283967149, 10.157018300033043, 
objectives:
-66.78316356638913, -43.724563612692116, 3208.6277290545336, 

parameters:
0.1274865817640849, -45.868746329109136, 19.631809772319492, 
objectives:
-65.48430327289873, -22.73063005531609, 2085.326332860373, 

parameters:
-0.4488755486761631, -47.986580781700184, 9.162598126594133, 
objectives:
-56.94768965009499, -32.82699120220207, 2294.7508262502424, 

parameters:
0.7125942916507066, -53.60364227002625, 0.00990647112912738, 
objectives:
-53.1057581166622, -51.93632234100678, 2874.8483487663093, 

parameters:
-1.090829168484239, -60.356586902811216, 16.05370043970588, 
objectives:
-75.22037906770107, -34.74966151435237, 3629.0537903917125, 

parameters:
2.1636044543107995, -38.420082313534415, 5.5444398768084655, 
objectives:
-39.28333795562935, -32.84887601925561, 1476.2394693366653, 

parameters:
-0.10435409404560822, -64.99735470163024, 1.4655010079342574, 
objectives:
-66.45196593262042, -59.10354754056947, 4224.201506978545, 

parameters:
-0.8690214947346637, -80.2866208697966, 6.380898876319591, 
objectives:
-85.91232138780532, -65.67443765622748, 6441.315790172449, 

parameters:
0.15855711433805042, -95.46034802478916, 2.8764071997916387, 
objectives:
-98.31161486607358, -89.1930289238425, 9110.826778172583, 

parameters:
0.5415179145095639, -22.313618823799274, 0.998807692661422, 
objectives:
-23.019184864725908, -19.187641137441318, 498.19201897288264, 

parameters:
2.8820375706330315, -26.04059556866032, 8.768418544482596, 
objectives:
-26.50287355460257, -16.4941867481695, 678.6503395845891, 

parameters:
-1.611839055700325, -21.563506387337785, 8.36007883830003, 
objectives:
-27.3255600841569, -0.15804618475553944, 460.22275401993835, 

parameters:
-0.6393972039009046, -29.823961439408155, 0, 
objectives:
-29.41513265505186, -22.85754383944824, 890.8775047236608, 

parameters:
-0.44738822779360554, -72.16691281152427, 14.210596990958305, 
objectives:
-86.17735357611427, -51.966606683023244, 5195.052863981557, 

parameters:
-0.4842644288653535, -40.08281337291184, 8.39221158236935, 
objectives:
-48.24051291821691, -25.519032038016796, 1599.4742283423755, 

parameters:
3.1363929963069688, -100, 11.454612676373712, 
objectives:
-101.6176516490903, -87.25399828157076, 9999.38234835091, 

parameters:
4.276585253800848, -73.55659943678603, 2.4893663147618024, 
objectives:
-57.75678431852097, -65.88439270420076, 5427.373135822057, 

parameters:
1.5532392963529573, -99.71496249621143, 0, 
objectives:
-97.3024101844764, -99.51536736988822, 9946.486297932586, 

parameters:
0.6047889213165096, -99.9730765397964, 0.0, 
objectives:
-99.6073069004492, -98.02646258571525, 9995.981802471335, 

