Generation 983 at Fri May 24 19:48:11 2019
parameters:
3.5295514632440654, -7.434081811679123, 0, 
objectives:
5.0236517200092, -5.094554132967062, 68.72330591442667, 

parameters:
0.05101637681523949, -100, 19.95971668145522, 
objectives:
-119.95711401075187, -76.24174615510238, 9981.042885989249, 

parameters:
-1.164579656562397, -2.7651338319405667, 19.681173069997108, 
objectives:
-21.090061125458686, 26.930603640785122, -9.678962184975795, 

parameters:
-0.09310337269809921, -0.38187417318528993, 20, 
objectives:
-20.37320593517753, 23.999207555614866, -18.84550387784629, 

parameters:
1.9973066371654076, -100, 0, 
objectives:
-96.01076619713501, -99.99999274579665, 10004.989233802866, 

parameters:
-0.5880185382511649, -19.283197228792886, 17.294952883889763, 
objectives:
-36.23238431135562, 4.709595609428574, 355.89250828196293, 

parameters:
1.4732710537677853, -94.0751036367616, 12.871961813344134, 
objectives:
-104.77653785223569, -80.92569844061858, 8840.42369005196, 

parameters:
4.514588979703023, -32.48156881347682, 0, 
objectives:
-12.100055157820833, -26.158411076632927, 1076.4338262402857, 

parameters:
0.95427014379099, -42.51505917379114, 20, 
objectives:
-61.60442766646026, -21.421508241624217, 1789.4408880582928, 

parameters:
-1.333965757302524, -95.89486077765321, 17.53442206704808, 
objectives:
-111.6498182030456, -67.24511103973933, 9181.069366140098, 

parameters:
1.6495641563129793, -75.48866601581663, 4.068064603769266, 
objectives:
-76.83566871379335, -71.29779613150673, 5698.191694149533, 

parameters:
0.7386686309498312, -98.71104615596822, 0, 
objectives:
-98.16541480961892, -97.12008933341825, 9745.416264552037, 

parameters:
-0.04676405895681207, -89.84965070778858, 1.3703838598800195, 
objectives:
-91.21784769045848, -84.2900237348712, 8072.591535328943, 

parameters:
0.6804023530585683, -88.22836692574391, 0, 
objectives:
-87.76541956369627, -86.48702897593056, 7785.7076777457505, 

parameters:
-0.4488755486761631, -47.986580781700184, 9.162598126594133, 
objectives:
-56.94768965009499, -32.82699120220207, 2294.7508262502424, 

parameters:
-1.1085536120549566, -20.718207762745955, 6.011573621528518, 
objectives:
-25.500890273474383, -5.043528582197519, 425.4614503895783, 

parameters:
-0.3136957369608062, -71.50418684805041, 8.112577471002284, 
objectives:
-79.5183593036653, -58.03842141381752, 5105.83456434529, 

parameters:
-0.2863491357308775, -30.112387185823046, 11.96571916172918, 
objectives:
-41.996110520018405, -12.919275653636536, 895.8721386947245, 

parameters:
3.09575346039404, -95.83290526204887, 0.0, 
objectives:
-86.24921577450719, -94.63222961608335, 9194.529420452374, 

parameters:
0.376891467360168, -78.41842953622007, 14.651973326061993, 
objectives:
-92.92835568411317, -61.13197490142986, 6135.940164779219, 

parameters:
-2.081310782189284, -6.499715446264645, 4.2023403566774835, 
objectives:
-6.37020123088476, 14.359722611227346, 43.3758150977911, 

parameters:
0.04672774001894475, -82.81451550164138, 1.4683572236098976, 
objectives:
-84.280689243564, -77.53088575641998, 6857.777804029678, 

parameters:
-1.3518995738243569, -50.97263498403919, 0.4035993455607336, 
objectives:
-49.548601871893446, -39.33380488547455, 2600.633550328241, 

parameters:
3.6745812748007873, -13.40954492249518, 6.011829987937937, 
objectives:
-5.918827365316537, -4.593492488643812, 188.30661258559488, 

parameters:
-1.1193216511204143, -84.02823785827694, 5.6216706714396265, 
objectives:
-88.39702757104963, -68.67639962368872, 7057.375967854393, 

parameters:
2.6472853375636887, -59.69309087268988, 2.533538762198035, 
objectives:
-55.21850997640822, -56.74057380226691, 3568.739678831493, 

parameters:
-2.30119958951584, -69.020368836958, 8.358682815370994, 
objectives:
-72.08353210154112, -42.16136811273577, 4761.748151125139, 

parameters:
-0.8141046452806622, -64.4320135357801, 6.373803350639882, 
objectives:
-70.14305051295243, -50.13902523055002, 4146.773331297778, 

parameters:
0.31385916159226745, -56.72465283967149, 10.157018300033043, 
objectives:
-66.78316356638913, -43.724563612692116, 3208.6277290545336, 

parameters:
4.310832038301328, -19.702427852512677, 0, 
objectives:
-1.1191549900674964, -14.362483143272808, 407.7689361459125, 

parameters:
2.1636044543107995, -38.420082313534415, 5.5444398768084655, 
objectives:
-39.28333795562935, -32.84887601925561, 1476.2394693366653, 

parameters:
4.127124388051662, -64.2126808176135, 0.0, 
objectives:
-47.179525103162696, -59.688022655369345, 4141.30153349916, 

parameters:
1.6254918842897808, -42.12533109882925, 5.584067147393345, 
objectives:
-45.067174380330655, -36.40100762270309, 1772.6016769044893, 

parameters:
2.6342790176257207, -67.46934962262655, 7.81733240465949, 
objectives:
-68.34725608458291, -59.249707345766815, 4552.2352320382615, 

parameters:
0.7125942916507066, -53.60364227002625, 0.00990647112912738, 
objectives:
-53.1057581166622, -51.93632234100678, 2874.8483487663093, 

parameters:
-0.42830354540583904, -30.356201375095896, 8.69227585200591, 
objectives:
-38.865033300094595, -15.767267414459418, 913.9901300003753, 

parameters:
1.8150684677614297, -1.3864029631675834, 18.122722211189203, 
objectives:
-16.214651631694963, 16.770518919637723, -11.906135492247522, 

parameters:
1.5712887725625029, 1.4712006133747542, 20, 
objectives:
-16.05985097984427, 21.654993929905718, -14.366620348424771, 

parameters:
2.359407675172526, -53.77233581335959, 18.47172519206133, 
objectives:
-66.6772564277579, -35.171436744325334, 2879.5591782103156, 

parameters:
1.225977747738905, -55.3656305275883, 0, 
objectives:
-53.862609089637346, -54.76652008059296, 3067.8560651553685, 

parameters:
0.9730860180378298, -80.37564500029691, 8.134378036185367, 
objectives:
-87.56312663798155, -71.18671463776215, 6454.05682757607, 

parameters:
0.15065207223253252, -79.59478439292536, 8.299821760965557, 
objectives:
-87.87191010702297, -67.87487487402198, 6328.052576842178, 

