Generation 984 at Fri May 24 19:48:11 2019
parameters:
0.05101637681523949, -100, 19.95971668145522, 
objectives:
-119.95711401075187, -76.24174615510238, 9981.042885989249, 

parameters:
2.180284639276765, 1.1740064916978934, 0.0, 
objectives:
5.927647599964107, 1.2065090428570469, 7.13193235081501, 

parameters:
-1.164579656562397, -2.7651338319405667, 19.681173069997108, 
objectives:
-21.090061125458686, 26.930603640785122, -9.678962184975795, 

parameters:
-0.09310337269809921, -0.38187417318528993, 20, 
objectives:
-20.37320593517753, 23.999207555614866, -18.84550387784629, 

parameters:
1.9973066371654076, -100, 0, 
objectives:
-96.01076619713501, -99.99999274579665, 10004.989233802866, 

parameters:
0.95427014379099, -42.51505917379114, 20, 
objectives:
-61.60442766646026, -21.421508241624217, 1789.4408880582928, 

parameters:
1.4732710537677853, -94.0751036367616, 12.871961813344134, 
objectives:
-104.77653785223569, -80.92569844061858, 8840.42369005196, 

parameters:
-1.3518995738243569, -50.97263498403919, 0.4035993455607336, 
objectives:
-49.548601871893446, -39.33380488547455, 2600.633550328241, 

parameters:
-0.8141046452806622, -64.4320135357801, 6.373803350639882, 
objectives:
-70.14305051295243, -50.13902523055002, 4146.773331297778, 

parameters:
-0.2863491357308775, -30.112387185823046, 11.96571916172918, 
objectives:
-41.996110520018405, -12.919275653636536, 895.8721386947245, 

parameters:
-0.4488755486761631, -47.986580781700184, 9.162598126594133, 
objectives:
-56.94768965009499, -32.82699120220207, 2294.7508262502424, 

parameters:
4.514588979703023, -32.48156881347682, 0, 
objectives:
-12.100055157820833, -26.158411076632927, 1076.4338262402857, 

parameters:
0.31385916159226745, -56.72465283967149, 10.157018300033043, 
objectives:
-66.78316356638913, -43.724563612692116, 3208.6277290545336, 

parameters:
0.376891467360168, -78.41842953622007, 14.651973326061993, 
objectives:
-92.92835568411317, -61.13197490142986, 6135.940164779219, 

parameters:
1.6495641563129793, -75.48866601581663, 4.068064603769266, 
objectives:
-76.83566871379335, -71.29779613150673, 5698.191694149533, 

parameters:
-1.333965757302524, -95.89486077765321, 17.53442206704808, 
objectives:
-111.6498182030456, -67.24511103973933, 9181.069366140098, 

parameters:
2.6472853375636887, -59.69309087268988, 2.533538762198035, 
objectives:
-55.21850997640822, -56.74057380226691, 3568.739678831493, 

parameters:
0.6804023530585683, -88.22836692574391, 0, 
objectives:
-87.76541956369627, -86.48702897593056, 7785.7076777457505, 

parameters:
0.7386686309498312, -98.71104615596822, 0, 
objectives:
-98.16541480961892, -97.12008933341825, 9745.416264552037, 

parameters:
-0.3136957369608062, -71.50418684805041, 8.112577471002284, 
objectives:
-79.5183593036653, -58.03842141381752, 5105.83456434529, 

parameters:
-0.04676405895681207, -89.84965070778858, 1.3703838598800195, 
objectives:
-91.21784769045848, -84.2900237348712, 8072.591535328943, 

parameters:
-2.30119958951584, -69.020368836958, 8.358682815370994, 
objectives:
-72.08353210154112, -42.16136811273577, 4761.748151125139, 

parameters:
0.04672774001894475, -82.81451550164138, 1.4683572236098976, 
objectives:
-84.280689243564, -77.53088575641998, 6857.777804029678, 

parameters:
3.09575346039404, -95.83290526204887, 0.0, 
objectives:
-86.24921577450719, -94.63222961608335, 9194.529420452374, 

parameters:
-1.1193216511204143, -84.02823785827694, 5.6216706714396265, 
objectives:
-88.39702757104963, -68.67639962368872, 7057.375967854393, 

parameters:
-0.5880185382511649, -19.283197228792886, 17.294952883889763, 
objectives:
-36.23238431135562, 4.709595609428574, 355.89250828196293, 

parameters:
-1.1085536120549566, -20.718207762745955, 6.011573621528518, 
objectives:
-25.500890273474383, -5.043528582197519, 425.4614503895783, 

parameters:
-1.4112594309420938, 3.0380491026944547, 4.330921167039529, 
objectives:
0.6987811170779281, 19.00566117492536, 7.890474364766055, 

parameters:
4.310832038301328, -19.702427852512677, 0, 
objectives:
-1.1191549900674964, -14.362483143272808, 407.7689361459125, 

parameters:
-1.8910347821784508, -16.07316452465806, 0.17387447677632945, 
objectives:
-12.67102645402569, -0.7591383717592286, 262.74875590735877, 

parameters:
3.5295514632440654, -7.434081811679123, 0, 
objectives:
5.0236517200092, -5.094554132967062, 68.72330591442667, 

parameters:
-1.2694574401271637, -16.48280477079569, 20, 
objectives:
-34.87128257850148, 14.206547182007178, 254.29437530445932, 

parameters:
-2.081310782189284, -6.499715446264645, 4.2023403566774835, 
objectives:
-6.37020123088476, 14.359722611227346, 43.3758150977911, 

parameters:
-2.3249873325969874, -18.843024889087364, 11.775015960462303, 
objectives:
-25.212474752813215, 11.637506498499343, 349.69013710703996, 

parameters:
3.6745812748007873, -13.40954492249518, 6.011829987937937, 
objectives:
-5.918827365316537, -4.593492488643812, 188.30661258559488, 

parameters:
0.2946840640974241, -13.26225931579668, 11.362573837128108, 
objectives:
-24.537994455291813, 1.0084169625747084, 165.61178701994066, 

