Generation 985 at Fri May 24 19:48:11 2019
parameters:
0.05101637681523949, -100, 19.95971668145522, 
objectives:
-119.95711401075187, -76.24174615510238, 9981.042885989249, 

parameters:
2.180284639276765, 1.1740064916978934, 0.0, 
objectives:
5.927647599964107, 1.2065090428570469, 7.13193235081501, 

parameters:
-1.164579656562397, -2.7651338319405667, 19.681173069997108, 
objectives:
-21.090061125458686, 26.930603640785122, -9.678962184975795, 

parameters:
-0.09310337269809921, -0.38187417318528993, 20, 
objectives:
-20.37320593517753, 23.999207555614866, -18.84550387784629, 

parameters:
1.9973066371654076, -100, 0, 
objectives:
-96.01076619713501, -99.99999274579665, 10004.989233802866, 

parameters:
4.514588979703023, -32.48156881347682, 0, 
objectives:
-12.100055157820833, -26.158411076632927, 1076.4338262402857, 

parameters:
0.95427014379099, -42.51505917379114, 20, 
objectives:
-61.60442766646026, -21.421508241624217, 1789.4408880582928, 

parameters:
1.4732710537677853, -94.0751036367616, 12.871961813344134, 
objectives:
-104.77653785223569, -80.92569844061858, 8840.42369005196, 

parameters:
-1.3518995738243569, -50.97263498403919, 0.4035993455607336, 
objectives:
-49.548601871893446, -39.33380488547455, 2600.633550328241, 

parameters:
-0.3136957369608062, -71.50418684805041, 8.112577471002284, 
objectives:
-79.5183593036653, -58.03842141381752, 5105.83456434529, 

parameters:
-1.333965757302524, -95.89486077765321, 17.53442206704808, 
objectives:
-111.6498182030456, -67.24511103973933, 9181.069366140098, 

parameters:
0.376891467360168, -78.41842953622007, 14.651973326061993, 
objectives:
-92.92835568411317, -61.13197490142986, 6135.940164779219, 

parameters:
2.6472853375636887, -59.69309087268988, 2.533538762198035, 
objectives:
-55.21850997640822, -56.74057380226691, 3568.739678831493, 

parameters:
-1.4112594309420938, 3.0380491026944547, 4.330921167039529, 
objectives:
0.6987811170779281, 19.00566117492536, 7.890474364766055, 

parameters:
0.31385916159226745, -56.72465283967149, 10.157018300033043, 
objectives:
-66.78316356638913, -43.724563612692116, 3208.6277290545336, 

parameters:
-0.04676405895681207, -89.84965070778858, 1.3703838598800195, 
objectives:
-91.21784769045848, -84.2900237348712, 8072.591535328943, 

parameters:
0.04672774001894475, -82.81451550164138, 1.4683572236098976, 
objectives:
-84.280689243564, -77.53088575641998, 6857.777804029678, 

parameters:
-0.8141046452806622, -64.4320135357801, 6.373803350639882, 
objectives:
-70.14305051295243, -50.13902523055002, 4146.773331297778, 

parameters:
-0.5880185382511649, -19.283197228792886, 17.294952883889763, 
objectives:
-36.23238431135562, 4.709595609428574, 355.89250828196293, 

parameters:
0.7386686309498312, -98.71104615596822, 0, 
objectives:
-98.16541480961892, -97.12008933341825, 9745.416264552037, 

parameters:
-0.004749050041562716, -67.3540806398455, 0, 
objectives:
-67.3540580863692, -63.33506188620296, 4537.572201392287, 

parameters:
-1.269414159585783, -19.791077247210136, 20, 
objectives:
-38.17966493865326, 10.897991699689875, 374.29815091359563, 

parameters:
1.6495641563129793, -75.48866601581663, 4.068064603769266, 
objectives:
-76.83566871379335, -71.29779613150673, 5698.191694149533, 

parameters:
-0.4488755486761631, -47.986580781700184, 9.162598126594133, 
objectives:
-56.94768965009499, -32.82699120220207, 2294.7508262502424, 

parameters:
3.3548917288214826, -46.91926830571606, 7.79500505606047, 
objectives:
-43.45897484966173, -37.28853165282673, 2205.8780317998257, 

parameters:
3.09575346039404, -95.83290526204887, 0.0, 
objectives:
-86.24921577450719, -94.63222961608335, 9194.529420452374, 

parameters:
-0.2863491357308775, -30.112387185823046, 11.96571916172918, 
objectives:
-41.996110520018405, -12.919275653636536, 895.8721386947245, 

parameters:
4.367653660930299, -27.767525903707043, 18.544854262389876, 
objectives:
-27.23598166425908, -3.6168877832005215, 772.5670390524896, 

parameters:
0.6804023530585683, -88.22836692574391, 0, 
objectives:
-87.76541956369627, -86.48702897593056, 7785.7076777457505, 

parameters:
-1.8910347821784508, -16.07316452465806, 0.17387447677632945, 
objectives:
-12.67102645402569, -0.7591383717592286, 262.74875590735877, 

parameters:
-1.1193216511204143, -84.02823785827694, 5.6216706714396265, 
objectives:
-88.39702757104963, -68.67639962368872, 7057.375967854393, 

parameters:
4.310832038301328, -19.702427852512677, 0, 
objectives:
-1.1191549900674964, -14.362483143272808, 407.7689361459125, 

parameters:
2.1900629903229802, -62.41730449664117, 16.7526558438801, 
objectives:
-74.37358443893883, -45.62852471247056, 3884.963620684125, 

parameters:
1.696257583680245, -94.25329007155243, 6.705813426270609, 
objectives:
-98.08181370763029, -87.45521718981006, 8880.854165676126, 

parameters:
-1.1085536120549566, -20.718207762745955, 6.011573621528518, 
objectives:
-25.500890273474383, -5.043528582197519, 425.4614503895783, 

parameters:
-0.8716334760705102, -25.255745357435146, 0.0, 
objectives:
-24.496000440828386, -17.00946653654634, 639.6124184762137, 

parameters:
-1.8367693861751513, -62.969936495674126, 0, 
objectives:
-59.596214717683885, -48.24913717298328, 3969.586624047223, 

parameters:
-1.8447906675922237, -75.74708919836688, 16.314227565396948, 
objectives:
-88.65806415652847, -44.65044635536567, 5725.710547067186, 

parameters:
2.920141996848566, -22.80754779000237, 6.2906489122083755, 
objectives:
-20.570967420452014, -15.670237583429529, 523.4208165627924, 

