Generation 986 at Fri May 24 19:48:11 2019
parameters:
0.05101637681523949, -100, 19.95971668145522, 
objectives:
-119.95711401075187, -76.24174615510238, 9981.042885989249, 

parameters:
2.180284639276765, 1.1740064916978934, 0.0, 
objectives:
5.927647599964107, 1.2065090428570469, 7.13193235081501, 

parameters:
-1.164579656562397, -2.7651338319405667, 19.681173069997108, 
objectives:
-21.090061125458686, 26.930603640785122, -9.678962184975795, 

parameters:
-0.09310337269809921, -0.38187417318528993, 20, 
objectives:
-20.37320593517753, 23.999207555614866, -18.84550387784629, 

parameters:
1.9973066371654076, -100, 0, 
objectives:
-96.01076619713501, -99.99999274579665, 10004.989233802866, 

parameters:
4.514588979703023, -32.48156881347682, 0, 
objectives:
-12.100055157820833, -26.158411076632927, 1076.4338262402857, 

parameters:
1.920003966629665, -20.962249005692616, 13.213481245835114, 
objectives:
-30.48931501965408, -7.742368394502515, 430.88881736269957, 

parameters:
0.95427014379099, -42.51505917379114, 20, 
objectives:
-61.60442766646026, -21.421508241624217, 1789.4408880582928, 

parameters:
-0.8141046452806622, -64.4320135357801, 6.373803350639882, 
objectives:
-70.14305051295243, -50.13902523055002, 4146.773331297778, 

parameters:
0.6804023530585683, -88.22836692574391, 0, 
objectives:
-87.76541956369627, -86.48702897593056, 7785.7076777457505, 

parameters:
-1.4112594309420938, 3.0380491026944547, 4.330921167039529, 
objectives:
0.6987811170779281, 19.00566117492536, 7.890474364766055, 

parameters:
-0.3136957369608062, -71.50418684805041, 8.112577471002284, 
objectives:
-79.5183593036653, -58.03842141381752, 5105.83456434529, 

parameters:
-0.2863491357308775, -30.112387185823046, 11.96571916172918, 
objectives:
-41.996110520018405, -12.919275653636536, 895.8721386947245, 

parameters:
-1.333965757302524, -95.89486077765321, 17.53442206704808, 
objectives:
-111.6498182030456, -67.24511103973933, 9181.069366140098, 

parameters:
1.4732710537677853, -94.0751036367616, 12.871961813344134, 
objectives:
-104.77653785223569, -80.92569844061858, 8840.42369005196, 

parameters:
0.04672774001894475, -82.81451550164138, 1.4683572236098976, 
objectives:
-84.280689243564, -77.53088575641998, 6857.777804029678, 

parameters:
-1.3518995738243569, -50.97263498403919, 0.4035993455607336, 
objectives:
-49.548601871893446, -39.33380488547455, 2600.633550328241, 

parameters:
0.376891467360168, -78.41842953622007, 14.651973326061993, 
objectives:
-92.92835568411317, -61.13197490142986, 6135.940164779219, 

parameters:
-0.04676405895681207, -89.84965070778858, 1.3703838598800195, 
objectives:
-91.21784769045848, -84.2900237348712, 8072.591535328943, 

parameters:
2.6472853375636887, -59.69309087268988, 2.533538762198035, 
objectives:
-55.21850997640822, -56.74057380226691, 3568.739678831493, 

parameters:
-0.4488755486761631, -47.986580781700184, 9.162598126594133, 
objectives:
-56.94768965009499, -32.82699120220207, 2294.7508262502424, 

parameters:
1.6495641563129793, -75.48866601581663, 4.068064603769266, 
objectives:
-76.83566871379335, -71.29779613150673, 5698.191694149533, 

parameters:
-0.004749050041562716, -67.3540806398455, 0, 
objectives:
-67.3540580863692, -63.33506188620296, 4537.572201392287, 

parameters:
3.3548917288214826, -46.91926830571606, 7.79500505606047, 
objectives:
-43.45897484966173, -37.28853165282673, 2205.8780317998257, 

parameters:
2.2787337075451677, -81.97833688495537, 0, 
objectives:
-76.78570957505282, -81.90064440523349, 6726.640345733136, 

parameters:
-1.608520542653048, -97.6735355610603, 11.521833433829292, 
objectives:
-106.60803065875274, -73.13028162048197, 9532.18505390002, 

parameters:
-0.5880185382511649, -19.283197228792886, 17.294952883889763, 
objectives:
-36.23238431135562, 4.709595609428574, 355.89250828196293, 

parameters:
0.31385916159226745, -56.72465283967149, 10.157018300033043, 
objectives:
-66.78316356638913, -43.724563612692116, 3208.6277290545336, 

parameters:
-1.269414159585783, -19.791077247210136, 20, 
objectives:
-38.17966493865326, 10.897991699689875, 374.29815091359563, 

parameters:
-1.8910347821784508, -16.07316452465806, 0.17387447677632945, 
objectives:
-12.67102645402569, -0.7591383717592286, 262.74875590735877, 

parameters:
-0.7354449282469795, -100, 0.301412307210453, 
objectives:
-99.76053306472625, -92.21592873731743, 10001.239466935274, 

parameters:
0.7386686309498312, -98.71104615596822, 0, 
objectives:
-98.16541480961892, -97.12008933341825, 9745.416264552037, 

parameters:
1.786605067871195, -53.661444788617736, 3.906887023023056, 
objectives:
-54.37637414309775, -49.70902036853643, 2879.8357274473897, 

parameters:
3.0232608907591274, -5.719419786866057, 20, 
objectives:
-16.579313373272385, 15.327643063691106, 22.85186911198864, 

parameters:
0.9149858936455053, -54.09971425957818, 7.696429705603476, 
objectives:
-60.95894477961139, -45.22602894298646, 2920.9198524479734, 

parameters:
3.09575346039404, -95.83290526204887, 0.0, 
objectives:
-86.24921577450719, -94.63222961608335, 9194.529420452374, 

parameters:
0.5948653668830406, -7.880226666705358, 7.345448522259527, 
objectives:
-14.87181038424799, 1.4396251927389017, 56.106388601111604, 

parameters:
3.906419853026417, -55.658457584130055, 2.2925534031617802, 
objectives:
-42.690894919172905, -49.73146752495501, 3111.8314633093614, 

