Generation 990 at Fri May 24 19:48:11 2019
parameters:
0.05101637681523949, -100, 19.95971668145522, 
objectives:
-119.95711401075187, -76.24174615510238, 9981.042885989249, 

parameters:
2.180284639276765, 1.1740064916978934, 0.0, 
objectives:
5.927647599964107, 1.2065090428570469, 7.13193235081501, 

parameters:
-1.164579656562397, -2.7651338319405667, 19.681173069997108, 
objectives:
-21.090061125458686, 26.930603640785122, -9.678962184975795, 

parameters:
-0.09310337269809921, -0.38187417318528993, 20, 
objectives:
-20.37320593517753, 23.999207555614866, -18.84550387784629, 

parameters:
1.9973066371654076, -100, 0, 
objectives:
-96.01076619713501, -99.99999274579665, 10004.989233802866, 

parameters:
3.091155560859738, -24.173190266634606, 16.883575932644515, 
objectives:
-31.501523497845042, -6.09899387599496, 578.0147944357076, 

parameters:
-0.2863491357308775, -30.112387185823046, 11.96571916172918, 
objectives:
-41.996110520018405, -12.919275653636536, 895.8721386947245, 

parameters:
-1.4112594309420938, 3.0380491026944547, 4.330921167039529, 
objectives:
0.6987811170779281, 19.00566117492536, 7.890474364766055, 

parameters:
2.0699565150753063, -63.07584792311148, 13.281125152895111, 
objectives:
-72.0722531017039, -49.789828856214896, 3970.5661860408945, 

parameters:
-1.333965757302524, -95.89486077765321, 17.53442206704808, 
objectives:
-111.6498182030456, -67.24511103973933, 9181.069366140098, 

parameters:
-0.3136957369608062, -71.50418684805041, 8.112577471002284, 
objectives:
-79.5183593036653, -58.03842141381752, 5105.83456434529, 

parameters:
0.376891467360168, -78.41842953622007, 14.651973326061993, 
objectives:
-92.92835568411317, -61.13197490142986, 6135.940164779219, 

parameters:
-0.004749050041562716, -67.3540806398455, 0, 
objectives:
-67.3540580863692, -63.33506188620296, 4537.572201392287, 

parameters:
2.6472853375636887, -59.69309087268988, 2.533538762198035, 
objectives:
-55.21850997640822, -56.74057380226691, 3568.739678831493, 

parameters:
0.6804023530585683, -88.22836692574391, 0, 
objectives:
-87.76541956369627, -86.48702897593056, 7785.7076777457505, 

parameters:
-0.04676405895681207, -89.84965070778858, 1.3703838598800195, 
objectives:
-91.21784769045848, -84.2900237348712, 8072.591535328943, 

parameters:
1.345396349095041, -9.339350817694562, 20.0, 
objectives:
-27.529259481536297, 11.08915512208354, 70.03356503213035, 

parameters:
1.4685732922429338, -100, 5.992544274175897, 
objectives:
-103.83583675948665, -93.72504138010659, 9997.164163240514, 

parameters:
4.514588979703023, -32.48156881347682, 0, 
objectives:
-12.100055157820833, -26.158411076632927, 1076.4338262402857, 

parameters:
0.95427014379099, -42.51505917379114, 20, 
objectives:
-61.60442766646026, -21.421508241624217, 1789.4408880582928, 

parameters:
-1.608520542653048, -97.6735355610603, 11.521833433829292, 
objectives:
-106.60803065875274, -73.13028162048197, 9532.18505390002, 

parameters:
0.31385916159226745, -56.72465283967149, 10.157018300033043, 
objectives:
-66.78316356638913, -43.724563612692116, 3208.6277290545336, 

parameters:
1.4732710537677853, -94.0751036367616, 12.871961813344134, 
objectives:
-104.77653785223569, -80.92569844061858, 8840.42369005196, 

parameters:
0.04672774001894475, -82.81451550164138, 1.4683572236098976, 
objectives:
-84.280689243564, -77.53088575641998, 6857.777804029678, 

parameters:
3.558376787828517, -53.69906806678502, 15.916779551111143, 
objectives:
-56.95380225373936, -35.35375030283115, 2881.335177054256, 

parameters:
-0.43293149451725055, -50.500214494463975, 0, 
objectives:
-50.31278481551904, -44.58105883745003, 2551.4590936658146, 

parameters:
4.151205422793723, -15.192792428273584, 15.854174625280766, 
objectives:
-13.81446059132234, 5.289066968064301, 233.1992736055584, 

parameters:
0.8395231796700584, -36.25601506185622, 13.93108272000484, 
objectives:
-49.48229861265773, -20.978225891328286, 1302.2723446147434, 

parameters:
-0.9278952545848923, -80.68494252152432, 1.2910050656514276, 
objectives:
-81.1149579836946, -70.82136683405216, 6510.629934239514, 

parameters:
-0.3590504127149413, -15.632707259837407, 9.917983692322759, 
objectives:
-25.421773753289393, -0.1496047177841131, 235.59246977832117, 

parameters:
0.05461006698908388, -47.113158026129156, 10.499597517682068, 
objectives:
-57.60977328439467, -32.82901851698687, 2210.1530439367525, 

parameters:
0.2609757358507353, -37.942465885297146, 6.2220942844338545, 
objectives:
-44.09645183502816, -28.696166209563398, 1434.4767315072068, 

parameters:
3.3832772741053163, -86.3130611985585, 2.947550167302027, 
objectives:
-77.81404625238302, -81.45205501420024, 7459.4435484122805, 

parameters:
-1.1679790951004083, -55.920200572255176, 20, 
objectives:
-74.5560254056636, -25.884109025261978, 3109.4330072078396, 

parameters:
-1.9603325405037793, -45.74394601421349, 0.9059205967855185, 
objectives:
-42.80696294164101, -29.153791586054854, 2096.4455800238507, 

parameters:
2.1622551552527054, -81.99016343707453, 0, 
objectives:
-77.31481608065762, -81.96383670166846, 6728.06224779461, 

